sep=;
timestamp;gyro-alpha;gyro-beta;gyro-gamma;accel-x;accel-y;accel-z
1478633807918;23.787233323317285;-2.739082687155929;-1.4417447110881856;-0.2219125732255983;0.47420156745634157;-9.794828629302978
1478633807951;23.788850859248353;-2.739506501300547;-1.3103184089388316;-0.1548749198913574;0.4719569911272687;-9.789441577957037
1478633807985;23.789797565381203;-2.748935119894391;-1.1292108447126123;-0.13661912766608875;0.49365443653715774;-9.811588265828002
1478633808020;23.790415461290458;-2.7562528482131476;-1.075316539220876;-0.13168108674201648;0.5250783470264403;-9.78001452708036
1478633808054;23.78801298980486;-2.7724306320899887;-0.8967154472196629;0.046238019561767575;0.49859248887767316;-9.792434168346857
1478633808088;23.789906846311624;-2.767114303805112;-0.8554205108155589;0.01062426986694336;0.4510077445817995;-9.787945110017072
1478633808122;23.79155731582339;-2.7420471646795748;-0.7588944789299535;-0.12898761329927363;0.39115269622802734;-9.797222980233128
1478633808156;23.799004971854725;-2.699185130765417;-0.6678722870059614;-0.07855974197387695;0.3767874862670898;-9.762207688765566
1478633808189;23.800502209021616;-2.6924775812101913;-0.6507443698372963;-0.09352350577478646;0.38262333454741165;-9.768941369518311
1478633808223;23.811580533821754;-2.6567227142077154;-0.5744508292504499;-0.09831190507258657;0.3821744263027096;-9.782259048895916
1478633808256;23.818098506702636;-2.6463607582919644;-0.5114951481178753;0.03860650177001953;0.4124012450950686;-9.834482649098243
1478633808290;23.827921023340078;-2.654611840138517;-0.45306019388678254;-0.027234043884277342;0.5027823349330807;-9.800215552213933
1478633808323;23.832787648035374;-2.6552813160256648;-0.439186121695207;-0.06599018211641232;0.4848258498813724;-9.764452446901496
1478633808356;23.84384557937322;-2.684102390418437;-0.4060114505305504;-0.11387421646118163;0.4933551727460813;-9.804106123061821
1478633808390;23.84974937833508;-2.703630719012111;-0.396110087886541;-0.06434417075834353;0.5131073478588135;-9.7985698097131
1478633808423;23.878998724317928;-2.8885690431070685;-0.44015801647522873;0.07900864565200172;0.6218938720924314;-10.248080967623926
1478633808457;23.73126926180404;-3.1564635521766022;-0.8212252697860701;-0.3251625129699707;0.5850830307006836;-9.256282637643254
1478633808491;23.76226279009336;-3.317370626035653;-0.801379746745348;1.4389151703544425;0.5969044013977051;-13.707402762548625
1478633808524;23.790259028756104;-3.4185773719221846;-0.9556979787617742;0.662146433169581;0.49260699157714843;-13.450924201965332
1478633808560;23.830975668163187;-3.54388408566123;-0.7459556521964857;1.1245266561867202;0.6613982177513186;-15.077036042022705
1478633808592;23.941071791418885;-3.721285373113991;-0.2571549538304237;0.2680009529003175;1.1170447120666502;-13.751097235107421
1478633808626;24.01358441886115;-3.8684642397241653;0.3456930028660058;1.5533879737632814;0.5306149703315924;-14.545074652917682
1478633808660;24.087568481394065;-4.0570664354707615;0.6226590802350775;0.6474818932021967;0.9751883002350106;-14.15706376184672
1478633808693;24.17280306858068;-4.268966390244485;0.9240770534682213;1.0664672202621586;0.8367734802246093;-14.660594298498332
1478633808726;24.25218826337478;-4.500560428407728;1.2101747849631013;-0.985064345550537;1.2654851784637198;-13.529783219146728
1478633808760;24.36158232203283;-4.679940702993265;1.798087051649901;-0.40626609420776366;1.2623428253173827;-13.682862780053913
1478633808794;24.47820391021097;-4.832709027383997;2.503222511926584;-0.388159944152832;1.1218331336532719;-12.252625978796184
1478633808827;24.617446183428495;-4.95081666696521;3.4532091601402124;-0.2512415367126465;0.9490016921775881;-11.383381284686177
1478633808860;24.78537556184792;-5.102398187357974;4.366223607239913;-0.30406361083984373;0.8005611664150143;-7.783400105694681
1478633808894;24.96137959846023;-5.210706580401838;5.307175266461104;-0.6572084287781268;0.5731120223999023;-4.791695347595215
1478633808927;25.073743121646547;-5.275575239753677;6.09385335876271;-0.21607677289433777;0.3324947555541992;-3.6935049736022947
1478633808961;25.189473526013625;-5.354803505272237;6.9262571496490315;-0.4698621488709002;0.3951928749969229;-3.0933085449218747
1478633808994;25.30886717548104;-5.436016807922829;7.827904927262277;-0.40237551651000975;0.2184709014892578;-3.107973030090332
1478633809027;25.41978728507722;-5.4893884541843665;8.766533700338194;-0.22176292877197265;0.5009866608550771;-3.7479730613708493
1478633809061;25.473331990728326;-5.532441632639269;9.914308437157963;-0.6793547210693359;0.5319616813659668;-3.4299931533813472
1478633809094;25.433459060654123;-5.5611731175105295;10.963276781670709;4.151844953918457;-0.006883329772949218;-4.380640850067138
1478633809127;25.63778705889426;-5.647437419648635;12.034137108663062;4.468178848266601;-0.136619132232666;-4.970213008880615
1478633809160;25.820085124682915;-5.717669728623847;12.646785487886564;2.541594736392237;0.354341845703125;-7.026682597351074
1478633809194;25.972857359447058;-5.729843287599551;13.311976925158545;1.834856260769628;0.5903203468322754;-7.6541129237852985
1478633809228;26.100538998703183;-5.670286081261959;14.368700018617114;1.7806874116759746;0.4164414147308096;-7.157166733960062
1478633809261;26.1685078284349;-5.595469245061288;15.039780832771617;1.7643769128661602;0.7146691772903315;-6.30438159174174
1478633809294;26.220947316130864;-5.520644911442343;15.233340178543346;1.2681785457335413;0.6753144875015131;-5.500379331262409
1478633809328;26.230617952462115;-5.475881286745381;15.219316191689572;1.3682862487792968;0.521636686706543;-5.337722963714599
1478633809361;26.266800223920935;-5.418919330208589;15.476302687404102;1.3661914684571326;0.5859808563232421;-6.3712698928833005
1478633809395;26.27683378826056;-5.307921500687071;15.917665977421454;2.2601262210570274;0.5966050896575674;-7.794772271319478
1478633809428;26.268323426544832;-5.227825247781965;16.032456005536435;2.5620951337730977;0.6148609138488769;-8.612691778796538
1478633809462;26.265005397055106;-5.130447585155965;16.059434040212142;2.559551093579782;0.937180294081103;-9.447370314302201
1478633809496;26.238549428357018;-4.965628712147946;15.978063384491529;2.448520219918899;1.030404539489746;-9.914239510168507
1478633809529;26.203977831182105;-4.857315736058291;15.894853494029096;2.8075007034744135;1.1251251426696776;-10.71674561380595
1478633809563;26.171482998183333;-4.754664828688064;15.75481223255888;2.990956350884959;1.209819989865087;-11.770493765612692
1478633809597;26.131159595351086;-4.596474765847674;15.593639114388354;3.1459809083800763;1.2068272743225097;-12.188432031305133
1478633809631;26.08667456551765;-4.423293999578157;15.424843655331852;3.092111553689651;1.3097779457092285;-12.438625812530518
1478633809665;26.039899838619448;-4.236173341046563;15.25231398503274;2.9979893913269042;1.255010546200536;-12.786084328460692
1478633809699;25.9864719164276;-4.026861399877562;15.14346346409219;3.059939395816065;1.2816460762023925;-13.150302256011962
1478633809733;25.84938935105867;-3.775779430235558;14.59147008329263;5.553051475524902;1.1528081358978524;-20.32751969822347
1478633809767;25.7866083522996;-2.218785072410845;14.78180056123001;1.9826982863495126;0.7832032180786133;-6.777685332433879
1478633809801;25.68059310948696;-1.3747537160861991;14.72856501111062;3.9736265678405758;2.788047851518262;-1.8107646430969238
1478633809836;25.429176559039057;-2.2479809204165893;13.34209423994819;-2.8253075965881345;-1.335066773809865;-5.526864894866943
1478633809870;25.37562795282318;-2.3644366875333773;13.906344400179254;-0.38621450917348266;1.2880804566314443;-1.3582605293273926
1478633809904;25.309422010679253;-2.5766677720732916;14.11557266399068;14.103942266381532;5.916072046517766;-50.751538019451495
1478633809939;25.294039130775243;-1.6850668043628494;14.743304550799571;1.979705461209081;-1.1426327788421884;-1.0476128639221192
1478633809973;25.228390590632674;-2.1746614482775666;16.117258098008172;7.442824773406982;0.8539818046569824;-30.54163406230509
1478633810009;25.28087785571939;-1.5209447575775956;16.463556834454973;-0.40836102066040036;-1.8724153723785653;0.9605231940120458
