sep=;
timestamp;gyro-alpha;gyro-beta;gyro-gamma;accel-x;accel-y;accel-z
1478633705718;25.356015481445702;-2.066100429961029;27.828033962131983;4.470722797128372;0.37978022692584196;-8.688258375969575
1478633705751;25.350363918906304;-2.06284059487882;27.72195090466892;4.545840692694328;0.38486793056984897;-8.714894221065263
1478633705785;25.326772952432318;-2.073417497121416;27.642266899188677;4.4985552909629885;0.38681320571899414;-8.68107576324733
1478633705819;25.302077409806873;-2.080100567209083;27.62105001305933;4.549731280096059;0.3790320434736204;-8.716390453255677
1478633705852;25.277062243885;-2.081336568660512;27.589150717783575;4.440795093713328;0.34790742360405563;-8.640075428318534
1478633705886;25.259658899017104;-2.0684004641322438;27.648395064928067;4.521898654401523;0.2771288330299314;-8.677634123227296
1478633705919;25.252613644843503;-2.0399214175338938;27.8192189197521;4.57097978415356;0.29179331819838844;-8.69439359307225
1478633705952;25.259251094610555;-2.010559627778294;28.002985791155535;4.607790801073121;0.323366870858008;-8.698434020719606
1478633705986;25.264811003039906;-2.025839787651459;28.1286707253787;4.603301523404923;0.39639000779304184;-8.647856203546485
1478633706019;25.273395793108794;-2.0427968802867142;28.25587204884117;4.613926006759353;0.4083610023940913;-8.629451262341224
1478633706052;25.284383919353232;-2.0526063057843396;28.396456641341235;4.62634583425658;0.39474399415168443;-8.648754258639551
1478633706085;25.295417046475492;-2.04943102066065;28.5492449620892;4.653430082990182;0.3537432904360976;-8.623315929932472
1478633706119;25.30492155259163;-2.0313394201987784;28.712627903286275;4.72196421511001;0.29299041902846656;-8.613439776160737
1478633706152;25.311972547762103;-2.015070206933081;28.88587996592088;4.720767258127115;0.2823661537281005;-8.594884576297208
1478633706185;25.317187666838343;-1.9868584847295716;29.162243149592964;4.807108162346365;0.3130418487991206;-8.560767359187958
1478633706218;25.31984324307228;-1.9879003408412093;29.35782946112179;4.854692819877271;0.35119946629896875;-8.514080438088648
1478633706252;25.320732374359228;-1.9941257350123187;29.538767113166497;4.903624330006447;0.38142626568337434;-8.530091807536005
1478633706285;25.314021782973366;-2.006802817400376;29.667529546926502;4.825812577405257;0.3860650313999271;-8.50929197768612
1478633706318;25.30096495134096;-2.0203632148308537;29.905702400451148;4.852298497202818;0.34431612839180376;-8.521861593484156
1478633706351;25.29190441380636;-2.0116926547467218;30.095142829062848;4.8684596940523015;0.3136404243303346;-8.521711709285224
1478633706385;25.271978489242304;-1.9950704309237015;30.410800931164783;4.962132861548083;0.28745384138908703;-8.45078383530249
1478633706418;25.264314286826558;-1.997067852154567;30.520979494763818;5.006724508849473;0.2796726677272702;-8.448987832145512
1478633706452;25.244605040712827;-1.996346633184346;30.751893244498;5.075557749496749;0.2685994850490475;-8.377610628365911
1478633706485;25.20420042925482;-2.001928215828238;31.085941845555336;5.048473448247509;0.2024596870201174;-8.370877032094844
1478633706518;25.17475392884905;-2.047914029843471;31.285370130282388;5.196614712502295;0.4718073463882319;-8.400056597723438
1478633706551;25.14278737484571;-2.1077510549961738;31.482904893604534;5.22788908128594;0.3752911284958012;-8.312219264950953
1478633706584;25.104364705578732;-2.180001780324562;31.636108794210347;5.255572184111969;0.367360311522003;-8.360402779999218
1478633706617;25.015522539415045;-2.286411184318889;31.829714589022547;5.699995785080082;0.46402620012587864;-9.106345795208588
1478633706651;24.98587027753625;-2.305194216431047;31.882062983560782;5.530456380020268;0.6392518615280278;-7.904157798059284
1478633706684;24.921401435892967;-2.374141152241528;31.8576363476413;5.73141935307607;0.5322609383071772;-8.375964911552076
1478633706717;24.86449659847993;-2.473542382652429;31.666083287882014;5.6510642521180205;0.5030816329734865;-8.592340754157956
1478633706751;24.840432647734033;-2.4937986390139604;31.62647201389763;5.7323173248291015;0.5606921104209963;-9.107243693896383
1478633706784;24.824548247147273;-2.5436466500872736;31.555523175327643;6.061370561627299;0.5650315826637204;-9.96915614542216
1478633706817;24.754283528321146;-2.687508782329827;31.705837411086332;7.064541203363239;0.027383681488037107;-11.082460501916707
1478633706850;24.72950965782295;-2.7920746853650873;32.44618440187841;6.63358461227417;0.5584475463645998;-10.738443650873005
1478633706884;24.742495224007662;-2.817212895135715;32.91508640215163;6.856096021325886;0.5611410049659665;-10.99986025238037
1478633706918;24.784949502904546;-2.8524940097030806;33.30251341995776;6.377105832495167;0.7879916213989258;-10.692953819330036
1478633706952;24.789356016533887;-2.9131376980336623;34.20602516614795;6.974309289904683;0.9133879333496093;-11.017666834966837
1478633706985;24.7927261494786;-2.9450785427309905;35.088556753922354;6.65887336730957;0.6046855567932129;-10.216207975360005
1478633707019;24.808351315780026;-2.9861964384058926;35.96788947734225;6.71992521738261;0.8060977897201664;-9.837924113055317
1478633707052;24.85659676228852;-2.9760717738570115;37.35722081422107;7.457190129498392;0.7820061172485351;-9.810690507562457
1478633707086;24.866097192652386;-2.9482533514007567;38.28296804785005;7.551611019079386;0.7187094291244633;-9.610325463867188
1478633707119;24.88496396127016;-2.9068434904797535;39.021969746736715;7.552359353228658;0.8677484642028808;-9.187299958038329
1478633707152;24.904827207882878;-2.8778146652232786;39.99336899316098;7.206846418408304;0.8592191207885742;-8.336460323864594
1478633707185;24.9288612505156;-2.8399171256573266;40.35775806217938;6.8369419696532185;0.562787036873633;-7.791480499765091
1478633707220;24.93827161077906;-2.8117751135735634;40.61457426392807;6.273107643083203;0.6609492775405756;-7.411999258069112
1478633707254;24.938147751767637;-2.7795897472319098;40.940721527920005;5.806986671768315;0.4019266082653077;-6.78277323015742
1478633707287;24.94582506232001;-2.7324034365420036;41.19481545952465;4.842721624346822;0.349553451515967;-5.9461493144713335
1478633707321;24.9495213471321;-2.6526420234135704;41.47576269518974;3.9644986740112302;0.34611179576264695;-4.856787705230713
1478633707355;24.954221068190083;-2.5883331530621505;41.838480635927446;3.131166566412151;0.18974046330107375;-3.87845734411031
1478633707389;24.96858081865662;-2.5174288604000856;42.13007952519574;2.387916588537395;0.20410570979462936;-3.187580235290527
1478633707422;24.993945128983842;-2.4306457473669;42.65186330717156;1.8212392753601072;0.12210430293427779;-2.3481135704591867
1478633707456;25.01410526752413;-2.4279406373959227;42.95689768939221;2.130839769800007;0.17657237243652343;-2.907009435980022
1478633707490;25.020477921422344;-2.432359933064714;43.087939241985936;2.5185505088806153;0.29284078142470676;-3.7849338417604566
1478633707524;25.039828700628863;-2.4892158208096995;43.311905684284376;4.355651224108785;0.3890577606422361;-6.158036526721343
1478633707557;24.999190339466203;-2.524774258297252;43.41130033510985;6.058826503167674;0.32456396255493164;-7.331644326074421
1478633707592;24.92607125846977;-2.5500015496132296;43.673709802946945;8.413074703924357;0.25647885284423827;-7.502380430105514
1478633707626;24.900460904709224;-2.539081133328403;43.74594548020082;10.607360817718504;0.10624269866943359;-7.541286243615671
1478633707660;24.96685993711129;-2.5032615844359363;43.849124635973325;10.070311165563762;-0.0661398208618164;-6.95874722570884
1478633707694;25.097507256409706;-2.4438926242466246;43.98217172980949;7.853580068792775;0.10250175857543944;-7.831732978643849
1478633707728;25.15525586559815;-2.3966597769650835;43.97310089090386;6.314856625863723;0.2926911620872561;-6.909666055143019
1478633707763;25.201986337424685;-2.390633265575445;44.07906091304484;5.516390408734232;0.1782184043441899;-6.202328819042816
1478633707797;25.26453978561911;-2.416298158649321;43.97107676867258;5.027075298309326;0.13781623306274413;-5.437231824084371
1478633707831;25.31652695931614;-2.462802808481082;43.82110626802687;4.955099318639934;0.2352303313766606;-5.356876576995849
1478633707865;25.39119602227169;-2.5412037734669877;43.642079786609735;5.0544588336668905;0.2744353470291011;-5.569362266595661
1478633707898;25.446605125327146;-2.549458324064335;43.370297213394984;4.748599717712402;0.2190694701706059;-5.116109672546386
1478633707932;25.537662333949108;-2.5265947575834615;42.87895238576049;3.787028768213093;0.10489596023559569;-3.7084684417173266
1478633707965;25.65259375101795;-2.4993642593107985;42.3226926855403;2.8239608581542965;0.25154079365385695;-2.419340485326946
1478633707998;25.714161089981335;-2.569656282920313;41.89478636211239;3.364152315466106;0.13557166900634765;-3.538031211034953
1478633708032;25.790042048913847;-2.6463552475997862;41.42077723312071;4.057723047284036;0.15023615417480468;-4.564245897619426
1478633708065;25.85669728607782;-2.6966812050962554;40.86650316470767;4.674977870532125;0.2614168937683105;-5.660491567285359
1478633708098;25.926602132083552;-2.737114163182014;40.42399982780169;4.979191265106201;0.23687632675170897;-6.177638833618164
1478633708132;25.996145682737133;-2.7843128512978157;39.9402771451004;5.6568999725341795;0.3194762840270996;-7.5499655123281055
1478633708165;26.09170768768679;-2.839314833489799;39.32395323910522;6.293308893120708;0.46357728046473345;-8.144176112631149
1478633708199;26.204041713800994;-2.8891389411917974;38.881964767473804;6.922235403796285;0.5069722049630189;-9.132532741192728
1478633708232;26.291902588948396;-2.907609183460537;38.76437844006545;7.0908769832335405;0.7055413017272949;-9.325415612439066
1478633708266;26.384377524643828;-2.937375777102637;38.728559429214165;6.820931111377105;0.9213187263488769;-9.004442806243896
1478633708299;26.48368670404964;-2.966558679185945;38.82546560732894;7.161057092462107;1.007360348510742;-9.220669143676757
1478633708333;26.58737221155972;-2.969194563595688;39.04192240130413;7.0907272725645445;0.9750386260986328;-8.853757885388285
1478633708367;26.698039428882883;-2.9895347133116417;39.30821124623396;7.139359712982177;0.9906009368896483;-8.819640511731057
1478633708400;26.814723146036766;-2.9913845092571965;39.668779742890955;7.360673582812399;0.9757868141174316;-8.875155916595459
1478633708433;26.932195989331422;-2.989734803346403;40.05445851139262;7.3988310987059025;0.9509469718933105;-8.84223564376831
1478633708467;27.107585036685638;-2.9542102470941685;40.74462646758199;7.063942433752492;0.7748235122680663;-7.984961702230758
1478633708501;27.06884618614918;-3.5831952440790564;41.18153600129272;19.26673872517049;1.4571710219452156;-22.222381259155274
1478633708535;27.01072808124977;-1.6387835283622973;40.847221371249894;0.5114613296508789;-0.6001964469467289;-0.8539818046569824
1478633708568;27.16016439115558;-1.8465904415195664;41.478936366101564;-0.12509703674316405;1.0588357207367196;-3.2793077941343185
1478633708601;27.232097910977874;-2.2567076616212316;41.106040604524196;1.5279495719909668;-1.0037690460205078;-4.3767505646303295
1478633708636;27.35158738253273;-2.4712830226340823;41.6963159492997;2.1276973801210524;0.5092167564613279;-1.9342156661987304
1478633708669;27.320074293123852;-2.285580405781427;41.6604103288098;39.38192324818075;3.065026928213425;-39.01800459583699
1478633708703;27.42486038217597;-2.1348319002569993;41.79451725183823;-0.7306804191589356;0.6866869636535644;1.7938555938720702
1478633708737;27.49035736176999;-2.3051982979732917;41.01673065742225;0.4682160621643066;-0.21996724099423734;-0.2088940948486328
1478633708770;27.532296807262792;-2.1403766223716008;41.2866173825497;-0.974290438079834;-0.4159925019195303;-0.8316858016967773
1478633708804;27.61786773393947;-2.315709927060749;41.58112358244232;13.194295711517332;-0.22086506661679595;-14.451401220703124
1478633708837;27.72538946849421;-2.2439091720704987;41.81159223159987;2.647687760925293;0.029927520751953124;-3.8162081009462474
