sep=,
timestamp,gyro-alpha,gyro-beta,gyro-gamma,accel-x,accel-y,accel-z
1478633862506,22.42868060775077,-2.032485049866001,17.056634816888696,3.6255695014953613,0.16175824966430663,-9.834332737499848
1478633862539,22.426755157598492,-1.9909466671984895,17.188061896032114,3.1051299338852054,0.15577272724760696,-9.186102765876706
1478633862573,22.42192950288425,-1.951484825131443,17.314393150429545,3.0945057553498074,0.13467384338378904,-9.222165620179055
1478633862606,22.417833097425152,-1.9194436476794872,17.45448508501777,3.103783031054586,0.15352818145751954,-9.251943530726711
1478633862639,22.412902596081572,-1.889153747630996,17.505863020250793,3.2308255210434083,0.14245501704560593,-9.346514114993681
1478633862673,22.406197590929125,-1.8636160995327689,17.512414735964384,3.170371764727682,0.16041151123046873,-9.28965204247739
1478633862706,22.411391826170515,-1.8155398326572079,17.56780383391531,3.125780032801907,0.19393035273896528,-9.263465772346686
1478633862740,22.410238940466442,-1.7994695491207164,17.621836565779663,3.2311246501204556,0.28535889438685264,-9.311349682252224
1478633862773,22.41674331634463,-1.9055425868665097,17.52990740465841,3.1335610238006337,0.5155015632187016,-9.279327184815285
1478633862806,22.427574923039295,-2.0121477132514234,17.3963901638939,3.08822092119297,0.5624877342666499,-9.461735551662603
1478633862840,22.44067218527707,-2.0758063639813233,17.267354667455482,3.5048119552612302,0.43783963773422874,-9.47520280813682
1478633862875,22.461336057837546,-2.209846908440205,17.07202008064032,4.228159985705465,0.97683427734375,-9.661950638093705
1478633862908,22.440885607427038,-2.492404691465946,16.514999275763447,5.989394728088379,0.2666541916335933,-9.955988182421773
1478633862941,22.51081303289842,-2.548926983116872,16.50338293936873,4.451269652911275,0.8873509902954101,-13.274651104736327
1478633862975,22.603605069503054,-2.558425491619541,16.688318939284226,3.7701194267272946,0.7258920341049321,-12.556540536554158
1478633863009,22.67740437272745,-2.5602322850266646,16.94077697928939,4.029441320977733,0.5464765197975096,-12.073958972167969
1478633863042,22.799476052634375,-2.610532208456818,17.454220677724688,4.262127867889404,0.7811082916259765,-12.910134194238482
1478633863076,22.985188845233797,-2.622653050855902,18.280620582016304,4.108599613366648,0.6127660056625492,-13.035679851531981
1478633863109,23.10666040062003,-2.657616598781368,18.75646634375105,4.087351146697998,0.42541971433887954,-12.357073318481445
1478633863142,23.233578973184013,-2.6898746191337586,19.365229653850992,5.311087324114888,0.6392518432617187,-13.76052469640523
1478633863175,23.4402988457473,-2.7026975648143097,20.590045917374525,3.9327756116120143,0.4972457618602784,-12.445508850042522
1478633863209,23.560365752022697,-2.7209504287510247,21.07173879606949,4.161870746435597,0.2582744858230464,-12.026823126983642
1478633863243,23.673451438320246,-2.771673016637383,21.511069407000655,3.505111093471432,0.5654805137413088,-11.350610941723733
1478633863276,23.79839280931696,-2.783874717441419,22.0673147962155,3.7140053755497324,0.5187935859348392,-11.205911232757568
1478633863309,23.910753602217813,-2.760515609770228,22.79622074901118,3.9493851481673303,0.41404723590353965,-10.728716914367675
1478633863343,24.005447014754907,-2.7343603529005964,23.124905061454907,1.996913822174072,0.3978864020969486,-8.08387204871811
1478633863377,24.103805675020325,-2.6832461956932523,23.550301807894417,2.2239139209471643,0.3663128448707517,-7.1550713691160075
1478633863411,24.208486799187323,-2.5743619758641745,24.031879652309282,1.4246996253967283,0.1044470474243164,-4.454711463928223
1478633863444,24.29460817117632,-2.53152952842609,24.335197946372706,0.43409868850708005,0.07481880187988281,-2.6358663902282715
1478633863477,24.358440385759113,-2.517349258881595,24.66889978463016,0.4578910675048828,0.15846622238159178,-2.661604058074951
1478633863511,24.416508468202302,-2.526043746412737,24.962802025558194,0.3130418670654297,0.3715501747020753,-3.2618004867553707
1478633863544,24.248646853710785,-2.468010844103281,26.382195448389663,4.371512885455845,0.23777415237426758,-3.1899744369506835
1478633863577,24.146159548191882,-2.4619871892303116,26.531568772025242,7.517344300079345,-0.299424845123291,-1.2695254302978516
1478633863610,24.265225439854,-2.4456170941035897,26.913036640165114,7.608623238372802,-0.333991168124415,-2.5297733291625977
1478633863644,24.51514927395656,-2.4542012840951473,26.724837643034608,3.481917255755514,0.4107552268871339,-6.247220319366455
1478633863677,24.650159443717964,-2.3130914720660973,26.976640613291224,2.5800515640258785,0.4613327323913574,-8.23500606504809
1478633863711,24.662529441857643,-2.1862533491872584,27.28529153424851,2.9905075111389157,0.20994155807495116,-8.214356404522807
1478633863745,24.670144148690582,-1.9827238987443145,27.12322546404301,3.0469208877563476,0.37080197298354467,-7.706037099224701
1478633863778,24.66150268321445,-1.8031957146307882,26.92232407129823,2.442235184832662,0.24286182176894508,-6.478410709436237
1478633863811,24.64842331857334,-1.6110554016923395,26.742021133625958,2.6470890643797813,0.03142389678955078,-5.369596065576374
1478633863845,24.630912369543015,-1.427368697918663,26.391834390533713,2.65427166936025,0.07796119155883789,-5.499181645910442
1478633863878,24.610194133951236,-1.3145858434827686,25.863892034888117,2.3129482951842246,-0.001496376037597656,-5.416432343292236
1478633863912,24.58966695378554,-1.2211141577799443,25.409480210154943,2.607884158325195,-0.01601122360229492,-5.885097318267822
1478633863945,24.57690825440367,-1.1714140803413162,25.04500196461286,2.8549358421325683,0.1771709297014284,-7.164199409075826
1478633863979,24.535280231000407,-1.112194245098107,24.338206873317272,3.548356461422704,0.1337760131946532,-8.69873288950175
1478633864013,24.513612798122633,-1.0781812055055913,24.060348557367927,3.021033509240672,0.06434417874985374,-8.023119327722117
1478633864046,24.489866255613393,-1.0339129472734647,23.66740142236013,3.2851438798766583,0.0900818374633789,-8.206874597400054
1478633864080,24.445420020882562,-1.0746261368872148,23.142577775744282,3.956867220151564,0.16549919089994508,-9.38123040210884
1478633864113,24.407356061303847,-1.1074053213663617,22.79500640599268,4.020612684089597,0.15292963789234634,-9.803058770575001
1478633864147,24.363027909086462,-1.1669157996024508,22.443760938412535,4.0646063039917495,0.15921441496696787,-9.840019112573192
1478633864181,24.32499216980505,-1.2258274482629294,22.163851523782252,4.175338094241358,0.10803834078139625,-9.954940719195454
1478633864214,24.279331476892306,-1.3475697982003048,21.846823399363014,4.122965005990676,0.26440963899363995,-10.068665151922405
1478633864248,24.202271442173984,-1.5853481718085554,21.40389713324394,4.561851988220215,0.5454290657043457,-10.556932945251464
1478633864283,24.153661841485203,-1.7472609601328113,21.09798451378897,4.706850753198191,0.6703764648437499,-10.736348578289896
1478633864318,24.113150841983295,-1.9124892810442236,20.759056909460792,4.621108625439554,0.7377133865356444,-10.75250943949595
1478633864352,24.069105507936104,-2.0827207161760986,20.398768054957486,4.5034933958191425,0.7826046676635742,-10.8018897026062
1478633864386,24.007202478449354,-2.3201447966032513,19.923001773607655,4.113837148693949,0.5663783119644038,-9.823708832959085
1478633864420,23.902330160088308,-1.6055436443036795,19.53696067064742,2.226906892218068,-7.2331824905395505,1.4945798018306493
1478633864454,23.839666161113435,-2.000705698395566,18.458680759823046,-0.08469488372802735,-0.24959552307128904,0.9243114784240722
1478633864489,23.831127401381405,-1.8755722694430317,19.381731838577913,2.76949280691836,-0.9642646455626934,-4.112490264129638
1478633864523,23.740940578185466,-1.7948446961313302,19.611372106686566,5.052064632006735,1.581370196533203,-15.876849034118651
1478633864557,23.66387664926209,-2.057498278119394,19.96910334069296,6.941389163208007,0.4032733558323001,-15.101875884246825
1478633864591,23.620093707057038,-1.883468150380004,19.962776800645955,2.0844519665040075,-0.7755716637542471,-3.35816710357666
1478633864625,23.544736010036853,-1.8484551796397233,19.930076550378736,7.111078205871582,0.7829039428710937,-13.974506177520752
1478633864658,23.54425428973193,-1.8327314226131926,19.96842239192798,3.4611176470992153,-0.615459464263916,-6.131849726867675
1478633864692,23.472138977691756,-1.836091546816727,20.0795696965018,3.654000518345553,0.0056862289428710935,-8.848071656445413
1478633864726,23.40989238145998,-1.8816746533268636,20.13907383255609,3.3614591731002146,0.4197334602798335,-10.531345061139017
1478633864759,23.395563936252266,-1.8459599084670324,20.200769267508786,3.845836127294972,-0.006883329772949218,-8.325536851855366
1478633864793,23.35689544242336,-1.85589635146871,20.245320663063165,4.014776762744039,0.19033902284926735,-9.960178181457518
1478633864826,23.287921204779348,-1.8970901690980988,20.330926078821342,3.4606689671833766,0.20739771881103514,-9.545083212899602
