sep=,
timestamp,gyro-alpha,gyro-beta,gyro-gamma,accel-x,accel-y,accel-z
1478633218350,34.721651430277625,2.1553836785966403,10.083146326836752,1.680130948799278,-0.2786252273338381,-9.69561902130784
1478633218385,34.7242573783831,2.1394787615981072,10.017036030620865,1.6428712608116212,-0.28730419008559543,-9.667337134029687
1478633218419,34.72495115840017,2.156163001833661,9.960177449318092,1.5961843741043469,-0.4622305397476069,-9.67631568594115
1478633218453,34.720045687408245,2.1711150977309126,9.934774418963014,1.597082172327442,-0.3948936249055783,-9.64893186859744
1478633218486,34.71391071544442,2.1632386911211956,9.934567563526821,1.6036662725586444,-0.31603461457404775,-9.743353576737409
1478633218520,34.706816590692945,2.149936301888694,9.989247872363126,1.4818611717666499,-0.2850596168960444,-9.755324311043553
1478633218554,34.696833429481096,2.161777511618974,10.067537730103018,1.4927847533737308,-0.43005846407241183,-9.62439118855805
1478633218587,34.68449983491966,2.177446220347589,10.216755648014505,1.5264532324859872,-0.4225766021507326,-9.698312466209474
1478633218621,34.66592627338995,2.180817206088663,10.558583041580226,1.7013796004143076,-0.4291606567161623,-9.681552684695623
1478633218656,34.65168797381626,2.1894647632224373,10.858408642873536,1.8486229751144534,-0.42975920713120136,-9.64968001209211
1478633218689,34.64056867472471,2.1780643028868543,11.199089439983807,1.9370587715370113,-0.37678746857160295,-9.632770958300679
1478633218723,34.62432131092139,2.1698994509570535,11.5992122535491,2.1966800779922866,-0.4008791404724121,-9.562890087747014
1478633218757,34.59911367593777,2.1455723120550028,11.926453250653545,2.335992559228465,-0.44427403642958957,-9.743203930000494
1478633218791,34.52343960498135,2.066234681648825,12.343461115835755,2.980182516479492,-0.4966472068786621,-9.455001786428177
1478633218826,34.49164260471438,1.9873146644496527,12.437444805945022,3.669114044189453,-0.44996025623930613,-11.46283929067403
1478633218859,34.43173914799268,1.8408747507584602,12.271788717046146,3.4139819297790526,-0.30092120746115686,-10.471639803369342
1478633218893,34.44547268838846,1.7202401975012527,11.756259336715992,1.8994997512596192,0.3501519745315425,-12.597241380254923
1478633218927,34.437038226898075,1.6447563920659196,11.629954900309617,3.2646436012268065,-0.27697919913651564,-13.310863112585245
1478633218961,34.4205434145116,1.5909702854756775,11.607233966143804,3.8221933128356933,-0.4601356315612793,-13.161824351501464
1478633218996,34.4183081755635,1.5446372763090577,11.826439516559596,3.921103768920898,-0.6383539993728511,-13.616872596795856
1478633219030,34.41964464382889,1.4176676060189013,11.8584597984026,2.8576293920654803,-0.27503391342716055,-13.539659593255816
1478633219063,34.40650563910056,1.352598581402055,12.289603579370105,3.1341595376830544,-0.9024643700088374,-13.110648291015623
1478633219097,34.420254613214944,1.269022130562049,12.440272720974528,2.5831938806395978,-0.17372926253166515,-13.246968148040771
1478633219131,34.42296559150612,1.1996572910647414,12.693878391548825,2.3032219970703123,-0.23178865735703147,-13.601609268951416
1478633219163,34.425295517546445,1.1479233479288253,13.007011403650699,2.193238352598663,-0.1963245420104969,-13.300987030737101
1478633219197,34.419609209002836,1.1001326186024927,13.371759107561445,2.1293431654335464,-0.1487397827037843,-12.821249457605182
1478633219230,34.41559669456324,1.0801323653713195,13.785942921470857,1.8378490493774413,-0.05566518859863281,-11.92028129923716
1478633219264,34.40691993876065,1.0945815370678766,14.390026209699021,1.71095636138916,-0.25797523344841317,-10.315418145044147
1478633219297,34.37882496086832,1.2154760614126219,15.281655509837448,0.5470752254761755,0.012569558715820313,-4.868459438323974
1478633219332,34.361024009634924,1.2587090889843584,15.702859949810405,0.12449848632812499,-0.08813653948134742,-2.9625252792358396
1478633219365,34.32942821559913,1.280226490472985,16.313133802452278,0.2201169151306152,-0.09756370851821265,-2.274042664337158
1478633219399,34.30264426176032,1.2932944237951558,16.90842911546713,-0.004638765716552734,-0.1650502723804442,-1.7522563400268554
1478633219432,34.260125073982586,1.3008387947330717,17.64365007206347,-0.23927052841186522,-0.22430676646612774,-1.435772808074951
1478633219467,34.202734509588396,1.2632901090312807,18.630167150253726,0.2685994987487793,-0.05357026214599609,-2.0322282966613767
1478633219500,33.924948674782584,1.1608527432057305,20.140537251626434,8.825476232147217,-1.0916063559601084,-5.187786084747314
1478633219535,33.93212920061808,1.0688421706338334,20.519380190147047,9.229048849487304,-0.9498994904006831,-6.378901118414103
1478633219568,34.164629123791116,1.0000208939001298,19.885792443452964,3.3865982163249746,-0.47285482788085936,-8.142979340594634
1478633219602,34.16027243373063,0.9953379093811978,20.389943228046263,2.107047244671732,-0.4542997650146484,-7.803301906994729
1478633219635,34.12627319106245,0.9378296368975898,20.879959931479043,1.4873977813720702,-0.20545242996215818,-8.089857845129444
1478633219669,34.075127697691734,0.9424511728225784,21.287636465400706,1.8001405193604527,-0.15218144587779242,-8.384344649328664
1478633219703,33.95875882650132,0.9926775198619381,21.979563795107683,2.2001216880798338,-0.30630817489624024,-7.088483219964802
1478633219736,33.876350295062,1.0455196073983406,22.320593838085735,2.326565463256836,-0.17193361356983658,-5.967996550750732
1478633219770,33.81432384175235,1.0894120318335891,22.352973742094154,2.128445275878906,-0.4165910888671875,-5.274575894927978
1478633219803,33.749491348491375,1.112276609789956,22.350245284460843,1.1929109771728514,-0.18749592065050819,-4.86112748800069
1478633219837,33.62167298873814,1.1229200455013226,22.91025477033596,2.243666376904398,-0.23567923505478539,-6.152948628997803
1478633219870,33.53213965040104,1.120872329962569,23.10144186224766,2.687491509655863,-0.3893570449829101,-6.799532422582804
1478633219904,33.44357495492103,1.0998278166969944,23.211956017724674,3.2077813117980956,-0.33638532411879857,-7.617900769805908
1478633219938,33.36624090821801,1.0717872220601952,23.24545184650495,3.5470098691193384,-0.15846623151474631,-8.564059192248433
1478633219972,33.252351333008285,1.027724706177056,23.140827795267132,3.7440826115372587,-0.0652419952392578,-9.374047760595753
1478633220006,33.16699378206522,0.9979841477483042,23.11836274465744,4.474014860943704,-0.01705868682861328,-10.128819760894775
1478633220040,33.093217207825255,0.9982029802660783,23.170729208131583,4.905270361914113,0.19258359603881836,-11.397746640777587
1478633220074,33.00025870099476,1.0465039693293923,23.460500132123553,5.5844753723144525,-0.02319382858276367,-11.549628808593749
1478633220108,32.92560701944321,1.1329933211217316,23.38833836995546,5.237465915326029,-0.04997896878891624,-11.332654429272562
1478633220142,32.83868120135662,1.2067766823762076,23.617712251240633,4.3516110088072715,-0.15188217238273935,-9.801562394537404
1478633220177,32.73439090306931,1.3776541662836077,23.52619690342929,4.873996029663085,-0.23762451248721916,-10.593444520568847
1478633220211,32.62849077840084,1.5375815848515988,23.62460607280051,4.891353845568746,-0.38187516479492184,-10.877307054901122
1478633220245,32.59524089529848,1.5997302234565822,23.679859030691194,5.277568793133646,-0.3877110313415527,-10.907084791918843
1478633220279,32.32532857689134,1.6837413089421462,23.721267156739398,10.795605215509235,-0.8189665871108882,-25.895684571728108
1478633220314,32.459539429141564,1.767861528662451,23.870332288548603,1.0342951171875,0.42063134070131925,-11.810297514343262
1478633220347,32.34143605070713,1.904703970116245,25.348877067108212,3.823839436074905,2.4459761249266565,-13.027300145721435
1478633220380,32.31775756413608,2.15606337417421,25.82780260957646,0.6209960556030273,-1.7004816925933584,-3.1821932815551754
1478633220414,32.27121757559724,1.9756465813118333,26.19068628953735,8.057685687255859,-0.47884032289809547,-15.463849247741699
1478633220448,32.276931191702374,2.099708207985289,26.542903518383937,5.4945430263243615,-0.34012629161225627,-4.639064991760254
1478633220482,32.29549758709553,2.0407134504308657,26.71045137804361,5.846041903686523,-0.5856815993820317,-11.68041178201884
1478633220514,32.29986908515377,2.078647775537886,26.969269286401644,4.6299369883330534,-0.40222586977309543,-6.961590385846049
1478633220548,32.34059571701376,2.1184235780239407,27.01305489706101,4.663156554634031,-0.2201169059974607,-8.510339584759622
1478633220581,32.37119369710273,2.072574339089107,26.94344523631197,5.395782280908152,-0.35808277323903165,-9.058162815591507
1478633220615,32.440328987152796,2.1071998676999586,26.696360604540374,4.585345146809425,-0.6814496475219726,-7.451653538159281
1478633220647,32.50474583342533,2.1171978177078246,26.445219616567435,5.148281830419973,-0.18884263767851517,-9.277082520294188
1478633220681,32.549019412221114,2.1001456599658956,26.148901910272905,4.623801937910448,-0.16744449687348678,-8.488492567675932
1478633220713,32.61916938887583,2.1117801845942648,25.711494753515975,4.785410568237304,-0.28595747905122115,-8.670900824925397
1478633220747,32.67390615915271,2.1333039211298854,25.30730789076803,3.962553293830808,-0.27189153516464865,-8.718485528122075
1478633220780,32.719516336407445,2.1370798401757356,25.01650729984855,4.245817241215426,-0.12165537185668944,-8.935609650078298
