sep=;
timestamp;gyro-alpha;gyro-beta;gyro-gamma;accel-x;accel-y;accel-z
1478633642082;23.955174098161223;-2.448431032149622;1.758710085705644;0.2750339157104492;0.41404726729875835;-9.788693621406624
1478633642116;23.959112431356402;-2.4608212514531282;1.7991472591345214;0.43020810167617163;0.4622305397476069;-9.76789372819548
1478633642148;23.963567369299025;-2.472637379021213;1.823023016939506;0.448164604994189;0.4878186019565677;-9.793631739819803
1478633642182;23.971485473443106;-2.484635277335864;1.8031624169212923;0.3256114429059147;0.4869207535011228;-9.801562551513497
1478633642215;23.97216605015997;-2.4930838421414867;1.764675137588864;0.2528875549205812;0.4719569976917235;-9.795277700802817
1478633642248;23.97199512390099;-2.4971546347540317;1.7327021178284374;0.20949264526367187;0.45280338669376213;-9.786448757383184
1478633642282;23.96763436181558;-2.4887331304158247;1.7232016034349031;0.2678513152965577;0.406415734094812;-9.790040049313207
1478633642316;23.969331487695047;-2.4860494649534086;1.7313089625084823;0.2820668842288025;0.3990835052103153;-9.775226160292664
1478633642350;23.97316952441376;-2.4730142623163966;1.746827885321173;0.269646959691809;0.36900634000473653;-9.798419827332758
1478633642383;23.979744984513246;-2.457738101684703;1.770421957092444;0.25962124708977063;0.40192660598201907;-9.79004041521021
1478633642416;23.984131759400185;-2.453645545627451;1.8033291340313469;0.2633621689174557;0.42152914491804694;-9.80814648563545
1478633642451;23.986083776182348;-2.457078998302577;1.861242672225142;0.36586393205947243;0.42856210344701245;-9.78435397192362
1478633642484;23.991607664171163;-2.4615323462699275;1.9691389891556013;0.4941033858810551;0.4249707978172562;-9.78719698478871
1478633642518;24.00032110387749;-2.4608624653640754;2.0275926004913916;0.5469254234756342;0.43364976199606897;-9.790488948924224
1478633642550;24.012365671268498;-2.46124138055476;2.034067030124238;0.48347909774780273;0.45235447616577146;-9.789591054446243
1478633642583;24.02512679385307;-2.46155050583646;1.991356863750777;0.33189620456833796;0.4445733230535523;-9.79168601250746
1478633642617;24.027904588499528;-2.464177444520553;1.9226673770861058;0.22191257550888693;0.4462193344116211;-9.796923796642565
1478633642650;24.026463844470506;-2.4763824766381504;1.866232249549999;0.2214636444312986;0.4622305443141842;-9.792434180128982
1478633642687;24.019556785930043;-2.4844261103155096;1.8457273802214187;0.4197334876792971;0.44951135484447;-9.80201133817308
1478633642721;24.018325606765558;-2.4814443652347364;1.8436433295449812;0.4183867583786137;0.4228758833518848;-9.790937904333108
1478633642754;24.015278996351448;-2.467278649153769;1.8208420915101433;0.354192221799097;0.3910030609075562;-9.783306819224554
1478633642788;24.01351413503404;-2.4662146985736557;1.793114083228331;0.32770634081744354;0.4082113887648622;-9.809792566633824
1478633642821;24.009506615483062;-2.468350365819749;1.7051184300697129;0.27084406737175304;0.3703530556056881;-9.814581062427326
1478633642856;24.010244691675155;-2.4951663941416253;1.6150978204553845;0.24316111295948503;0.38860886609726586;-9.824157834818621
1478633642890;24.014935560492496;-2.5395536388001183;1.5059319262792357;0.09771335525512695;0.33473931961059566;-9.829993692232097
1478633642924;24.001031004674065;-2.608561513125685;1.4420251487293108;0.19527706833991687;0.33518822328872044;-9.895384934632759
1478633642958;24.018819508091966;-2.696461388997621;1.394468609618818;0.3242646873474121;0.6649894928420893;-10.098742730403226
1478633642992;24.042711459568356;-2.828562540069868;1.5441571160603507;-0.17253215713500974;0.3945943702476565;-9.944616162927447
1478633643026;24.032961152878688;-2.887725699662003;1.8499670581690988;0.39160159077299755;0.2916436897277832;-10.356567938088812
1478633643060;24.016014397626666;-2.9621891949569896;2.416070038289128;0.5377975387794431;0.3317465492690913;-10.937012458801268
1478633643095;24.01473186654682;-3.1454600106046846;3.6155640264064286;0.6524199843586189;0.6587047134841791;-12.125434453991799
1478633643129;24.09738347980764;-3.3244250259938872;4.782051962876723;1.4911387214660643;0.6233902618297609;-12.460772177886962
1478633643164;24.182002167325393;-3.4491886657861555;5.750219965256555;0.9385270416480954;0.5366004516490968;-12.541277208709715
1478633643198;24.370945597108886;-3.7078325665910907;8.183478854036354;1.3341688796886475;0.8496423506805673;-12.11585735509023
1478633643231;24.459541862625642;-3.8488886840527865;9.586921924911803;2.0470423829009756;0.9757868141174316;-12.04657529067993
1478633643265;24.568966024668406;-4.003638090731609;10.938579733718989;2.250250285339355;0.8807669357299804;-11.833641272790729
1478633643298;24.665979162383415;-4.142587812392544;12.228924698397593;2.653822829614207;1.1745055153777821;-11.799224039404093
1478633643332;24.7742201838237;-4.2869370494485945;13.611444639335158;2.7437551390716806;1.1849802207062021;-11.676970117132365
1478633643365;24.882410817738805;-4.44242752908687;15.0558615842194;3.1549593838013705;1.0673650276184081;-11.33415080531016
1478633643398;24.986725116510105;-4.558977011005573;16.410966064302027;3.4229602590698747;1.1783961296081542;-11.05073703765869
1478633643432;25.090508609952217;-4.66330053665529;17.64742110392083;3.681683529840037;1.2077250634124501;-10.570101054382324
1478633643465;25.22405988166661;-4.818313041786243;19.30797041359021;4.116081493554637;1.131260284423828;-10.071807833862303
1478633643498;25.340230856896316;-4.888419848720667;20.548834413015207;4.062062318597361;0.9677063652480952;-9.339332019186578
1478633643532;25.40846661844563;-4.932294436015966;21.2362817929517;3.751564509991556;0.9493009491187986;-8.477418946606292
1478633643565;25.464261884504687;-5.021806850824713;21.985148516507024;3.5757400789786593;0.7957727767944336;-8.007407233196869
1478633643598;25.495867235215787;-5.103044208689374;22.549785441314842;3.5163340324844232;0.7903857865264639;-7.78399865610972
1478633643632;25.523075947563367;-5.178599840628182;23.088047919290844;3.2900819938659667;0.8605658797720097;-7.573907168170064
1478633643665;25.53843391787852;-5.251645046424307;23.605833925553817;3.179200456414744;0.6654384421859868;-6.865373406628519
1478633643698;25.56382865099277;-5.331710038611064;24.067609024811375;2.9049148017883297;0.6512228515624999;-6.4463879699707025
1478633643731;25.594986480422147;-5.441244212753178;24.582788664342043;2.77712428817749;0.678007964369189;-6.4263363849364215
1478633643765;25.665561301965962;-5.607365607342722;25.49372627519095;2.610128868512064;0.709880792236328;-6.617573242541402
1478633643798;25.714293352755135;-5.700338119725898;26.252262499063114;2.610877056530863;0.726490547987353;-6.4996588107787066
1478633643832;25.790100969120786;-5.775883342484263;27.078170283531065;2.449567573547363;0.6506242646148428;-5.970839372961223
1478633643866;25.92101583256972;-5.893948737764103;28.479321250059755;2.26476498677358;0.5557540238311514;-5.402665391485392
1478633643899;26.02445502134048;-5.980924879823909;29.48484125635999;2.2055086418151855;0.5799953887054696;-5.415833792877197
1478633643932;26.09507524921556;-6.092559395822991;30.548684645719298;2.745700391387939;0.7791630210434086;-5.814169094085693
1478633643966;26.07797434247268;-6.262134246545896;31.786578259247438;5.733365007251129;1.026364301355346;-5.667973155212402
1478633643999;26.183484159613116;-6.4423491459964595;33.182754853856245;8.170063235418498;1.28957686920166;-6.764667445428669
1478633644032;26.531199718679783;-6.601317918632962;35.011219284739425;6.908618235723674;1.5114894355773925;-9.787346895245461
1478633644067;26.731905695795934;-6.636197034509478;36.37454398847894;5.777956609243509;1.581370196533203;-10.472686974334716
1478633644099;26.891286568844762;-6.694704594720003;38.034350295472244;5.612307857015915;1.4487912613357417;-9.98412005192861
1478633644132;27.08584604239912;-6.748158389656891;40.60694438039361;5.895272565725632;1.1923124039249262;-7.365461878818145
1478633644165;27.223204979087637;-6.7868956483336405;42.10504476468808;5.800851566546783;1.009754577570362;-6.168810288061573
1478633644198;27.37992902050113;-6.822760922675543;43.4293427306477;5.737554640960693;1.0121487700973637;-5.980266907324269
1478633644232;27.56026296489798;-6.8183440097811525;44.29826854457325;5.709123715442046;1.1019313049537596;-6.8155439932449715
1478633644265;27.69441134164047;-6.803890665532905;45.089009921777105;5.892429341656342;1.1502642966339365;-7.47664265266098
1478633644298;27.834266100998367;-6.789885531610562;46.12354269299215;6.660968366827443;1.1113584465911612;-7.782352423272654
1478633644334;27.94166227595669;-6.660814430586762;46.287834478183804;6.926874050781829;0.873434711412061;-7.431751663793995
1478633644367;28.11452416764088;-6.427408869408931;45.77137796431485;6.954856750759075;0.9277531067779287;-7.056011421557516
1478633644400;28.270294423563687;-6.184263431513838;44.56494232540563;5.909638031414896;0.5367501212188974;-6.208164904785156
1478633644434;28.34583677284107;-6.073637051572841;44.0942261053707;5.479429628344625;0.5454290657043457;-5.775711937658488
1478633644467;28.419218595976847;-5.943413297883207;43.10911329784321;5.904550499017536;0.6151602255890145;-5.444713850402832
1478633644500;28.413908528737416;-5.743859962000208;40.43230025904094;5.7374052956178785;0.6408978569030761;-4.924573539733887
1478633644533;28.264628823231657;-5.6521508641763045;37.64955202857889;3.4587235733032227;0.31483751831054685;-4.219331513214111
1478633644566;28.21623306978306;-5.590124258360297;36.02425848316282;3.369838982800394;0.2389712532043457;-4.3308118202760815
1478633644600;28.2388236246274;-5.608267717137729;35.511414566635295;4.940135777459666;0.37663784866333005;-5.390844605310261
1478633644633;28.24903553909708;-5.621997936262661;34.937974865115336;5.746682425192184;0.7498340141738764;-7.289446375683695
1478633644667;28.226692406815513;-5.520497095454875;33.83488689948785;5.383063029789645;0.6560112914154306;-6.8724065201357005
1478633644703;28.201627463429002;-5.464669314640061;33.00386190796874;4.785709989575296;0.5749076736450195;-6.270114872741699
1478633644738;28.177114786815395;-5.448703381356121;32.20383578874734;4.6965256854735316;0.6988076278244145;-6.4448914478026325
1478633644771;28.134838584005532;-5.434679162232061;31.098392032617102;4.897938219794584;1.061828472811915;-7.600692299243062
1478633644804;28.09904568840954;-5.402902732501271;30.480985134674242;5.241954714645259;1.1411364028045907;-8.0317983452728
1478633644837;28.07236497670047;-5.324300249941433;29.889850779586286;5.083488729725684;1.1604395988906733;-8.122628261157125
1478633644871;28.055960709281507;-5.249699313395067;29.444244450519243;5.121945575625635;1.1463736824035644;-8.393921227640424
1478633644905;28.05478152773539;-5.275785535279526;29.157992510436163;5.135113648223877;1.2689268433501943;-8.87246269545611
1478633644938;28.05692109453876;-5.2196531561201125;28.94000693312564;5.064784047522023;1.216852993774414;-8.953715658569335
1478633644972;28.066777228676205;-5.186326641213042;28.992317706794854;5.127930970178172;1.1974001052856444;-9.17907010902725
1478633645005;28.09154197106631;-5.074224903562202;29.23239705680783;5.127033254153467;1.1969511924743652;-9.387814493206887
1478633645039;28.15524456572496;-4.9452669030959475;29.85108541849485;5.464914963443018;1.1519102737426756;-9.657910441058501
1478633645072;28.234791701868097;-4.816641361038169;30.54578913460189;5.661239463043213;1.0809820495605469;-9.884162424878031
1478633645105;28.31897814874163;-4.665694352471603;31.285774840961892;5.3862055473327635;1.0175356873000971;-9.695618898010252
1478633645139;28.405373356261514;-4.53101520565493;32.20033223164009;5.305401332634035;0.8016086113750236;-9.201216328253224
1478633645173;28.4972821009115;-4.415142168558954;33.13944926259164;5.512649578238092;0.8869020866172853;-9.165153519616648
1478633645207;28.62342163689221;-4.360743326438318;33.73459457279333;8.36668704675883;1.357362703704834;-14.809184731292724
1478633645241;29.557315264837488;-3.5146150301807446;28.870364621766768;-5.935974688068032;-0.7649473938873037;8.518419869232178
1478633645275;29.393679606994137;-3.716217012466868;27.156144556792192;6.097432931872457;0.7927800064529292;-12.71380965810567
1478633645309;29.446093978989524;-3.1224800586540855;26.839664950354724;2.233939932660013;2.7777228751251473;-7.552509063897654
1478633645344;29.533157875941715;-3.3329825462943052;27.130423778344273;0.1345242057800293;-0.6886322159698233;1.4182652084350584
1478633645378;29.5553270334916;-3.457689668190548;26.792619834496723;11.722909153747558;1.432630418395996;-22.50459836436808
1478633645412;29.596477347004463;-3.205870956725322;26.797988720509778;2.0061913536071776;-0.9406220502991228;-2.8459575859069823
1478633645446;29.644068282613027;-3.431205854902682;26.455082855694602;5.374533960369974;1.4740800346374512;-10.487201675768942
1478633645481;29.72258553030603;-3.2678588972432916;26.251483644058272;3.2064345733642576;-0.3865139670440927;-6.433818557385355
1478633645515;29.841619483092625;-3.286352219423099;25.85278704393186;3.4865563137330113;0.48886603778342247;-7.972841238989308
1478633645548;29.87453708057151;-3.34495694295598;25.70856572997988;5.121346915612742;0.4343979728477541;-9.389011667102203
1478633645582;29.94981082776564;-3.300203438952697;25.500341548520062;3.3138742997985333;0.4089595528091304;-8.059182355554402
1478633645615;29.99683384177147;-3.3295244037747467;25.37405766912641;5.026327183355764;0.5030816375400637;-9.523535945947467
1478633645649;30.04638788620997;-3.3130363226922546;25.108570909409632;3.6014777376921847;0.4697124199355952;-8.235903927203267
1478633645684;30.131239663722596;-3.307691751179954;24.741289082429283;3.68138440076299;0.5753565710441005;-8.794052353623975
1478633645718;30.209275797217842;-3.309904487830566;24.53986397692508;4.268412592448387;0.618601853942871;-9.166500605110357
1478633645752;30.223975199392626;-3.3109720633947415;24.44175780473905;3.849127990180906;0.5066729126308346;-8.830114988730614
1478633645786;30.286579909694776;-3.3057133131549756;24.259937852113445;3.9239469199249517;0.5520131305445742;-9.067290307562052
1478633645819;30.35370721712436;-3.3009261524737594;24.07877812930986;3.801393813777249;0.49425301435166036;-9.060556734123873
1478633645853;30.381038746712335;-3.269286113908411;23.886598662589922;3.7693710925780235;0.4713584427101072;-9.087042900516604
1478633645886;30.41474780623203;-3.210576906161725;23.65490825597479;3.693804212277196;0.4902127807838376;-9.032574529620259
1478633645920;30.443879337365782;-3.1517863522577327;23.552057905465965;3.848529654394998;0.458040695975488;-9.061903764818656
1478633645953;30.48506904206622;-3.102159444793211;23.486312960850494;3.7523126158119644;0.47120880967292467;-9.036615160480304
1478633645987;30.55219037640549;-3.0624147930297507;23.610952410344858;3.7728127665976525;0.4718073783542728;-8.989179832309192
1478633646020;30.59667746063683;-3.0286305804311233;23.814311230395518;3.98215603226918;0.4746504654262447;-8.976610143445921
1478633646053;30.63168418923618;-3.0104988367806658;24.07083814949646;4.009988488429534;0.5083189565257664;-8.929773877146502
1478633646087;30.68374406806209;-2.966154897260981;24.550493598041037;4.13478623969038;0.44502223358154297;-8.86483114569832
1478633646120;30.717324205801845;-2.941676891945871;24.901908663120704;4.245218809531396;0.46642041320247807;-8.83520274489026
1478633646154;30.745926398592363;-2.932521475049087;25.249052401402157;4.332607179260254;0.49126023830193444;-8.796596430349908
1478633646187;30.776126821331054;-2.941966040756558;25.58429211692401;4.362085841999854;0.5527613128551514;-8.7645736452186
1478633646221;30.80022345768727;-2.9493560073013807;25.91631399257675;4.49062441576533;0.537049371310242;-8.742577109262161
1478633646255;30.832174968576567;-2.9763323824874854;26.333355920531435;4.524891573156789;0.577451503775781;-8.691700479247467
1478633646288;30.850653074560487;-2.9953287166208176;26.57923736826087;4.554968603648338;0.5755062286266358;-8.675090248572406
1478633646322;30.86310561124568;-3.016691378020002;26.814579079200648;4.609586475151125;0.5494692810058593;-8.651148633829644
1478633646355;30.870386893978306;-3.0274389232625847;27.029041675938377;4.62170704799043;0.5219359582037184;-8.66715978893328
1478633646390;30.86988613480053;-3.0221475559003483;27.130130389845636;4.591929100910155;0.50338089333963;-8.672696042345674
1478633646423;30.86472739153635;-3.009444901089024;27.193884675049055;4.586691821311181;0.45923781963845245;-8.687510370613866
1478633646457;30.86396586874822;-2.985123824100819;27.224634536961986;4.5373113846709945;0.4263175239784177;-8.690952179347525
1478633646491;30.86156384737174;-2.9598403156197306;27.235969979242423;4.5314754815917455;0.42482114794082004;-8.704119912306583
1478633646525;30.85990947080549;-2.9358737708707032;27.227416863782825;4.47835431777423;0.4402338439609622;-8.699930396186382
1478633646560;30.860064529143507;-2.915355350804929;27.214754016756018;4.483890721883674;0.441281279787817;-8.706813393455425
1478633646593;30.861355801983514;-2.9048964674794138;27.174019551820106;4.456656705969682;0.49215808390326854;-8.732701057096769
1478633646627;30.86296219988132;-2.9071418321598865;27.138510448216117;4.418349667778495;0.5030816215570434;-8.733150004157377
1478633646666;30.866108295711552;-2.915959036563917;27.123147773564234;4.408922274979344;0.5172971939142211;-8.726416285159546
1478633646699;30.869057766271833;-2.9190264797316767;27.109856353726123;4.3991958398681135;0.5192424964628298;-8.756343823606986
1478633646733;30.87421099239165;-2.921824016257305;27.10729872564349;4.3650786397408226;0.4858732879915158;-8.75709161890014
1478633646767;30.876284295460255;-2.9329791364888895;27.124345727209413;4.345625641654198;0.5102642368123109;-8.794202137358207
1478633646801;30.885469216632384;-2.9686301553442553;27.196869331856078;4.2854712610106915;0.4999392238865781;-8.80602310619643
1478633646833;30.894363337314783;-3.027899922668966;27.2313344477132;4.1979332993438465;0.6132149002075195;-8.848969217206491
1478633646875;30.901867449690776;-3.0554695346767393;27.296425497950484;4.235193190544192;0.632368522621924;-8.834005794757232
1478633646902;30.86328834134756;-3.180071790648506;27.44807868842577;4.036324760348536;0.7613561461959965;-9.388413043621927
1478633646935;30.85365826548349;-3.231320153922879;27.671303661384037;3.9056909496031698;1.105672254180908;-8.460061240298486
1478633646969;30.84926288894582;-3.242553389542607;27.91027741774738;4.109347984048537;0.9135375709533691;-9.228151060397364
1478633647002;30.84029787602852;-3.262882281399499;28.9940782431613;4.367023901190236;0.7049427330459468;-8.610895657193963
1478633647035;30.84477760368392;-3.2495094708454944;29.905758595832484;4.6865000573531725;0.1801636749267578;-8.701576259701513
1478633647069;30.838480364698842;-3.2454906513990927;30.882229047705536;4.972008911287482;-0.10863690032958984;-8.295310001096967
1478633647103;30.841273959257567;-3.236042932828292;31.7726816204032;5.2114286389116895;0.31229367904663086;-8.418611697122268
1478633647136;30.818669621053775;-3.1982443324946397;33.0070189931519;5.377526712445169;0.2027589530944824;-8.164826056284225
1478633647170;30.813651599622034;-3.193800238804864;33.42827706457643;5.493944430243549;0.3990834892272949;-8.226776462632184
1478633647203;30.837002484257063;-3.1552457839756167;34.6830120649144;6.062567479794286;0.13946224670410157;-7.800009550918452
1478633647237;30.91288313601518;-3.0586768242821454;35.46977078030023;6.373813512951508;0.24615385818481444;-7.899668368552392
1478633647271;30.94856311562709;-3.012048140287568;35.71365346739888;6.2075664639679715;0.37394436266249975;-7.690025839089788
1478633647305;31.028380659075395;-2.887528539988391;36.123872966503036;6.184522090325877;0.3271078200851567;-7.517045061404444
1478633647338;31.05011932273976;-2.850007363128933;36.57332456018974;6.636427799810841;0.28057050704956055;-7.3470569627290585
1478633647372;31.074938971232008;-2.8013733192065837;36.840759035373225;6.782174752807617;0.46447513462839995;-7.45449657956548
1478633647405;31.13137474115508;-2.7230033067689776;36.92073807110754;6.5795655834473665;0.5960065666419919;-7.277774679123051
1478633647439;31.16719892384282;-2.6879635626836627;36.80190918404594;6.46105245513916;0.6630442222595214;-7.546523742410354
1478633647473;31.187408674410218;-2.731326008664934;36.6681277071491;6.341641683871485;0.7170634154831059;-7.5261729917664075
1478633647507;31.205089299981;-2.794480931323501;36.48223247698651;6.106859973045159;0.7933785751342773;-7.6704236235245125
1478633647541;31.222712906743382;-2.838055749132013;36.21155679530225;5.969941985730081;0.7101800674438477;-7.7717284639329645
1478633647575;31.228608973560423;-2.8540151409997536;35.846960866268745;5.835417505955417;0.7055413199936039;-7.8966759178712955
1478633647609;31.224985591886867;-2.8800322148430846;35.489316127707;5.678896412592497;0.6992565223693847;-7.927351174550899
1478633647643;31.20562997482751;-2.898075658723001;35.18105632176257;5.547065715646185;0.5871779662864748;-7.964611367145343
1478633647677;31.259316458631684;-2.8537976274467476;34.93962161435439;5.972934737805277;0.29239187774658204;-8.02671095914862
1478633647711;31.298228824069156;-2.811496297546253;34.569755976832546;4.865766180652007;0.2914940521240234;-8.132803947006352
1478633647745;31.318807190674825;-2.7585089930893503;34.373172820657345;5.644480069688428;0.33623569564819333;-8.127566384279588
1478633647779;31.339070426161573;-2.6397941343129827;34.1955754076992;5.42361514006895;-0.11148001480102539;-8.164078110294021
1478633647813;31.363445970789453;-2.633658047964745;34.082893061492726;5.475089999696629;0;-8.21106431330801
1478633647847;31.384684380514646;-2.5502877592798114;33.98616855213247;5.442618677355023;0.09068038787841796;-8.170063244551653
1478633647881;31.41677848687695;-2.4141406493394446;33.75161575447542;5.316773589590378;0.3269581733482424;-8.268076295139407
1478633647915;31.429839712060637;-2.376888620678153;33.69030372790076;5.363311158354301;0.2879027679000981;-8.177545410150719
1478633647948;31.447630561933106;-2.3441458485570013;33.713538044419316;5.326649762770067;0.3387795303455321;-8.183531092397624
1478633647981;31.467334622945387;-2.3055737841877355;33.85948112187572;5.511152919072704;0.3275567283298587;-8.135796351236795
1478633648015;31.484319934248155;-2.2802102304030796;33.99814981524336;5.466561014758638;0.3398269844386959;-8.095095095045666
1478633648049;31.512789961732835;-2.2474056166480545;34.24803475941837;5.471499196104961;0.34551322708129883;-8.127117309354816
