sep=;
timestamp;gyro-alpha;gyro-beta;gyro-gamma;accel-x;accel-y;accel-z
1478633867125;22.926791475889022;-1.631214558940713;14.62610531680715;2.6414029267684556;0.24121581726074218;-9.362525774704105
1478633867158;22.890194873244884;-1.6664654769186817;14.733504603228775;2.910451356594823;0.45714287948608395;-9.50123957994437
1478633867191;22.851494217242685;-1.6805145453201247;14.715160693304597;2.8314425922118125;0.4234744186401367;-9.53610544986436
1478633867225;22.802979717056136;-1.7089287799097497;14.595802648290872;2.4221840381897985;0.5568015235900878;-9.534459038930782
1478633867258;22.77859290507014;-1.711401580439603;14.576489791197591;2.583942214788869;0.5395931991577149;-9.558102004087111
1478633867292;22.749761963990945;-1.7547474410668997;14.546726149727297;2.331204311171779;0.4294599227905273;-9.34142693650606
1478633867326;22.719204031957734;-1.8280285124892146;14.583427651785817;2.511218238896923;0.402225897172559;-9.43524943550222
1478633867359;22.717289851976457;-1.8586071367158519;14.70698975340089;2.5742155513487757;0.38636430204086936;-9.451410127744916
1478633867392;22.713738548676986;-1.8662557540665194;14.842447960808554;2.7090391784667966;0.3235164907662809;-9.486575115325511
1478633867426;22.711175926178488;-1.866777747395376;14.921942673988845;2.5308208403379773;0.32381579194620863;-9.46203457456673
1478633867459;22.71224445938814;-1.8310119898727226;15.051840667651675;2.568529598683829;0.2305915382606443;-9.513958605017303
1478633867492;22.712699373554553;-1.821224742781276;15.091317287965627;2.5469815479928712;0.23822304691923782;-9.418040923840179
1478633867526;22.713522651742572;-1.8265309660039393;15.10514983660057;2.5371056208375315;0.26440964584350585;-9.462333795260731
1478633867560;22.685123193715587;-1.8523810205017306;15.227636848858939;3.031208866296336;0.28221651384105206;-9.503783489990234
1478633867593;22.680336832253047;-1.9620158887312713;15.08032305467726;2.942025037118606;0.4375403533935547;-9.466224534786567
1478633867627;22.651603853936894;-2.030669033773054;14.940793235034617;2.580500330706686;0.5659293991531245;-11.062857829693705
1478633867660;22.635747051122785;-2.1597754314191633;14.72188940934139;3.282001490197703;0.06763619689941405;-8.311470844036712
1478633867694;22.61564589747818;-2.32565444909852;14.632721100551375;3.386448683752492;0.5313631218177732;-11.184512909289449
1478633867727;22.66296990060943;-2.37940660914783;14.996251631318007;2.661155200062599;0.4116530342433834;-12.048370941925048
1478633867760;22.68915102633652;-2.4021655438432434;15.27002952346534;3.5948938657898455;0.821660082244873;-12.977321186065673
1478633867794;22.738387395975632;-2.4329808198189466;15.607454189437915;3.3710357913695272;0.824802471923828;-13.187262451879679
1478633867828;22.792072668040717;-2.4692122284060365;16.11552872099459;3.614346681213379;0.7992144416809082;-12.967744671685994
1478633867861;22.898878041392422;-2.5339170956353954;17.104443524782354;3.813065492071584;0.4159925304606382;-12.44042117151469
1478633867895;23.023728690891804;-2.6617934847332463;18.240200644563306;3.493738845648244;0.788440534210205;-11.86925473022461
1478633867928;23.07561355544502;-2.7012963244955044;18.674655496337692;4.482394420623779;0.9714473236083984;-13.053935639190673
1478633867962;23.23288337499552;-2.7807251111086533;20.09554149365817;4.069394707312062;0.6034884650962893;-12.067673900549114
1478633867995;23.352799556197688;-2.8327673428810365;21.174248034366254;5.307196892547607;0.6016928229843266;-12.69839669265747
1478633868029;23.475644304349583;-2.9029746641348595;22.077673920328625;4.444835455145314;0.6186018722091801;-12.197559340612589
1478633868062;23.577471799058884;-2.9737106870658594;22.74501940552992;2.045695827130228;0.455197590637207;-9.625738027456588
1478633868096;23.76448328409515;-2.9790928261281238;24.176531954494173;4.153042109547462;0.6539163375633302;-10.591199810381978
1478633868130;23.825614674140535;-2.9692921964235603;24.713785797783533;3.274968449755758;0.5467758087047608;-8.782829314146284
1478633868163;23.98981138861983;-2.931212073502035;26.425875499787722;2.6719290527343746;0.37065235364609395;-6.729352532549947
1478633868197;24.07117701307286;-2.914682921147501;27.280741859551643;1.116595799255371;0.3939958106994629;-4.499602745056152
1478633868231;24.170507033718817;-2.906729006884855;28.391668422154044;0.5422866760253906;0.17163433151245117;-2.3573908096313474
1478633868265;24.199841529399663;-2.9162552041788032;28.720259437571336;0.45669396667480466;0.1227028350830078;-2.099116305541992
1478633868298;24.12829822387501;-2.9295647734357657;30.24644213105369;1.563712667028606;0.0282815071105957;-0.004339490509033203
1478633868332;23.99040441573778;-2.9587748447992857;31.136098016739126;5.007023886804981;-0.3022679595947265;1.6952444129943847
1478633868366;24.142097506542655;-3.0178391429655456;31.92715688679586;7.59904657786265;-0.7457937806060537;-0.557998624420166
1478633868401;24.404086703374592;-3.1265345929604043;32.492730463833986;2.50912333984375;0.09112930068969725;-4.43989763341695
1478633868435;24.482513530195167;-3.156767715553945;32.68861574631915;4.291606402764842;0.3087023765563965;-7.807341939633153
1478633868469;24.53597360654456;-3.148868406225269;33.60710603532625;5.568613621919136;0.3238157745361328;-10.236408905737102
1478633868503;24.559797995300176;-3.0245701858291505;34.361445380470066;4.218433979852497;0.18300678939819334;-8.39811116274409
1478633868537;24.576420218510712;-2.829870262325689;35.01392977606315;3.679588822583109;0.656310530090332;-6.855646523992717
1478633868571;24.558308430518636;-2.713954839376054;35.17652071241395;3.026719811248779;0.3941454391700681;-5.024082546234131
1478633868606;24.506614468021265;-2.6138920174887743;35.167878687805256;2.7730840728759762;0.24361000065458938;-4.46608362955302
1478633868639;24.446239717635617;-2.449010631862186;35.26368773571883;3.5547906226560473;0.24420858760224654;-5.288641537420451
1478633868673;24.433640841446962;-2.3855908166576967;35.38613934398845;4.328866385296732;0.4397849220165284;-6.862380800683796
1478633868706;24.387443024271533;-2.3063215222553373;35.45212836728312;5.574898620472755;0.5557540603637695;-7.973290283660506
1478633868740;24.32560292142493;-2.159226474200925;35.406356121274094;4.914547893347218;0.49904140853881834;-7.5707651072846724
1478633868773;24.292562583957785;-2.0580656976863763;35.37321883183476;5.592106844440428;0.5398924560989253;-7.870938012562599
1478633868806;24.219272576005107;-1.9406199980450243;35.27226140825773;6.063465634210408;0.6708253776550293;-8.480561738144047
1478633868840;24.172386008742453;-1.839309827527965;34.9461034689649;4.445882626110688;0.7007528984069824;-7.243956178814545
1478633868873;24.11829696400422;-1.7290690651030507;34.86609741359449;5.226242693185247;0.6726210289001464;-7.631667502417042
1478633868906;24.03013771544422;-1.4917168845279645;34.784162948936284;6.30902079584971;0.3423708282691892;-8.600870225436426
1478633868940;23.93360720979543;-1.316244491383822;34.10954529347783;6.198887154156342;0.7821557365859858;-9.277681289904937
1478633868973;23.908202633746075;-1.240165889997824;33.97240671631491;6.516119385583698;0.6560112548828124;-9.433902875164895
1478633869006;23.832754726812386;-1.009313581238943;33.857340085200704;7.107786032458394;0.49545010604858397;-10.478522840881347
1478633869040;23.768496845531274;-0.8471004273255629;33.526517889115034;6.664559450121969;0.46612112657851534;-9.825654121807963
1478633869073;23.704714085031966;-0.6809927732606311;33.328072135159914;5.999420703268609;0.0330699104309082;-8.704718758978322
1478633869106;23.62676967637453;-1.302418901247354;33.543647086553904;16.651223633575437;6.648698247715924;-36.3788467628479
1478633869139;23.303129515207893;-1.3047676727756201;36.44870816582705;0.13168109130859373;-4.1937434829711915;-1.027262149810791
1478633869173;23.170151413013066;-1.2773430763437095;38.3271087306788;3.135207366235554;1.7135001275878399;-0.4474164352416992
1478633869206;23.151322302982507;-1.1998342810231641;39.3910665381758;5.651513018798828;-6.044910279083251;-0.9352350234985352
1478633869239;23.267516727434305;-0.696154110802445;40.03501482290632;14.529811325073242;6.500407263658987;-7.976133156674169
1478633869273;22.99515071450724;-0.9946472443559784;39.97346069529206;18.75797145690918;-0.7918821808303705;-19.27317372665405
1478633869306;22.98721901755436;-0.9964404665538942;39.22250413591446;2.0289365616396067;-1.3250410360916516;-1.9264345108032226
1478633869340;22.93860117168108;-0.9367529062182651;39.569124281420805;11.310059004974365;-0.15726912155151365;-8.927978136853127
1478633869374;22.905459839693044;-1.0131449536784938;39.67867752417672;6.64166478714887;0.12030863798942881;-8.084620346334763
1478633869407;22.817110415212394;-0.9013133335214921;39.682126006814926;2.581996852874756;-0.3224690361022949;-3.9598602005556223
1478633869441;22.734994344692897;-1.0053340572839393;39.84884479826318;9.61735813898295;-0.5844844985519535;-10.379462747192383
1478633869474;22.754962347519328;-0.9173210986485751;39.88892996599365;4.146308216448873;-0.3188777153457515;-4.994753868158162
1478633869507;22.65730922340325;-0.9259317552724889;40.18858088239709;5.647771932574361;0.07811083829575217;-6.380397567516938
1478633869541;22.56190150360235;-0.9355211202874409;40.42616201939175;7.9536874065123495;0.008379705810546874;-7.287501013769582
1478633869574;22.50844334451265;-0.9232534111740468;40.417335629388525;6.1873654970582574;0.689530078125;-7.757961658256594
1478633869608;22.497841876406568;-0.9188736780831264;40.36746990445498;6.710498632867634;0.15667057167162038;-7.034313859414495
1478633869642;22.401541439962607;-0.952037133945123;40.33906450974691;6.651989964471385;-0.17148467564238234;-7.3482540909586005
