sep=;
timestamp;gyro-alpha;gyro-beta;gyro-gamma;accel-x;accel-y;accel-z
1478633967891;18.206136421539938;-2.4182312337606264;13.437446331250472;2.2957401305820557;0.3700538123642094;-9.524732994261907
1478633967925;18.201771613661133;-2.4193593401359217;13.413840179669416;2.2396259675233505;0.4071639158345671;-9.543737011038592
1478633967958;18.196612455024276;-2.4297735242091103;13.402400854571308;2.247706448358728;0.440233839394385;-9.563339215187424
1478633967991;18.188565799975212;-2.442690875374943;13.415978148616029;2.29364518586311;0.4462193389781983;-9.540594614509772
1478633968024;18.186291382827157;-2.4472906296391055;13.42144023713113;2.3083096824480105;0.45819036097871135;-9.535357133410576
1478633968057;18.18448629493758;-2.468659001159474;13.419479380242922;2.3148937438633057;0.4608838195800781;-9.514707070455671
1478633968091;18.185924622029958;-2.4742609487544844;13.406656869826369;2.2945430320352664;0.43589433404397565;-9.526977148753405
1478633968125;18.18581530974795;-2.4946849092987855;13.35709479913002;2.1987750227112324;0.4566939621082274;-9.576058607869827
1478633968157;18.17923494290639;-2.5141931856688045;13.344133169107302;2.2662615426201578;0.43634326226745324;-9.52144047949707
1478633968191;18.17898504626708;-2.524394765449087;13.346789660424566;2.2632687483041227;0.46148237684498306;-9.556006844739033
1478633968224;18.183599743184566;-2.5527021559661183;13.29841464586247;2.0239981736556625;0.5382464607238769;-9.611672238833643
1478633968258;18.154515557472486;-2.579431569200914;13.081570996109289;2.0015525330916977;0.5264250900268554;-9.595511500925173
1478633968292;18.10998728081002;-2.6355370427756695;12.723348322680444;2.2863129569786134;0.5862801406639162;-9.627384223761036
1478633968326;18.09507514991815;-2.667402783841694;12.798880810496453;2.6253917579650876;0.5659293991531245;-9.703549855406303
1478633968359;18.065837298319714;-2.9463301478711084;12.859703091397233;3.437325395965576;0.7921814743041992;-9.921571606622264
1478633968392;18.01353593098892;-3.1535019650857694;12.980503593864503;1.5415666669983417;0.01705868682861328;-8.919298790508881
1478633968426;18.033866494457445;-3.2748872618908815;13.034302622153335;3.1667806083679197;0.0040402153015136714;-12.39567952799052
1478633968459;18.03983321544261;-3.2888963460360054;13.151416604167041;3.210624353204295;0.7803600853408686;-12.100893740844725
1478633968493;18.05360301891538;-3.3866412167152693;13.491422398323365;3.0355484298706052;1.143380930328369;-11.292551697595417
1478633968526;18.104731413175244;-3.5399547927804798;13.866995159950118;2.9394810151915998;0.47928924484252927;-11.585242704419047
1478633968560;18.170899990287516;-3.720295748284038;14.640838417201193;5.668571705627441;0.6633435134500614;-14.44721136779785
1478633968593;18.321324106105568;-4.054049424056446;15.582900244669629;3.2447418729919937;1.0869675537109373;-12.49818128656596
1478633968627;18.39347622942239;-4.242117613810181;16.12295707127653;3.5824738716125486;0.9240122032165526;-13.105261045019327
1478633968659;18.501846034382034;-4.42548527096401;16.85891277733957;3.035698104006983;1.3156138122558594;-12.518682222802937
1478633968693;18.606522339148455;-4.587651177791648;17.793258248382937;3.6038721220154315;1.2786533606598154;-12.625523179626464
1478633968726;18.747391146932248;-4.736548499047189;18.89255176378064;4.336198481750488;1.2861352408478035;-12.826785756683348
1478633968759;18.86596720411003;-4.855117891395547;19.765883950354134;4.228309842504933;1.3500304611206053;-12.534243949072062
1478633968793;18.97675144764574;-4.917909332805107;20.32570384444003;5.204545496368408;1.2315174789428711;-12.375478743743896
1478633968827;19.120648782834017;-4.926012358112395;21.113482983320196;4.734234507751465;1.2885293694427236;-11.24795925328359
1478633968860;19.30837082770011;-4.83371669416559;22.22503649831381;1.8038813133239746;0.9207201942001468;-7.233930532427877
1478633968893;19.420887717101312;-4.710781551634489;22.939068586558896;2.220322764587402;0.7031471274666022;-6.271760886383056
1478633968927;19.520498626813676;-4.600383760752081;23.500777193328755;1.699134844561666;0.46357725991513576;-4.937143098449707
1478633968960;19.606116719189703;-4.474227182303824;24.07504023405241;1.0398317085266113;0.24136549139712005;-3.7038299682617186
1478633968993;19.726649833086654;-4.3080691059566725;24.864517839913894;0.575206948852539;0.14948792962338775;-3.040935383605957
1478633969026;19.767774307703117;-4.198698340358014;25.545155192627185;1.105073703765869;0.30466212472226467;-2.6020482917785643
1478633969060;19.73440153506282;-4.131863215258332;26.427507623112675;4.776881115225144;0.10295067138671875;-2.910152117919922
1478633969093;19.724166363226225;-4.10119472531318;26.848955310511172;7.078756483459472;-0.148739778137207;-2.683900061035156
1478633969126;20.03340708191993;-4.0717713802738125;27.172496201688087;5.350741508306935;0.14679448928833008;-6.895300635119527
1478633969159;20.21002468191956;-4.052212316973435;27.632504608166876;4.405480619226023;0.5641337570411619;-9.415347739233448
1478633969192;20.35085597717035;-3.974667617317945;28.064174319725836;3.9701849760193375;0.816871688057715;-11.521197663879393
1478633969226;20.41317807239027;-3.8407537025801397;28.489473121481634;3.5570354059081524;0.9715969246795401;-11.569381264550984
1478633969259;20.448600023744593;-3.527606881468377;29.283639575026797;3.4711436405457556;0.5071218391418457;-9.130886398757807
1478633969292;20.456812533251213;-3.3256917716343466;29.619155551125885;3.3868973773680624;0.44202949063950214;-7.656955892126262
1478633969325;20.44646770380818;-3.132239483783141;29.795714566426003;3.341407545825094;0.366462491607666;-6.166715434674173
1478633969359;20.443082192735183;-2.972022458107171;29.847494995940334;4.166808641229197;0.2198176399230957;-5.994631751959026
1478633969392;20.417723975554722;-2.7702520666187715;29.278366377450876;3.538929328918457;0.15726912155151365;-5.866093342590331
1478633969426;20.422967825831407;-2.695910449890391;29.2043742300684;4.241178639895655;0.11926117019653319;-6.157437610980123
1478633969459;20.42050188428858;-2.541600395941179;28.974079417696043;4.421043149212748;0.23074118499755858;-6.489783021191507
1478633969493;20.39573482412527;-2.283444208655055;27.974308348135878;3.9743746827941386;0.24884734418564475;-6.033836804144084
1478633969527;20.310869719977177;-2.0374673498871756;26.165224537558704;2.711433380126953;0.08200140686035155;-5.237316423852741
1478633969560;20.283456771001312;-1.90879144662883;25.618087247865336;3.6457706876007836;0.0833481270278804;-5.999420739801228
1478633969593;20.247957191835;-1.7687738122658472;24.949136151069464;3.6614826725281775;0.1822586013793945;-6.561459287261963
1478633969627;20.20831828427732;-1.6755350845129169;24.145555072495366;3.7449803275619633;0.14873978727036155;-7.258471391705423
1478633969661;20.170471090742375;-1.5718055573209373;23.523484922124815;4.223222054379247;0.21098901673469225;-8.463801888131536
1478633969695;20.129162000849053;-1.4629133986005418;22.74531405981305;4.027944926673825;0.2516904550894418;-8.741678973112348
1478633969728;20.086253097980435;-1.3508770727429364;22.107278310518897;3.5271079764877444;0.24615385019330424;-8.586056102664209
1478633969762;20.02100100547491;-1.2912337962714284;21.207952911560373;3.3430537421295417;0.28895021742668464;-9.493608242532424
1478633969796;19.949367166518904;-1.20845159094936;20.490237028456338;3.1191959234375504;0.16879121019114973;-9.85977127626948
1478633969829;19.894793825502408;-1.190816789763953;20.328840883892955;3.2246904158218763;0.14215573270493187;-9.904962124865873
1478633969863;19.83975173557578;-1.1906238717302395;20.18683077123415;3.1874306890183126;0.16714519883308093;-10.098144344384968
1478633969897;19.80889942944564;-1.1709631202936082;20.11358925913764;3.3143234272389437;0.07826046676635742;-10.33442168233022
1478633969930;19.688882464326824;-1.2821564029675727;20.571296186218614;3.548955011837743;0.23208791543988627;-10.467449950464069
1478633969964;19.65580641653284;-1.3244059612249215;20.746819930412894;3.694103633615188;0.3408744522315916;-10.59763437347412
1478633969998;19.553615543605645;-1.446074373768484;21.344564979580824;3.6345476207236294;0.361374813079834;-10.083629058428853
1478633970032;19.46598493687217;-1.5445799846349437;21.84324783263021;3.398419545922801;0.35733458864516576;-8.442853098529204
1478633970066;19.45630098968613;-2.38127466621133;21.004059294735836;-2.90177211984843;3.731213686282374;-6.945728507586568
1478633970100;19.334924737047608;-2.2015390814888334;21.036225528413222;-1.0280103378295897;-10.169969590472057;16.707037290734053
1478633970133;19.22844806400207;-2.0310355900241177;20.464382618792932;-0.0040402153015136714;4.424783979708887;-6.124666829626261
1478633970167;19.169893541926704;-2.002207639059397;20.922170420956864;-0.373495458984375;-2.7834091040680184;4.726453352355957
1478633970202;19.08101659073823;-2.8549911476117837;21.391031606833952;3.5435681882498433;1.2388497580597175;-9.297582853742968
1478633970236;19.02237586014376;-2.113416895211301;22.041643415673605;2.818125064672902;-4.501996983248927;6.937049672698974
1478633970270;18.962494620517433;-2.4968744332359933;23.075517628146542;1.083376251220703;3.3593642409393563;-1.0455179374694823
1478633970304;18.954054229396004;-2.6694791670411147;23.7279464410559;13.588141884613036;2.4227825155396014;-30.398579344066977
1478633970338;18.840581680658882;-2.4953333725494566;23.88360381084415;-2.0163667106628416;-1.1116577948639168;1.2575544219970702
1478633970372;18.80290135776663;-2.431623959694437;24.17454473355982;9.093178197534382;1.974617782681249;-20.04006644592285
1478633970406;18.727831139046927;-2.489915101930833;24.581325471872916;8.399308336639404;0.7558195365905761;-14.289194058227539
