sep=,
timestamp,gyro-alpha,gyro-beta,gyro-gamma,accel-x,accel-y,accel-z
1478633035096,32.28084345133683,-0.44974833894433736,14.093552838990647,2.381183146959133,0.09920973357601323,-9.510816583375934
1478633035130,32.279474154218995,-0.4505606821909496,14.056990950722989,2.3924060705599257,0.1092354507446289,-9.542539896508783
1478633035163,32.276039882640355,-0.4583335306600133,14.006385905950811,2.3879168431240774,0.07302315006394346,-9.5305688082929
1478633035197,32.272217898942365,-0.4618305613346695,13.884411075302268,2.3557447762966257,0.08215104018294514,-9.51036756453444
1478633035230,32.27081776239663,-0.45498618597436075,13.820341460466175,2.353500300432253,0.05880758056087652,-9.518747191286117
1478633035263,32.2667189076681,-0.44627907434931785,13.74766713270383,2.3306056321433726,0.056712651824951166,-9.534010450346488
1478633035297,32.265150422256,-0.43018971696494107,13.680116538580577,2.3080103570081407,0.034715924072265626,-9.541192944587458
1478633035330,32.26232670685137,-0.41735022221989926,13.61532829699002,2.306813356500057,0.03456628875179449,-9.556306243244139
1478633035364,32.25982309901862,-0.4092713340199122,13.55893992924634,2.301127120421909,0.0573111999567016,-9.544335566020209
1478633035397,32.255988941481085,-0.4060814672191347,13.479166889071992,2.2933458775479054,0.08948328704833984,-9.547028507456702
1478633035431,32.254352826455246,-0.40808541893154415,13.453234313769363,2.2849661922869564,0.09965864638729253,-9.55151809451051
1478633035465,32.25094239788516,-0.4339368887359606,13.369735194360233,2.2749404768308072,0.10265139846248784,-9.580696989993891
1478633035501,32.242276150878155,-0.464249978092834,13.303357858385915,2.303670900748437,-0.06883329772949218,-9.610624757341016
1478633035535,32.215340737812014,-0.5034981383477749,13.113111111549784,2.9538463712830096,0.34700960311889645,-9.685294076880766
1478633035569,32.2068511589442,-0.552323808245932,12.801563277552926,3.015497064032033,-0.05686228942871093,-9.637260360408108
1478633035602,32.19058271284026,-0.7420335947167626,12.64406267907624,3.7538089279174804,0.043544542694091797,-11.803713459777832
1478633035636,32.19431573703528,-0.7650587761026563,12.505591700919227,3.797802383422851,-0.37140053253173827,-12.059892745153606
1478633035670,32.19621217668646,-0.863911807483753,12.016667416260988,3.419518521118164,0.5297171081764157,-12.67909344177246
1478633035705,32.21845831241008,-0.9731074851170326,11.530874028241392,3.2439936119079587,0.3796306007385254,-12.97926647491455
1478633035739,32.23335028137575,-1.0109713178294475,11.329568366615403,2.7663503076415505,0.3226186828392092,-13.0458549163267
1478633035773,32.259971778927635,-1.075611818433767,10.914048258720355,2.4275709188599137,0.18390460938388314,-12.877063699285685
1478633035807,32.31666411201232,-1.244217597542129,10.381601275279928,2.1116858642578125,0.30181904678344723,-13.133692481994629
1478633035841,32.33176077223599,-1.2756438699470876,10.278686671974429,2.039859887518361,0.35658640975952144,-12.990638640539347
1478633035876,32.39734535146973,-1.3918863527510885,10.074348388720733,1.7555482988109112,0.4248211570739746,-12.868385010528563
1478633035910,32.44409041109103,-1.4479724749018374,10.035860289116036,1.6841711823671008,0.38666356811523434,-12.622530135290324
1478633035944,32.50470423598035,-1.494781172991267,10.100875368520501,1.4692916313171387,0.4213794921875,-12.253973009490966
1478633035978,32.56656659309885,-1.5219540283873925,10.269150845595513,1.5077485137497073,0.43080666122436523,-11.7293437168397
1478633036012,32.636710496312716,-1.518281799492722,10.514388716430586,1.312471386044286,0.4011784156799316,-10.6694602040831
1478633036046,32.745342491067824,-1.4725534114522552,10.857062196730034,0.984465795135498,0.21054011762314476,-7.977779352978616
1478633036080,32.86322214591271,-1.3920906038145922,11.364299404347241,0.5614402893066406,0.05940612869262695,-5.572654293878376
1478633036114,32.974100529547314,-1.3260820200063224,11.966080513975724,0.2715922508239746,-0.015412673187255858,-3.4202667091369627
1478633036147,33.049679763117624,-1.3085570317707291,12.509169725615456,0.02498947982788086,-0.019602526092529295,-2.8221652069091796
1478633036180,33.13539822259037,-1.3367070562955905,13.472796937765409,-0.10250175857543944,-0.022146365356445312,-3.120542588806152
1478633036214,33.17861902039318,-1.362671495276647,14.093245606756385,-0.02289455337524414,-0.015562310791015624,-3.437325395965576
1478633036247,33.23647121695684,-1.4350100656513867,15.476645359438399,1.0549451065063475,0.053420624542236325,-5.203647378484905
1478633036280,33.115137670666286,-1.4860686698935885,16.219198468782686,6.219088449859619,0.22535423811207292,-5.994183131408691
1478633036313,33.136122015023965,-1.5196019202022406,16.833453631954626,8.035539321899414,0.2519897327229555,-6.474669184820353
1478633036347,33.332615649043206,-1.5109021114156145,17.03142808575184,3.736600530419871,0.1782183769447263,-8.927080018969624
1478633036380,33.3916587556218,-1.4666015140102449,17.117942469033224,2.665793764849752,0.11866262891464865,-9.344120335741923
1478633036413,33.40469588216094,-1.4269033782290648,17.37345271962371,1.2409445018492637,0.09322422714233398,-7.999327167920023
1478633036447,33.42211994343088,-1.425130308777934,17.695667549715054,1.937058853735402,0.011971008300781249,-7.7787611938476555
1478633036480,33.441451526112274,-1.4225707848352862,18.133977795276394,1.7754500224791465,0.0234931037902832,-7.889193891552836
1478633036514,33.464675666732155,-1.376187538774451,18.920085253687972,1.9792567310608922,0.11596915204697288,-7.2297411179140205
1478633036547,33.47472678898531,-1.3290028241846663,19.31348114932511,1.9285292911253868,0.1515828880420653,-6.677877342987061
1478633036580,33.47015311157556,-1.2528979546492884,19.563221308230393,2.0008045460022985,0.04085106582641601,-5.7508723876953125
1478633036614,33.46708734552962,-1.1602015791518303,19.793406669662872,1.7513585144042967,-0.012120645904541014,-5.285349510137737
1478633036647,33.46834733204079,-1.123747676916104,19.955092808474827,2.0807107341490685,0.08394669570922851,-5.818359239251912
1478633036681,33.455228119032874,-1.0874547872107077,19.96330229800902,2.2427685512818396,0.030226795959472655,-6.206369253540038
1478633036714,33.443470415358405,-1.0854856179150847,19.9577764560935,2.4748564016479997,0.0704793113708496,-7.259518416540324
1478633036747,33.433783951526955,-1.0995460179129137,19.986493531602783,3.0389902043549344,0.14110825577888172,-8.536077033410594
1478633036781,33.420955240301325,-1.115618565415842,19.984643833747914,3.320009617365908,0.21009120252857683,-9.515455424012895
1478633036814,33.400663360948776,-1.1172654720146757,19.914066875769826,3.443759694196237,0.20829553644208354,-9.99713888878189
1478633036848,33.35705622899034,-1.1220949004860137,19.608241242791273,3.4956840248992664,0.21906944505443096,-10.335319654083252
1478633036881,33.33258325653364,-1.1335691750813832,19.42056495173758,3.4742859754257833,0.29388824465102514,-10.676044185583292
1478633036914,33.30175810888288,-1.143088924891281,19.190521839537617,3.6724059618743135,0.3381809753639158,-11.233744119317828
1478633036948,33.258433262454275,-1.1242084126654492,18.921899952685358,3.7621887433258814,0.2350806846397463,-11.067795578356831
1478633036982,33.231203006414,-1.116931796971828,18.63523213927416,3.6083612866608425,0.34177227785415015,-11.376946867724508
1478633037015,33.18591053633248,-1.1054969001854527,18.346395526726603,3.7825393478393554,0.3321954894798342,-11.655572085925192
1478633037048,33.14604870593343,-1.0839466477076531,18.089523713515405,3.763685082830861,0.3618237258911133,-11.932701366479694
1478633037082,32.917716200652215,-0.9039572652828238,17.74238495265709,27.928211559075116,1.55323827222744,-68.57756764918864
1478633037115,32.97847432308821,-0.030225437448316426,17.56519772735473,-1.741632070159912,5.7905260844052355,8.825476232147217
1478633037150,33.04834736547412,-0.3128114809875775,16.565075350905364,-0.5057751007080078,-1.151162072024145,-0.7779659019470214
1478633037184,32.95908134521835,-0.6387086474626441,16.391608918713214,10.203489217431843,1.477671364527149,-40.98843256214559
1478633037218,32.932061886827405,-0.39553461919693594,17.32377233651498,-0.5220855995178222,0.8146271011684322,1.330278881946206
1478633037251,32.86000091215322,-0.513116881642028,17.842866748061073,0.6370074253357947,0.9124901351265143,-3.132663234710693
1478633037285,32.77668502469013,-0.5706456572952298,18.424906893661415,2.940827881489601,0.22864625854492185,-11.379790274456887
1478633037318,32.69426952620241,-0.642040263313428,18.82872098736385,3.339163200964406,0.5403413780433591,-6.5601125488281244
1478633037352,32.659401340091364,-0.590553942399106,19.258687240047315,3.3028010623213833,0.5563526107788086,-10.230722822924703
1478633037385,32.56801890308548,-0.5906946517600059,19.319644970523104,4.095581141839549,0.5584475463645998,-10.249727017797902
1478633037419,32.49728745829021,-0.6324513954233729,19.233503308450516,3.9097314571656283,0.21068974609375,-9.29563741648033
