sep=,
timestamp,gyro-alpha,gyro-beta,gyro-gamma,accel-x,accel-y,accel-z
1478633008997,33.526659375273724,0.03795119428793204,15.714143655573537,2.7061960639953613,0.004938040924072265,-9.430461274210503
1478633009030,33.525618761758956,0.029858942458852556,15.763160007362098,2.6868927400451152,0.023642741964865124,-9.443180387190047
1478633009064,33.524889599491814,0.028643831777260594,15.825581570719221,2.7103857936030487,0.011372458456564346,-9.436147345035636
1478633009097,33.52267558835741,0.02903377085523176,15.876992279820682,2.7539303362971403,-0.0013467384338378906,-9.455300908655358
1478633009130,33.52033382735573,0.03340608930390905,15.92033701812263,2.7356745988707987,-0.01571194839477539,-9.419836507728283
1478633009165,33.51714281145829,0.041615931003051124,15.97635845485372,2.737021494851552,-0.02902969455857237,-9.432107298697481
1478633009199,33.51481939804781,0.04823780468797231,16.017154786523783,2.754229593238351,-0.022445640563964843,-9.422679862515846
1478633009232,33.513825801525506,0.052554107466988735,16.031748576346892,2.772635036767111,-0.023343466757345593,-9.442880768347589
1478633009265,33.51332583805167,0.056440625236423236,16.028814816430078,2.7296893093495394,-0.008379705525135795,-9.430012411060751
1478633009298,33.513882549488045,0.059090255698230294,16.014368311231507,2.671928959119541,0.011671733093261718,-9.451859045122772
1478633009332,33.514635532866336,0.058497035502166825,16.02730089191704,2.717119598224203,0.0032920272827148436,-9.434949973065033
1478633009365,33.518896259052994,0.05684641213711487,16.04705241938759,2.61117608514321,-0.016759411621093748,-9.51440772332456
1478633009399,33.51855748228502,0.03550585590150852,16.073932872070092,2.527079907093849,0.08304886609091482,-9.380032986184931
1478633009432,33.527397559397706,0.022991090050103868,16.155958337044947,2.7874491823722143,-0.024989480684114093,-9.504980325958831
1478633009465,33.533368881614095,0.014184350312282486,16.172070447817614,2.7073932744232936,-0.020949264811778265,-9.390358277671877
1478633009498,33.55335810499315,0.0033315357668669316,16.130336135927777,2.8444610728720665,-0.036810851274106424,-9.55466043053218
1478633009532,33.5487914512592,-0.04033997678779102,16.074551193129125,2.022352141747996,-0.021847090719747938,-9.137320815719477
1478633009565,33.52461198751774,-0.07206167760455062,16.04629354496619,3.7255272746764123,-0.2650082031084108,-11.035174872998148
1478633009599,33.54247843485399,-0.15977773090197678,16.812099654305307,2.7044003031523896,0.24435820237311998,-9.290998726112301
1478633009632,33.53005313670339,-0.30620389573914336,17.108255766296416,4.045003631768748,0.530166020987695,-10.23865383511968
1478633009666,33.5364131381388,-0.39719235631490707,17.475414614781926,4.086004554394632,-0.4526537468067137,-12.279860314941406
1478633009699,33.537077008069524,-0.48348193907423614,17.623842567541292,4.494963979339599,0.4038718925476074,-11.99584814300537
1478633009732,33.56811025267352,-0.5980614449759335,17.881612419700076,4.340687609863281,0.17223287736091297,-12.357073318481445
1478633009767,33.5946178529803,-0.6927068701861413,18.11714199109392,4.1775825486999,0.2488473350524902,-12.921506359863281
1478633009800,33.61446283048562,-0.7571113375856147,18.502447929437917,4.406228734179586,0.30735563812255856,-12.854019508306681
1478633009834,33.65724823345046,-0.856399175051008,19.069681698315605,4.294000823620706,0.19422961424675303,-12.385355117852985
1478633009867,33.68801124026965,-0.9281854291108566,19.436740376161314,4.213495792797953,0.21278466797980944,-12.514941282708943
1478633009901,33.72363481206868,-0.9977738063289907,19.833308179857347,4.320337041882425,0.20724808577385265,-12.447304501287638
1478633009935,33.75754065229268,-1.0577199802012456,20.260087309568696,4.3655275982178745,0.2262520568847656,-12.118401340484619
1478633009968,33.80427290248239,-1.1159407722288304,20.734673466924953,4.267514675494283,0.299424845123291,-11.826308737945556
1478633010002,33.84983410340658,-1.1604498423681453,21.26026320740302,4.285022494329884,0.3468599655151367,-11.438896981811522
1478633010035,33.931255591023785,-1.1842801396821612,22.132752616992793,4.0034044875213874,0.3821744400024414,-10.461913359124958
1478633010068,33.995715378508834,-1.1558854853986722,22.766469665923555,3.4902971990280784,0.31543606872558594,-9.018807831258455
1478633010102,34.099262086795214,-1.0968081165598405,23.79225618568337,2.2550388347901404,0.20305822031049173,-6.460453904724121
1478633010136,34.162920682051045,-1.009109512444384,24.5566428538943,1.352275025177002,0.032920272827148434,-4.092738392694295
1478633010169,34.22653269580369,-0.9564670774060147,25.30743048412527,0.8298901504516601,-0.012719196319580078,-2.8088474601745603
1478633010203,34.28701717827255,-0.9177254222614363,26.048261430331035,0.670975015258789,-0.042048166656494135,-2.2334908737182615
1478633010236,34.353838464274546,-0.9010607943006214,26.800185820649887,0.601393529510498,-0.061650692749023434,-2.3759458724975584
1478633010270,34.42819851586614,-0.9200522993291856,27.70671380244714,0.9876081848144531,-0.0613514175415039,-3.5995325584411617
1478633010303,34.5015068779001,-0.9503376153745519,28.607694679247697,1.5634136840820312,-0.026485855865478514,-5.327248039190471
1478633010338,34.463380682411426,-0.9829450231903544,29.464395211124785,4.1291001112122085,-0.02289455337524414,-5.7797524452209466
1478633010372,34.456106286248904,-1.018017158724025,30.715128748267695,8.358008358001708,-0.08020575561523437,-5.844245960180461
1478633010405,34.63238269240106,-1.0110786685758129,31.364900755679525,7.60069215311259,-0.07347206344604491,-7.289446375683695
1478633010439,34.72888663700513,-0.9872104624700327,31.76381671767817,6.133645524243265,-0.0896329246520996,-8.457666846842086
1478633010473,34.828613737419154,-0.9477411264422781,31.942522211706756,4.1370307580810035,-0.06239888076782226,-7.149235721765086
1478633010507,34.86859764178922,-0.9404882913853491,31.480296334499396,3.46007031173706,-0.03426701126098632,-6.466738391821086
1478633010542,34.88374212182897,-0.960610327782059,31.035760398494308,3.3650502872191366,-0.037409400939941405,-6.10476546671763
1478633010576,34.90535568232726,-0.9784357972531963,30.914160443392017,3.5419217887327075,0.006284779357910156,-6.159083916882425
1478633010610,34.92934555264777,-0.9926816820777171,30.81067843643137,3.8073793361939487,-0.014664485168457031,-6.048801002911478
1478633010645,34.93762731064757,-0.9924418513015211,30.527221730719088,3.657142743627727,0.03815758895874023,-5.7266308036252855
1478633010679,34.94645856361762,-0.9682222761236955,29.73189395356307,3.5428199066162107,0.056712651824951166,-5.211279188537597
1478633010713,34.935695957088,-0.9686778905107734,27.502607314451982,2.1875519832335413,0.05880756914443336,-4.858284081268311
1478633010747,34.94649523494549,-1.0050710227996662,27.66789971473357,3.4249055479187516,0.021098892996972426,-5.8563668983459465
1478633010780,34.94868301461656,-1.060197004482118,27.902440814540956,4.1844658784728495,0.1913864940670959,-7.1365164523802695
1478633010814,34.957445184634686,-1.1032900128559142,27.966898198210362,4.537610618779319,0.16310499494801042,-8.14103361335434
1478633010847,34.97844889987346,-1.1456957842692082,27.886889873524332,4.775983453999366,0.24121581269416492,-9.216030231829732
1478633010882,35.00156225492265,-1.1894163291029691,28.068001456358367,4.817881836921628,0.28206688308715816,-9.628431540856882
1478633010915,35.00103450827023,-1.211045312219065,28.16335436010519,5.136610024261475,0.23373394620590843,-10.19346305958852
1478633010948,35.011845261230114,-1.2212251860675063,28.240553045796734,5.070470057269185,0.33743279647827146,-10.24059905090332
1478633010981,35.01611000173896,-1.2311898382270714,28.37185248575378,5.340266802978515,0.4305073860168457,-10.616787694494425
1478633011013,35.01609702289776,-1.215711533820989,28.501259352528557,5.497535851464793,0.3537432952880859,-10.772710516003519
1478633011047,35.00724184101559,-1.1831550717670203,28.611781079207162,5.505017877783254,0.3058592529518064,-10.763731967516987
1478633011080,34.99027411959392,-1.1403412082285094,28.727856473196226,5.579686895928904,0.16519991455078123,-10.568754315948485
1478633011114,34.96022898653304,-1.0800972469162398,28.96060664182978,5.611858980737254,0.197072723009967,-10.65225180658549
1478633011147,34.58663445592861,0.2420669958774213,31.02005312286531,-1.898003366088867,-1.868075863603223,2.3778917458683253
1478633011180,34.96351085245875,0.1473730575105931,32.494776310622285,-0.25094226150512694,-2.3238719201737896,0.8758288948059082
1478633011214,34.925765417494304,-0.1949728014383424,34.52215965813786,1.9985601280763745,1.2249334198108641,-3.2011975494936107
1478633011247,34.58454285553129,-0.6319424581985903,36.36906639855287,21.500978371429444,2.8715457074814474,-34.16136769725382
1478633011281,34.19652959242807,-0.3598930373770321,38.43213929312082,-0.15472528228759766,-0.5805939208541997,1.5459060844421386
1478633011315,34.157005655501976,-0.6305462505126977,39.09186315195851,3.706672790472209,0.8044517395461909,-3.3197102394104
1478633011348,33.9185190809628,-0.8025215564747593,39.94117145461363,14.12893218460083,-0.3091512985008303,-12.301857042694092
1478633011381,33.86425784971082,-0.801709150364609,39.94148070966622,2.356343346405029,-0.019303250885009764,-2.986916500909626
1478633011414,33.76880797799695,-0.7382527937477046,40.1339190955969,5.963806697845459,-0.2434603995834477,-5.857414361572265
1478633011447,33.70280001783021,-0.8053268625040347,40.097051462000174,6.9571008193418375,0.49350479893339794,-8.17904178390503
