sep=;
timestamp;gyro-alpha;gyro-beta;gyro-gamma;accel-x;accel-y;accel-z
1478634017485;17.343190347160625;-2.6362140439020694;5.977586892735576;0.9557354117462411;0.41165304337653796;-9.763255339221551
1478634017518;17.34116652816341;-2.602010775181301;5.958638461648988;1.0034697399885917;0.38157587588767056;-9.773879330527281
1478634017553;17.339402507886852;-2.5803189024087825;5.954820640428297;1.0218752109168154;0.36960488128662106;-9.74619666509373
1478634017587;17.334549937452575;-2.569648554413898;5.942848211262883;1.0114005292775152;0.40566754150943596;-9.756222041909634
1478634017627;17.330261980743742;-2.570932375240061;5.926065333427503;0.9742904403631225;0.446817891676526;-9.750685558455912
1478634017661;17.311989710604546;-2.593522231770081;5.916787970398565;0.9952396786316705;0.4866214965599123;-9.719561202306183
1478634017698;17.305185383584206;-2.6072219767863127;5.956618976511569;1.0678139769623056;0.4939537300109863;-9.721206693074445
1478634017733;17.302683411762576;-2.6162006130379365;5.998719190089827;1.090259576427075;0.46896425018310545;-9.750984945544573
1478634017776;17.30325663789072;-2.6228850871486222;6.039285492890195;1.0833762786201666;0.4623802116006962;-9.72659414799165
1478634017809;17.281391860101188;-2.624679813285817;6.124030199815145;1.3281833709716797;0.49305589525527316;-9.68215130360932
1478634017842;17.300418519774908;-2.67468955211112;6.1501573102253895;0.9665092826843261;0.5096656601394526;-9.686191582842916
1478634017875;17.302974163341062;-2.8304467968069087;6.085291476636577;1.3295301459381357;0.30570962448120115;-10.180743790203705
1478634017908;17.235328220964423;-3.0934326704077844;6.068020171172714;2.143857949066162;0.557699340079492;-10.44889444920644
1478634017942;17.222373093553948;-3.2185963672238236;6.019714649891808;2.726397213568166;-0.4234744186401367;-11.739070161084085
1478634017975;17.21775848598304;-3.221498016498062;6.085513258566262;2.7446528550963847;0.7116764434814453;-14.23098503036499
1478634018009;17.22030573144842;-3.2360542626734166;6.122871601943402;2.3431752372741697;0.7127239067077636;-13.236493515777587
1478634018042;17.313377274746305;-3.314246446114937;6.962843348574522;1.4453496329818851;0.6919242615188471;-12.714856829071044
1478634018076;17.380070893972636;-3.373650558449826;7.7524976633728215;1.8031330887725576;0.751480064347852;-13.220481999914348
1478634018110;17.44235729505403;-3.4459787915021516;8.283908590821857;1.8623896163940428;0.6778583632980473;-13.172897241918742
1478634018143;17.51063072891138;-3.5311836884752115;8.733808580021103;2.2493524597167966;0.8122329132080077;-13.501651641900837
1478634018176;17.57600337900676;-3.609421708446034;9.157008841098959;2.514809568786621;1.1324573852539062;-13.73194362182617
1478634018210;17.6627120165263;-3.67032129323129;9.854894421976567;1.8028338135650381;0.9747393508911132;-13.121571836090087
1478634018244;17.7576777386977;-3.7028302740639836;10.67986631021559;2.106598130931053;1.0268132369995118;-12.906542599487304
1478634018277;17.846642718711564;-3.714407389060997;11.480233375785618;3.0162451789855957;1.0468646759033202;-12.913575859124958
1478634018311;17.91695144929901;-3.7115960043286296;11.945736062242247;2.475903755276464;0.7383119278175291;-11.905915797015279
1478634018345;18.00525209475987;-3.686260196431261;12.300024501539031;3.243843974304199;0.8049007071563974;-11.626692174530028
1478634018378;18.0566131654186;-3.642451515039675;12.487201551294431;2.222716938848095;0.4366425460373051;-9.368510913528315
1478634018412;18.101915041641234;-3.5371770153060567;12.5688618883395;1.262342898382619;0.26979659957885743;-5.814767644500732
1478634018445;18.100717898337173;-3.47285457209507;12.130641444493433;0.6088754096984863;0.1589151351928711;-3.8908769729614257
1478634018478;18.057582943494946;-3.453076331349184;11.230048524644276;0.1758241844177246;0.00987608184814453;-2.5089737022399903
1478634018512;18.033251660689448;-3.451393325172355;10.58890806516329;-0.5208884986877441;0.019303250885009764;-1.8068740653991697
1478634018545;18.03703319135536;-3.462376602124627;10.60146386949627;-0.02259527816772461;0.06434416961669921;-1.9467852249145507
1478634018579;18.012118677945885;-3.5176426372100638;10.851505792910348;0.36930560607910157;0.2825157958984375;-2.782810517120361
1478634018612;17.868111555970827;-3.6362229606508008;11.33703773991096;2.7705401605468243;0.499939270693995;-4.55197590637207
1478634018645;17.868741473311925;-3.7406198555254906;11.459058790551548;2.772934508337453;1.1768997535705565;-7.912986124420166
1478634018679;17.89394587959432;-3.8038326158973965;11.7173923238474;1.0253169340271502;1.0908581679413094;-10.031705175250396
1478634018713;17.929524870570823;-3.8240944986548535;13.161780746227054;0.5783493385314941;0.9584288703476078;-11.830348660986125
1478634018746;17.87744991677028;-3.7834703851572216;13.951578191974694;1.2596494215149432;0.7767688193832524;-11.327417113140969
1478634018779;17.813934864246008;-3.727806508261339;14.887949011914197;2.564190060225734;0.5584475463645998;-9.911246502364985
1478634018813;17.787064833667827;-3.682107155650528;15.714402138816375;3.6343982662476595;0.43948564224243164;-8.523507401629537
1478634018847;17.833878201779548;-3.660547509279894;16.484844290201114;3.5582324336729942;0.3139396561553702;-8.030002730560302
1478634018880;17.914548792287743;-3.6814596224874094;17.46989862774265;2.757970729695167;0.2510918625762686;-9.129240695643704
1478634018914;17.939026883838807;-3.7167671726943166;18.14509167693196;2.2355859463013705;0.2908954651763663;-9.034819294606056
1478634018947;17.94460137794299;-3.740178776552434;18.70671297576329;2.7045499407561495;0.5684732612499268;-9.507075316343549
1478634018980;17.92164389231981;-3.7341724462448505;19.108821164146836;3.28708936052178;0.4819827399765141;-8.917652740334905
1478634019014;17.901410418145417;-3.7093736547644616;19.263866098450762;2.7029040732452643;0.5303156585914548;-8.125621305493265
1478634019047;17.86649334417072;-3.673167609284292;19.143282563338623;2.33404741651006;0.37184944534301756;-6.927622357531637
1478634019080;17.753405801338243;-3.644113370995476;18.568839503208224;1.9542671781677752;0.3579331664596684;-5.33742368850708
1478634019114;17.699724956405262;-3.6160860477318884;18.32984263256498;1.9795559332031756;0.32082298592831937;-4.943577807672321
1478634019148;17.652546400924866;-3.615355684230922;18.096842394638628;2.185457349041849;0.4718073737876955;-5.528960113580524
1478634019181;17.600054755512037;-3.605372230269313;17.90739072628703;2.21269131986089;0.5750573340816656;-6.2633808883115645
1478634019215;17.54931397874573;-3.558878974611283;17.682724335530278;2.255637239074707;0.3950432739257812;-6.61443099899292
1478634019249;17.485614515704622;-3.5310391636815237;17.246090932095978;2.3523030945708974;0.41584290084838865;-7.045985848236084
1478634019282;17.393983951731954;-3.468398158433364;16.60159296335299;2.332401439401321;0.6192004043579101;-8.188169677734374
1478634019316;17.34561446421549;-3.4234290645852323;16.418422246525214;2.4793454749618657;0.605882657623291;-9.113229545106645
1478634019351;17.289829555498926;-3.347967972351368;16.237312928865805;2.6915315514274405;0.5633855912844272;-9.436147290807531
1478634019385;17.230116698897913;-3.242954614955941;15.772527157003069;2.3867197251693346;0.40671500701904295;-9.453655047994339
1478634019419;17.185002132231393;-3.205935082892241;15.54212840270429;2.278382081780955;0.6542156036376953;-10.130166718524322
1478634019454;17.12311463225501;-3.159225152276228;15.280697990398163;2.5625439837939394;0.49963996808701194;-10.070012401812896
1478634019488;17.079949711482797;-3.111520932844323;15.032223073777663;2.712181622944679;0.5653308647211058;-10.76014110341817
1478634019522;17.024183601472348;-3.0879117627135315;14.785652499739312;2.772635123532079;0.6151601890563965;-10.873716044671832
1478634019556;16.950568775860155;-3.048986514670391;14.539792014862794;3.212868844195455;0.559644622078503;-11.079168182373046
1478634019590;16.90785528352967;-3.03582958696933;14.306399529502979;3.26898309173584;0.8390180442810058;-11.06764637914449
1478634019624;16.889618149543736;-3.006448799562207;14.148907722864633;3.2014965324401854;0.6558616172790527;-10.662128472955525
1478634019658;16.85027418223932;-2.9412884309146308;13.637093982969137;3.265691064453125;0.3447650207961909;-9.427767815609137
1478634019690;16.72333068908232;-3.081341446561595;12.935011960867438;16.815974927575887;14.628422688614018;-43.147104633983965
1478634019723;17.05298757343884;-2.6713459743097063;9.16134367589934;-2.7026046153746544;2.8986299858978017;-6.073790336608886
1478634019756;16.956119331923766;-2.6306001653745787;6.953101592320803;-0.6582558189392089;-0.7422025511810556;-0.5443816024780274
1478634019789;17.13041620162788;-2.411106979176652;6.89061381591831;2.7439046670775857;-4.989366439498775;-4.518756358337402
1478634019823;17.141702876842693;-2.8816637808561483;5.97564866306464;3.767874789605662;1.465849966430664;1.1951549567073583
1478634019856;17.206947181273726;-2.424995436493534;5.769538604965893;2.0349217735290526;-0.24525603256225584;-14.74199744720459
1478634019890;17.36175470900091;-2.6647715210690692;5.515109984687882;0.8827122474117437;1.205330898284912;-20.97724675827026
1478634019923;17.465701500646766;-2.4854106304933734;5.420553642943567;0.8318354301673825;-0.07796119155883789;-3.5233670181274412
1478634019957;17.51307479859851;-2.5704781939031878;5.248897387463911;3.045424584783986;0.8764274452209472;-15.320197148132323
1478634019989;17.60408361305517;-2.5320680013206807;5.108494764527546;0.83228437951128;-0.41838670357968655;-7.692719279424845
