sep=,
timestamp,gyro-alpha,gyro-beta,gyro-gamma,accel-x,accel-y,accel-z
1478633684552,27.036043245866363,-2.387359075020182,20.44911478466038,3.4807202964893307,0.37289690400275866,-9.193734178637177
1478633684586,27.028072802531046,-2.381462837375728,20.40584159862538,3.4971804192031732,0.36152446438332553,-9.17502948444625
1478633684620,27.0193966754233,-2.374511499004581,20.345823318498848,3.48625697459341,0.36107553330573716,-9.178022294174484
1478633684654,27.01366844632919,-2.36047839423023,20.263923917134377,3.4292449037137556,0.34222119979858395,-9.175328773924324
1478633684688,27.007582019894354,-2.3423287566572855,20.160467423532882,3.375973974713728,0.33264439315795896,-9.224260690478875
1478633684722,27.001522547856403,-2.3109270780121056,19.992608380635684,3.271826288405666,0.339827002705005,-9.2211180838875
1478633684755,26.996643748955456,-2.296052667582573,19.830643015486693,3.2014965963722672,0.3570353111543576,-9.258227899092669
1478633684789,26.99667542903182,-2.286339219118517,19.754891530972447,3.1871312585471663,0.3302501777980709,-9.265710350102815
1478633684822,26.994259484035805,-2.280579829566811,19.703287443536635,3.2001497940063475,0.3624222900058841,-9.253589628849749
1478633684856,26.99409381176508,-2.2802320317956553,19.69044257551021,3.1985037529655265,0.36317044834193074,-9.285462143906345
1478633684890,26.996346040674045,-2.2811970510344666,19.720482360568024,3.198653564099222,0.39055414395781624,-9.276783267919555
1478633684923,26.996481146198015,-2.2834769468115668,19.783343645103898,3.264194720381568,0.381276611525772,-9.24865119976661
1478633684957,26.997823309628885,-2.2837324349247266,19.825710113453262,3.302501873878832,0.3890577657796355,-9.254936360433721
1478633684991,27.00305653656136,-2.2851366614524613,19.988538962354315,3.352780162399396,0.37005380094776624,-9.20839911859035
1478633685025,27.006124968415048,-2.2895010673123974,20.117109988056374,3.413832383506838,0.3947439947225066,-9.195530030240871
1478633685058,27.010824913450104,-2.2837075884027733,20.255938561142198,3.475482857060153,0.34536359861069355,-9.17502979668597
1478633685092,27.015668025971976,-2.2909646734321996,20.460237334006504,3.5497031815902327,0.40028059919052755,-9.149890840226178
1478633685126,27.016907185964314,-2.295855740743253,20.570765513966254,3.5865139864493627,0.37499181903895223,-9.160065680116967
1478633685160,27.020188585530846,-2.298762426166381,20.659797530332536,3.5959413655487817,0.3938461891143999,-9.150339601198764
1478633685194,27.021899799635793,-2.304241313289744,20.719889391490483,3.6209307905777357,0.39668929156289373,-9.141959935345769
1478633685228,27.024177208910604,-2.3290189183279204,20.748131210788536,3.589058008376369,0.4004302225237334,-9.15647455401078
1478633685263,27.02704107356368,-2.3605509427781928,20.741968769557694,3.572597789764404,0.44577043530007354,-9.161412381447365
1478633685297,27.023081440295794,-2.432452811257991,20.730222978177338,3.611952470420068,0.49814358291625976,-9.173683043410756
1478633685331,27.007209603084103,-2.5648730695514326,20.68499456654912,3.674949929002393,0.6313210502624511,-9.292046235004392
1478633685365,26.94823548652322,-2.8475997239517152,21.974808538125885,5.4215198756895955,0.37484219741821284,-9.822511366802827
1478633685398,26.981961797387587,-2.907481774407362,22.576760809085076,5.36241316833496,0.667234093431104,-10.033350677435099
1478633685432,26.993001002134413,-2.9406730224053192,22.682868636145205,5.295076246643066,0.41105449752807616,-10.581024453326314
1478633685465,26.90695025032401,-2.9531177390776286,23.527304989469414,4.015225830818945,0.5240308758086117,-10.007762720257416
1478633685498,26.810504376073677,-3.0487844257553407,23.942281919078283,4.247463254856783,0.4156932632446289,-10.88718328287974
1478633685532,26.763647710724335,-3.250713788011263,25.34904506122937,6.099977063397318,0.41060558471679687,-12.436680231420695
1478633685565,26.841264713817775,-3.3148040818245312,26.49632357466345,3.675997300897166,0.23837270278930664,-10.786327391815185
1478633685598,26.875173707962446,-3.381764098698648,27.463930872042592,5.210530854388326,0.5404910133638302,-11.481842974090576
1478633685631,26.917039662649998,-3.4908290076502455,28.491835367927596,5.386654533209279,0.7200561675583012,-11.197232251739502
1478633685665,26.95870047830285,-3.5984637174784293,29.50361013420316,6.233004747009277,0.7012018020851072,-11.430218293054402
1478633685698,26.977889006647487,-3.6864712017347903,30.450816809663642,6.1240684253416955,0.9859621711730956,-10.619481463623046
1478633685731,27.030808610808506,-3.8422204576066727,31.968458431879956,6.278195376409962,0.9829694556305184,-9.907056832122802
1478633685765,27.072965861457654,-3.9253843592650264,32.93992486776863,6.254402924346923,0.9798270294189453,-9.334842635345458
1478633685798,27.120814208660626,-3.987582260964806,33.91109163305132,6.262932121630758,0.9404723396301269,-8.945784938635304
1478633685831,27.170557375081888,-4.0096916034417065,34.929375077980374,6.280888853277638,0.9575310264587402,-8.599972253683395
1478633685865,27.25299318524794,-4.036623455347877,36.34308856438324,5.822848155018861,0.97803134164121,-7.831283750738739
1478633685898,27.28656498130802,-4.017259555410903,37.07692894187683,5.34430720094312,0.7270891349350102,-7.125593053436279
1478633685931,27.32816325057219,-4.001067371066589,37.608699935116775,4.794987667138874,0.7341221068782964,-6.3727664150513705
1478633685965,27.341510582143624,-3.973260344553584,38.21201887233567,4.433313140460103,0.7740753059829585,-5.987898059789836
1478633685999,27.339740373142217,-3.9112029731818896,38.86436349437041,3.9531260699950157,0.35793311166074127,-5.2474916347779335
1478633686032,27.356226401177835,-3.8072886638199464,39.72383142801987,2.6945240386411546,0.4514566688095219,-3.939209626714885
1478633686065,27.37006498106385,-3.741782690165468,40.274031978788635,2.686593537902832,0.21562778701782226,-3.520373973791301
1478633686098,27.382197271837867,-3.6871638561538527,40.899427703842946,2.325667637634277,0.22834698333740233,-3.4549826332092284
1478633686131,27.37216069926437,-3.610322771054576,41.89220727695171,2.6553195709779858,0.267552072055079,-3.219453337152302
1478633686165,27.386336408852582,-3.5803488626305504,42.615564887968105,3.656095864923298,0.27353753967285155,-3.682730773870647
1478633686198,27.426503817016542,-3.552335289085507,43.38090438911309,5.310339574487507,0.20485387954711912,-5.039495511682332
1478633686231,27.50355561376393,-3.534031740655908,44.171860096261845,6.856844147695892,0.261117618560791,-6.309319997991993
1478633686265,27.57574720492599,-3.530858111658391,44.92780590328064,8.547000651550292,0.24211364288330076,-7.291989922686666
1478633686298,27.655102368356864,-3.5063387249922915,45.86123249886668,9.724049750463664,0.2211643783569336,-8.078784443255513
1478633686331,27.80967159680041,-3.3772570584940413,47.04545136672089,8.82023920827657,0.21697452545166016,-7.6002435325622555
1478633686365,27.88466756044777,-3.2791780382975606,47.71546267895615,7.6487261892456555,0.136619132232666,-6.534374894681177
1478633686398,28.013804902480455,-3.1494656136844976,48.33888697705384,6.088155692700297,0.1301847152709961,-5.784092081860453
1478633686432,28.107126980017636,-3.0507857962178555,48.31041337608618,5.0933646106444295,0.09053075027465819,-4.95240598790273
1478633686465,28.273083406401962,-2.882042412262011,47.848410117210754,4.5778632118225095,0.011821370697021483,-3.881748786871135
1478633686498,28.29816832004223,-2.8587194139509036,47.815720074575594,3.6876693993166088,-0.03591302490234375,-2.9159879844665526
1478633686532,28.32414440294848,-2.8627957599545977,47.810007124523985,3.8572082198545337,-0.03142389678955078,-2.7160724381044505
1478633686565,28.39279362243193,-2.9516028588406176,47.66508506683594,3.947888899993896,0.17702128524780272,-3.322403716278076
1478633686599,28.438502502658046,-3.0278412490983895,47.570326306404276,5.045780144909769,0.4091091904128901,-4.763713261822611
1478633686632,28.485403725361163,-3.058500750988447,47.404050344493626,5.563525961657613,0.6783072578430175,-5.499032519763335
1478633686665,28.52239811643225,-3.0717191708773264,47.20828241590363,6.259191108471527,0.6483797370910644,-6.004508272198588
1478633686699,28.572201424074784,-3.0628420706352206,46.93847310467117,6.4827498346190895,0.6371569350753911,-6.492326714324951
1478633686732,28.630377419775662,-3.0065430824278736,46.520790353082305,7.2619126547330985,0.834379278564453,-7.133224790423736
1478633686765,28.677732427298537,-2.928112553303118,46.18479231121219,7.444171402242966,0.8075941474914551,-7.2551791086943815
1478633686799,28.752887242250104,-2.784077724190501,45.626787816488495,7.517344080883636,0.6657377173935063,-7.37758285123296
1478633686832,28.808547734747478,-2.6828467066294315,45.2113077986637,7.760355987780914,0.5728127563255373,-7.633612864331155
1478633686866,28.87070762220402,-2.557859192172205,44.783778553773956,7.49459920164477,0.42945991536983924,-7.4862198611604045
1478633686899,28.9389748103486,-2.4658057031292198,44.37177517804736,7.491007935687154,0.3396773422683589,-7.637203874560445
1478633686932,29.01440647858064,-2.373683732593319,44.00250705871507,7.619995623193308,0.2798223098976072,-7.841459130627289
1478633686966,29.09890377900994,-2.2912971780660008,43.70223154048132,7.634061557946726,0.28655600206679666,-7.8425067399840795
1478633686999,29.192010934608422,-2.1680572705854915,43.496094227208324,7.567173402935639,0.21532849354399367,-7.767089679950103
1478633687032,29.367049138358453,-2.0527542197137603,43.351798738049126,7.672518714373931,0.42227733150979035,-8.201637208203225
1478633687065,29.4901945046682,-2.0178457186301526,43.358896295258575,7.512855171966552,0.43993457332001995,-7.744195053509622
1478633687099,29.640953803700523,-2.1308742538055974,43.42854577982238,7.237521981048584,0.6063315887008793,-7.67745642650444
1478633687133,29.7901304392615,-2.0979425433033083,43.49090641000574,6.891410157886473,0.4622305671470705,-7.266402184704691
1478633687165,29.952255868414294,-2.0854619894809354,43.60804194267714,6.582408624853566,0.38786065752886933,-7.019649862869805
1478633687198,30.068664558403885,-2.043298974967849,42.665284365269905,4.341884710693359,-3.191769978597946,-4.61931253580302
1478633687232,30.108029970931852,-2.2840379747670077,42.87473585458959,2.514659931182861,1.4884452445983887,-0.7541735229492187
1478633687266,30.148062592296224,-2.2013272588660606,43.04205827196621,1.2448352256774902,-0.5491699692657217,-1.9577087699890137
1478633687298,30.472480205021917,-2.068643086041366,43.728859815282156,4.247762950189411,0.13572130661010742,-4.188805442047119
1478633687332,30.623076718211788,-2.1982360859810712,43.32128445701607,2.582445765686035,-0.7495347937652841,-3.4063501197263597
1478633687366,30.712257232009254,-2.104148659251665,43.62778023772237,7.7196541211668395,0.26336216435087845,-8.80886631199941
1478633687400,30.816979416089175,-2.1153394650175548,43.083397485400376,10.423306565093993,-0.8174701928069814,-11.509974551336466
1478633687435,30.883482827844958,-2.0083618097968,42.982592764478,3.995324020385742,-0.9825205793518572,-4.459050662176311
1478633687467,30.92819456135404,-2.084159000603189,42.83652160532283,8.497021691894531,0.1973720176254399,-9.347112626592814
