sep=;
timestamp;gyro-alpha;gyro-beta;gyro-gamma;accel-x;accel-y;accel-z
1478633449839;32.67320079543765;-2.4658961297219304;6.428806233098979;1.1448772880996576;0.5612906608360354;-9.747992168924025
1478633449873;32.676466238199026;-2.49060718762291;6.473325868497855;1.1466729713108157;0.474051937844092;-9.756970541597331
1478633449907;32.68137630244346;-2.5063984779827178;6.5193121434144174;1.194856293421192;0.4592378082220093;-9.738265443264318
1478633449941;32.68463235498892;-2.519209700863479;6.557612678740929;1.2027870498878415;0.464924039448169;-9.719111966409562
1478633449975;32.68798645740697;-2.521412799521878;6.581675671597279;1.228674337071972;0.4403834838480106;-9.728988368774349
1478633450010;32.692279968924545;-2.5164678386427197;6.5909301785689065;1.1837830833435057;0.3919008705470944;-9.730783613451385
1478633450044;32.69561798014482;-2.5107375401923813;6.5812793401673435;1.1423334808017824;0.4240729576387326;-9.745448148138664
1478633450078;32.69591302855561;-2.499484904177705;6.558986439933778;1.1282675203613675;0.38771102677497543;-9.746495459526288
1478633450113;32.69371597899572;-2.4728568148577317;6.513252533315345;1.074697261069482;0.3580827949302737;-9.765349818149616
1478633450147;32.69170832047059;-2.4543734415533773;6.4785354723322595;1.054945079106884;0.38576575390911894;-9.74470031859618
1478633450180;32.68977990869495;-2.4490870066849695;6.477781098084813;1.059434243752295;0.38636429290771485;-9.73676911902883
1478633450214;32.68975743524033;-2.4512569390792858;6.498908286867986;1.065270128565235;0.4016273273495666;-9.745298709181014
1478633450248;32.69521242771972;-2.4853424267224735;6.559981173237718;1.0848726637909187;0.4162918073806242;-9.740360512993316
1478633450280;32.7214172499298;-2.5799084897300535;6.610544371572754;1.1336544980712495;0.4745008346723509;-9.85228933214941
1478633450314;32.70621504720638;-2.7589127209188646;6.653655141551977;0.9439139862502924;0.7460930740798823;-9.949703530928026
1478633450348;32.61610937880518;-2.8659762612284254;6.856286649946883;1.8984522789001463;0.6715735839401371;-9.733477325355084
1478633450382;32.637690589481224;-2.9629847165679823;7.013372178651825;1.5465046713897959;0.9820715934753418;-11.620258049829303
1478633450415;32.68165273713605;-2.973000461184376;7.611751956695742;2.701856573486328;0.5445312400817871;-13.44523797302246
1478633450451;32.70734731467039;-2.9775516048987964;7.978981018041048;2.758569225311279;1.0075099861145018;-13.140426174163817
1478633450482;32.78377782360349;-3.0230845101879646;8.354037613033631;2.1525368570189922;0.7728782234191894;-12.48396571420878
1478633450516;32.868069189487514;-3.1487108154866665;8.832723482683463;2.353200883660838;0.4138976211326662;-12.43009646911621
1478633450549;32.94004882794091;-3.2588279231193322;9.136052039903642;2.2495021703857927;0.726490566253662;-12.901903833770751
1478633450583;33.00380259137218;-3.306125170539973;9.455533729663232;2.0757728028228506;0.5984007751520141;-12.638541651153563
1478633450616;33.08050277575895;-3.412058267535884;9.76487485870933;2.0332757964203134;0.6046855704929447;-12.88289985809326
1478633450649;33.19855716200561;-3.5364296331585856;10.208322773079992;1.6042647681747562;0.5560533447044436;-12.37907004623413
1478633450683;33.235717967148375;-3.5858406542049686;10.363531674204921;1.5014637709244154;0.6283282822042354;-12.154464002990721
1478633450717;33.35196473221968;-3.7491698478380995;10.765960598190969;1.1302128942627458;0.6910264587291749;-11.711087929181009
1478633450750;33.415439635200556;-3.8280976103993747;11.031170983405385;0.9901520240783691;0.7787140625663567;-11.201571596118063
1478633450783;33.50268387027866;-3.8593775665444037;11.598056780853595;1.7196353241409175;0.7788637184364255;-9.572766270059859
1478633450817;33.56069445027457;-3.8702865612589497;11.603164503975908;1.004966146850586;0.5939116630222415;-7.95293921849355
1478633450850;33.62741390075811;-3.845888305916129;11.54170395900212;0.5984007774353027;0.44098198174741116;-6.124068279211222
1478633450883;33.67518541433208;-3.845422433306009;11.265621810425527;0.4837783729553222;0.35898064795229584;-4.135684092712402
1478633450916;33.69210422220258;-3.8700529517515334;10.668800002178497;0.4634276588439941;0.19093758239746092;-3.5767876426696774
1478633450949;33.69826923797245;-3.9059924183493706;10.180092651721024;-0.2742857276916504;0.10384853354189544;-3.182791831970215
1478633450984;33.71875849033774;-3.9568425679400807;10.115252742619694;0.10205284576416015;0.2045546043395996;-3.828627729797363
1478633451018;33.6935455355067;-3.981709877960109;10.175351778379046;-0.08783727340698241;0.45325230178833004;-4.332756816864014
1478633451051;33.55874563689907;-4.055094189188277;10.313828560653977;1.9370587258712388;0.48542438659667964;-5.856516243688762
1478633451085;33.4474401934577;-4.06091507942728;10.384302416765653;3.4657565406799313;0.6760627234693732;-6.783820766448974
1478633451118;33.4629155871867;-4.085388175949965;10.374910585640965;5.72678073348999;0.6759130538995727;-8.655487622015178
1478633451151;33.58057403795805;-4.06167099349946;10.18936966934039;2.5375544845581053;0.7275380363298464;-9.84974564814912
1478633451185;33.609106841104555;-3.9887680258111984;10.12937167298172;1.3425485809326172;0.5559036979675293;-8.72297440050654
1478633451218;33.58347598739239;-3.8824653050458706;10.11590437799321;0.49470184496454894;0.29613285437319425;-6.170306591033935
1478633451251;33.54739219521281;-3.8469066828359906;10.121578043969434;0.992845574011281;0.3480571028778329;-6.229113877050578
1478633451286;33.50102565321407;-3.771620534083895;10.096760391707962;1.0594341615539042;0.2458545464446768;-5.870582470703124
1478633451319;33.46668012641623;-3.7195946887012155;10.199719256944347;0.7109282554626465;0.2768295669555664;-5.95632481765747
1478633451352;33.411422956443985;-3.6297955850471593;10.337861301927882;1.4812625665526837;0.6500257233329583;-7.556399568530171
1478633451386;33.36832341825433;-3.5635178033643835;10.367230990556918;1.5052046927521003;0.5585971931015141;-7.707533402197063
1478633451419;33.328435387045026;-3.501907517553452;10.415832425750699;1.6997335182742914;0.5086182243125978;-8.146720207623392
1478633451452;33.30121290803227;-3.4224635143380713;10.38849859618241;1.2068272743225097;0.3688566750015132;-8.155997592926026
1478633451486;33.25889036058169;-3.3363283326177435;10.471493547475998;1.4472949400970712;0.3028665282760747;-8.005462017413228
1478633451521;33.241558841181906;-3.2774318158332365;10.736262305411614;1.3480851357391104;0.6748655838233883;-8.418012964044138
1478633451555;33.19132241301926;-3.190369498948882;10.819789292315214;1.4484920409271493;0.7146692138229497;-8.742726418072357
1478633451589;33.136901286687134;-3.1540314650622614;10.960128286381938;1.7841291313613763;0.6667851714866702;-9.639355202379065
1478633451623;33.083220861866735;-3.0768383868224003;10.905028342594179;1.8969558982959716;0.546027602419653;-9.623044381625554
1478633451658;33.04021392642918;-2.973324212790674;11.036837593687109;2.380135688870214;0.4750994010704104;-10.35911210614629
1478633451692;32.98199447146454;-2.8797731324486002;10.950370723162848;2.1181202629531732;0.4948515589157723;-10.520122240857035
1478633451726;32.894124655363534;-2.803522962610199;10.853058744628978;1.731456786169484;0.4863222167858155;-10.947786366271972
1478633451760;32.834160937133326;-2.7735910571712146;10.969195241355239;2.3618799012115224;0.5400420937026851;-11.438447776739299
1478633451794;32.7254587599356;-2.702959660693957;10.89935908058007;2.4928129140991717;0.5638344727004878;-11.138574311065673
1478633451828;32.655842077759914;-2.6522596201430693;10.87758165649084;1.9334674781799315;0.6566098052978515;-10.268281861468404
1478633451863;32.437873804440706;-1.93762212323555;10.35178557965666;7.392696030016988;6.7220203264983365;-44.25666863490641
1478633451897;32.31039385224204;-2.7702750392397015;12.394889742285658;6.638971566009521;0.4682160678725282;-8.867524252673238
1478633451930;32.2247062606617;-2.7507755448542905;12.934128754534612;-0.323666136932373;1.273116732788086;-12.7685767288208
1478633451965;32.23425936852531;-2.30126380208642;13.082652485342061;-0.3580827857971191;-1.719934617614746;-2.5757120735168457
1478633451998;32.1606236902527;-2.6240728128035675;13.030869640385765;0.18719664230346678;-0.11537059249877929;0.8254010223388671
1478633452032;32.12018934249138;-2.406797132155604;12.880787794108038;2.5686791061401366;0.005087678527832031;-10.60391937202774
1478633452066;32.04914087428367;-2.6354606470343542;12.885013802832251;3.174262488555908;1.4802151398589833;-9.185055503579788
1478633452099;32.019523851971826;-2.4747050855810024;12.896981868503135;2.2658125230651347;0.4132990604428283;-8.293963317462056
1478633452133;31.997865186549618;-2.5942115320062356;12.828971240219984;2.760364913089014;0.8557774559020995;-11.343577974347024
1478633452167;31.971381621986403;-2.579410547418785;12.895289284332994;2.424727713056933;0.5796960860984866;-10.023474814782663
