sep=;
timestamp;gyro-alpha;gyro-beta;gyro-gamma;accel-x;accel-y;accel-z
1478633848579;22.014167702353312;-2.7059579354707792;-1.411917243559963;-0.31857844927138645;0.38052842636108397;-9.767594697299844
1478633848613;22.006378954747113;-2.681860688754356;-1.2805112394366414;-0.3134907707435544;0.4279635421863524;-9.799766467014361
1478633848647;21.975726845022372;-2.6464297452744994;-1.0621053295787468;-0.046537294769287106;0.38262336651345247;-9.746645097130047
1478633848681;21.967045557591288;-2.6407010743690096;-0.9717179085374252;0.5276221908569335;0.2750339157104492;-9.864709413091674
1478633848715;22.00795600350127;-2.68222564217474;-0.9948087628567169;-0.22610241471442857;0.3559878593444824;-9.768941593280598
1478633848749;22.01061551276685;-2.696456618543135;-1.0229957112979489;-0.4082113830566406;0.3711012573242187;-9.737367862524463
1478633848783;22.009120538678918;-2.707250678444264;-1.0137686518310847;-0.048632230355078354;0.3972878471153322;-9.806350796716071
1478633848817;22.00954536943975;-2.711394203922041;-1.0148040541574848;0.08349778289794921;0.3582324325340334;-9.81024120088389
1478633848852;22.026085081231876;-2.7323002540868186;-1.0222305069991477;0.0953191535949707;0.4103063140758546;-9.822661278401222
1478633848885;22.052121513893322;-2.757191955295453;-1.054670178519284;-0.2090437347356812;0.446817891676526;-9.773580100985534
1478633848919;22.071998791068385;-2.787358154724469;-1.1484523454314872;-0.35449148330688474;0.5424363318954594;-9.77522638633824
1478633848953;22.07813934682332;-2.8075900844208146;-1.1780052014474431;-0.3290530906677246;0.5325602363475831;-9.74245548625337
1478633848988;22.079170522108555;-2.8330465570595478;-1.115328455692412;-0.05177462003403343;0.5680243438720702;-9.830143044424778
1478633849022;22.062691786047786;-2.90099481693129;-1.1122471081446257;0.026485855865478514;0.6283283073204103;-9.665691596454009
1478633849056;21.981977716453667;-3.1210632144514627;-2.256122806790565;0.5473743545532226;1.0416273597717285;-10.862493005194143
1478633849089;21.941355944290862;-3.317265350242971;-2.346811794285351;1.2416928725311531;0.4981435966159915;-11.915493042047322
1478633849123;21.933008676716245;-3.4308770525595693;-2.60053799985094;-0.13123217849731444;1.0729016189575196;-13.60190825189799
1478633849156;21.941567887552623;-3.419227497821625;-2.739921306379009;-0.6760626937866211;0.953790086364746;-11.867159803771973
1478633849190;21.941116444198606;-3.4637943779602924;-2.7936015323519507;-0.09127893829345703;0.7022492653114255;-11.970110329028218
1478633849223;21.973430431429982;-3.588185988082048;-2.663918769535009;-0.9214683639526366;0.8451531495025381;-12.631957596588133
1478633849256;22.004321390282662;-3.659920483124937;-2.4292188330532887;-1.0645219496795908;0.8749310326507315;-13.13309393157959
1478633849289;22.053998416227053;-3.7107674252403826;-1.9998252340975655;-0.5934627365112304;0.9416694404602051;-13.007996894836426
1478633849323;22.148005685947588;-3.8578939854556533;-1.5782132239905209;-2.4627356644119134;1.1885715231964364;-11.773337172345071
1478633849356;22.21853821532387;-3.9219829094944343;-1.1336821836295343;-2.036418076501414;1.0757447699615732;-12.271929521942138
1478633849390;22.280932968577574;-3.9867827923542385;-0.812183344252646;-0.7650970954231452;0.5928642043625004;-12.55384705968648
1478633849424;22.40246796402047;-4.0975909025191495;-0.05667276129336723;-1.6457144323652726;0.6691793959797127;-11.558158298138528
1478633849456;22.472054962047846;-4.176848406842875;0.11610071831935116;-2.4247277176235102;0.8436568282638676;-11.416600832720846
1478633849490;22.53215656603589;-4.225908053244403;0.18507904124564314;-0.9834183456089114;0.8198644218666012;-11.713332493237406
1478633849523;22.58550670595464;-4.2353236430189165;0.15257444293650607;-0.8924386345739127;0.8991723244598134;-11.065251739092915
1478633849556;22.632934813422363;-4.190848299454349;0.17079506150901197;-0.7417535949872923;0.6352116553596686;-8.588001281915233
1478633849590;22.713664277419365;-4.0627840973595495;0.4995644568927904;-0.570119288591016;0.29718028106689454;-5.13915386352539
1478633849623;22.749800479373178;-4.013112792747922;0.4751609606782268;0.0950198806707398;0.08873513556215912;-3.476829723358154
1478633849657;22.799745798024155;-3.978287451758087;0.6482875217690882;-0.5436334418586921;0.08499415893554688;-2.272097375488281
1478633849690;22.892159388929812;-3.9362966738321226;1.1912658108606453;-0.7835025115524418;0.04055179061889648;-2.0395605392456053
1478633849724;22.772584299847857;-3.9502754476305117;2.1033161978821204;0.9299977073669433;0.34865561676025386;-2.872293804168701
1478633849756;22.582646333470876;-3.9407653363933575;2.3929119452155176;5.8177603965759275;-0.24600422058105467;-2.615515676116943
1478633849789;22.953689138415523;-4.018078658071591;2.3657285250610367;1.4643535903930662;0.06703764648437499;-6.9847837760373945
1478633849823;23.06054789953289;-4.0517707107979;2.5249684459942032;-0.4159925384521484;0.19662381134033202;-8.92992313344106
1478633849856;23.160013707344433;-4.047848495102258;2.956717241989907;-1.409586190884374;0.8740332252944819;-10.684873096466063
1478633849889;23.188908307008955;-3.9750469937055293;3.538392560243188;-1.4513351553985847;0.5358522225311025;-10.289830041735991
1478633849923;23.18996581055348;-3.936300236243706;3.849743292630377;-1.205929448699951;0.5334580665367189;-9.895534882763773
1478633849957;23.200521006282106;-3.8300614950530862;4.818354219378974;-0.569371009240672;0.3503016669342294;-8.566603250708058
1478633849990;23.210370417476735;-3.6903443020570994;5.711112621758242;0.31543606872558594;0.45415012741088867;-7.655460100610553
1478633850023;23.194845321519924;-3.5751789452143115;5.9137850703634935;1.454926384823583;0.6428431480352417;-6.8207812545776365
1478633850057;23.115795869213084;-3.493422228970383;4.84152516418248;0.47240595160219817;0.7453449225937016;-5.010764799499511
1478633850090;23.07990534717655;-3.433221932139095;4.650471242117528;-0.09217676391601562;0.32082300419462845;-5.044732243292033
1478633850123;23.058549696505338;-3.339662980334647;4.730663051959127;0.9765349838699213;0.30840308308256786;-5.917119473211467
1478633850157;23.041829732654445;-3.203882776951839;4.884065632211354;0.856226343597204;0.4869207672008546;-7.75556721913442
1478633850191;23.039475947251553;-3.1053032077417106;4.794595595644344;0.857722753884131;0.5493196297023678;-8.936058494390918
1478633850224;23.022364799435266;-2.9416345745683583;4.82884581804989;0.9920973494598642;0.41060558471679687;-9.533411936464066
1478633850258;23.009526474254482;-2.769543708002153;4.710875226563248;1.1311106468200682;0.4493617058242671;-10.119542083331197
1478633850291;23.005394635476474;-2.6333860044747763;4.728339970338723;0.990900230363477;0.3187280777419917;-10.117297848068363
1478633850324;23.012388140178945;-2.5397768653090917;4.767412481200731;0.9820716117416508;0.4489128181291627;-10.972476278631389
1478633850358;23.00939913722337;-2.4195818726845886;4.820761102319903;1.6127940933227538;0.29673137738876976;-11.726201473291217
1478633850391;23.0153196346197;-2.2944769701345944;4.761347285723689;1.2047323113372548;0.2305915473937988;-11.264569319561868
1478633850424;23.029619313175253;-2.191459291262985;4.698784045387716;1.3750199044158682;0.22310964893950147;-11.40418120386973
1478633850459;23.047025205750494;-2.1057879412174922;4.615963521412414;1.32279638070371;0.1951274170364253;-11.484237175750732
1478633850492;23.073435478331117;-2.0111906926078142;4.299456436398403;1.313818161010742;0.2835632773910649;-11.538106420843302
1478633850526;23.102089913191044;-1.9680782363263942;4.073480277667971;1.2753612968444823;0.31468788527336433;-11.197980293627827
1478633850560;23.135023061199014;-1.9461903598808972;3.8673114916202045;1.0431237723419442;0.4276642624122556;-11.168800960894673
1478633850593;23.174917419332086;-1.9048972390590642;3.6272542450673684;1.6856676063537597;0.8209118942260741;-9.748889814166782
1478633850627;23.2086050136757;-2.685924232011342;3.1786422426577787;0.49739538119772914;-1.7744027053833007;2.38776724319458
1478633850660;23.188026821033432;-3.165650247956985;2.155618356146689;6.2991447140015655;18.67118208511993;-70.04237015239298
1478633850693;23.30483998758555;-2.6806353571150217;2.1600925994617657;1.6226701386382802;3.928884960849024;-2.8761843818664548
1478633850726;23.366315812380403;-2.3526268703718323;2.3928222350407586;0.003591302490234375;-0.06988076095581054;-5.6155997016355395
1478633850761;23.356133240825162;-2.8329662721016367;1.1762087378208184;-2.3804349458114245;1.7797896956512704;-4.759074349975585
1478633850794;23.363098465581228;-2.5876929043351433;0.4105141352395562;1.5304933747222647;-1.8475754205565897;-13.859883773040771
1478633850827;23.382129725086624;-2.7100378145302764;-0.42205112045366233;-0.43724107818603514;-1.0832265770843252;3.455281908416748
1478633850861;23.370301539774005;-2.9647899750343107;-1.0279516912967537;-3.778648715342674;4.166808714294433;-30.878167864117025
1478633850895;23.39779502786648;-2.6391877764742024;-1.4748473093248233;-0.2576759536743164;0.6670844558273442;1.152508239635825
1478633850929;23.365111388367314;-2.9301568862208067;-2.1581546200657273;-3.3045967318328096;2.9816790386475622;-20.383335693469643
