sep=;
timestamp;gyro-alpha;gyro-beta;gyro-gamma;accel-x;accel-y;accel-z
1478634022374;17.601971834019633;-2.578883457163374;6.5834533023244335;1.0851718750663566;0.4285621085844119;-9.764751425281492
1478634022408;17.595809482847187;-2.572628540664429;6.562516040467521;1.0938508857671754;0.41479541935576125;-9.742305876049073
1478634022441;17.5938290315937;-2.5641022374032945;6.561869336127871;1.1218331335105662;0.4079121009992552;-9.712378492294437
1478634022475;17.589409387974676;-2.5517218936059063;6.570391888165884;1.157895743643737;0.4016273262079223;-9.733327379507358
1478634022508;17.5857873200701;-2.544902568062024;6.576545455709106;1.1563994132719118;0.4071639380966313;-9.716118979155638
1478634022542;17.586402675522486;-2.5427207439319357;6.572473478982925;1.1281178873241848;0.42960957580648534;-9.762955810568993
1478634022575;17.583439226351196;-2.5394514660061254;6.557890951783259;1.1197381795871133;0.4064157386613893;-9.717765318165625
1478634022609;17.57696636254439;-2.5457398401819855;6.5477365162001195;1.1836334411731688;0.4282628094023617;-9.736619753279124
1478634022645;17.578534135271912;-2.6207892436469407;6.528152336452866;0.9650129249130375;0.648679030564893;-9.779864873493578
1478634022679;17.577845688097167;-2.6868041680325296;6.4150234248284255;0.599597914797999;0.4846761871614377;-9.765200185112434
1478634022712;17.574896945977297;-2.8160286019951872;6.465055366642874;0.9970353629844728;0.3800794952834956;-9.977536088694725
1478634022746;17.567198367585863;-2.8919091046384247;6.507591601327199;1.6298527436187489;0.09172785110473632;-10.151864207602106
1478634022780;17.504358763012362;-3.1563784021963346;6.623431658240053;0.9382277390411123;2.680009446804784;-10.573542792334035
1478634022814;17.498113329513874;-3.271262654144417;6.693213370613653;2.683301510620117;1.4267945518493652;-13.703063564300537
1478634022851;17.539897946216776;-3.2607589113309534;7.3170936346178745;1.512536953602638;0.7570166191543451;-12.220604116113483
1478634022884;17.598058725087956;-3.2685538002284176;8.019449366750345;1.2918214469577884;0.3890577697753906;-12.151620596258342
1478634022917;17.67377888040314;-3.3851039144838575;9.48720740505404;0.9509469718933105;0.2678513107299805;-12.15521219100952
1478634022951;17.714047038431982;-3.427941845416372;10.238782736641367;1.5884031273772938;0.7956231391906737;-12.558336187799274
1478634022985;17.766784106355054;-3.4978747679686;11.00634558184476;2.109291626065038;0.8108861747741699;-12.767230282647906
1478634023020;17.806921329158577;-3.5796882142141047;11.54155440176852;3.518279339599609;0.8019079185485839;-13.600262822778522
1478634023055;17.871813050463043;-3.6520368748993506;12.511694221113167;2.9542951379638165;1.208473251431249;-13.155988484954833
1478634023089;17.971500566754482;-3.748928413986545;14.053124230017936;3.280654824829101;1.0525509413788094;-12.893823110906778
1478634023123;18.050551845009217;-3.804515273745697;15.32186413790952;3.3496378332275896;0.9528922424758783;-12.049418405151366
1478634023156;18.087377610768783;-3.840587779755323;15.854168261100707;2.6259902353148905;0.7442974685005378;-10.809521074267476
1478634023190;18.108387475798043;-3.8349877488420443;16.169622601705292;2.2071545458586885;0.6411971515185491;-9.522338708120072
1478634023223;18.138786083032922;-3.810996940451154;16.744379089703433;1.8243815919738262;0.4715080711807124;-6.740874774169922
1478634023256;18.11972125975873;-3.7785289732776803;16.560392909014706;1.9611502887450158;0.1897405181000009;-5.096506854192913
1478634023290;18.05102616017776;-3.775601017991829;15.626747339785416;1.006163247680664;0.16699560232851654;-3.5734956153869626
1478634023323;17.934769187199336;-3.7861240256700848;13.989633618553452;-1.1677717136107384;-0.0013467384338378906;-1.350329736328125
1478634023356;17.91823773269058;-3.7988397330881027;14.155112164252264;-0.3079540424071252;0.047734359066747126;-1.4059949249267578
1478634023390;17.92580340723328;-3.839078551915518;14.597057276887407;0.061052288464456796;0.26336218261718747;-2.4947581298828125
1478634023423;17.63675491591922;-3.992920489521396;15.53511020094448;4.5968671875;0.8493430572067386;-4.639065284021198
1478634023456;17.592745522450993;-4.050694619310689;15.69454355706439;6.285527545928955;0.5840355857406743;-5.845593283136188
1478634023489;17.785656704774887;-4.201375353177913;16.13060911444999;2.9632733941894025;1.190067899234034;-11.82705663370341
1478634023523;17.819825651576643;-4.208159922211495;16.250226909159878;3.597138356781006;1.5705962890624998;-14.812327120971679
1478634023557;17.835972311095535;-4.022290285648772;17.341492201977573;1.476025323486328;1.2714706826141102;-13.486088746587932
1478634023590;17.710588628606775;-3.7828213544094096;18.649459484376486;2.628833313253708;0.5647323348556645;-8.756343841873296
1478634023623;17.676156891046325;-3.7248121487803996;19.149755295568113;3.3599626908896956;0.2585737427642569;-7.914033441516011
1478634023657;17.669306123628825;-3.623887374210731;20.188943311782282;4.493018763555958;0.06643909606933593;-6.795492353411763
1478634023690;17.697349527992582;-3.613056636260142;20.40688018917975;3.4063504919024066;0.304512523651123;-7.655758937426656
1478634023723;17.690722106552116;-3.6218936454795765;20.39029629168364;2.513313192749023;0.30406361083984373;-8.363694879205525
1478634023757;17.6555026073079;-3.641642232667746;20.555416233702243;2.620304079437256;0.5481225562717532;-9.667636519976705
1478634023790;17.594866660959433;-3.6118767553456466;20.39139545153131;3.180397612043749;0.576404081648658;-9.720608341305516
1478634023824;17.503709892306368;-3.5939828865621966;19.704711430878334;2.942174492059275;0.5075707336868159;-8.902988364764303
1478634023858;17.393120589950865;-3.5763679589006503;18.48924847449104;2.368912832055613;0.3622726569687016;-7.810933278656005
1478634023893;17.253417561535805;-3.5595636670477;17.274800387103635;1.9672855766296387;0.28520927276611324;-6.349871715545654
1478634023926;17.17362410664043;-3.5655511444263697;16.604917760332953;2.3771430829254907;0.2198176399230957;-5.927893672943115
1478634023959;17.10525878222219;-3.61645437963763;15.882766749407345;2.561197198552685;0.30301618414614345;-6.294506094415485
1478634023993;17.053525550165066;-3.6705561055854856;15.113346352565598;3.0774468858581034;0.512359164406592;-7.630171199444681
1478634024026;16.9589851028274;-3.7199180295040395;13.876268474783181;2.1646576307876964;0.4384381972824223;-7.668927192687987
1478634024059;16.906608435410977;-3.7567407663822903;13.320755618855177;2.2777835404990707;0.469862075805664;-7.756016131945699
1478634024093;16.880177300294577;-3.7728389657737527;12.980533143335027;2.2668601324219257;0.5683235916801262;-7.975534350530803
1478634024126;16.794816346553244;-3.823063489845227;11.91841674491518;1.6570868971008808;0.6157587394714356;-7.915230396215617
1478634024160;16.744248906638187;-3.852799315468788;11.351987168792098;1.7254712454864753;0.6751648544643307;-7.835473699542135
1478634024193;16.69794285168129;-3.8909457700163896;10.763316623818312;1.909974420055421;0.7772177230613772;-8.014739841107279
1478634024227;16.658578319519574;-3.931253480206535;10.194745568326212;1.5990273972442373;0.930147308438085;-8.546551957934723
1478634024261;16.636531521694653;-3.9554060323988804;9.831866762834784;1.8338088888748547;0.8083423446434084;-8.94369015831314
1478634024294;16.62172841763419;-4.051107163387662;9.562667355608957;1.8581997452224603;0.9256582351242192;-9.166200763647257
1478634024328;16.62003451208899;-4.109109075651271;9.313544615668858;1.7130512969749514;0.833182159468066;-9.03826075856313
1478634024361;16.631141070355824;-4.101154070215599;9.19959120328582;1.712901650238037;0.8080430511695798;-9.530568411000678
1478634024395;16.67956888746116;-4.104248716184234;9.322298366357485;1.8243817015716806;0.7728782371189212;-10.118494875833205
1478634024429;16.71852562202332;-4.101713707846712;9.397072409616378;2.116923107324168;0.8915408614669926;-10.608707263891398
1478634024462;16.787831544908332;-4.074038187231093;9.565447619237698;2.1371242568969726;1.0233716086456552;-10.97741431955546
1478634024496;16.90745831479299;-4.003394975917782;9.981972778415793;1.7181389640863403;1.0717045181274414;-11.35794303817749
1478634024529;16.984022428237978;-3.9224333738387185;10.381861542894741;1.85086753917085;1.045068988125585;-11.589432411193847
1478634024563;17.06680041258613;-3.8161958223041235;10.8911097163188;2.0974702553680165;0.8827122245788573;-11.659163388415426
1478634024598;17.173221902617485;-3.728488022367954;11.399701895365544;2.072929670085106;0.8592191207885742;-22.015283400073645
1478634024632;17.54827923642637;-2.4206149701505555;11.71834178134072;-8.012644330132753;5.5838768218994135;-9.485976432479731
1478634024667;17.47519061213777;-2.945824870672161;12.111398750510308;0.5149029945373534;9.848847548531927;-3.231124777984619
1478634024701;17.620675986637814;-3.058960467196556;12.331643352780336;-0.649277562713623;-1.3316250723907723;-2.426523382568359
1478634024735;17.582888492338483;-2.8188172266951312;11.605806112406823;11.984624884331971;4.153491004092432;-50.91733648441732
1478634024769;17.71243472131687;-2.704727430926567;10.960376018083972;4.915296008300781;4.03198512370903;1.4374188217163084
1478634024803;17.651407360803706;-3.063685630654068;9.739497271279275;0.3284545402526855;2.0184616736480967;-7.137115148925781
1478634024837;17.808641927997282;-2.7839170095963195;9.558096285026608;0.7897873457092791;-1.121683404717967;-7.5710641998291015
1478634024871;17.902693489723195;-2.92361254736366;9.147500528399055;2.8645126487731933;0.6058826667564455;-19.26868459854126
1478634024906;17.96396876713162;-2.8999233629432344;8.940173379276148;2.4926632034301757;0.11821370697021484;-5.373337005670368
