sep=,
timestamp,gyro-alpha,gyro-beta,gyro-gamma,accel-x,accel-y,accel-z
1478633135963,33.79480824489085,1.571046341561856,18.56157792657239,3.1775545386715094,-0.27084406351870344,-9.357587720080302
1478633135996,33.793219731735604,1.5676696255947917,18.56811539051274,3.159597957721678,-0.2542342807963316,-9.34830993291887
1478633136030,33.79079439440326,1.565674852325853,18.571332851346128,3.0876223707779307,-0.24465747986392816,-9.28561164793772
1478633136063,33.79057883261017,1.5681228482900402,18.57033971151923,3.0807389268405503,-0.2641103774858522,-9.313743516302912
1478633136096,33.78871223373118,1.575708564390691,18.59886842734898,3.1768064419842554,-0.3146878761402098,-9.308955183764546
1478633136129,33.7868874991509,1.5847914975047268,18.63076350735864,3.224840071691945,-0.3021183311241213,-9.289352987625064
1478633136162,33.7878008791959,1.5885268999696258,18.661365518183057,3.201646220276295,-0.2629132623852201,-9.32451756533751
1478633136196,33.789939397734145,1.582085487533951,18.65888699455274,3.150320607810019,-0.2437596496747923,-9.258228367166838
1478633136229,33.79217640702989,1.566195340511258,18.63813589128521,3.167079860742553,-0.24256254884471418,-9.310152417025366
1478633136263,33.78948519119238,1.5530180763351527,18.610098958707276,3.1512182039620704,-0.23478140258236088,-9.320477187922503
1478633136296,33.79021852285431,1.5473298064055359,18.591419884021285,3.1094693627454455,-0.24615385133494855,-9.312995481264451
1478633136329,33.791026819608305,1.5433434784643865,18.57171741801265,3.1009399987815414,-0.2656067388247793,-9.321525080407085
1478633136363,33.79013431781705,1.5519955408302997,18.55137387548714,2.9948471112458033,-0.28850129776553946,-9.278129780307818
1478633136396,33.79386141851764,1.5763125119061707,18.530349208782063,2.8901007886139674,-0.3589806114196777,-9.388562562494679
1478633136429,33.7955818626526,1.5802232876301252,18.540571957506767,2.9194297406845724,-0.3585316986083984,-9.38182893425757
1478633136463,33.77282313487164,1.5434050005454123,18.697605986671437,3.1033341639090795,-0.9265560242141596,-9.595960400036722
1478633136497,33.68152978136893,1.2451288793452115,19.09033874221427,5.045181448364257,-0.18405425490780034,-10.157550253881887
1478633136530,33.69704642264848,1.1394740807185364,19.831634166935174,4.217236440631002,0.4969464820861816,-12.301408129882812
1478633136565,33.67296678891326,1.0940620031949984,20.186038416942722,6.0996776420593255,-0.48662148742675776,-12.251728737695515
1478633136598,33.6561297837457,1.00562517874753,20.624573047143702,4.773289922332763,0.19123685760498046,-13.181576222936808
1478633136630,33.644993626785215,0.9082259391299329,21.059707962014514,4.641159845147654,0.08110358123779296,-12.86195030130595
1478633136666,33.65485691598115,0.8465103922952906,21.374388888484386,4.797232011999562,-0.11103110198974608,-12.547561988067626
1478633136697,33.659608481952446,0.8015627424385258,21.510271985168263,4.545242068072408,0.03396773605346679,-12.685677204076946
1478633136730,33.69098066214927,0.6820269523061899,21.79713385732134,4.443937702587991,-0.06449380265388172,-12.764236946050822
1478633136764,33.710017891990105,0.6043873888878516,21.92672465909217,4.827608299432322,-0.062249243164062495,-13.016526238250732
1478633136798,33.77572666916109,0.5347735984079289,21.590872819734475,4.254496203967183,-0.05057750550422351,-12.36575229949951
1478633136831,33.83322315496882,0.49688428956989694,21.083664786323663,3.79810167689668,0.03561374969482422,-11.53137316706553
1478633136864,33.88790039637938,0.4851227162199826,20.62627493994369,3.4138321825774383,-0.2041056915283203,-11.049091316278279
1478633136898,33.94354183102856,0.486645116049205,20.38202495234527,3.1455319590361785,0.054767362976074214,-10.209025516510009
1478633136931,33.992800674376284,0.5243219766737856,20.360941218098784,3.1901240928207524,-0.1379658706665039,-8.618228260537796
1478633136965,34.05830872310212,0.5900834313915443,19.903690800136072,1.6775871757507324,-0.039055414581298825,-6.108506552942097
1478633136998,34.121527791753465,0.6595182935373778,19.534224934771228,1.1831845329284667,-0.09097966765251476,-4.106355122375488
1478633137032,34.177521613300435,0.7077823491415446,19.161869181168438,0.5220855995178222,-0.10265140074577647,-2.48353530960083
1478633137065,34.23623955371466,0.7343056867127844,18.968669584438903,0.15682020874023436,-0.09726444016055902,-1.7573440185546874
1478633137100,34.21628371247218,0.7296361895142324,19.637950665861247,0.007481880187988281,-0.008230068206787108,-1.2906243324279785
1478633137132,33.90346865874128,0.5700780071984602,22.13460094128095,11.092485929107665,-0.25752631607055665,-0.7869441581726073
1478633137166,34.14810617911682,0.4758691571946413,23.298435044377175,4.899434349237009,-0.4441243988258298,-3.9625533851623533
1478633137200,34.23471140628602,0.34464145977662597,24.834233873856636,3.739144588879496,-0.6218938812255859,-9.075819961503614
1478633137233,34.284873734569224,0.29539131371874544,25.377141807863957,3.17291575012207,-0.503680155989062,-11.381885347039997
1478633137267,34.27899006509149,0.3012503381383457,25.3648621732615,2.103306304577738,-0.6218938903587404,-10.070161674090475
1478633137300,34.28568355973076,0.2969039081985618,25.592344505065117,2.9037177009582518,-0.22071547011223155,-8.989179542331536
1478633137334,34.30696566103892,0.30907183445577363,25.4747542008096,3.1193454149108377,-0.3447650390625,-8.32329247046206
1478633137367,34.2997197204461,0.3105672209168374,25.46550171661208,3.1732148791991173,-0.25573066482543944,-7.171980710601806
1478633137401,34.312758855265464,0.2967387515122956,25.31903952126485,2.7730840728759762,-0.06868366240902105,-6.9084685981199145
1478633137434,34.31604493537644,0.29718826821819616,25.250366930865443,3.6765960339752954,-0.08813655089779059,-7.025036291448772
1478633137468,34.32087308677898,0.3651774520148921,24.39787417837798,3.610007117639109,-0.057460838131283526,-5.9814636428281664
1478633137503,34.33567400496877,0.4017646764699932,23.789638616525725,2.840869834313914,-0.03172317199707031,-5.173271529443562
1478633137537,34.340423695024995,0.46073690373109955,22.465700453860617,1.740135547991842,0.04668693237304687,-4.12446127243042
1478633137571,34.31442048777249,0.46310515779291905,22.243004395451912,2.5825952571593223,0.0806546775596682,-5.295674797058105
1478633137605,34.29078032689132,0.4570748552846891,21.95528056140715,2.6007014802794903,-0.03800795135498047,-5.910984331457317
1478633137640,34.23473402479742,0.4374778898651892,21.73215695181971,3.6230256730770662,0.014963755809399298,-8.350227494867145
1478633137674,34.18613066766309,0.46168052634752244,21.446101023827836,3.6694133193969725,0.03860650177001953,-8.749609967041016
1478633137708,34.122281376856805,0.4847825084660923,21.17997061841648,4.009689157281443,-0.028880057525634766,-9.644143671914748
1478633137742,34.08069494507508,0.5259645731961082,21.04944566053027,3.484162105222989,-0.03860649720344227,-9.455151122637838
1478633137777,34.025424739543006,0.5391521555822927,21.221041940847677,3.9353192316802215,0.0004489128112792969,-10.176105097552389
1478633137811,33.96230556762742,0.5578361490949532,21.32666223556169,4.336946742834523,0.027383681488037107,-10.41627388997823
1478633137846,33.905674720790735,0.5825918835795986,21.55997466453264,4.628440794958546,-0.05132569808959961,-10.852167937469481
1478633137879,33.824219776064425,0.673277966157624,21.21305978662419,3.6498107476386705,-0.04399345550537109,-10.407295487622171
1478633137912,33.7621722773096,0.704509746765627,21.531045582743904,4.961833303070068,-0.045639473713305775,-11.607688491113484
1478633137946,33.710284861092845,0.759036733701288,21.809176941061484,4.742763924231007,-0.06958148574829101,-11.594070884649454
1478633137981,33.649431010697604,0.7998397387616739,22.43840304151467,4.894645872851461,-0.07302315063476562,-12.00856733932495
1478633138013,33.58139104554989,0.8646149382229836,22.881816043071137,5.639392372894287,-0.1409586187459441,-12.744933987426757
1478633138046,33.61294634949276,2.047581759503526,24.082776617576222,-10.852018884387611,7.384914728491008,1.056141622814536
1478633138080,33.538552697400284,1.3731208959892147,25.427619875894646,3.6572928196229038,-0.5713163711547852,-5.824044883672893
1478633138114,33.48116433143737,1.4185060036773274,26.397342390761867,3.5525463508605957,0.36526539077758785,-4.144961331884563
1478633138148,33.41719889699692,1.342598962211704,26.47738096808124,16.519093337194622,1.6437690955673343,-29.08895045143962
1478633138180,33.41127468098497,1.3472931294823915,27.359924763546566,4.183717800051905,-0.1424550079124514,-6.393865317181498
1478633138214,33.40121512970395,1.4352742317103018,27.13160842660879,13.57272921142578,-1.622221225827001,-15.224877994537353
1478633138249,33.430057338897946,1.3818837093103327,26.863815451191936,2.673575066375732,0.10624271693574264,-5.169979502160847
1478633138282,33.4513385129249,1.4961458194789756,26.383880291680182,5.338920064544677,-0.3904045082092285,-10.346692111968993
1478633138316,33.49992177645342,1.4331914253571931,25.928105150062347,4.4205942090020045,-0.9536404487609863,-8.364592156838812
1478633138350,33.53413117745695,1.5034207067100451,25.55288477983188,4.010138161424268,-0.5648819541931152,-8.435371218341215
1478633138383,33.56900669439664,1.4751079862978733,25.306790386355694,4.34278248151699,-0.916081373684667,-9.522937103271484
1478633138416,33.623742926878975,1.4734947473656848,24.9945392764526,4.047098603887157,-0.405368268585205,-9.32706147994995
1478633138450,33.650445211340184,1.4841909113116774,24.889391716483157,3.7119102527342736,-0.037708676147460936,-8.667159574304147
