sep=;
timestamp;gyro-alpha;gyro-beta;gyro-gamma;accel-x;accel-y;accel-z
1478633534846;29.9224902857072;-2.1463733368103437;38.461843071362736;6.262034570002835;0.3981856499050045;-7.577798019862454
1478633534880;29.938480453346557;-2.150908828929341;38.46744789607376;6.24916564474795;0.35673606106301303;-7.552808622232964
1478633534914;29.956175104118618;-2.150124849916124;38.42715799667454;6.222081110603269;0.36421792013058146;-7.63241567673611
1478633534948;29.9698653368793;-2.1618155515954482;38.31320878372614;6.044461379971704;0.40237550509356657;-7.715314799621165
1478633534982;29.97437278404458;-2.1684341011403725;38.08970048931639;5.91532390416474;0.31543608242531773;-7.806294503806298
1478633535015;29.97108889408687;-2.155147952074207;37.99054111807666;5.952134836888034;0.30047229921645485;-7.795969527413184
1478633535048;29.962932204332485;-2.134002282160203;37.942932331443856;6.044461329739354;0.3016693954799557;-7.723993822023838
1478633535082;29.953426004480363;-2.1043815535931425;37.90847478522205;6.130802418904984;0.3033154319541994;-7.645134612760786
1478633535115;29.952444290465404;-2.096231216525259;37.860868979930316;6.044461448470363;0.32995090030726276;-7.725640016901231
1478633535149;29.94681182980675;-2.105078689357937;37.7694766452899;5.905298613971099;0.3919008956632693;-7.836221777963079
1478633535182;29.93665292231342;-2.1210837717070405;37.68401589318755;5.799355208775494;0.40671501158562023;-7.859565673407865
1478633535215;29.9247048238573;-2.137444056915894;37.64050980437204;5.839008936309814;0.41150340120620094;-7.849240368221188
1478633535249;29.908723367562292;-2.1499752792810463;37.69538529185897;6.041468326502409;0.3957914642278687;-7.748983165139812
1478633535283;29.90252436470931;-2.1472867328556244;37.77575663362982;6.127958966506831;0.3553893180625979;-7.669974427585443
1478633535318;29.903365189112918;-2.139336818387987;37.851416969812405;6.156240747612062;0.34446577070484635;-7.635109231235599
1478633535349;29.901448999755228;-2.1335371771866853;37.903184768535446;6.09294369416181;0.33952772749748544;-7.685087884930684
1478633535383;29.89865478714052;-2.127996156636073;37.907575078203415;6.104765238388767;0.3676596038541873;-7.676110012297588
1478633535417;29.89640693238817;-2.126006128358801;37.90260540128342;6.119130521414941;0.3480570789033023;-7.68419016890598
1478633535449;29.898486279248807;-2.1444248848508565;37.86839939711099;6.074089616382983;0.3914519668689696;-7.735815207348177
1478633535483;29.89817868835485;-2.1862668828671685;37.81267186995556;6.076184812263678;0.429160633883276;-7.735216768742928
1478633535516;29.897342606715622;-2.233259564944153;37.75953557957196;6.095936665432713;0.3941454391700681;-7.7144171498118315
1478633535549;29.90489291173623;-2.283656841991678;37.72157203321172;5.982810560500162;0.26979659044570287;-7.685237796529079
1478633535584;29.93004969535504;-2.375809029932379;37.77488652614826;6.156689824820123;0.7824550300598144;-7.985410615042038
1478633535617;30.00155338785464;-2.455680050602157;38.72030117644906;5.7715221943510695;0.3064578216331545;-7.210886414514109
1478633535650;30.024739175396085;-2.6129397855833196;39.203550675147746;6.951414663464203;0.5599439224021975;-8.237699724578857
1478633535684;30.10035155617618;-2.6398907489020447;40.722037378923126;9.018957361547649;0.08200140686035155;-10.392930423791706
1478633535716;30.09102947857917;-2.6908402264318028;41.85625343967472;10.27172367248535;0.34985272672348655;-11.146954309137165
1478633535751;30.080004035202563;-2.7028923687885285;42.48816318278999;8.613589239092915;0.8337807281494141;-9.588478519848733
1478633535783;30.079666604202608;-2.7407596357222883;43.08847721102113;8.31416468623057;0.5931634704368655;-10.090213259124756
1478633535816;30.122684606091944;-2.7707575646954665;43.868340615851295;9.094973410388082;0.5829881133812014;-10.389039553833006
1478633535850;30.184048199621632;-2.706018505097475;44.988991455561376;8.913014376477152;0.3821744217361323;-8.855702881976217
1478633535885;30.27812326718717;-2.6481460613504417;46.948389825460296;9.124900931140035;0.7330746208190918;-8.25415986099243
1478633535918;30.410016358224038;-2.5047148822606955;48.78763868614545;9.678859340258688;0.593762029985059;-8.327781415911764
1478633535952;30.50448993808984;-2.4293444181223953;50.19224548874157;9.575011135510355;0.4210802112717589;-7.6126635998047885
1478633535985;30.588342701407484;-2.34802778203901;51.50521205031879;9.455749526922403;0.5832873794555664;-7.077708874102681
1478633536018;30.662390020074202;-2.2797063000080673;52.75513482654441;9.0577136470519;0.353593646267883;-6.230161796934623
1478633536051;30.766239867914937;-2.1861023571950526;54.149962832489514;8.336011739846878;0.33803134232673326;-5.394735036877543
1478633536085;30.86114453494786;-2.1028741410191674;55.382556873850135;8.948328485638275;0.19123685760498046;-5.8684873250547795
1478633536119;30.94482108787227;-2.029077672264088;56.509662872619906;7.857320935821533;0.26455926518095657;-5.028571783944778
1478633536152;31.03802670162878;-1.9700065581273973;57.67481038260217;7.577498397595062;0.07287351303100585;-4.84302093608696
1478633536186;31.165821467062322;-1.9311542712985663;59.37919211698863;6.390572997637838;0.10025719451904297;-3.8289269319396464
1478633536220;31.243576845863647;-1.8837970674063544;60.56253911487545;5.505466717529297;0.1916857795494143;-2.9598319484986364
1478633536253;31.323737254215196;-1.8416911336144328;61.689679111892076;5.102043737792968;0.18121112901992165;-2.71966344833374
1478633536286;31.469944301915174;-1.8324886436240595;63.50076252330223;5.185092607879638;0.07721300354003906;-3.235464268493652
1478633536320;31.554568179043084;-1.8281260322964035;64.62266129471931;4.667795411682128;0.3826233482471434;-2.5369559341430663
1478633536353;31.656866677562668;-1.8298267576718503;65.86856170376069;4.981285899297893;0.4495113525611814;-3.068917615509033
1478633536387;31.749641155739514;-1.8048136542536775;67.15863126696391;5.022586170196533;0.3824737289096927;-3.2368108973296357
1478633536421;31.840825617438462;-1.7756893523445842;68.446787584767;4.775983399200439;0.2693476867675781;-3.159298874310404
1478633536454;31.98566322359457;-1.7598202616021434;70.40802070650803;4.776581949615478;0.3522469238170655;-2.828898935610987
1478633536488;32.09447604341245;-1.7830059017169733;71.79621018148619;6.187365277862549;0.2982277408682799;-3.8807016159057617
1478633536521;32.172585443556116;-1.8146831844137858;73.09207574016439;7.542333779907226;0.5846341178894042;-4.444985019683838
1478633536555;32.10383173410528;-1.8598979487569598;75.08133451899853;10.631601963397115;0.17507598726577125;-1.933916390991211
1478633536588;32.04641410045411;-1.7308624765120584;75.66483187774345;12.733112616729736;-0.34177228698730466;0.33967736053466796
1478633536621;32.23756157021336;-1.4019988535346968;75.73850055297;11.62354949259013;0.24136545928837366;0.09008169133290649
1478633536655;32.32113351899762;-1.4110891469865092;76.76811851144411;11.926266949518023;0.41464580001831053;-2.225859342226782
1478633536689;32.32372396872273;-1.4209669714509026;77.07559685576513;11.300183069256692;0.5002385093688965;-3.0603882720947264
1478633536723;32.292828185344696;-1.4120948808129876;77.61714302879206;10.492887831646575;0.24106618565061508;-2.8217162940979
1478633536757;32.27685055046941;-1.4026419708544058;77.97844969402524;9.259425538778864;0.16071078643798828;-2.492962478637695
1478633536791;32.2875526387528;-1.1688803604422964;77.96331049220564;8.414421661553904;-0.08439560852050781;-2.4609400679657236
1478633536824;32.33102002077342;-0.9891744821658041;77.60371258649229;7.084891625213623;-0.06239888076782226;-1.620425611114502
1478633536858;32.33906077625264;-1.0258161744385386;77.37285788692841;7.3648635818481445;-0.03127425918579101;-1.9421464043990708
1478633536891;32.34719773266431;-1.028941420915454;77.12775567591918;7.0799532920286055;-0.03920505218505859;-1.777245783322118
1478633536925;32.36566135635271;-1.0072054077178378;76.70804142542914;6.63986939163208;-0.05357026214599609;-1.8315641969542948
1478633536958;32.475612912018676;-0.6555102822660138;75.40158859977807;5.095609028570354;-0.059106862618261945;-1.032050407000631
1478633536993;32.53752295967102;-0.539372693276836;74.87330327001348;4.904671738433837;-0.02319382858276367;-1.1354502834595739
1478633537027;32.61372079287976;-0.5521998584277203;74.09979623291902;5.281908137512207;0.0008978256225585938;-1.0730512565612793
1478633537062;32.6642905740638;-0.6501920717923558;73.49108835046299;6.89500150604248;0.0972644458687806;-1.9942204914368689
1478633537096;32.712709484512956;-0.6481131954343975;72.41772674675548;7.775169745226949;0.09950900421695551;-2.3883659397400914
1478633537130;32.752956917086905;-0.6454462263915873;71.73398772876016;8.539369426019489;0.1277905181774171;-3.0829836707059264
1478633537164;32.79298610296899;-0.6402731963705721;71.03745907195089;8.952518338543548;0.1764227302661864;-3.0907646508590316
1478633537198;32.87307750547537;-0.5564240203006224;69.64965252833662;9.334543561067338;0.07152677459716797;-3.326294330508448
1478633537232;32.92309554500413;-0.5309799451666164;68.97055091844537;9.821314704364164;-0.004638765716552734;-3.7937620950561013
1478633537265;32.972170160258855;-0.4892865279431742;68.31177840970842;10.261847444506733;-0.09561842880249023;-4.11129316329956
1478633537298;33.05050398144454;-0.41298195786095865;67.58028337179155;10.075848268359527;-0.07032967376708985;-4.151096656301804
1478633537332;33.081687096607325;-0.38203415140612346;67.35459810351955;10.19211639421992;-0.01780687484741211;-4.228608971581981
1478633537366;33.15785185200631;-0.2920716461383718;66.93266636899106;10.188974223736674;0.014514849847985897;-4.1692028063567355
1478633537403;33.23751504830566;-0.18529404337659314;66.72123425905308;10.068366095910593;0.07302315063476562;-4.185513414764404
1478633537433;33.26421652378209;-0.1571494564066033;66.85648857336592;9.910199367932229;0.04339490509033203;-3.986944186711032
1478633537468;33.33891648472879;-0.08839064866344797;67.07617907902619;9.810241521685942;0.022296002960205077;-3.9954735666579566
1478633537502;33.37778019144924;-0.08528163675531718;67.24373456163927;9.847351282092184;0.03621230010986328;-3.9475896247863766
1478633537537;33.42557414254571;-0.09041334892754974;67.47557781566627;9.627982628045602;0.09262567901058355;-3.9776668379410167
1478633537570;33.45277829040165;-0.11014328235488169;67.67876434977472;9.103053973421849;0.06419453429622808;-3.655197833804763
1478633537603;32.95242816094018;-1.6759973248571483;70.9537356197326;35.15945051433146;3.713855760778859;-30.816966960962116
1478633537637;33.23048026125786;-0.9074664253376192;71.01588257501932;2.085798558807373;3.035398847065773;-2.5116670329771935
1478633537670;33.117342825175626;-0.619874411049889;71.33488732152394;3.908983123016357;-1.2096704618591814;-2.0293852552551774
1478633537705;33.22469442000944;-0.5392099339330972;72.15935936107233;6.912658451025187;-1.2659340638755354;-1.2395979095458984
1478633537739;33.15980781463511;-0.6445073164901645;72.44616010427234;14.222605032293497;0.2736871681434568;-3.297115034307912
1478633537773;33.15166487628475;-0.38980344104294845;72.50604577986019;8.915557923480122;0.382772999550635;-1.9259855979919434
1478633537806;33.02742798624307;-0.5574373687617584;73.15213248148935;19.75395876301229;-0.07167641220092773;-6.201131937408447
1478633537840;33.01624520054865;-0.4488790669958022;73.29444850485007;1.3060370056152344;0.060752868268109154;-0.6798036338806152
1478633537873;32.94452402548114;-0.38801891011076584;73.71343289920888;5.118054961395264;-0.11911152345961891;-1.6307504596434532
1478633537907;32.86067984429295;-0.4069576347255875;74.00359651054222;12.257265329034626;0.052373163599206594;-3.7108629356384277
1478633537941;32.832778643736766;-0.3701896292829729;74.33059577296851;8.085069222613424;0.18106149598273913;-2.581248568957834
1478633537975;32.74824435780177;-0.3216758138405722;74.60868832226429;9.606733969580707;-0.10714052885856945;-2.433257147802785
1478633538009;32.64138182792598;-0.2980702173276337;75.02781666732189;9.335291475091502;-0.11492168882065452;-2.2228664942534637
1478633538043;32.60144826301951;-0.28427946424838835;75.31132947405784;9.781511010432522;0.14933832855224607;-2.929156093597412
1478633538077;32.53525197180691;-0.26082763702519984;75.58060134143402;9.285911138916015;-0.018854338073730468;-2.258629991149902
1478633538112;32.4718438096986;-0.2814460194506634;75.78301271878823;9.641599777851905;0.041898527911090055;-2.458845077581005
