sep=;
timestamp;gyro-alpha;gyro-beta;gyro-gamma;accel-x;accel-y;accel-z
1478633963424;17.968231924516452;-2.5723523418720555;3.8720232276499646;0.5452794372337404;0.36795887677841815;-9.778069364097767
1478633963460;17.969004706928473;-2.5507872222473558;3.764000739394569;0.5138555313110351;0.4230254921291256;-9.783156626210836
1478633963491;17.963314162266084;-2.5581513660789983;3.720984797012294;0.5434837768554687;0.49634794080429706;-9.774029058891765
1478633963525;17.955573179896454;-2.565475783709599;3.7152249457518987;0.5648819222270743;0.48617257918205575;-9.768193425811395
1478633963558;17.946784629163673;-2.5740805532290953;3.724565505428903;0.6447884060597221;0.47854104084071003;-9.778518421897875
1478633963592;17.938197898772756;-2.585446680181643;3.735069315866884;0.6627449447687133;0.4685153487882693;-9.75741914730629
1478633963626;17.93384229326038;-2.5895160509949666;3.7369183614591304;0.6910264632957521;0.4746504928257083;-9.79662415496722
1478633963659;17.91189626411195;-2.5988140089955323;3.664614862244755;0.6353612872552068;0.45804071766673005;-9.784204132248815
1478633963692;17.898080842818157;-2.601382439337903;3.6065599261112484;0.6826467666183598;0.46686933971348915;-9.776722376963852
1478633963726;17.884564716990752;-2.6072203542503742;3.5338500857635387;0.670077198769385;0.45549684986170613;-9.7768720651924
1478633963760;17.870897474232716;-2.6124897418008595;3.3356386968162974;0.48557403333359395;0.4209305656764889;-9.783007486649408
1478633963794;17.839177449791695;-2.6203149604955724;2.934024404020843;0.7906850982666015;0.4321534019414917;-9.997288014928996
1478633963827;17.76684975464529;-2.630334758912444;1.9301618651389674;1.0606313354492187;0.2953846298217773;-10.25526368220225
1478633963860;17.71718443714587;-2.643983368844531;1.1771131414078086;-1.9901800569396464;0.4508580862857365;-8.785074006066843
1478633963894;17.705487834379174;-2.7073935836237233;0.9954052404092174;1.1540052001953125;0.3676596107040532;-10.364050037472508
1478633963927;17.68644194553796;-2.869498332279194;0.9273732403361904;0.11806406936645507;0.43394904177016574;-10.025569777767918
1478633963961;17.639259884170823;-3.019744620368119;0.9391105642554275;1.1727099189315922;1.052251629638672;-9.984868148615863
1478633963994;17.640272366514118;-3.2014300491590046;1.1260177511556573;1.113453409576416;1.1373954261779784;-13.211354398345946
1478633964028;17.650850585294535;-3.244170127492812;1.1471007883401716;1.8091185929229483;0.6003460754173342;-13.648895044000446
1478633964062;17.680727243782883;-3.307342206548849;1.5146829114769282;1.3000514831985346;0.9892541984558105;-13.92422794265747
1478633964095;17.718567413240553;-3.398697042759573;1.8411257257827065;0.9748890250274911;0.9163806854248047;-14.019397458648681
1478633964128;17.777460173842233;-3.4534672632269063;2.5561969062726413;0.6654384056533686;0.8752303443908691;-13.473220497186482
1478633964162;17.869802251637868;-3.5368231917451043;3.028248861434633;-0.32606033859252925;1.0561422073364257;-12.748076084844767
1478633964196;17.912301652385512;-3.630929780001205;3.3869286637790728;0.6082768615667359;0.9009680122375487;-12.629712740270792
1478633964230;18.042148597161187;-3.8433143459171717;4.070212814484587;0.8485948874542489;1.0893617188384757;-13.759775923864543
1478633964263;18.147798828447847;-3.972883686757398;4.588666297790038;0.7547720756475464;0.9144353965759277;-13.73239253463745
1478633964297;18.231129972172685;-4.084986141757547;5.279979067587032;0.7809586448890622;0.8251017745308112;-12.89666651763916
1478633964331;18.392976617831998;-4.240292992863766;6.318099140255496;0.8282441002776846;0.7134721312591805;-11.864017267962545
1478633964365;18.48651603306016;-4.325024112496526;6.668329877660376;1.1436802260854864;0.8656535103507805;-10.972027950342
1478633964399;18.563009328879883;-4.388902348583272;6.8195267663238415;0.04938040924072265;0.8081926705070305;-8.595483089037984
1478633964433;18.653016083822653;-4.419182666906782;7.154212451461847;0.848445213317871;0.6880337157871341;-7.493851488550007
1478633964467;18.765591223177935;-4.421753042063266;7.4229609953931215;0.49021278991699213;0.4212298545837402;-4.701763147735595
1478633964501;18.838212173802013;-4.437281731294523;7.612526119295903;0.1979704767089337;0.1967734489440918;-3.1299697578430172
1478633964535;18.911161595033743;-4.4627474459461824;7.947793554640681;-0.012419921112060545;0.1619079238006845;-2.339883209991455
1478633964569;18.999785600582925;-4.4967884667293925;8.362153139617638;-0.42242695541381836;0.14006079711914063;-2.3425766868591307
1478633964603;19.036990666765504;-4.526148699643021;9.241500830782734;0.017956512451171875;0.11896189498901366;-2.473210314941406
1478633964637;18.948604264748642;-4.588675964774963;10.588176845849938;4.44184248387441;0.5361515525375492;-3.614047406005859
1478633964672;19.167943308283636;-4.696122718201261;11.272505707380011;3.3207577026367185;0.5997474976028315;-6.423194141387939
1478633964706;19.36379323815741;-4.780543712258687;11.551083763097655;0.37888241271972656;0.8756792526355711;-10.374225138799845
1478633964739;19.51409322493024;-4.770986406058749;12.491735023429776;-1.6668132682800292;1.3962684441497548;-11.806855557195842
1478633964773;19.51916917027357;-4.6776855393486425;13.327660005039444;0.5672761558532714;1.049558171037305;-12.498929766845702
1478633964806;19.437087697712872;-4.49418538560622;14.59121495353167;3.186233642987162;0.902165149600245;-8.705915932873635
1478633964839;19.541664252245344;-4.346585300025066;15.751892374574014;3.5950435764588415;0.3872621185302734;-7.292887748309225
1478633964873;19.64923229529994;-4.270156672798075;16.266919189497262;2.89204606832969;0.34551326361391693;-8.185326271001994
1478633964906;19.712689915555178;-4.203876550401738;16.54213196638523;2.3856723167419434;0.40222587890625;-8.488342710876465
1478633964940;19.766408558635188;-4.162905587666026;16.764794772906743;2.1383212115965784;0.4082114195892587;-8.913014084216206
1478633964973;19.793350021382647;-4.089763461366362;16.97529649636627;1.5676035369873047;0.6037877129043452;-8.992471944073587
1478633965006;19.79349209204796;-4.002115322970295;17.1061986867435;1.4718354705810546;0.25423432532045986;-8.006958393450827
1478633965040;19.789515800980958;-3.9412671327997906;17.312133128803023;1.8576012861389666;0.4465186461517587;-7.649923070880025
1478633965073;19.766992308010757;-3.8072913194028257;17.58290170957446;2.7491419649428686;0.2920926025390625;-6.660369743347167
1478633965106;19.71052692157766;-3.7411810020964906;16.937919174759987;2.0700866834778338;0.3051111105987802;-5.502473965454101
1478633965140;19.63023848606011;-3.6980348948379267;15.814440862763162;1.2846388282775878;0.258573779296875;-4.613476669256388
1478633965173;19.56771356003179;-3.6916947260449446;15.22005803523999;1.993023171411082;0.3483563598190434;-6.094739601135253
1478633965206;19.5270373709951;-3.687549225565802;14.882604400280114;2.2047605268616226;0.5808931823619874;-7.454047447558492
1478633965240;19.48502750622425;-3.6400810115958855;14.688859479086702;2.2050598386017604;0.5666776100048097;-7.570166520337015
1478633965273;19.43711007623516;-3.616046907473057;14.130740764537281;2.279429590673046;0.7761702507019043;-8.354716330718993
1478633965306;19.378843053843237;-3.5370574076250145;13.301940317583613;2.118868542303517;0.5526116615516599;-8.601019826507567
1478633965340;19.315941720411907;-3.5645292668293944;12.582599559859744;2.192190895080566;0.879120922088623;-9.47445480278111
1478633965373;19.26194648765932;-3.547486542045579;12.11840174324812;2.4105121224334463;1.0034697708129883;-10.425850331292674
1478633965406;19.251304792019425;-3.5208785806601233;11.928925032713062;2.3774423216003924;0.9267056800842285;-10.840645988110452
1478633965440;19.18270424704678;-3.469592261765878;10.910243409424323;1.8303671828891848;0.7676409072875976;-10.789170433221384
1478633965473;19.165297489587573;-3.385066048272322;10.378929661650474;2.064849294281006;1.0711059677124022;-12.418125753076374
1478633965507;19.139873927027985;-3.3091564467194208;9.934928172763776;1.8550573555435053;0.75971011428833;-12.107478087671101
1478633965540;19.13763955450708;-3.2385911601184176;9.67218578486438;2.553715272698924;0.9832686943054199;-13.141473637390137
1478633965574;19.118909976521874;-3.124847906142041;9.419479609756191;1.855955181166064;0.7845499747787602;-11.881225446264445
1478633965609;19.115849766861814;-3.0247077170586927;9.258602568344596;2.1058499977111813;0.6458358978271485;-11.44862357218638
1478633965641;19.108112202208986;-2.795929509114666;9.108847506687955;14.764293742425739;4.63263064786382;-56.67344501920044
1478633965674;19.16072515486398;-3.1602579771903203;9.93518934767769;-5.982960457257181;-0.3387795714447275;2.8206688308715817
1478633965708;19.157985776053962;-3.0493895434182168;10.83684346701187;3.0295628526549785;-0.8372224661011248;-3.0660745010375976
1478633965742;19.185016975556533;-2.6562013938084994;10.924104569148273;10.212616672869771;1.8803462019104509;-31.34114602562785
1478633965776;19.16180838545642;-2.8056827070682346;10.792340845343965;0.2088940948486328;-5.796811058984324;0.7574655502319335
1478633965808;19.10829402551728;-2.907166569286307;10.691800109880655;4.792742956952005;3.923797245788574;-27.707048349761962
1478633965841;19.19902629399127;-2.926931860795186;10.794383304202835;5.251980762890726;2.0995652914185077;-18.56434039764404
1478633965875;19.21365492909562;-2.6416925360372776;10.97242766678721;0.6235398948669433;-0.09127893829345703;-2.7992706535339353
1478633965908;19.243559124045326;-2.8126231304377134;10.978828419347122;0.8677484642028808;1.6422727012634277;-15.506047052001952
1478633965941;19.27213802580447;-2.6755595687765936;11.15523251796529;0.867598826599121;-0.5045779998779296;-5.078700271606445
1478633965975;19.29444052597708;-2.6974380924021237;11.400149254017583;1.7577928765670396;0.4135983322254149;-8.838045863928272
