sep=;
timestamp;gyro-alpha;gyro-beta;gyro-gamma;accel-x;accel-y;accel-z
1478633044580;32.29971671165157;-0.3512167149576646;26.646797204060512;4.383783124440018;0.06404489469459076;-8.786570235973969
1478633044614;32.3007871540147;-0.3525562633387788;26.57819978017925;4.350264441620081;0.06165069203549574;-8.815600209664575
1478633044647;32.303227801184924;-0.3490067008632315;26.529541838195694;4.362534649779857;0.05746084127080539;-8.811859303819912
1478633044680;32.30480687240216;-0.3494296910785017;26.5116709934408;4.350713285932701;0.06239887905535579;-8.778190916895433
1478633044714;32.30523834646557;-0.35037185003881477;26.502156294036006;4.352957795190171;0.06479308014468987;-8.810662330853997
1478633044747;32.305915230101725;-0.35056467829705895;26.505002767925625;4.356399615340272;0.06973112449369509;-8.832508984894794
1478633044780;32.30469959611344;-0.35002575708245126;26.53346254116723;4.399345607619325;0.04863222122192382;-8.789263699141912
1478633044813;32.302381131123845;-0.3494722900053658;26.569408511134164;4.429572241465305;0.05701192731788178;-8.775197757253217
1478633044847;32.30458051371106;-0.34777404096214093;26.60424227793432;4.390666429453556;0.04743512153349001;-8.780135932035085
1478633044882;32.3076353917677;-0.32970555563031023;26.633381384471953;4.364928792074509;0.0032920272827148436;-8.751255847109988
1478633044915;32.31042976525596;-0.3233025001070332;26.6838791015219;4.43884987336311;0.0330699104309082;-8.779537772062403
1478633044949;32.31553479274398;-0.33419000306471536;26.739839302700723;4.417152470479472;0.08259995727539061;-8.774450005627958
1478633044982;32.32271250934325;-0.42194396037115045;26.808254412254175;4.489726635808544;0.19871873322639147;-8.713696891906322
1478633045016;32.325566503738784;-0.46999844513982636;26.81095661597165;4.528033990235207;0.23732523042983375;-8.759785047818754
1478633045049;32.330931836889455;-0.7631001030888727;26.69665640150794;4.650886234593112;0.3836708069068845;-9.227851602526753
1478633045082;32.30924398127432;-0.9113695586512468;25.956065758305574;3.7169980408599597;-0.5597942939315922;-9.157372656482085
1478633045115;32.31871099398647;-0.9468184183983277;25.916371708891244;6.448782171630859;1.0965443786178715;-12.703035458374023
1478633045149;32.34403199193172;-0.9317449286803006;26.15640795424959;6.241833365631103;-0.545279446366895;-11.761964860589801
1478633045182;32.35596771886102;-0.9661194404935795;26.35065522223984;5.682637640380859;0.8001123038360849;-10.761487257330119
1478633045216;32.36799453341131;-1.0317393759676847;26.47184534978429;5.62936650731191;-0.23433248748779295;-10.487650734710693
1478633045249;32.399263201049045;-1.1520422314187417;26.699470208827307;5.934777002716064;0.19123686616731284;-11.57162582860738
1478633045282;32.43088949215728;-1.251005934276935;26.928353906289686;5.77167201461792;0.26066871031608896;-11.42123974456787
1478633045316;32.46977603654116;-1.3617020442596868;27.091281716330467;5.582679794134572;0.18944121092644053;-11.652729117584228
1478633045349;32.50821292489886;-1.482734849789884;27.224002973172134;5.578789216436818;0.31768064191513695;-11.799822589819133
1478633045383;32.5747236996448;-1.6393998821845237;27.341724251848078;5.345354627636819;0.3791816970604006;-11.445630966241657
1478633045416;32.620695502813774;-1.7391978417969014;27.370988337393218;5.102492760202102;0.44053309633559545;-11.056573196466266
1478633045449;32.673528562790544;-1.8314138549713725;27.3887786972931;4.954501097018458;0.5665279678344726;-10.767473053741455
1478633045483;32.725976137187786;-1.8921553600715078;27.420472504139674;4.623801864845213;0.6394014808654784;-10.189722411755472
1478633045516;32.78699870920023;-1.9161147394932265;27.466504984284605;3.8792053129334;0.49993921589506785;-8.670900555497338
1478633045550;32.84738878093216;-1.909421409157567;27.509266195723697;3.1741128509521483;0.342670108043286;-7.136965511322021
1478633045583;32.91731974809746;-1.885088830686143;27.539529686582682;2.2928970024108883;0.26755201725615185;-5.806986489105224
1478633045617;33.015963242605665;-1.8355452207766634;27.58841116931859;1.590348452758789;0.06988076095581054;-4.307916974639892
1478633045650;33.0774040022767;-1.7923336381781114;27.636855222236395;1.209221475982666;-0.018704700469970702;-3.465606903076172
1478633045684;33.17724226485544;-1.7595267033508353;27.757945344115097;1.0975918235778808;-0.018854338073730468;-3.436876483154297
1478633045717;33.231502913510155;-1.7580460832015996;27.893546928056555;1.348982997894287;0.0661398208618164;-4.10216497720927
1478633045750;33.17082335556673;-1.781543229643697;28.493595822055397;5.026177326556295;0.15442599794692358;-3.7187937286376953
1478633045784;33.10709069135776;-1.8065101017779996;28.99088670967926;8.504653209686278;0.22026656186752952;-3.0072669227600097
1478633045817;33.23205048539597;-1.842701917479228;29.147013666417838;6.733243256378174;0.12838904575956986;-3.384802597045898
1478633045850;33.39500672855633;-1.849679263220171;29.113100051039318;5.5924061653137205;-0.01062426986694336;-7.864802816009521
1478633045884;33.55542931030923;-1.8099249982318815;29.386974029172954;3.1028854976929723;0.22924481809311545;-7.210287791033834
1478633045918;33.61522359521846;-1.8200620259311189;29.833660717929348;4.152742852606251;-0.01945288848876953;-7.391648639855906
1478633045951;33.673835951444445;-1.801598248328803;30.237664501875585;3.087323040771484;0.09516953425751999;-6.936899888964742
1478633045985;33.7506497466129;-1.771360933317607;30.617211069541415;3.199102330780029;0.0579097526550293;-5.894823470251262
1478633046018;33.784362404078706;-1.7586114973536542;31.132627863882607;2.909403929901123;0.046537294769287106;-5.23177924799174
1478633046052;33.85752889259136;-1.7760363735909896;31.55673756359611;2.879327063806355;0.05880757827758789;-5.710470234680176
1478633046085;33.93090053027022;-1.7831844986877052;32.157268015992386;3.1500209044858813;0.09801263046264648;-5.7794531700134275
1478633046119;33.97181176543478;-1.791364573874689;32.505538075865495;3.855412860870361;0.05087680354462936;-6.28702377583608
1478633046152;34.03969407654819;-1.8129583772509827;32.78518797784795;4.436156327996775;0.16475099260634743;-7.272836382470652
1478633046186;34.094495839202324;-1.7974851987637905;32.95137071898822;4.445882918371632;0.4251204231483396;-7.687182870748825
1478633046219;34.138312690200976;-1.7681975657460982;33.101514700603204;4.850802018417231;0.43619360582656225;-7.802853103781305
1478633046253;34.194826977276676;-1.751480872156108;33.30132469664053;4.9494133454253895;0.5451297904968262;-8.719382915353215
1478633046286;34.234855463963314;-1.6850178333796433;33.26948424931147;5.262604941426124;0.6414963890518062;-9.06040741618052
1478633046320;34.274134970743354;-1.6186269521981316;33.25649401633953;6.106710609436035;0.6069301208496093;-9.812934925488381
1478633046354;34.318297204361755;-1.5009413993623997;33.177062684781156;6.003909794848784;0.6136638130187988;-9.896282778521627
1478633046388;34.374003503153205;-1.3153602984528188;32.988818901848944;6.2746042200502;0.6494272185836918;-10.463110167694092
1478633046422;34.40247813385005;-1.1558848886554165;32.85776438016036;6.641365475408732;0.4975450325012207;-10.425850550488382
1478633046457;34.43892716385684;-0.9822117616205582;32.72301550542886;6.635529608862102;0.3312976547241211;-10.686668601580708
1478633046491;34.46822454280633;-0.7927866736666016;32.58615257140607;6.655731123761087;0.16505027694702148;-10.392930277661234
1478633046525;34.516391732947085;-0.5212757839730879;32.38393890600347;6.638822074536233;-0.0613514175415039;-10.43871923828125
1478633046559;34.65349980293776;-0.9934958297408726;32.9726865000081;7.4737994651243085;-1.2083236320937982;-19.464560221862794
1478633046593;34.217055183399836;-1.6776778276979878;33.049293111795635;27.796830327495933;3.7749078300476073;-47.72751168507039
1478633046628;34.2876108097462;-1.4958056847291903;35.69886083744823;3.616291970062256;1.8855834815094246;-4.296844084222615
1478633046661;34.32445278468973;-1.2373045549189767;35.89616638556288;2.947561518859863;-0.7098808105026372;-4.021660238647461
1478633046696;34.25798311736967;-1.4935637085910518;36.04716237259784;11.685499752807617;0.6833949363708496;-10.42884286417216
1478633046730;34.33279871585144;-1.3679654843064202;35.88687181455064;3.7503675552919504;0.08544308087998069;-3.291877352850139
1478633046763;34.308373134827704;-1.408246161470204;36.25991040554517;6.846369430951029;0.8677484276702627;-10.001328376360982
1478633046796;34.31915729990628;-1.394139078328026;36.017220113298954;4.5997104481019075;0.11881224825209938;-6.818386760656535
