sep=,
timestamp,gyro-alpha,gyro-beta,gyro-gamma,accel-x,accel-y,accel-z
1478633903540,19.944443552109774,-3.235059858226501,3.3356418425285463,0.7158662963867187,0.36212301936494184,-9.730484610383328
1478633903573,19.867923526464924,-3.2329758855848416,3.1541357339150164,0.8309376136779785,0.41913494639741256,-9.718214349707914
1478633903607,19.805342517456722,-3.2147628138299043,2.977626941613306,0.6627449470520019,0.29239187774658204,-9.87608176594614
1478633903640,19.71775690811051,-3.103843608227159,2.744712780474835,0.4776432129348628,0.2989759323120117,-9.82804813623845
1478633903673,19.66767223526912,-3.0710305428736913,2.636116967500765,0.5177460953090572,0.44921207735366186,-9.765948310340795
1478633903709,19.631839519514788,-3.0300921708790627,2.5493634204321127,0.45265374794835805,0.41524433216704054,-9.736469822272774
1478633903741,19.598548308324354,-3.0145401510029166,2.386170087047711,0.25423428878784177,0.3784334907752927,-9.776872235011993
1478633903775,19.592793383212914,-2.961777109763127,2.3732596533260413,0.4195838398007385,0.3740940002662595,-9.778368342192355
1478633903808,19.59111150390191,-2.9341573430869166,2.405190793266672,0.5222352462547365,0.37813424296723674,-9.780164397008736
1478633903843,19.60295919932625,-2.9151053901220925,2.4783045163322575,0.517446842934424,0.4278139137157472,-9.767594563727458
1478633903875,19.622803399073696,-2.8669044398784145,2.5871938568026076,0.586729026075732,0.3254617881774902,-9.758616331476404
1478633903908,19.63889726846385,-2.83586315967251,2.6607558123874924,0.6884826148986816,0.33803134689331055,-9.823110273410892
1478633903941,19.671174261614997,-2.8603593181844125,2.7121308492569103,0.5258265259120846,0.590918906380469,-9.828796639351081
1478633903976,19.71411756061184,-2.864126782921592,2.7602955203788375,0.5841851959449704,0.4275146522079594,-9.783156852283167
1478633904008,19.738663625611633,-2.851679592377783,2.744909816240372,0.773776030775439,0.3833715408325195,-9.790938240547359
1478633904042,19.761870123545567,-2.876301422171023,2.6813045902725383,0.3920505355503177,0.47420155946483133,-9.884012440214399
1478633904075,19.771414616713546,-2.928167970943086,2.595462341843614,0.4942530097850831,0.42482117534028363,-9.722853069758694
1478633904109,19.714036170777657,-3.0609270423439576,2.09171398024692,0.22535424039536153,1.063624087524414,-10.594342200060932
1478633904142,19.712045660720314,-3.176873819477417,1.8645686881949426,0.9904512992858886,0.5798457214189576,-10.624120448535308
1478633904176,19.716258935013578,-3.3167885385916,1.801752659328482,0.8955810585021972,0.9337386474609375,-12.624176441192626
1478633904209,19.769968453575608,-3.330604295822726,1.9053188701668093,0.879719472503662,1.1348515869140625,-13.296947107696532
1478633904243,19.82024458311598,-3.361833212583077,2.1446422053265164,0.2512415184463374,0.9690531219482421,-12.756456375177203
1478633904276,19.879744414961966,-3.393794903349489,2.224407059341656,0.7981669784545898,1.319653991024755,-13.39436118774414
1478633904310,19.964138919145412,-3.4780625068693602,2.172937738034624,0.4704606353538576,0.9570821136474609,-12.917016939489542
1478633904343,20.075765636687695,-3.567025599660138,2.0608556622346987,0.4504091873168945,0.9310451705932616,-13.010840009307861
1478633904376,20.15357180143076,-3.6547836264817897,1.9452969413517935,0.3586813384954468,0.8640075423751957,-12.733262254333495
1478633904410,20.201407848506587,-3.7458081504516825,1.5477945723066282,0.11941081693344749,1.0136451278686522,-12.192023187664896
1478633904443,20.2989098507066,-3.851730735338377,1.6167611490426244,-0.08394669570922851,0.8168716971908696,-12.212523247119039
1478633904476,20.403095845201875,-3.969085544026222,1.8797941791912587,0.0032920272827148436,0.5970540298683102,-12.134412271825969
1478633904509,20.500258003423465,-4.091003908409158,1.99160780861609,0.2412158263938967,0.7523778991035651,-12.444910591888426
1478633904543,20.57937947542804,-4.215330325433908,1.781484585606025,0.04339490509033203,0.7305308146628609,-11.580903213910013
1478633904576,20.63719967408182,-4.3409110588312885,1.355885531092527,0.6138134688888676,0.7062894988792482,-11.284022208050638
1478633904610,20.708555254816094,-4.479209110205003,1.120682441681543,-0.39818568187104536,0.9270049187591299,-9.69846224537713
1478633904644,20.831223502015945,-4.605664424352294,1.1870429984969213,-1.5333365257263183,0.6959645133529789,-5.821351991327107
1478633904678,20.87007477833545,-4.667181392052201,1.105015526688979,-0.4026748099838383,0.4492120864868164,-4.877587624414265
1478633904711,20.882623178895916,-4.698441413437677,1.0435037576572184,-0.5738602286850102,0.3715502066681161,-4.0243537155151365
1478633904745,20.922093950786383,-4.80838375770064,0.9737541812673743,-0.5352537086486816,0.18614917907714842,-2.9076082786560056
1478633904777,20.907693285812492,-4.885469574619061,1.2220889663476766,-0.8635586295639164,0.2819172089507803,-2.4344541755676268
1478633904811,20.84115963790188,-4.973907640202117,1.6031319891667426,3.0425814703125504,0.03681085052490234,-3.398569256591797
1478633904845,20.730515233274943,-5.138525512831719,1.615246736938487,5.439176985069085,-0.03441664886474609,-4.38587816619873
1478633904879,20.823511111787468,-5.206496827817678,1.6828305884181172,4.735431535516306,-0.08589198455810547,-4.5884874816894525
1478633904913,20.92534433086239,-5.461349998451734,1.2528414910812713,1.5209165863479486,0.7456441978012212,-10.063727129264642
1478633904947,20.978686934616046,-5.535893401595768,1.2408625682866137,0.07751227874755859,0.5817909668853506,-12.3563248382017
1478633904981,20.968264141529417,-5.53940663044625,1.4259972819229783,-0.578349301998876,1.11031103816377,-11.611578484289348
1478633905015,20.969993952902673,-5.465320928154083,1.8882080780134667,-1.3465887597015127,0.8605658866218756,-9.149292043215967
1478633905048,20.960811578655594,-5.350402859329642,2.4556327495677652,-0.35838206100463865,0.7007529349396004,-6.919841348266601
1478633905082,20.937236142250075,-5.280854323736716,2.6494871314379287,-0.32172084808349605,0.6584054565429687,-6.340294908905029
1478633905115,20.915322694820414,-5.206270047449725,2.9922347466704444,-0.27623101654052734,0.6531681221450678,-6.0519432464599605
1478633905149,20.891482203797178,-5.084522454396979,3.480011797741695,-0.10399817114565521,0.8764274543541017,-7.190984978540241
1478633905183,20.856584296073287,-4.953323707250278,3.719643468750957,0.18525131692197172,0.5997475341354497,-7.166743394470214
1478633905217,20.819681910560753,-4.840036215988957,3.9109921798924416,0.4548983336959965,0.8375216808014956,-8.178144250543415
1478633905252,20.775777054935467,-4.674039222668588,3.785598406748654,0.6774094116708612,0.8910919577888678,-8.52081392476186
1478633905286,20.70831604761613,-4.438192124762046,3.5819338940978422,0.443076944732666,0.8825625687087886,-9.022698447772115
1478633905321,20.658758386464346,-4.35615272888021,3.355237850452785,0.15517419509887695,0.9900023682083002,-9.351302771759032
1478633905354,20.61650988872602,-4.181316585098403,3.1869772898370896,0.7460930740798823,0.8806173163925297,-9.904363327855663
1478633905388,20.566827741557674,-4.0299054929973295,2.907100878664277,0.7196072182144038,0.8316857742973137,-10.109366945471242
1478633905422,20.525226164762646,-3.903290747635897,2.6069467989806956,0.6067805015121587,0.8242039397750981,-10.223989276885986
1478633905455,20.437563001748888,-3.618727077845145,1.8643676674077232,0.6778583450317383,0.6200982440369643,-11.073781082507223
1478633905489,20.397585601636095,-3.5149723898958896,1.4573124707543623,0.670376483110059,0.42721535873413086,-11.112687297876178
1478633905523,20.351005454377262,-3.4443581512754573,1.0590932493013752,0.5801449897766113,0.3622726204360835,-11.195586238098144
1478633905556,20.317094295038043,-3.407000181987722,0.6446001769885635,0.40342297060317356,0.5310638557434082,-11.542296712139994
1478633905590,20.264262994141564,-3.407456144437963,0.11195798574204585,-0.017956512451171875,0.6970119400466792,-11.812093457849324
1478633905623,20.220361227760147,-3.4096039877454176,-0.21885004476398937,0.12719196091251214,0.5618891838516108,-11.268759026336669
1478633905656,20.193078561956856,-3.4676513383964136,-0.4465037352904861,-0.04743511810855707,0.6512228332961909,-11.188702762194723
1478633905690,20.191773963673388,-3.5575826346890835,-1.0468402153638126,1.191264926998876,1.433827519226074,-37.47344466530681
1478633905723,20.028973981108837,-2.7994562607017133,-1.0237575847500382,-0.8973767097473144,-0.28311434631347654,5.591209649005532
1478633905756,19.925133962580993,-3.125250438992758,-1.0057695990891307,-3.17935016708374,1.4323311797210947,-4.411765471649169
1478633905790,19.9684208084918,-3.0309664056241488,-0.08842285698778331,1.0410287842405144,-0.0626981559753418,-4.15004930267334
1478633905823,19.952350366109147,-3.1922872311695465,0.5708455485473672,0.3280056183082517,4.3369466697692864,-26.89586348430216
1478633905856,19.941915336198495,-2.974530752157085,0.7025857881437501,-2.067542798548145,-1.458817035586573,-1.4359224456787107
1478633905890,19.829480024282585,-3.15313458020242,0.7501487018251303,-1.6216227210777345,0.13003507766723632,-13.078027293395996
1478633905923,19.815758611200945,-3.0323052144831357,1.063270411319207,1.0366893005813471,0.7896376350402832,-11.414356414794922
1478633905956,19.76551387298667,-3.0833575755253393,1.7280986938123444,1.2925696395431645,0.9671078330993652,-13.507337578582764
1478633905990,19.7019991272424,-3.097882261031768,2.048709342745045,0.3395277320640627,0.6250362891708501,-10.662876660974323
1478633906023,19.69752499030929,-3.0784909206709172,2.2168990909749264,0.5229834251403809,0.6919242615188471,-11.407024172210694
1478633906056,19.639926069422692,-3.121030636458515,2.584404552315918,0.7080851409912109,0.4851251159557374,-10.773907397637888
