sep=;
timestamp;gyro-alpha;gyro-beta;gyro-gamma;accel-x;accel-y;accel-z
1478633858031;21.958782533607547;-2.4199513043346856;1.503514393294651;0.16699557492905295;0.3520972816467285;-9.7764232497063
1478633858065;21.967384760054674;-2.419309259363269;1.5787475332877259;0.25213936005191645;0.4441244193754275;-9.835230837117042
1478633858099;21.975690563151524;-2.4518619768020664;1.6752729873353904;0.25139117431640623;0.5642834037780762;-9.785401333543593
1478633858134;21.985047006143265;-2.4723757296259916;1.7923412718867515;0.34386721800651865;0.4664204109191894;-9.788244527359309
1478633858168;21.998209719970298;-2.4512214324209918;1.951098918311974;0.35883096011618615;0.33907881925278344;-9.794230046779193
1478633858202;22.007138312856977;-2.409144749138291;2.1263653332057175;0.3935468910383177;0.3574842216823483;-9.78091230817879
1478633858236;22.010479594699664;-2.4068817093324673;2.2299393883821508;0.4303577392799314;0.44472295152415753;-9.804554957099642
1478633858270;22.014056479448236;-2.441608876208161;2.3306559207373327;0.4513070129394531;0.5243301544410642;-9.81772315299547
1478633858304;22.014756678170055;-2.464322322942825;2.410207980527095;0.4788403183315182;0.43963527642125844;-9.763554326734702
1478633858338;22.01608782223113;-2.459905836298177;2.4658574997175053;0.4593874321260373;0.3618237395908451;-9.787047449790235
1478633858373;22.013568410601973;-2.485741611177736;2.566116049192388;0.44726680562944965;0.49545011974831576;-9.78360556670699
1478633858407;22.012878136219236;-2.503629121769362;2.575629650275576;0.46073417740974104;0.4537012260160525;-9.800514960993837
1478633858440;22.015447530291596;-2.6619086658387534;2.5731456837471334;0.37828385773811024;0.46252983835883493;-9.950451700680516
1478633858473;21.961126621425105;-2.9483835534917353;2.507601973079049;-0.9062052918365224;0.8635586112976074;-9.266757269906439
1478633858506;21.97575243658592;-3.1023609741920515;2.6238684039060214;1.283890640258789;0.9009680122375487;-14.06114605783671
1478633858540;21.98716000477524;-3.1146247697926315;2.7118330508136954;1.8742110601563005;1.2913725204467772;-14.950891542053222
1478633858574;22.095476638905897;-3.164847018158924;3.19078683875102;0.004189852905273437;0.537498290400565;-12.683133657073974
1478633858607;22.173475409064626;-3.28341344303667;3.727369283544599;1.0019734313080086;1.036838956451416;-13.679121547698974
1478633858640;22.245906196054325;-3.398606599052173;4.348241683760955;0.8635586295639164;0.7739257049118168;-13.124115967614948
1478633858673;22.39932760283111;-3.586547653343636;4.992952779527835;1.5339350761413573;0.8026560883010737;-13.983783708953856
1478633858706;22.50329656208594;-3.742978971983909;5.3038751884087105;2.057666689300537;1.0462661620208993;-14.201057801873981
1478633858741;22.609729742443985;-3.838918518102538;5.958239638593554;0.47165776358339934;1.1086650062561034;-13.213748307745158
1478633858775;22.728595154418002;-3.9105135220199543;6.595107016768227;0.9319429962158202;1.084722989654541;-13.383587572534381
1478633858808;22.838706428407335;-3.9375794612688515;7.353906188521984;1.290773951765429;0.9689034478118642;-12.766182819421589
1478633858841;22.989058376519207;-3.9907982946656717;7.986590087046931;1.1523592230865731;0.8101379593559075;-11.530175773974507
1478633858874;23.06956537449856;-3.98619696309818;8.065418797906242;0.2576759536743164;0.7634510726486332;-9.520393282273877
1478633858908;23.15159931546737;-3.929648391089851;8.321795790563856;0.42437224426269526;0.5493196251357906;-7.501632497815042
1478633858941;23.24607785512543;-3.8194065058316693;8.69940956183747;0.06973112335205078;0.25303715142514555;-4.141968872070312
1478633858975;23.28275196200222;-3.7833282804602937;8.801061995381229;0.1619078872680664;0.0344166853973642;-2.3600842864990232
1478633859009;23.336777044745215;-3.7903044766439957;8.917037858462969;-0.4321533996582031;-0.012868833923339843;-1.5249568199157715
1478633859043;23.394286837669977;-3.8134621755730214;9.313922525054203;-0.14200608596801756;0.03860650177001953;-1.9439421104431152
1478633859076;23.493567395699124;-3.8335108861716827;10.307213883534946;-1.4612112007141111;0.34491467666625975;-3.0506618278503415
1478633859110;23.370314909031993;-3.814389057279352;11.937403739910177;4.140472496032714;0.09591770401000976;-3.323900092315674
1478633859143;23.2382989702377;-3.8615607683288338;12.306287285996998;8.100631825665385;-0.3559878593444824;-4.535665407562256
1478633859177;23.454385024987538;-3.9544373825236554;12.334557316313738;4.154388793182373;0.4745008232559077;-7.330596570587158
1478633859210;23.648957949617305;-3.9979952535944046;12.750500037550614;1.848922232055664;0.8644564551864751;-11.308862050274758
1478633859245;23.697361191320784;-3.8640793201684955;13.604053175785875;0.6590040069580078;0.27189152603149414;-9.611223106826655
1478633859278;23.699969446291185;-3.8347718406322393;13.845486646614694;0.8731354179382323;0.20919337005615232;-9.339631239595171
1478633859311;23.693505752555257;-3.7706019176807275;14.395805205497103;0.9952397026062011;0.593313071508007;-8.19176112635508
1478633859345;23.690666063415097;-3.698719350978297;14.843523137664299;1.3572130661010742;0.8485948509216308;-7.908347358703613
1478633859378;23.67293218438042;-3.560063091706575;15.285009639484612;2.0380640536101535;0.6186018482346495;-6.824372264806926
1478633859412;23.63168078158917;-3.4374759100314534;15.008777189143881;0.8454524612426757;0.3366846267257817;-4.791695055334269
1478633859446;23.60551283477299;-3.3108766795743114;15.18134295341425;1.0736498069763183;0.5017348762733396;-4.3260231246948235
1478633859480;23.577335947053385;-3.225025752935267;15.343116228295557;0.9443627711974084;0.5436334287297825;-4.94806664352417
1478633859514;23.531130477375367;-3.0639377067346363;15.362917537065348;1.9957166848113759;0.3745429039443843;-7.38656103439331
1478633859548;23.49502701251585;-2.9532956501163397;15.354228576675949;2.6764182447792493;0.36272156064682637;-8.428487815503031
1478633859582;23.461050554105345;-2.8240128896333667;15.436740578734598;2.5246855136374475;0.39309797594374973;-9.285611881974805
1478633859616;23.399027532955365;-2.590706850202323;15.340539937419914;2.425775139750633;0.503231266010669;-9.454103845499542
1478633859650;23.359997591325534;-2.4440570521853826;15.390275091711823;2.6093804932635973;0.3643675742881838;-9.449315145351708
1478633859684;23.324811499204248;-2.3452525938983473;15.394021538333126;2.7798176554473115;0.4975450325012207;-10.015843370056151
1478633859719;23.29056416225973;-2.2190441522146034;15.349557837876684;3.108871001843363;0.3652653862110106;-10.585962932641804
1478633859753;23.251276140998428;-2.0936637100961044;15.185515316614536;2.717568457949022;0.6316203072036616;-10.659434703826904
1478633859787;23.1940636159137;-1.8912894225134491;14.734226690779105;3.168875388690084;0.4987421333312988;-10.964545777893067
1478633859821;23.1505502688404;-1.7504198769510613;14.326548499663462;3.2459388276915995;0.5361515342712402;-10.87880343093872
1478633859855;23.114544820075952;-1.6186270423505786;13.840537523714756;3.1459809083800763;0.5373486351013184;-11.080066007995605
1478633859890;23.02806594765916;-1.3349870179006602;12.799698888829012;2.7823616773743183;0.2512415389959351;-10.674248680468647
1478633859923;22.981612249831468;-1.1615420840915684;12.433538504625774;2.8227638303894547;0.12569559629135765;-10.066271534784137
1478633859956;22.92372299878052;-1.718366090853009;12.460451657075172;4.217535861968994;6.185120421545207;-3.8256349777221677
1478633859990;22.928713206535395;-2.020906212590226;11.681147262671951;0.9507974073547869;-1.6262614411285146;-6.9376479308530685
1478633860023;22.89093051375207;-2.074519562188226;12.03624965276296;1.2630910133361815;2.6472388481140134;-1.5138836372375488
1478633860056;22.920573995166095;-1.3698412325734184;12.963377303775408;1.4443022245544939;-2.4467244590759276;-1.9955670837402342
1478633860090;22.923688315798067;-1.8737338218546826;13.17417558597491;-1.1457751319885254;2.427271607119776;2.217479650115967
1478633860123;22.761050122700407;-2.509147370147908;13.016167716558268;15.849315861157327;15.876400011709517;-57.327661791881916
1478633860156;22.964216615969768;-1.541138166062378;14.553594418980115;-1.2928688964843749;-0.6028898690154776;10.423605840301514
1478633860190;22.851436698102194;-1.9086734353198616;16.057438603986114;2.746448604522913;-0.6314706513335928;-1.6373346603393553
1478633860223;22.734786740680168;-1.8254583666743143;16.185916463724695;2.531569090005569;1.3054384552001952;-10.597634519604593
1478633860256;22.693443554390967;-2.0817854401738414;16.131742372682552;0.16340426330566404;1.2122142645904794;-15.767912858581543
1478633860290;22.640741642038382;-1.7784156982245518;15.7793246352068;-0.6628945846557617;-0.046387675431836396;-1.11075993270874
1478633860326;22.58834856907086;-1.9671804932012524;15.81835120711711;6.418705013275146;1.108365731048584;-18.55177083892822
1478633860358;22.520389497338954;-1.9765406187954817;15.850844186897987;1.976114268316701;0.642843127485644;-13.126959082086383
1478633860393;22.484207156032742;-1.8830700705935017;15.85954074678112;2.597858475405909;-0.7046434395721182;-6.912958018493652
1478633860426;22.44097775099666;-1.9163007556840292;15.890089658093252;2.7941829293403306;0.7902361854553223;-10.437821266528218
1478633860459;22.40540965784247;-1.9208594735860929;15.877707865902588;2.321178436456248;0.16759409794462843;-9.315988324671192
1478633860493;22.379499616230987;-1.8966400707033915;15.879844973837795;2.4898201802902853;0.200514407304395;-8.729708165740966
1478633860527;22.35443188808651;-1.9341036349687757;15.883842046328173;2.9873650666610336;0.38367080234030726;-10.101136658068746
1478633860560;22.318906374245213;-1.9518186548753806;15.880168642889268;2.81827463834458;0.43664252777099605;-9.293991395989107
