sep=;
timestamp;gyro-alpha;gyro-beta;gyro-gamma;accel-x;accel-y;accel-z
1478634002627;16.508898958285545;-2.531969733491674;-8.477864488509548;-1.3645452904189936;0.4635773124307743;-9.66374584181425
1478634002660;16.511460672820746;-2.502609300036974;-8.464905472196033;-1.3693336846061517;0.32620996706313454;-9.637708930726093
1478634002694;16.512114614561597;-2.4988762479979174;-8.469053493127817;-1.2737152466705068;0.4028244201881345;-9.72090772611089
1478634002727;16.51052345342515;-2.440373507489501;-8.530257325135969;-1.4133272177433363;0.26889878308945336;-9.682750348356349
1478634002760;16.508401703323646;-2.4129288672056894;-8.594827809493353;-1.5782278433868662;0.33264441142426804;-9.640252747157122
1478634002794;16.505512383100882;-2.3921678716495745;-8.664726853093603;-1.6593313332931137;0.35733459321174305;-9.678111355452577
1478634002827;16.503297994840743;-2.4012113598927067;-8.726425904206412;-1.7078140447754413;0.4460697127908817;-9.63606287598554
1478634002861;16.50785706591846;-2.4196266292107507;-8.785394491396762;-1.8522142228057608;0.45819033357924777;-9.611971395310153
1478634002894;16.515382497390508;-2.4425388286380643;-8.754464100643135;-1.874510298831202;0.46582185137099585;-9.595511615089606
1478634002927;16.520694862827877;-2.4951515458307942;-8.651532121642544;-1.8481741171021013;0.46417583544634977;-9.600898340496094
1478634002961;16.473356967348945;-2.6097512419121482;-8.271568207331574;-0.9849147810120135;0.27727849803315474;-9.847052189547755
1478634002994;16.514851369335673;-2.795123764178503;-8.236977301681716;-0.9445125914642587;0.19782091217041015;-10.303147715405375
1478634003028;16.464059711792643;-2.9377316930538564;-8.502863836153344;2.6526259479798373;0.805798514512647;-10.49962181607671
1478634003061;16.467480907271977;-3.0691865006370507;-8.04904615424256;-1.5427636764968744;0.7573159126281738;-11.403432577459514
1478634003095;16.478234069429703;-3.109114958833496;-7.82831179164934;-2.4630348848205057;0.5009866791213863;-11.927313828222452
1478634003128;16.487936313862438;-3.2352013823395827;-7.182498523816023;-2.514061380767822;1.1150994232177733;-11.72979262965098
1478634003161;16.514146209664776;-3.3629839929943053;-6.434330375584011;-2.3912089080810546;0.6682815292579587;-12.610559419250487
1478634003195;16.52652647201549;-3.4816314799226205;-5.745562941889094;-2.0444985801696776;0.8370727554321289;-12.62118368911743
1478634003229;16.57164105828842;-3.626410596301506;-5.161560963295589;-3.2333693420410152;0.6922235686924075;-11.607837836456298
1478634003262;16.622563756302775;-3.783936593278251;-4.260630031965856;-1.9683330398559569;0.8930372557708993;-12.432341325433551
1478634003296;16.712774455365505;-4.021067235918247;-2.7110948919336866;-1.38549457321167;0.8447042366912588;-12.543072859954833
1478634003330;16.767995258922493;-4.176953159813842;-1.9392924185326064;-1.3839981971740722;1.0170867562225088;-12.313379430444538
1478634003364;16.78033920140539;-4.256765531929936;-1.7155930600364924;-0.5774515129089355;0.9305962577819824;-12.324452320861816
1478634003398;16.85760232064068;-4.486483797261835;-0.6377825089139437;0.22685059816665015;1.2276269377777351;-12.602029783575237
1478634003432;16.935352991174856;-4.6644998318591835;0.21658103329112785;-0.20320787047233896;1.1813888451507315;-12.045079060772805
1478634003466;16.959658783206937;-4.730199547766923;0.3846094971727078;-0.42392331318510695;1.0826280814682132;-10.68277809694819
1478634003500;16.97343872669378;-4.758754307313049;0.49375109558071073;0.07152677802210092;1.0509048729385249;-9.57755459118178
1478634003534;16.98331343914456;-4.790710003210028;0.3849819510895704;0.19482815552863758;0.8690952026367187;-7.996334269714355
1478634003568;16.946773154586417;-4.748517100040072;-0.3242487099196231;-0.15502455749511718;0.49799398184511806;-5.071218391418457
1478634003603;16.926751262546176;-4.732091576948899;-0.6191403246181264;-0.02454056701660156;0.46627077331542965;-4.60270305404663
1478634003637;16.89150150259872;-4.714270212388737;-1.1866975804078703;-1.0057143714020027;0.21592702569272368;-3.352630512237549
1478634003671;16.851403706150524;-4.70251661730993;-1.4396762350964936;-0.7311293137039058;0.18106150054931638;-3.285293590545654
1478634003705;16.716396547263166;-4.713793299731739;-1.05485281576468;1.9003976225479504;0.06120177993774414;-4.20751014251709
1478634003739;16.59410850539278;-4.705403589507333;-1.0344156055438363;5.211129605732765;0.18570026626586913;-5.487360567474365
1478634003773;16.76749414302891;-4.702188128855941;-1.0071788404529578;1.7497125007629393;0.14006079711914063;-6.599616876220702
1478634003806;16.886909056480857;-4.6929482721358475;-1.0659043301505056;-2.0305823012863287;0.2657563842773437;-9.223661676556244
1478634003840;16.90731674991555;-4.657369172053059;-0.9301527555877815;-2.755277143229637;0.649277580979932;-10.645368476812541
1478634003873;16.91133183862099;-4.603673498396595;-0.624505161468449;-2.8101942351410165;0.7992144428225525;-11.3649760055542
1478634003907;16.865103652871987;-4.412893836700901;0.05981290511735708;-1.2515688596228196;0.5403414054428227;-9.98920776698906
1478634003940;16.813546071326524;-4.30646322292431;0.5600908337870568;0.1897404815673828;0.594959112548828;-9.259724521725438
1478634003973;16.76489396281185;-4.195011640923685;0.9404297499613735;1.5990274885757825;0.7954734741874504;-8.700229265539347
1478634004006;16.713684781202204;-4.073061979196611;0.6916773081935125;3.134458812890574;0.7582137702167732;-8.376263999529927
1478634004039;16.65641918599352;-3.9463949771284854;-0.7387574815305616;1.066467229395313;0.5894225029434077;-7.755268090057372
1478634004073;16.634599373573565;-3.8055236441011497;-1.5852190942037756;-0.16804301988906226;0.5078700088943354;-6.9241808387756345
1478634004106;16.628278181406596;-3.6616424930951696;-1.7547360540059431;0.1637035385131836;0.24555530776977538;-6.149058343560993
1478634004140;16.612366123778546;-3.4500727236547664;-1.9729782886006675;-0.11552023010253906;0.0010474632263183592;-6.205471135656535
1478634004174;16.591228010715145;-3.374392725930243;-2.0577309494009914;-0.5472247169494628;0.2214636535644531;-6.811054518072306
1478634004208;16.576138200204063;-3.2839702961769413;-2.0550617820871437;-0.2974795699741458;0.19348142166137694;-7.079953584289551
1478634004242;16.555635971356693;-3.20547195083032;-2.026146129517564;0.027682956695556638;0.4127005203025881;-7.933037563323974
1478634004276;16.537435344108484;-3.1083986448643857;-2.088108907671484;-0.5469254417419434;0.42960954212797803;-7.515548502703756
1478634004309;16.523587546508356;-3.045036942426446;-2.0204334282510823;-0.6183025604690425;0.5767033431564458;-8.222287197522073
1478634004341;16.51605087878073;-2.961006693077088;-1.9117933801116944;-0.5801449897766113;0.6673837310348637;-9.016563525213673
1478634004375;16.500033319295607;-2.9166814909023797;-1.7641465199645852;-0.37918168792724605;0.6084264786208979;-9.398139451333694
1478634004408;16.49778310204128;-2.914091083711965;-1.5314901101408545;-0.21787235107421873;0.7465420051574707;-9.914838087983009
1478634004441;16.509917280393367;-2.782584695379769;-0.9043741460888808;-0.3342904067993164;0.8078934226989746;-10.105176909902877
1478634004476;16.515438686640554;-2.817667147825309;-0.7479874246039754;-0.34057519529038105;0.7749731498718261;-10.102333978094533
1478634004512;16.53390869912404;-2.768217701256143;-0.2881950531505768;0.1548749244579347;0.8004115425109862;-10.907383994061126
1478634004543;16.558369054353328;-2.7255981051796785;0.37442720632341475;-0.438737440523901;0.7272387360061519;-10.797700068896635
1478634004577;16.583349703860687;-2.666216403370507;0.8614274526876843;-0.16819266662597654;0.6866869636535644;-11.11373432271108
1478634004610;16.615150759326408;-2.6038687160524994;1.477664988381426;-0.09262567672729492;0.6865373260498047;-11.700463367053121
1478634004644;16.63518917590112;-2.5273388798648884;2.03204080021704;0.34910454041715416;0.5909188972473144;-11.456554365185648
1478634004678;16.677544435972383;-2.47527628613378;2.563712581130934;0.41584289628181137;0.4132990741425601;-11.228955277606099
1478634004712;16.75693041412135;-2.9226783638664937;3.3432747616989187;1.4220061485290527;-6.927772287396341;-2.9132945075988768
1478634004745;16.81883406787956;-4.199700013644981;2.1602255759027664;2.1965303855895995;2.512864279937744;-62.42776316343546
1478634004779;16.99799210312374;-3.0140674860236647;1.419479967675625;0.5708674400771968;3.90359627887886;1.8013374740600585
1478634004813;17.04566237076403;-2.5872352002040313;2.193484317028543;1.763329522705078;0.9630676177978515;-5.517886930902302
1478634004848;17.12433104130287;-3.034363171248674;2.661053344736192;-1.3262380821228026;0.32680850834501907;2.9958944648742674
1478634004881;17.277464889188206;-3.031040368984544;2.1517705660310043;2.5981577506134284;13.624803243664651;-55.9131404461503
1478634004915;17.285329443891843;-2.7668781548289036;1.5862746208582144;-3.432088098100293;-0.4703109520843252;5.385158668628335
1478634004949;17.423785720190256;-3.165156792110551;0.8410787937630704;3.0140007245270533;-0.05581482620239257;-7.840411886596679
1478634004983;17.485257289444185;-2.9217476770342374;1.1620630669804182;2.851793434187304;-1.0624269501617178;0.6180027190059423
1478634005017;17.492977254005584;-3.042726049995313;1.0872558022103997;2.2367829192672857;3.2471361111847683;-24.50869420700073
1478634005051;17.530517108947315;-2.940433566733563;1.041064224882829;1.3971663063049315;-0.12090718383789062;-2.944419129180908
1478634005085;17.555391117898544;-2.943753078400161;0.7998111173175454;0.39698856277465816;-0.17163436804506926;-5.168482833862305
