sep=;
timestamp;gyro-alpha;gyro-beta;gyro-gamma;accel-x;accel-y;accel-z
1478633227514;32.844322442973926;2.2026655546562317;27.50816542975697;4.582501991238794;-0.3408744545148802;-8.670750705547736
1478633227547;32.85093947387535;2.1892715716650564;27.472177823050004;4.5085808665677085;-0.31364040378073693;-8.709357233575574
1478633227581;32.85332322245675;2.1745254990174474;27.42340378679149;4.46099624785271;-0.30675709227409675;-8.722974715600373
1478633227614;32.844975501755535;2.154055038503287;27.40446877005652;4.606892998283449;-0.34596212162626905;-8.68391877129611
1478633227648;32.85033081343638;2.1327037195570746;27.385353845358633;4.486883598968922;-0.3226186828392092;-8.722076835178886
1478633227681;32.8516209210547;2.122570429365498;27.325043294588124;4.388122620657272;-0.33039982225169656;-8.791807890032278
1478633227715;32.8422839586818;2.121499704700636;27.314689715110937;4.501099231262426;-0.35987842962154826;-8.694693214197997
1478633227748;32.827553968653994;2.135935532959475;27.38280555679434;4.692784836711082;-0.41150342403908724;-8.617629390462348
1478633227782;32.829670701538625;2.149130032189432;27.422366473576986;4.708646623639017;-0.4125508872654056;-8.625260903687519
1478633227816;32.84121937126833;2.1634093520534434;27.39291422138204;4.507683087467156;-0.3966892830005614;-8.70008006953788
1478633227849;32.848981267082394;2.17201144976574;27.325191575448684;4.423736342952633;-0.4004302345109987;-8.765172300664917
1478633227883;32.84763999182153;2.1828918977033256;27.283271310616303;4.51890586579371;-0.40462008741627215;-8.728511030661558
1478633227916;32.85033574977344;2.1967662971422848;27.271322298205504;4.617816424626903;-0.39968203964233395;-8.689156117110455
1478633227951;32.85874869980471;2.2017449440351737;27.220370468283893;4.433014047915674;-0.379780230636186;-8.74766467590885
1478633227982;32.859171687451656;2.2048269729513685;27.14621127366812;4.377947263601608;-0.36825813942785024;-8.795249372255661
1478633228016;32.84425203556872;2.192485920277321;27.091036302112165;4.44049594865326;-0.351049825270276;-8.69783556848598
1478633228061;32.827180824326994;2.0875492590571114;27.057730224161762;4.726303824350051;-0.2364274230735842;-8.79539902812573
1478633228083;32.79924845732221;1.8733457983120567;26.94948802364889;5.3106384843688454;-0.12913725204467771;-8.763975268333498
1478633228117;32.795962334392165;1.7292765840083626;26.171041301942754;5.905298248644918;-0.8285433937515132;-13.141473637390137
1478633228150;32.77131001186611;1.5652675050910554;25.717048762042747;6.01887318989858;-0.9469067383254878;-11.455057843017578
1478633228184;32.763114289803795;1.5751704622474354;26.235117408323394;7.992742967224121;-0.6482300994873047;-12.41707799758911
1478633228218;32.7875541795041;1.4842231059202624;26.463080400883047;6.019621670178323;-0.5776011505126952;-10.786028262738137
1478633228251;32.773110112276974;1.3412993098838053;27.218255337908722;6.182726512145996;-0.5138555313110351;-11.883170735113323
1478633228284;32.84378034652561;1.2203535912163201;27.133042333593934;5.759551222582906;-0.42721535873413086;-11.673678382110594
1478633228318;32.88597521605778;1.1173717721214125;27.508469887967543;6.638672290802002;-0.28416180040664035;-12.397774454443155
1478633228351;32.93906024716483;0.9978249845831343;27.58256671689313;5.353135709967091;-0.18420388680333852;-11.45356146697998
1478633228385;32.98260381265139;0.8872648043182919;27.976132142576084;5.802946200738474;-0.08903437423706054;-11.88766015548706
1478633228418;33.047840854136794;0.7929912567008257;28.291102689492348;5.600037536974996;-0.11806407393303234;-11.840973223114013
1478633228452;33.09944987159021;0.7134717756795658;28.63396060558513;5.839607559790089;-0.10115502014160156;-11.749395301873982
1478633228486;33.172411659252404;0.6538021436184295;29.02619556865893;5.617994122491404;-0.0652419952392578;-11.634323400060833
1478633228520;33.284829909041115;0.6454879462214349;29.688560924292062;5.169979173367284;-0.0282815071105957;-10.43856960067749
1478633228554;33.3599331220784;0.7088621699276123;30.22788424305931;4.268412866443023;-0.03666121292114258;-8.65833117487803
1478633228587;33.49788516823918;0.8538856865438051;30.71212527107086;2.1541829437255857;-0.0474351203918457;-4.989665605108439
1478633228622;33.547007883293226;0.9036429923931668;30.809862886047465;1.8887261269167064;-0.05117606048583984;-4.379892954309285
1478633228656;33.67513780833153;1.0154156699398968;31.207143939056074;0.8137292892456054;-0.05446807863540016;-2.4102128837585446
1478633228690;33.71668721400965;1.046906199830289;31.352331357526943;0.7697358337402344;-0.04668693237304687;-2.2565350646972653
1478633228723;33.83330576144971;1.1215938973568573;31.77458295124118;0.6054334525510668;-0.07272387542724609;-2.021304751586914
1478633228756;33.66995018006187;1.0801685019722813;33.355862252622735;7.646930172674358;0.1258452247619629;-1.7589900321960448
1478633228789;33.62683982962486;1.0741982446736296;33.83510134223059;7.988103909246623;-0.1312321739307372;-0.2792237686157226
1478633228823;34.05840275938112;1.0536382777021032;33.5160724072572;8.38883370437622;-0.5217863243103027;-8.484451913983001
1478633228857;34.212230041566684;1.0485118684976809;33.633443196245004;6.205770922320708;-0.5853823241745122;-10.100687891387938
1478633228890;34.264720950375356;1.0694838083490292;33.73887248500585;4.581753716455027;-0.5611410140991211;-10.622923128509521
1478633228923;34.30668377975964;1.1552484349209244;33.81545371316152;4.350713402380421;-0.7317278641189449;-9.27753157923594
1478633228956;34.37166813328149;1.2656830095442064;34.08263258198351;4.216637890215963;-0.618003303527832;-8.653991319042817
1478633228990;34.402262632242795;1.375891646941426;34.54915829819017;3.792415575817972;-0.6066308639083988;-6.527940610150248
1478633229023;34.42934069880662;1.45250766719758;34.607290148821285;3.141940473882854;-0.3555389465332031;-4.77897585901469
1478633229057;34.496631913398595;1.4755682158131855;34.846476593473014;2.532017893218994;-0.16579845583266578;-4.406378225652873
1478633229091;34.52311467694773;1.4871569284957513;34.88303391180229;3.466205453491211;-0.2730886211533507;-5.285200164794921
1478633229125;34.545421268855726;1.5076217804287384;35.078253683313996;3.440766914721578;-0.2886509399358765;-5.434089580535888
1478633229158;34.598526440802516;1.5343419048641784;35.382703154805874;3.6625298434935507;-0.29179333418140885;-5.418527269744873
1478633229193;34.62425175603666;1.5254115498565861;35.42199671004383;3.812017955780029;-0.16879122617417014;-6.348225848034769
1478633229227;34.6447644290676;1.5104090633834601;35.50589012719572;4.492270210210979;-0.23642741165714104;-6.875249342346191
1478633229261;34.65542807970416;1.4771532707615473;35.484760510374095;5.087229468890279;-0.13811551740341818;-7.6292733007568865
1478633229296;34.67418105011368;1.465101496627151;35.403065843249976;5.166537727676518;-0.05521627578735351;-8.030002474831976
1478633229330;34.67426823983744;1.4665054871439673;35.02435016447994;5.383512234861869;-0.055365913391113276;-8.052298886500846
1478633229363;34.667429267400195;1.4621972561296581;34.911205171715295;5.919962770345993;-0.04908113403320312;-8.685565218762308
1478633229397;34.65143358285469;1.477363956390138;34.829404359184885;6.472125930078327;0.016460136413574217;-9.4496146774292
1478633229430;34.644750213371644;1.5418540917073738;34.47698801495735;6.234052064105123;0.01705868682861328;-9.362824867248534
1478633229465;34.61736766086267;1.6260645416985444;34.19667822909895;6.277447334521636;-0.07885901718139648;-9.10036043718867
1478633229499;34.571643331610524;1.7379721735860056;34.101720886734945;6.920440044812112;-0.11611878051757812;-10.198102117566018
1478633229532;34.53869290018561;1.8713793940335801;33.77088147055989;6.726210142870992;-0.2018611183387693;-9.987711500549317
1478633229565;34.49487334807761;1.9877572785827557;33.517753253828126;6.62445679151006;-0.3298012832531007;-10.009408953094482
1478633229598;34.44761978993049;2.120630629742346;33.481330186029254;7.023390570068359;-0.589272865339648;-10.26154846156016
1478633229632;34.46480189208281;1.7432153729897144;33.270236402473685;-3.4343326438903805;0.14649521408081054;1.056591120147705
1478633229666;34.42851778520947;1.9627793401737692;33.33767624582265;23.100155442810056;-0.18151043162690475;-28.130074440112708
1478633229700;34.38533243314894;1.906661344037375;34.338384071826056;-1.5951368560791015;-0.9446621560027822;-1.4701894569396972
1478633229733;34.32174283068668;2.1909666659790696;35.57403758864125;2.8369790374204515;-0.3532943756269407;-1.9234417587280273
1478633229767;34.215075781578086;1.444011688225789;36.30677339760755;15.485546700286864;-0.5300163925170898;-19.800497226825357
1478633229800;34.272450012401514;1.9782885694856505;36.772016973725044;-0.9407716148376464;-0.02558803024291992;-0.40282442932128903
1478633229834;34.19625342751137;1.6755725179827181;37.35403174266471;5.324106087902933;-0.8993219803298823;-5.179107395990193
1478633229867;34.185287945226285;1.798605568802157;37.632612621353545;6.8161427811220285;-0.9338882850646972;-9.461286556652933
1478633229901;34.148653034865376;1.6948154201527912;38.266916655258285;9.298779972839355;-0.7776666267395019;-11.961132218933106
1478633229934;34.11805330676598;1.7434095470872433;38.75169046670761;4.37989266204834;-0.8249521277938969;-5.140051689147949
1478633229968;34.091329615738026;1.687320496644904;39.18378066353035;7.982866885375976;-0.8830114997863769;-9.56678121343404
1478633230001;34.06502442740046;1.660813784962366;39.74326339896732;6.427084993080329;-0.1892915687561035;-7.739706034994684
1478633230034;34.04073665687041;1.6701873453779827;40.0777565511897;5.674856265789643;-0.28161797341540074;-6.742221439538524
