sep=;
timestamp;gyro-alpha;gyro-beta;gyro-gamma;accel-x;accel-y;accel-z
1478633954093;14.40445768963656;-2.8254424807237997;-9.960798056723172;-1.3887865639617665;0.5158008292930666;-9.748889894081884
1478633954127;14.584898289396705;-2.8347852293269664;-10.636085853063223;-1.7335516989223891;0.5575497161754639;-9.63381854653705
1478633954162;14.714439881010014;-2.8307139315048038;-11.14673492396669;-1.9758149109107908;0.5428852310070069;-9.572018451933818
1478633954194;14.776697743028537;-2.8205548033118735;-11.402255545279942;-1.9479823565690253;0.5457283272121334;-9.578003723188768
1478633954227;14.963585249857841;-2.78597887857766;-12.233255954041079;-2.408417269046046;0.47075989572000104;-9.480739536473248
1478633954261;15.132877193801866;-2.7590391401373418;-13.011502838370403;-2.539050824063085;0.4469675224304199;-9.48133768046291
1478633954294;15.171972902647006;-2.739303815707116;-13.292786324823407;-2.8312930642059073;0.38950669171982444;-9.34666418870557
1478633954329;15.29777984948462;-2.7006252241396544;-13.799600358531205;-3.060687620367482;0.32785600810395554;-9.288455032978858
1478633954363;15.354778601336488;-2.6721599070669253;-14.086992734528774;-3.011307064996287;0.2989759323120117;-9.285013550755474
1478633954397;15.404100554068286;-2.6863096701597495;-14.207710195413789;-2.9952959509918466;0.27263971405029297;-9.309404516700933
1478633954431;15.41024513265817;-2.6685087166275525;-14.29593070789738;-3.1794998046874996;0.26440964584350585;-9.207052158267237
1478633954465;15.39507062979236;-2.653780074504542;-14.313606544986731;-2.9110500166077165;0.32351650846176777;-9.333495604650675
1478633954498;15.368636216826498;-2.687466049020578;-14.260086060521076;-2.847453998477198;0.31543607785874045;-9.45185904968935
1478633954531;15.284160166126501;-2.7906894930750017;-14.139657571780969;-0.3220201232910156;0.42392334515114777;-12.703035750634967
1478633954565;15.125960736821295;-2.9718189335252467;-14.325967371127083;-0.5720645591735839;0.4532523063549073;-11.299434588976949
1478633954598;15.08909323692426;-3.042143305022927;-13.736153882187056;-1.495777487182617;1.112854859161377;-12.836212925720215
1478633954632;15.032005717093224;-3.124163161851054;-13.262678065264264;-3.070264353942871;0.799962611433398;-11.83708264541626
1478633954666;14.982692437371824;-3.2494576853309773;-12.876353269905302;-3.3559225395202636;0.6353612838302739;-12.087725923974812
1478633954699;14.957500762582304;-3.367103770211456;-12.265593808563544;-3.1471780092101542;0.8277952422653324;-12.137106040954588
1478633954733;14.93450761026339;-3.6075593953797087;-11.53281810627988;-2.8561329429626463;1.0595838722229003;-12.69884560546875
1478633954767;14.927239671675093;-3.6816734035235603;-11.226539213254076;-2.317138330752589;0.8804676605224608;-12.715006466674804
1478633954800;14.96172768246313;-3.992187687689262;-10.264102139630147;-2.1651065618652847;1.015740054321289;-12.84189886240214
1478633954834;15.008837848607671;-4.202547963393939;-9.593726363480856;-2.196081399713084;0.877175633239746;-12.661735187475383
1478633954868;15.061415353980157;-4.408749488973563;-8.981378757827699;-1.5465046782396616;1.0405798782791011;-12.653206136322021
1478633954903;15.14806463010005;-4.6314357992201876;-8.423244397341685;-1.6970401007721199;0.9882067169631831;-12.824391847284138
1478633954937;15.244789045429266;-4.832262351548538;-7.949761558209523;-1.7799393332550302;1.1040262405395507;-12.60846449279785
1478633954971;15.353563022100241;-5.007660607984129;-7.517671619765503;-1.6690577958038075;1.0664672202621586;-12.0871272274293
1478633955005;15.630393460295123;-5.280196969714774;-6.744170355153461;-1.4426561561142093;0.8373720626056892;-10.228927244744822
1478633955039;15.782362609601169;-5.375222152425731;-6.396925925228483;-1.4942811476776376;0.7838017502273432;-8.164826211547851
1478633955073;15.934547425396808;-5.44120056420529;-6.101529162764385;-1.059284626698133;0.7007528618743643;-6.389974885614216
1478633955106;16.157137787540393;-5.541739527942461;-5.712616862889799;-1.1050737311653327;0.6648398552383296;-4.5048400611877435
1478633955139;16.295280021822744;-5.590365088820938;-5.498785167180109;-0.9389759521760861;0.5196913613250479;-3.4666543663024902
1478633955173;16.421277592678685;-5.629320317860398;-5.302652313708962;-0.9341875739719485;0.4864718863556161;-2.7762264625549316
1478633955207;16.49461788832053;-5.689300286220088;-4.402803695897108;0.31962592163085934;0.5412391762664541;-1.4710872825622558
1478633955240;16.463230891744395;-5.75605047145003;-4.152598080952504;5.172223627825826;0.5922656356811523;-4.3454760131835934
1478633955274;16.601896032715324;-5.834127819269867;-3.957269755816674;4.80576113621816;1.0464157813583501;-5.535843443353474
1478633955307;16.831430539416324;-5.883676475058724;-4.009568427752382;1.0417769973754882;0.6376058296203613;-7.326257226208597
1478633955340;16.939588444471962;-5.94062558833974;-3.8821462408208043;-0.45295300831450147;1.1011831078018062;-8.699630934320018
1478633955373;17.049871181183693;-5.917637910754704;-3.8850073649691934;-1.8824410552978514;1.0580875144516118;-9.771335265217791
1478633955406;17.12307750587535;-5.825869181409133;-3.60197800333302;-1.393724641418457;0.7203554610321298;-9.312247284112498
1478633955440;17.161307041738674;-5.7229820999993715;-3.5137276463064904;-0.7104793517845217;0.7498339959075674;-8.703371947479248
1478633955473;17.219819254681525;-5.484268954726496;-3.4317381468614023;-0.34880525436401366;0.4960486929962411;-6.769904469299316
1478633955507;17.267886488676087;-5.338983666052756;-3.494890781041284;-0.4531026641845703;0.7332242584228515;-6.409427481842041
1478633955540;17.30603972623765;-5.189776071747389;-3.654837085206529;-0.29448684073183684;0.8370727280326653;-6.615628392083942
1478633955573;17.335375704011724;-5.017159699858256;-3.8540933067807077;-0.6224924384904909;0.8683470443006721;-6.980594215393066
1478633955607;17.36444757871561;-4.853598414613341;-4.085793604456506;-0.5756558799301273;0.8638578682388178;-7.89383280339986
1478633955640;17.38231370778807;-4.654528711854933;-4.397057205276602;-0.6549637642570305;0.7472902068760012;-8.76053365824595
1478633955673;17.395749631905115;-4.430976755449063;-4.751085738251519;-0.9630675995315424;0.6670844649604987;-8.72925939906016
1478633955708;17.40849979531808;-4.210617833533034;-5.164780431967061;-0.8711901005482475;0.7058405643767269;-9.102904057256877
1478633955741;17.40826585358241;-3.883094745906064;-6.026480387056377;-0.9977835647030034;0.647033011215314;-9.376292361184769
1478633955775;17.411033239108818;-3.5710824994074786;-6.97949250945993;-1.1851298369041308;0.6802525421253173;-9.775525451483205
1478633955810;17.41331521768915;-3.3663386453751833;-7.536801429272613;-1.5046060875381342;0.540341384893225;-9.746495929883746
1478633955843;17.416767872587844;-3.1477027822545756;-8.08839461081064;-1.502361477815965;0.6217442344886716;-10.597484589739889
1478633955876;17.419044957206225;-2.9606613965388404;-8.547155066509152;-1.602169814322656;0.5156511836977966;-10.757596825762837
1478633955909;17.428946377718475;-2.8025867184458075;-8.941633154756573;-1.9654898888519032;0.5226841590660158;-11.062109641674905
1478633955943;17.436998514383006;-2.6489232465517505;-9.20038344455365;-1.7389385932922363;0.45654431337343554;-11.483339350128173
1478633955976;17.46566702546088;-2.5169335416108503;-9.446474357897936;-1.982399011141993;0.5885246955871581;-11.778873325292766
1478633956010;17.486837921022886;-2.371123196413111;-9.65927724513852;-1.9482816374847665;0.472106630728906;-11.588085672760009
1478633956043;17.51592231995936;-2.140587396569744;-9.986922616967792;-1.697189724961559;0.36137482164216633;-10.54406418439336
1478633956076;17.52521630019226;-2.196388403315279;-10.042213509162137;-0.7757213378906249;1.1493664710113778;-4.083759844207764
1478633956110;17.842065139358237;-2.652212342751526;-11.295990509557635;-9.619603141430765;2.8751369551727546;-12.807482798059285
1478633956143;17.804876624845857;-2.5574550917825682;-11.34482962604919;1.8665794692993163;-6.979995445782318;7.385213711437583
1478633956176;17.877042602608633;-2.0497377366301457;-10.89363365948187;0.8524855747498571;-1.3551182127136736;-2.2278046447753903
1478633956210;17.982885415144793;-2.8312339035742893;-11.444949334817846;-9.353696681158244;5.078251322262548;-46.32376132420003
1478633956243;17.953082824699553;-2.3181649244602442;-11.380693015699336;-2.5993548149108885;-1.4386159590790046;-2.3535002319335936
1478633956277;18.03451864321859;-2.5949238017412277;-11.273173765194121;0.4869207626342773;0.0053869537353515625;-2.980182516479492
