sep=,
timestamp,gyro-alpha,gyro-beta,gyro-gamma,accel-x,accel-y,accel-z
1478633894458,23.88609752692406,-2.713796807284756,4.5277096290675605,0.8940847098640632,0.6189011474166997,-9.814281517791747
1478633894491,23.897114549706497,-2.7695017038983667,4.596205870317765,0.8903437423706054,0.6069301208496093,-9.68813712742012
1478633894525,23.900249098889535,-2.8211470405015846,4.653984001596858,1.061828472811915,0.6884826331649907,-9.861866211855272
1478633894559,23.910271476457442,-2.8988493152009442,4.728624473676595,0.8678980789737543,0.6807014595031737,-9.780463225262507
1478633894592,23.91300970551625,-2.923995527726717,4.768769429810998,0.7858966926630004,0.5807435493248049,-9.702203116972465
1478633894625,23.909344728832668,-2.91614148042607,4.859451127053086,0.8758288902393309,0.4245218909996096,-9.73347725286067
1478633894659,23.90890726492707,-2.8780872585871564,4.921315033144684,0.9114426627670414,0.3654150101150386,-9.79198565411215
1478633894692,23.901524793063274,-2.835140641120346,4.920475914916977,0.8569745658653322,0.34057518615722654,-9.790489008646492
1478633894726,23.897936720743164,-2.823918274607375,4.921855330744118,0.8810662337703863,0.3378816910232417,-9.792883203456784
1478633894759,23.889579166488193,-2.766396207606107,4.955283564675266,0.9856629050987307,0.357484217115771,-9.80380694032749
1478633894793,23.89203297768596,-2.7474689287330105,4.961073063425525,0.8430582644345078,0.36376900560683567,-9.750236542896644
1478633894826,23.89768443669483,-2.7646961779286023,4.9409391320953855,0.7372644554580562,0.4219780471691163,-9.790788585248112
1478633894860,23.90906131063125,-2.8117142780744064,4.913887042961607,0.6049848137344234,0.35568859327011737,-9.82954452597578
1478633894893,23.86938493424198,-3.03276631377396,5.011612711624061,-0.6603507453918457,0.9834183319091796,-16.608876191711424
1478633894926,23.945541344428708,-3.2437559362985247,5.6710344621647115,0.7600094077621586,0.24600422058105467,-10.967089397961272
1478633894960,23.978071126223764,-3.299744681907812,5.8397908929498,2.939630798925832,1.1528080993652343,-14.516343940734862
1478633894993,24.086795066834018,-3.2790460081851425,6.330788128021916,1.8486229568481445,0.8717886795043944,-13.083264609527587
1478633895026,24.179209057525018,-3.293777482061014,6.943996003367567,2.9097031320434064,0.564283401352082,-13.344082952880859
1478633895059,24.265643617600904,-3.3677006264668803,7.424995901522936,2.246060432434082,0.783352855682373,-13.040467962591348
1478633895092,24.355025502670397,-3.4224008662827785,7.776490789626137,2.3886650688171387,0.6416460312221431,-12.96968937601298
1478633895125,24.50260492703571,-3.522162682130609,8.331870342573831,2.148795916924998,0.6983587058799806,-13.172448329107462
1478633895160,24.60919602199566,-3.615011250059864,8.697273255821294,1.9987094368865712,0.6771101798458258,-13.323432671301067
1478633895193,24.696063618835616,-3.6650626210607475,9.004777762417218,0.7326257080078125,1.1139023589203134,-11.795334046228229
1478633895227,24.801334848399534,-3.718806615060257,9.284246182017446,0.8147767524719238,0.9325415648971683,-11.64644448435679
1478633895260,24.899828572160494,-3.7895078944751726,9.430512287729531,1.3549685020446776,0.8391676818847655,-12.163592189081012
1478633895294,24.989862238464408,-3.820545283216625,9.478697187501766,2.19638074798584,1.0226233840942383,-12.5011743309021
1478633895328,25.059402108353193,-3.7916084039036866,9.300695420396595,1.636436852983106,0.8420108146225102,-11.02739371760264
1478633895361,25.160978650097668,-3.7299284763425113,9.00826333329223,0.604535919189453,0.6341641524612103,-8.460659534985199
1478633895394,25.222094757369344,-3.6245963422094967,8.537597439393721,-0.20949264526367187,0.4010287598098628,-5.303306314849853
1478633895427,25.24397766543775,-3.560378208601227,8.208218585625772,0.01062426986694336,0.297479556274414,-3.9694367149353025
1478633895461,25.261890657386203,-3.5187487284880117,7.889844610642883,-0.35464112091064454,0.3151367935180664,-3.2378584701538085
1478633895494,25.28214322349694,-3.476960781380181,7.740771456068709,-0.6359598159790039,0.30271687240600587,-2.877381482696533
1478633895527,25.249967440626623,-3.4196691557747565,7.611212866686401,-0.5430348640441894,0.3345896820068359,-2.600252640533447
1478633895561,25.113039284183305,-3.390186136611184,7.96225654342827,2.3675661666870114,0.18285715179443357,-2.1505916412353514
1478633895595,24.970381569218098,-3.3986119146057163,7.591849766240349,6.165518333844095,-0.45295302658081055,-2.946962968444824
1478633895628,25.165584770663887,-3.409162829197319,7.315141097299334,6.269815305273235,-0.49036242752075193,-8.157194693756104
1478633895661,25.268948451380698,-3.4406606046078196,6.80888297094206,-0.03486556167602539,0.5500678177211666,-9.708637484843429
1478633895695,25.280303603305217,-3.3734443620592796,6.859386013681758,-0.37978023834228514,0.5931634476039791,-10.422408958667143
1478633895728,25.258662534670062,-3.2845786098622893,6.872249022356762,-0.45579606798700983,0.45863927378999064,-10.272621351977437
1478633895762,25.218209177394794,-3.1559709644154195,7.099705687175632,0.06344634399414062,0.3845686599289067,-9.230694790063426
1478633895796,25.181852445378826,-3.0396278313552423,7.378077494528397,0.2011130125183612,0.22445640563964842,-7.9044564887449145
1478633895830,25.15619015156389,-2.943972162937887,7.656402735163805,0.09861118087768554,0.2082955261672847,-6.373663802282512
1478633895863,25.126102795462785,-2.8612696504756014,7.773920660146058,1.4214075981140135,0.12300211029052734,-6.096984457452595
1478633895897,25.099993690670846,-2.8091403111047586,7.914998851276798,0.6931213806152343,0.28176760787963867,-5.634902952520549
1478633895931,25.038557617368667,-2.7813207701176776,8.067139234206511,0.9790788048675283,0.14784195251464843,-6.673986765289306
1478633895966,24.974194009469812,-2.773319236403768,7.941748631537477,0.3188777336120605,0.3235164810623042,-7.108085453796386
1478633896000,24.90389182964573,-2.7408699894086106,7.854734383799429,0.971746635348536,0.22400749282836913,-7.33523533630371
1478633896034,24.788937129993446,-2.785524990074342,7.557844231855319,1.1836333726745099,0.5318120391956297,-8.973317965466157
1478633896068,24.708809760187247,-2.7824229237595044,7.300527162368901,1.2132616342019638,0.3737947341918945,-9.351751684570312
1478633896102,24.606566672817948,-2.8306751758488646,6.882333183658175,0.7453449043273925,0.5443815842117182,-8.955810731152445
1478633896137,24.46785386515733,-2.9560903331261974,6.370594924112024,1.6120459418365731,0.6462848197715823,-9.998934393896535
1478633896171,24.379675982845345,-3.0037762702455963,6.0251753901547325,1.274313851884473,0.663642763541406,-10.15769963575732
1478633896205,24.295188904004263,-3.1115432987173146,5.733783228929051,1.095945837335987,0.8559270935058593,-10.374524779333546
1478633896240,24.15344045488948,-3.322223434669055,5.231337315539612,1.073949100450147,0.7187094199913088,-10.433182427746429
1478633896274,24.052726934850234,-3.4399647649069207,4.889133561104914,1.1884218125274404,0.6789057991249021,-10.580426122106983
1478633896306,23.977036694955324,-3.636708322059387,4.7313843593583895,1.1704653000762686,0.8987234299148432,-11.476156745147705
1478633896339,23.88193323646699,-3.747015310733973,4.478231290233938,0.9389760001251474,0.9585785262176767,-11.44203951762095
1478633896373,23.793714831160063,-3.872414945615458,4.314354585898885,1.2981062126159668,0.8674491707290523,-11.57282249104604
1478633896407,23.68926708122118,-4.069319856284934,4.226764984646398,1.0628759360382334,0.8545803916046395,-11.335497397613524
1478633896439,23.573017159968355,-4.2073234563389725,3.891499287214781,7.834725876849517,5.606322608593851,-63.73379841548502
1478633896473,23.543654942765325,-2.748033937391945,2.7693801027985945,-3.253869693756103,-0.03681085052490234,2.008286864581704
1478633896506,23.498078637301692,-2.5608581051236037,3.4580812894432995,-3.027168724060058,4.753687286642379,-3.2814030128479
1478633896540,23.43020953713447,-3.2079392073456794,3.4862944724507976,-0.3646668403625488,3.659088361270167,-0.32710780181884763
1478633896573,23.436290673072193,-3.5288514296070628,3.7378585152721815,8.611344821166991,2.9058127004761247,-39.66144687652588
1478633896606,23.457738121066928,-2.7743012303302823,3.8752391732502542,-2.448370472717285,0.21009119567871093,1.9996078835636377
1478633896640,23.507767308068033,-3.1338051303560484,4.007084662364197,-1.9334674051146954,1.0784382102966308,-22.97071833103597
1478633896673,23.467529943370188,-2.8748232271538403,4.075483535602424,0.8192658805847167,0.7196072182144038,-3.049015814208984
1478633896706,23.51891937059178,-2.992224105579482,4.008916542716635,4.0601170297484845,1.6469114304473622,-14.117859294183551
1478633896740,23.556043929618124,-2.9149045006816894,4.1433762822867894,2.703801789269969,-0.5683236190795898,-8.593537800189107
1478633896773,23.60830768462877,-2.896811839111678,4.31884491269913,0.8875006370323244,0.5382464515907224,-11.699864816638081
