sep=;
timestamp;gyro-alpha;gyro-beta;gyro-gamma;accel-x;accel-y;accel-z
1478633508618;26.56695833654778;-3.125667218557854;5.167311703704785;0.8933364693296257;0.6627449287856929;-9.733626753467112
1478633508652;26.563099098213257;-3.15856770419601;5.144135356090924;0.8357260078651364;0.634912343619531;-9.779415853367734
1478633508685;26.56477544855028;-3.157235401737578;5.1242460980924545;0.8245031601836904;0.5446808879603456;-9.793182638494507
1478633508719;26.568017221750875;-3.1452568514788437;5.123633477495028;0.8363245628467527;0.5002385070856078;-9.75741922436728
1478633508753;26.567905012360725;-3.1427006526239856;5.1306848235695535;0.832882929926319;0.5321113149739715;-9.762507110103558
1478633508786;26.572532172213393;-3.133953989194277;5.174133121746264;0.8209119307586923;0.514903003670508;-9.767743946744536
1478633508819;26.57544872840926;-3.1293189943698456;5.1968954209835285;0.8719383011251338;0.5141548133684205;-9.727641457095986
1478633508853;26.579901926216856;-3.132639391480286;5.289693547029634;0.8812158439746824;0.5556044250432983;-9.729885655826202
1478633508887;26.5872869547716;-3.1432591273063486;5.413784326954273;0.9458593161983648;0.5385457479186617;-9.76564930341969
1478633508921;26.591264842828956;-3.142103609721349;5.463170227341262;1.0085574310745111;0.51250878831062;-9.740210938179994
1478633508955;26.600667956778334;-3.139896671732569;5.615504191094751;1.0776900131446774;0.5425859523745544;-9.750685612684016
1478633508988;26.609457097786624;-3.1376069418130026;5.704597920122444;1.0580875144516118;0.5380968054246302;-9.739612185979322
1478633509022;26.616477587208845;-3.12858805927699;5.782230459909089;1.0746972519363276;0.49963994297083697;-9.743502692324306
1478633509059;26.621325528083048;-3.128088765679254;5.845461191345895;1.0591349685447755;0.5291185783109744;-9.742904599994048
1478633509092;26.62724412353948;-3.1284182444287763;5.917987290911085;1.0384849952089483;0.5487210918454162;-9.750535681677666
1478633509127;26.62860492886927;-3.128708754035544;5.936848233400058;1.0411784720766242;0.5214870468194945;-9.72988575058268
1478633509161;26.62624604548441;-3.1659790890996584;6.004665916704453;1.0305542079179024;0.5749076645118649;-9.73751755553365
1478633509196;26.626513421600034;-3.2076966421386355;6.046062768733903;1.078288554426562;0.5970540298683102;-9.751433721929358
1478633509231;26.637336770413036;-3.269367429649798;6.071984373216859;1.3284826827118172;0.4906616844619624;-9.858574458567192
1478633509265;26.60498416750202;-3.3746111407683252;5.983519415967585;1.0558429503952151;0.9549871871948241;-10.016441701275483
1478633509298;26.594381504909833;-3.4638529876004305;5.964270063440291;1.5318401131561026;0.5318120300624752;-10.412981643499807
1478633509332;26.591342422344546;-3.531250551031506;5.89013625509825;1.8433856407165525;0.6232406036764033;-11.795184262493997
1478633509365;26.600596739046942;-3.5316489067306387;5.7343554481877845;1.8728642486572264;0.6332663322614622;-12.763937670843303
1478633509398;26.600072737880584;-3.574999811721861;5.695168395299395;1.3302782974243164;0.965910732269287;-12.799402075195312
1478633509432;26.616857551734977;-3.6184692275795074;6.0868619467979705;0.7433995789458975;0.6087257732363709;-12.589310879516601
1478633509465;26.61754727586735;-3.7069082644014366;6.554637898334279;1.1125555990806446;0.4804863456726074;-13.34049194265157
1478633509499;26.608317183653966;-3.7570194528374428;7.173007745617787;0.9974842666625976;0.7781155030181631;-12.902353038842975
1478633509532;26.63488756074095;-3.8032949991912792;7.836764488700963;1.9877858552794903;0.987009634399414;-13.183072891235351
1478633509565;26.65853285845093;-3.8350072873589727;8.471919238049558;1.9844939010620115;0.9708487366607412;-12.518232725469767
1478633509599;26.683678854917744;-3.8932097559994987;9.255946131708841;2.1058500342437996;0.9727940620422363;-12.05181246068105
1478633509632;26.715993807225594;-3.94162863580128;9.969136886291748;2.902520600128174;1.12482583092954;-12.59260319906026
1478633509665;26.737173209414173;-3.9609115881366446;10.682876115975386;3.242497235870361;1.0281599754333495;-12.282853067016601
1478633509698;26.769961192565837;-3.9607943050889465;11.129221807934625;2.2140379486968738;0.8200140686035156;-11.172841614587604
1478633509732;26.819327351997543;-3.930354064053759;12.097183309403114;2.5037364226410164;0.9108440575530752;-10.296712933117524
1478633509765;26.86521866319189;-3.8937516485990313;12.938751592782118;2.497002712205518;0.7736264388374519;-9.57860206810783
1478633509798;26.905345384462855;-3.846523774191558;13.404388443425354;2.0916344253540036;0.635810203491419;-8.976310863671824
1478633509832;26.971861552099334;-3.764308641507843;14.03078631111509;1.8975543802123516;0.5758055038341554;-8.105120953778178
1478633509865;26.99592599990456;-3.718261499649907;14.506226993897336;1.9512743164947255;0.6763620055267587;-7.759607434435933
1478633509899;27.052229748926457;-3.6932949928279593;15.560058132964667;2.2809261402405796;0.2454057066986337;-6.5963248489379875
1478633509932;27.07247226895428;-3.686616197807965;15.840114882292674;1.5529389787536114;0.28206688308715816;-6.243180396325886
1478633509965;27.109326239454077;-3.6645498789576743;16.44816732138679;1.2219406723022461;-0.14021043472290037;-5.34370846786499
1478633509998;27.18624226097331;-3.694177140194184;17.51491873279344;1.1381436141967773;0.13946224670410157;-4.20092608795166
1478633510032;27.272540665789652;-3.7598522776534526;18.491205018607886;0.9548376957215369;0.3414729935134761;-4.397250624084473
1478633510065;27.359278203839363;-3.822018759778632;19.47614983748592;1.1351507159911096;0.30301614761352536;-4.774786298370361
1478633510098;27.490242731116123;-3.9283095891775828;20.719159215717866;1.2960111400328576;0.4514566140105948;-5.731120516259968
1478633510132;27.513382610159148;-4.052801658132512;21.656920383355487;2.7172693197388202;0.9370306564773432;-7.29692810974121
1478633510167;27.482002883963606;-4.1871270362518604;22.80969751068989;5.310040007019043;0.8096890922104008;-7.829638271386921
1478633510199;27.566474757625105;-4.331818807238454;23.97502113366637;7.372345462036132;1.1004349380493164;-9.900023718615621
1478633510231;27.66153155068305;-4.394412546940667;24.705649248709932;5.403862930706888;1.1626841446807608;-10.642824929809569
1478633510265;27.700214891137044;-4.434665616143002;25.515098856563036;4.342632843913231;1.1360486877441405;-10.718840978650004
1478633510298;27.698767019753145;-4.451805162412566;26.212789275366887;4.103063040293846;0.6016927681853994;-9.237578229434229
1478633510331;27.68813208576821;-4.510723086935606;26.716820624645752;3.7571008821349587;0.8637082306350581;-8.254160043655522
1478633510365;27.7036216822859;-4.593887291608979;27.360007933340754;4.07717568004448;0.4786906944274902;-7.260416388293355
1478633510398;27.733924318944357;-4.6684463799878575;27.576032927923364;3.7565024778503924;0.6536170714889653;-7.272087975256144
1478633510432;27.744214166176253;-4.749633004001458;27.771485350638738;3.8177043308533727;0.5768529807602055;-7.278372900744527
1478633510465;27.751480521008443;-4.812354164277149;27.819555838899447;3.7321115484375507;0.6224923951080069;-7.279719785308838
1478633510498;27.760038304886056;-4.809375513304786;27.659181339214467;3.625868849768117;0.45534719170834864;-6.2997434105470775
1478633510532;27.934461420509514;-4.704530004552476;26.730361853981947;2.9297547901429235;0.174926358795166;-4.86172545389384
1478633510565;28.281641215316792;-4.569021613679681;25.178431387424574;2.2198737056456506;0.14350246200561523;-3.767874862670898
1478633510598;28.36348242673687;-4.593103502437344;24.313310418404665;1.8860322116576134;0.15532383270263672;-4.294598935644328
1478633510632;28.36281955091409;-4.711919382463071;23.527618115932253;2.858227869415283;0.6890811653137207;-6.689998281152546
1478633510666;28.343375422187638;-4.748489733544719;22.582761468643792;3.359064819601364;0.8219593757187016;-8.13085854855962
1478633510700;28.34150953037202;-4.747671132990652;22.26381948523993;3.49284092869414;0.900818392900098;-8.718335744387842
1478633510735;28.322861455539893;-4.704535525090718;21.153434618697155;3.566163404768775;0.8918400910087395;-9.137320984682836
1478633510768;28.321185396811337;-4.650064738891435;20.434639461417063;3.3604115626017794;0.76674306339873;-9.56812791533526
1478633510801;28.332803094692693;-4.502858455688347;19.480484573238247;3.5977369437286626;0.7936778526250855;-10.013898300402984
1478633510833;28.350415639605053;-4.404126638464507;18.952835038420876;3.5863643031798302;1.031003089904785;-10.463858501843362
1478633510866;28.371356128939517;-4.251020063557818;18.4731281934839;3.360710851509031;0.9292495010818355;-9.975591000775248
1478633510900;28.404614333876268;-4.149843082805906;18.043908246718075;3.389142051022313;0.8777742201874033;-10.258406071881204
1478633510933;28.446134038200753;-3.9459360340908365;17.36561901767717;3.3593643140045923;0.7570166556869633;-10.622025302886962
1478633510966;28.460792596357944;-3.869996849673314;17.114415771216105;3.2914287688324224;0.7951742537788581;-10.647613333129883
1478633511000;28.49694826359126;-3.6063421872346453;16.457335561797336;3.0165444541931152;0.579097501434118;-10.195707842840626
1478633511033;28.522137551802043;-3.4661176031641836;16.126254338130558;2.702305351583578;0.6474819114685059;-9.96361970021352
1478633511066;28.52553147330477;-3.37616229439226;15.938558696869634;2.754828234984935;0.6866869636535644;-10.152312864685058
1478633511100;28.51790935495098;-3.3169317345132434;15.86023133729152;3.4651580633301284;0.5569511543439817;-10.910975369616597
1478633511134;28.554969693777444;-3.2083085552975183;15.924273490298662;2.76051439086257;0.4908113585983403;-10.582520683233438
1478633511167;28.609779657146387;-3.5724575140734816;15.811994701730265;1.7359457681518047;3.6749499107360837;-4.52324577871114
1478633511200;28.577288740804896;-3.7045713848722293;15.132328803927479;12.419621836853027;6.073940120343119;-56.15121212016642
1478633511234;28.467147135517976;-3.4734010298861526;13.536465334507916;0.965910732269287;-0.07960716866757721;-4.904671738433837
1478633511267;28.5139406871605;-3.3528053210493978;14.597142353985944;0.05416881256103515;-0.14155717315673827;-6.032939563043415
1478633511301;28.57179291100856;-3.241843882950891;15.17719492015555;2.3543980210235342;0.44861355433808636;-15.690400579833984
1478633511336;28.6527625961683;-3.379655421430487;15.416917604312047;-2.1972785736083984;0.950647696685791;-3.030610388946533
1478633511372;28.54212339255142;-3.2132359911880433;16.039965941070204;5.59913985748291;-0.1771709228515625;-15.906477279663084
1478633511405;28.64088323456748;-3.2389647134235044;16.175940606780742;-0.309001651763916;-0.004489128112792969;-5.989244798223674
1478633511439;28.56118558401615;-3.2735386190971476;16.613233694023595;4.236090924835205;-0.4192845657348633;-12.342708400781452
1478633511474;28.61252760317648;-3.2678375861677584;16.949398376853125;0.6400001774109899;1.0965443603515623;-6.816292126464844
1478633511507;28.579762747190074;-3.257764112741009;17.418598879520065;6.111648650360107;0.6100725059619871;-11.205163336999714
1478633511542;28.57441030588573;-3.274005643707731;18.0540165225322;4.065055143737792;0.8969277969360351;-9.94880586970225
1478633511576;28.603735809380947;-3.2416233588451835;18.45912892491652;2.9821278692604505;0.514603719329834;-8.761581011874414
