sep=,
timestamp,gyro-alpha,gyro-beta,gyro-gamma,accel-x,accel-y,accel-z
1478633650517,31.747495408691883,-2.1286420338086347,37.24404127108593,5.987299536774261,0.36077627750617103,-7.776665995683672
1478633650554,31.749838323823994,-2.1290408006602335,37.25104181090519,5.994182861980632,0.36885670953625377,-7.7799582033461885
1478633650588,31.754585864019468,-2.1315395999044613,37.23985294848533,5.9579710025454755,0.36601359535022926,-7.7842977566456595
1478633650622,31.759195121743627,-2.135323614621567,37.19848108785574,5.918466267015054,0.36646250330952024,-7.8022544654596535
1478633650655,31.75733935573693,-2.1339354677672393,37.15464576808236,5.916371335139607,0.34745852962990753,-7.8242512023454935
1478633650689,31.754935825240057,-2.1299859060528035,37.12735806039147,5.936123567619966,0.3390787964198971,-7.809736154422219
1478633650723,31.75270486911527,-2.1281531966447305,37.11386839151642,5.93298141311974,0.3287538177434937,-7.8044988011871865
1478633650758,31.748029020059786,-2.1188421069424193,37.06899134240081,5.916970157551404,0.3408744727811892,-7.814973313006895
1478633650792,31.74384109906866,-2.1163944389156084,37.02289112218948,5.902455261324118,0.3643675664393791,-7.849539540680719
1478633650825,31.73883081386445,-2.115262525524715,36.97726037926361,5.894823923448379,0.3540425533709407,-7.817517415419826
1478633650860,31.73740916925921,-2.115208075367273,36.91296872401091,5.827935995660186,0.37858315463687175,-7.854029013570095
1478633650893,31.735444584525517,-2.117131812794475,36.87864168701422,5.832275207608006,0.36571429388489046,-7.8630073748269576
1478633650928,31.735223326528995,-2.1205910272971145,36.86005492961572,5.8506809548141545,0.36571430758462226,-7.880365167899732
1478633650962,31.73742385253281,-2.121932495171481,36.863393115533924,5.858012724757637,0.35823240627621417,-7.8496892319417615
1478633650996,31.73900641095226,-2.118908780086768,36.87379769458063,5.885845703220265,0.3429693946672487,-7.834276833890786
1478633651030,31.742691363655283,-2.120438497986004,36.90817175443118,5.934477581378072,0.3687070642263948,-7.81691903510979
1478633651064,31.74186068924147,-2.1184309018984107,36.92398580623259,5.911283873809606,0.35658639320567886,-7.813626470112602
1478633651098,31.73709820239823,-2.1166936611159164,36.94925722750016,5.967248326199315,0.35883097781167306,-7.792079109545634
1478633651132,31.73413480569694,-2.1161794332951245,36.93530075369149,5.961412281556171,0.3646668280898724,-7.8010574160035695
1478633651165,31.730659834063726,-2.1146226198608193,36.89310112848194,5.930886712712677,0.35972881756208,-7.827094291700754
1478633651198,31.726864522800035,-2.1123233087703,36.83396696878948,5.874023987532602,0.34536357577780724,-7.836820399730888
1478633651232,31.723159375821595,-2.1163045150216067,36.762930331643865,5.81581530865645,0.3627215532261383,-7.898321579886204
1478633651265,31.720292609385048,-2.127924220178253,36.691669372709995,5.761496949823201,0.3718494493387727,-7.908048165694484
1478633651299,31.713156308243505,-2.1519432920284323,36.637242627060445,5.744887057074857,0.3883095908897463,-7.932438985509472
1478633651332,31.704663864557624,-2.2003595044982815,36.642732730823994,5.9458499205328055,0.39908348466071764,-7.841758396701654
1478633651366,31.711313924402216,-2.2641410753550804,36.659868475429604,5.983259750731009,0.46582185137099585,-7.842357296459854
1478633651400,31.72284067283617,-2.36723112411346,36.612657525847546,5.870582552901515,0.5190928383094724,-7.975834109795512
1478633651435,31.689947552766206,-2.5023923156521723,36.42662647907356,7.747037875720113,0.651821420243848,-10.445901843261717
1478633651466,31.70354584383255,-2.5355731769437067,36.58208447623298,4.9238252786498515,0.39968205790864303,-6.350470119830221
1478633651499,31.726431560420714,-2.620670165430115,36.87652861263134,6.146065153094381,0.36047697832412084,-8.448539327472075
1478633651533,31.72911750767568,-2.664415909039396,37.07346377822635,5.823596053060004,0.3190273803489748,-8.018480342809855
1478633651566,31.71073953178146,-2.7201913568178644,37.16089402220448,6.0577789394766555,0.13901333389282225,-8.094945505390967
1478633651599,31.709535646524348,-2.7203920558439534,37.586498486387875,6.5262944138457994,0.24914661026000975,-8.632743217700346
1478633651632,31.701513616654182,-2.774702998496964,38.40422915951468,7.150732097802683,0.3462614151000976,-8.91121843297109
1478633651667,31.575216645714942,-2.9936286884406207,40.162029267908764,7.671620523425191,0.5467758041381836,-8.68376956751719
1478633651699,31.71987357904137,-3.066159698465549,41.70254677931966,7.906252432250976,0.7110779113327153,-9.227851602526753
1478633651735,31.769395157837426,-3.143620090984096,42.654025195172565,7.972990803527831,0.7203554062332026,-8.953416383361816
1478633651768,31.798926657779507,-3.1786185026176916,43.187084542818006,8.189366924694925,0.7407061386108398,-9.009680122375487
1478633651800,31.836273810489192,-3.238813091235645,44.19773433003441,8.198494672393798,0.7071873245018069,-8.937405013629048
1478633651833,31.90296366744128,-3.3660110086685693,45.76018062875639,8.506000240381061,0.6769605285423341,-8.742128086853027
1478633651866,31.94008645427463,-3.4428226480587636,46.94293985870451,8.54939499934092,0.7899368919814936,-8.32867909540385
1478633651900,31.97200702358301,-3.5130667061757874,48.06157610045398,8.462455332360788,0.8500912452255375,-8.130259632818401
1478633651933,32.01718737455347,-3.5830967332982286,49.651755234296175,8.960898263549804,0.7939771255493163,-7.720851441192626
1478633651966,32.07701939909312,-3.5682229028492793,50.58985261534224,8.902389960479736,0.6425438842441653,-7.099256762109324
1478633651999,32.12334477493333,-3.608566779154074,51.380737206814054,8.49866785166636,0.9208697952712885,-6.5634045395782215
1478633652033,32.121990373091485,-3.681646487780268,52.20797554536796,9.269899769183247,0.8743325187683105,-6.929867067718505
1478633652067,32.11990356925259,-3.728028863663967,52.87848257540419,8.857798100689799,0.6492775866881536,-6.318597602490335
1478633652100,32.10705675736456,-3.8177907704668694,53.50986101795498,8.312518489926122,0.8231564582824706,-5.944054397151851
1478633652133,32.10598185714956,-3.8892965573977754,53.80830826925107,8.142829410729929,0.7173626404582755,-5.767631803882983
1478633652167,32.084870220175,-3.9387459081922387,53.93530324108261,7.682095575813483,0.8441056862762197,-5.502025107441749
1478633652200,32.076503739922224,-4.016585414239974,54.31738082379861,7.226598216778412,0.7869441307731438,-5.220706284509227
1478633652235,32.07421770239819,-4.029274702214571,54.42395614995511,7.116614724145457,0.7463923447208246,-5.130475174768269
1478633652267,32.06146665266711,-4.053686706906418,54.74791310455275,6.099079383905232,0.5864297508682124,-4.373757520294189
1478633652300,32.0693848895734,-4.074021169289177,55.09562020769393,5.482272596685588,0.5855319526451174,-4.1071031642638145
1478633652335,32.07346030446144,-4.066797635750528,55.20446692935268,5.075707227270305,0.5319616813659668,-3.867084593963623
1478633652366,32.09065689805986,-4.036701799348805,55.62737559978176,4.3339539176940916,0.4746505156585946,-3.463661760357767
1478633652400,32.09818389339752,-4.017584377441659,55.78120471365356,4.137330398614704,0.44606971507417037,-3.3845034679688513
1478633652433,32.12060474251165,-3.9565322751871443,56.33368633122149,4.0864530288144945,0.3790320685897954,-3.4283472858704624
1478633652467,32.141903326672335,-3.9149615329560254,56.748725494912826,4.496310717773437,0.3989338333572261,-3.8827966884888707
1478633652500,32.16394687674237,-3.8814139523608326,57.20463430549457,5.679495250701904,0.43409872503969815,-4.98293249746114
1478633652533,32.15570943929394,-3.8769690100673766,57.78021404838818,7.4726028757508836,0.45878889312744137,-5.396979491336085
1478633652566,32.0594868086706,-3.820483620110643,58.73687930979903,10.646715653637797,0.13991115951538086,-3.9915830072265117
1478633652600,32.17352216903292,-3.6748982655010307,59.60598644985236,10.656591735485941,0.050278271395899354,-4.291307200622558
1478633652634,32.235011117294086,-3.6187302698482244,59.804586213028934,10.065223779296874,0.1488893792083487,-4.695777479188424
1478633652667,32.360763111612,-3.474696273304802,60.27669332309578,8.190264750317484,0.36750995483398435,-5.2672436158111315
1478633652700,32.40890364612056,-3.3885847975784795,60.543502640709264,7.400626969146728,0.323666136932373,-4.704007803123537
1478633652734,32.469957627138896,-3.3311217667089768,60.69846802060474,7.191433599090575,0.46791679608994163,-4.677820994136715
1478633652767,32.53552829063327,-3.201884752618056,60.46156616305062,6.974159798431396,0.33952774119721724,-3.877110240350291
1478633652801,32.62842315477102,-3.161306642183458,60.23907221205339,6.9859808768674725,0.4349965232627932,-4.052785006359964
1478633652834,32.70384645012844,-3.158255644989254,59.95301644215755,7.487865619073435,0.42646715244902295,-4.214842312036082
1478633652867,32.76061329682564,-3.1657286980323236,59.68234178797045,7.46586889132075,0.41464580001831053,-4.21753593503423
1478633652902,32.80595602395716,-3.14631781441198,59.279328579649416,7.114070665685832,0.36032733158720653,-3.984999244922027
1478633652936,32.95469704163599,-3.0039725821770684,58.07912322138252,5.655553526361286,0.14170681076049804,-2.797026235608011
1478633652969,33.17968706224284,-2.839881611902287,56.53212517236566,4.4340611823484295,0.1001075569152832,-2.1103391258239745
1478633653003,33.28484557935158,-2.817631074604391,55.423667505363085,4.572027637536824,0.18959084396362302,-2.424128888647258
1478633653036,33.32151204949534,-2.8923526903108456,54.665642057320596,5.571007987976074,0.2560299217666499,-3.385551077325642
1478633653071,33.35221930235212,-2.937015579032445,53.88684850665668,6.173299050848185,0.3085527389526367,-4.132242281695455
1478633653104,33.38716884778704,-2.9779292117789553,53.048564837864724,6.799383223370462,0.2831143280471675,-4.631134344891459
1478633653138,33.42610477583093,-3.0385630986611623,51.81933937666788,7.8443025373596695,0.5945102088707033,-5.948992556806933
1478633653171,33.452642415383195,-3.0301577313158443,51.102581190081374,8.003367200558445,0.5855319389453856,-6.177339394013862
1478633653204,33.48584530232706,-3.0377363995993614,50.28448049004919,7.978377720730565,0.5352537063653929,-6.5092356904845685
1478633653239,33.4642524642908,-3.090038859496857,50.07957943519745,8.747515040588379,0.6301239402992185,-7.330147657775878
1478633653273,33.42516320201184,-3.122522822497718,50.2122096470261,8.358457490008696,0.7338228271041997,-7.232584232385456
1478633653307,33.44787718829438,-3.0849865745519716,50.464279637812915,8.503007488305867,0.536151529704663,-7.08968032079488
1478633653340,33.47345298166124,-3.062576455116243,50.61467860942594,8.569147016906738,0.7142202827453613,-7.026084120001271
1478633653374,33.51527726228625,-3.0350436636803533,50.885885931607845,8.568398536626994,0.6400000312805175,-7.263109938226267
1478633653408,33.55546249817928,-2.988896454941712,51.289638582463006,8.486995753246918,0.6307224907142576,-6.816142634991556
1478633653442,33.61344125051845,-2.923309016443742,51.78169480667807,8.459013959735259,0.6144120101707522,-6.68685552614741
1478633653475,33.705965645005776,-2.858007659816958,52.68807661027938,8.394070983975194,0.6634931533371098,-6.499958159051463
1478633653509,33.794669123083956,-2.848424063379738,53.68557822739636,8.373869980532861,0.6985083160842769,-6.330717883068695
1478633653543,33.82201816320838,-2.8297161218795415,54.03555839214382,8.313266824075393,0.7294833365951664,-6.222231058734282
1478633653577,33.883863777909426,-2.880254103259328,54.714799394252715,8.472481197943166,0.7522282158340327,-6.261884548806585
1478633653611,33.93142438824308,-2.9712101831434192,55.2777836530457,8.613888952691852,0.7275380477462895,-6.27729762385264
1478633653645,34.00966501748454,-3.0997380122116156,56.14024462737926,9.096918772302194,0.7432499778747558,-6.498162361675873
1478633653680,33.63941264964492,-3.4754984856040774,56.995922609949204,44.180653316718335,3.3213561799865214,-17.315166265979407
1478633653714,33.796876800771216,-2.297080145608549,55.54075269873609,2.975693388366699,-0.17866729888916014,-2.794931163024902
1478633653749,33.896823684981165,-2.573340326563937,54.10597000519125,5.058200212152302,0.7040449256896972,-4.201524492236227
1478633653782,33.868131553459406,-2.712788935103045,53.593617130695634,5.131671983337402,-0.2150292366027832,-3.3837549876891075
1478633653815,33.88803231283508,-2.9869841696202237,53.776662665582045,7.672817551190033,1.0378864196777342,-6.213102945709228
1478633653849,33.85389281088856,-2.863770997628469,53.80648604781796,10.379013834381103,-0.13916297149658202,-5.99358481845567
1478633653882,33.90635716188378,-2.595646052159409,53.08873843468248,2.53456173248291,0.7411550514221191,-4.104858892468362
1478633653915,33.97283214454698,-2.7826778580837312,52.8203758298733,16.82869383163452,0.7176619476318359,-11.864017414093016
1478633653948,34.11226298514644,-2.4715387088757126,52.67620402114874,3.529801435089111,0.3076549133300781,-3.072509210260212
1478633653982,34.1725140978292,-2.5735611655267374,51.997173468393555,10.679037229919434,0.11806406936645507,-8.168866280718893
1478633654015,34.238797724648855,-2.5952703085776756,51.66649320100156,5.381716273089498,-0.201112939453125,-4.465335441534221
1478633654048,34.29793153608401,-2.650833029756091,51.48320167563515,9.419537665203958,0.5713163620216306,-7.660098866327107
1478633654082,34.365854567499476,-2.686022333388821,51.319294655761375,6.47646505526118,0.34371755756987254,-5.321262681170553
1478633654115,34.433128442866725,-2.6720211189211884,51.10886577544147,8.257451961340383,0.503380889914697,-6.727557027435302
1478633654149,34.53420562647612,-2.6918896182880916,50.86074846498077,8.387935659557954,0.503231266010669,-6.765714799057133
