sep=;
timestamp;gyro-alpha;gyro-beta;gyro-gamma;accel-x;accel-y;accel-z
1478633241498;33.20780318823627;2.461485453508775;-1.0655471618374661;-0.05267242739028297;-0.4504091713338741;-9.843759874570672
1478633241533;33.191779677539955;2.468989296139412;-0.9566351912880775;-0.01750759050673805;-0.44981063690185547;-9.840916915362863
1478633241565;33.1782962674124;2.463684225220325;-0.8690040892817227;0.008379696677392348;-0.36855740436057094;-9.802010992825673
1478633241599;33.16808509516912;2.4533877074007746;-0.787050321683989;0.09980828170776367;-0.3694552528160158;-9.835380296624288
1478633241632;33.165734865738244;2.4460053141304052;-0.7564895583421752;0.05297171173095703;-0.4085106514142942;-9.838672433504858
1478633241667;33.167887523557745;2.453941974372864;-0.8135737822697079;-0.03561374969482422;-0.4483142562976805;-9.828946073742152
1478633241699;33.169214205165986;2.4495461554386972;-0.8814599960890851;-0.04369418029785156;-0.40925883943309305;-9.79183577362356
1478633241732;33.17447239677877;2.455644087759411;-0.970998233244816;-0.08963291551894507;-0.4578910560884396;-9.795426978503206
1478633241766;33.18547379581931;2.4728699165144716;-1.155524718652692;-0.29718028106689454;-0.43679216080817856;-9.755324425207986
1478633241800;33.18894867439718;2.4710935721068408;-1.2766059135167942;-0.29493571701049803;-0.41599255500599097;-9.84016854924755
1478633241834;33.19275778035157;2.4540464115242373;-1.3619160100793097;-0.269347693617444;-0.33848025970458984;-9.79797084887693
1478633241867;33.20354189456819;2.431644311115726;-1.4435543409530662;-0.3534440200805664;-0.3582324371006107;-9.801412603953306
1478633241901;33.20826263288005;2.422953772918803;-1.5312946141699728;-0.4246715194702148;-0.38905775835894746;-9.840917257856159
1478633241935;33.202856868998076;2.412679436951344;-1.5796570183282914;-0.2886509467857424;-0.3942950847653381;-9.786299063838852
1478633241968;33.195157193755925;2.3701271534459463;-1.5970527284653693;-0.24765023878898937;-0.3290530998008791;-9.792733692860953
1478633242001;33.212247277091265;2.2561188683597924;-1.7824807979981214;-0.8711901290893554;-0.4667196952598635;-9.75038623815344
1478633242036;33.16741004025869;2.109490538012334;-1.6038998318074897;-0.7674912696838379;-0.3705027211797336;-10.015693969914409
1478633242069;33.12670881158703;1.9099473469145831;-0.9656359205934897;0.4810848778213374;-0.591816722869873;-13.525144453430174
1478633242103;33.046890066119666;1.8440095405809516;0.10800756782037514;2.4410381582094645;1.6397287889342753;-13.34961954421997
1478633242137;33.03062623956237;1.6916031643740645;0.3761420470324958;2.7669490726857213;-1.2306196167876944;-13.73897658920288
1478633242171;33.04413374487982;1.6573920631385717;0.7672900278225755;0.828992315695947;0.09083004374848679;-12.888136881963907
1478633242206;33.061199987901304;1.5110108735887902;0.8816658942151803;0.3392284568565432;-0.39968203964233395;-12.467805437524616
1478633242240;33.08152977819905;1.3719532762816422;0.9743352993519139;0.11013326723403297;-0.29673136368903796;-12.78473729776591
1478633242274;33.11395576476691;1.2052070210225216;1.3033948477699393;0.14499883804321287;-0.4556465034484863;-12.79715780339986
1478633242308;33.17016299869104;0.9328823790066121;1.5751177671746621;0.2846107132179197;-0.3269581642150879;-12.966846846063435
1478633242342;33.24045234854468;0.6265074977384268;1.994126914786482;0.4731541122215334;-0.1672948364368407;-13.02700057825297
1478633242376;33.303069826995596;0.4257698709718868;2.1697463228972733;0.3936965537582524;-0.07317278813149623;-13.102867427881062
1478633242410;33.375709143305436;0.2421189610508493;2.359349641686852;0.4815337906326167;0.003142389678955078;-13.001712115478515
1478633242445;33.465934986759734;0.10768184132342279;2.6868971549012697;0.37080197298354467;0.1261444988278381;-12.658144177246093
1478633242479;33.5605568506154;0.03768311010922891;2.9539882463378366;0.22759877705229445;0.12644377631864626;-11.409119390924275
1478633242514;33.76681899317029;0.03685859519315445;3.5486709789873725;-0.1744774825165048;0.00912789440016786;-7.6521680733278385
1478633242547;33.81703951139396;0.05956390272508918;3.7418271843164868;-0.19228432083129882;-0.013467384338378905;-7.08055213470459
1478633242580;33.958921296150656;0.16120191104056364;4.312064973254376;-0.35090018081665036;-0.028880057097518147;-4.286369159698486
1478633242613;34.08950002229713;0.2475154910075982;5.043788429664629;-0.7987655288696288;-0.03381809787888487;-3.194164289855957
1478633242646;34.119801719799355;0.26746180087574717;5.493610128810449;-0.9103952543396502;-0.04788403091983637;-3.218255944061279
1478633242680;34.11684630253906;0.30818334210261294;8.365193156330308;-1.1804910560607909;-0.05162497122788882;-3.9995138732910154
1478633242713;33.968352482883965;0.32633350401494315;10.452927803354696;3.764133922576904;-0.5258265441783936;-4.952705701501667
1478633242747;33.793185071050075;0.32058210048091346;11.182722776781098;6.303334274645894;-0.5901707000953611;-4.463390444946289
1478633242781;33.96842796383044;0.28277236933226546;11.967164747955175;8.302043748065083;-1.323993463267479;-3.487753268432617
1478633242813;34.15656834059135;0.21237451254624423;12.091846769780963;1.5270516733031718;-1.0450690178083373;-7.37234531590566
1478633242847;34.29479821958139;0.17029957621887587;12.46487668734741;1.1538555625915528;-0.8729857940342044;-7.301267892511189
1478633242880;34.3125498341092;0.05647702529798965;13.703228081831243;1.3696330602783708;-0.3353378871502995;-7.689128415326029
1478633242913;34.31262089860201;-0.035790231093473776;14.912556090978724;1.7643769859313965;-0.10295067424082953;-7.412747468920797
1478633242946;34.34610616729547;-0.03880943716010678;15.117798457621545;1.8197428993225098;-0.01376665840425412;-7.61790091593638
1478633242980;34.345085246300776;-0.04219284360217187;15.887467976633873;1.2433388496398925;0.08918400955753168;-6.111050099945068
1478633243013;34.3218846671308;-0.04324575139302096;16.324776255636564;1.569848101043701;0.0598550420747284;-6.1976899802610275
1478633243047;34.343235160213354;-0.0052718190152527345;16.8529447436827;1.3072342525757847;0.052223524853802515;-6.8387377670288085
1478633243080;34.33260741164654;0.06626450765763504;17.437786152823236;1.82827216967158;0.014065934753417967;-7.400028272601217
1478633243113;34.31559324652353;0.11686804643239244;17.606614773540542;2.2007201654296367;-0.06853402023868402;-8.226776398700103
1478633243147;34.33389971782808;0.1917643026329128;17.882235388334234;2.046294377545267;-0.03292027390635908;-8.907028470467962
1478633243180;34.32350368384179;0.2893546641366281;17.908822976727667;2.476352704620361;-0.040402154156781035;-8.82278275527954
1478633243213;34.32661987862825;0.33540040703963847;17.524143553460586;1.9761141221862286;0.048781854259106326;-9.11367833005376
1478633243247;34.31208212781214;0.46377020958923576;17.10206208193579;2.4664765862395988;0.02798223190307617;-10.152312864685058
1478633243280;34.30454099056182;0.5825593404525415;16.726018687298808;2.8199207430320716;0.047584757995605464;-10.791414778082071
1478633243313;34.29433681861673;0.6552996957964417;16.490041519664185;2.303521381875686;0.16654664385146462;-10.839449033410846
1478633243347;34.21252410245574;0.8874660361340736;16.188668407949784;2.9308020889724604;-0.20679916382941882;-11.212644778796285
1478633243380;34.102238456096345;1.1295858057244526;15.934645929335725;3.0277673475403337;-0.11267711563110351;-11.993603286688028
1478633243413;34.010145057751956;1.3238512376710547;15.476344722236439;3.0481180616516617;-0.33354221878051754;-11.478850075884909
1478633243447;33.917502572454865;1.5050778815784651;15.131594201382706;2.765302771349996;-0.14978723223037085;-11.629086376190186
1478633243480;33.78991010816935;1.7100237117853823;14.826605030667215;3.2698807712279256;-0.2287959007152589;-10.609605308709666
1478633243514;33.57240882475313;1.9434844994412401;13.696199494203011;14.02927383275777;-4.695927244656346;-36.00041384746134
1478633243547;33.518139511484854;2.4503951001899535;15.694368942150524;-4.528632440185547;2.7705400874815878;10.548702292522787
1478633243580;33.278125688303774;1.963864463023213;16.636222554080735;2.035520397009328;0.5954080253601074;-9.1483944002565
1478633243613;33.10368497286543;2.0568254986356944;17.708534088296325;8.737489321136474;-1.9874866531372068;-28.152520080676673
1478633243647;32.71907521358679;2.0979806831412278;20.245395919901;-0.5729623847961426;-2.1312883903503415;-1.108365731048584
1478633243680;32.54362682249922;2.1372620855628157;21.022275370047602;9.10709391016215;0.4391864035675302;-20.506037944030762
1478633243713;32.41369810324836;2.113842311877556;21.153318401616858;-0.2353799507141113;-0.6067804832458495;-1.5144821876525878
1478633243747;32.25646523008025;2.1855730457023537;21.8862183967524;2.455702569171041;-0.43245267486572264;-3.9170635536193847
1478633243780;32.14634833646706;2.073064006692848;22.27347107130944;5.47000245930776;-0.20515315475463866;-13.224821782684325
