sep=,
timestamp,gyro-alpha,gyro-beta,gyro-gamma,accel-x,accel-y,accel-z
1478634057220,18.580657993249826,-1.5905952461027808,34.606897115268026,5.548861608919897,0.21772271803703624,-8.048408155822754
1478634057253,18.581462072997635,-1.5786097243374686,34.68370202924396,5.645826661991793,0.24570493852366926,-7.999476431064447
1478634057287,18.582675678212233,-1.5809699146838292,34.714163827152824,5.679345613098144,0.26575637856912215,-8.00261907647173
1478634057322,18.583208403840004,-1.5948435310003626,34.77835080874468,5.670517268470954,0.30675707857436496,-8.00381588960744
1478634057355,18.582211383551435,-1.635943037347021,34.87678204573227,5.658097105330298,0.3302502006309572,-7.966406876826565
1478634057390,18.583490756864823,-1.6556948940084846,34.935245825621635,5.682637384652533,0.32291794434699694,-7.993640546251507
1478634057423,18.585498643256777,-1.6810840150894095,34.987511754598195,5.684882428199542,0.33698388823356945,-7.9623665519271976
1478634057456,18.58983472809077,-1.7299142132975251,35.040013498176314,5.680243475253321,0.3333925788934692,-8.027308973418947
1478634057489,18.591487572848564,-1.7737662833230692,35.068109096742646,5.577442436903785,0.37828385773811024,-8.038980846363637
1478634057524,18.59466522505877,-1.8213589753751718,35.14425483296829,5.7803508129728955,0.3263596126584045,-8.035539221434714
1478634057557,18.58294873811968,-1.9834047808900424,35.23722756328859,6.120327740976028,0.6151601707900874,-8.071452164138666
1478634057590,18.600565223969355,-2.040790319516705,35.41703360783348,6.714239499896392,0.7097311546325683,-8.934562045288086
1478634057623,18.593974837339744,-2.1857104378887677,35.40400683718753,6.578817103167623,-0.018555062866210937,-8.353219735485688
1478634057656,18.595261303135644,-2.269279239173407,35.4186183103755,7.663241256006062,0.7448959915161132,-10.056544798278807
1478634057690,18.591617599499006,-2.3239364077081923,35.391298288770706,8.538022687585652,0.4194342101884889,-11.226561222076416
1478634057723,18.615690465074906,-2.387913783617617,35.68304954366378,6.539163357366994,1.0705074538299812,-9.09811594619751
1478634057756,18.624689361244776,-2.4194726179858517,35.762222279488604,7.371297706548869,1.167023671722412,-10.28160004659444
1478634057789,18.643658314452814,-2.4680007622025775,35.75120368856817,7.729829405157267,0.886153889465332,-10.582670320837199
1478634057823,18.662712924054176,-2.5470289285219923,35.823734435615556,7.0440404132567345,0.24001871643066405,-10.236409051867573
1478634057857,18.67854452410854,-2.5892775692289858,36.06081539640663,7.697059208325296,0.7387608314956537,-10.848127722167968
1478634057890,18.69891390556934,-2.603922868476582,36.21435088389626,8.278401152801512,0.49305589068869593,-11.01617104345113
1478634057923,18.740063708041305,-2.6570987088765636,36.5796583058305,7.985859929712117,0.7715314849853515,-10.338013130950927
1478634057956,18.76701961639565,-2.743198609959898,36.44811322146402,7.342717070361227,0.6847416565383784,-10.25167208745107
1478634057989,18.769464952681943,-2.7711466079453415,36.27044827905332,7.5333553775511675,0.5984007591689936,-10.420612795965372
1478634058023,18.76731616766065,-2.8295069720710933,35.89577016281318,6.909067513861134,0.2314893730163574,-9.519644929858297
1478634058056,18.78097388971129,-2.845114712653074,35.90270869467093,6.9240311281066385,0.5250783515930175,-9.78016399800405
1478634058090,18.799512992631126,-2.8442230150499785,36.03684663920462,5.3902456530364224,0.6012438736404292,-7.469460339941456
1478634058123,18.80852827119509,-2.7796373907800946,35.852614645564444,3.6200327640257774,0.2645592834472656,-4.948066935785114
1478634058156,18.805462859211264,-2.7235223903956682,35.68888819560869,2.120364845275879,0.2069488242660649,-3.0508114654541014
1478634058190,18.81187028784012,-2.6867478315003757,35.51481080022842,0.9600748657226562,0,-1.4332289688110351
1478634058224,18.799178718550003,-2.696438009442379,35.23851211572704,0.4652233100891113,-0.013018471527099609,-0.5499181938171387
1478634058256,18.780544139484515,-2.7002967111938543,35.473868586979826,0.2237082176208496,-0.016909049224853513,-0.5310638557434082
1478634058292,18.68376016276566,-2.760487653544463,36.8176863406899,7.526023427227884,-0.40985739669799803,-2.047640969848633
1478634058324,18.80713795877127,-2.88793574943934,36.78084345786113,4.260332070513814,0.3016694091796875,-3.784634274291992
1478634058359,18.893406832378904,-2.964923762194712,36.96588665959173,4.0505401500426235,0.41464580915146504,-8.976760068744047
1478634058391,18.912272290872696,-2.9823291258701907,37.384331359832665,5.218910560198873,0.519242501029407,-10.085574493408203
1478634058424,18.912154133638744,-2.950422615824129,38.096138023615296,3.6941035240173337,0.2407669044494629,-10.33038161315918
1478634058458,18.75103791509985,-2.844963124927983,39.08633387333386,7.183951645837351,0.5554547988559817,-9.207650379888713
1478634058491,18.70813967390864,-2.735590786595513,39.95590357673657,8.462455405426025,0.18465280303955078,-6.264728065136819
1478634058525,18.809651614745775,-2.63612161376792,40.59295639160789,6.80417133442983,0.40955813975678756,-6.818237269183248
1478634058560,18.873888320462605,-2.5555333918236713,41.11119432329522,6.219836418682709,0.44247837662214,-7.748683779763616
1478634058593,18.887560202402625,-2.4935256712182485,41.35665080437191,5.965003762142919,0.6974608711242676,-8.315361494799703
1478634058627,18.860924069214676,-2.4299070023345193,41.60434869339035,6.5768718554179415,0.8901941047668457,-8.497919809778034
1478634058660,18.828420820152953,-2.35484705812696,41.88481541114552,6.544250885197776,0.6254851837158203,-7.562086162799224
1478634058694,18.79166587869191,-2.2910638692912233,41.854807849366,6.2141506281312555,0.389955591116783,-6.41227052324824
1478634058727,18.78077577224592,-2.245449900563813,41.69940815996147,6.484844651473872,0.27084405367202125,-6.433519282177835
1478634058761,18.78749320139629,-2.214762680595984,41.60560199615829,5.334580354839936,0.2211643783569336,-5.857115232495218
1478634058795,18.78149113680121,-2.1717864783951315,41.56707908052947,5.404760537133738,0.18809448619233443,-6.014683629254251
1478634058828,18.793407313087418,-2.1280382677358958,41.682133082361204,5.430198856707662,0.31648353651848155,-6.081421708270162
1478634058862,18.79389153327477,-2.0770499117371353,41.84155291873769,5.633257304205372,0.39923312683105466,-5.895721734265238
1478634058896,18.78598788001697,-2.021644788718004,41.65283813821573,4.713135459490865,0.3420715444993373,-4.997746327972412
1478634058929,18.75736527986902,-1.982144805939535,41.22511814152619,3.976170699365437,0.19961657254868187,-4.22322179865092
1478634058963,18.724057450073047,-1.9985783621712787,40.7167852249258,4.4167033664427695,0.232387198638916,-4.479701236017048
1478634058996,18.6895580830959,-2.0059276787527436,40.2200510906264,4.187308919879049,0.11656769332885741,-4.61886362299174
1478634059031,18.66285913005055,-2.0205314241775967,39.927262549862725,5.082291427966207,0.18914194941865278,-5.646125918933004
1478634059065,18.661705805488545,-2.020695335861325,40.015076207798856,4.610484355572611,0.31094694061279293,-5.628169698742777
1478634059099,18.643135739169992,-2.0090491721557533,39.846556466425675,5.183446594238281,0.39818564533842726,-5.987150017901509
1478634059133,18.624565882796503,-1.9799916014774575,39.545633651503074,6.231807407004714,0.5758054992675781,-7.036708572531305
1478634059167,18.617039307343347,-1.9273726435283856,39.1969176744599,5.257966047845408,0.5952583877563477,-6.350919324902445
1478634059200,18.612209995900983,-1.8556526617698827,39.060310474410656,5.74952535700053,0.19018939437866209,-6.678775241674855
1478634059234,18.622381315027816,-1.8101128796790737,38.92235532252203,5.88075799215557,0.4107552405868657,-7.014860934393107
1478634059269,18.629324291932363,-1.7529198211340884,38.836832434853,6.5484407426696265,0.5972036766052246,-7.725340523639646
1478634059303,18.646960236356282,-1.6386600367489408,38.71095080834182,6.099079347372614,0.2786252200558556,-7.28331130699478
1478634059337,18.67561260205566,-1.5530679510188956,38.716291533924974,6.339696431555226,0.3612251754760742,-7.707533968452643
1478634059371,18.717621436694657,-1.430757268399761,38.66247349736073,7.438335353033244,0.1424550079124514,-8.823231741156055
1478634059406,18.73855712080863,-1.32209847806668,38.346074918184094,8.024914905901998,0.18719664687004406,-9.51351008036509
1478634059439,18.790389471925792,-1.1430591114423045,38.13070379882854,7.482927505084127,0.18480243950166622,-9.049932491656392
1478634059473,18.874689819289415,-1.751017460739608,37.92925259710313,2.273294768579304,-4.042759122511279,-0.8667010009765624
1478634059506,18.84235885936563,-2.1235557588151286,46.32321862890034,25.97738670338094,2.510769353485107,8.3379569190979
1478634059539,19.181652002616637,-1.9001423375334707,51.205674558270495,-5.188534272766113,-3.016843583270162,-6.9181955538209525
1478634059573,19.362344458477722,-1.3222610838211875,52.56575218796162,1.3913304397583006,-4.056974694868456,-0.41419688720703124
1478634059607,19.439315867069034,-1.2008760059514874,52.78349950051858,-2.389562894439697,-3.930082043412793,-5.93956520853191
1478634059641,19.27620098213056,-1.554236770237961,58.3258960793719,26.74487855758667,-0.2204162086044438,7.269544428253173
1478634059674,19.608360669309466,-1.0075922775352624,66.28645539780574,0.6651391487121582,-1.4157213143722154,-2.987664542797953
1478634059709,19.716715429721006,-0.7538040625619358,68.95513863666739,18.645743254089354,-0.7743745903236325,-2.1058499977111813
1478634059741,19.797651610099894,-0.7494297123480096,70.76288175046241,9.887005612414702,0.8518868782043456,-4.085106509576365
1478634059774,19.849039643295754,-0.47927094506069456,71.04805599366023,12.50671092224121,-0.2908955108421389,-3.3429039583953095
