sep=,
timestamp,gyro-alpha,gyro-beta,gyro-gamma,accel-x,accel-y,accel-z
1478634052341,17.84958069750876,-2.2299227837627993,17.995396788715922,3.1301194685120133,0.3899555953979492,-9.304167082979978
1478634052374,17.8560486497356,-2.2252529183520577,17.95420518749268,3.0192379217849306,0.37588966692357495,-9.33020405857104
1478634052408,17.856877976385416,-2.2176380105842544,17.919262922386526,3.0553005753005853,0.35090017396678447,-9.319729491666994
1478634052441,17.85709197982214,-2.2088818676054967,17.89682891094523,3.0671220647286157,0.3658639583172917,-9.316437090781177
1478634052475,17.861033886383222,-2.2108993655818767,17.851178251267243,3.0301613779538425,0.3860650308291049,-9.34112727770605
1478634052508,17.86586984365707,-2.217426342878708,17.808081557021783,2.92062665885156,0.39609072801894507,-9.341875611855322
1478634052542,17.866796281081065,-2.2208337204647175,17.76580506958329,2.8510451822364233,0.3877110273457976,-9.356989018968212
1478634052575,17.865853273421756,-2.2225741493637563,17.76504631398037,2.9218237459819063,0.3796305995255283,-9.359682539218372
1478634052609,17.867097879728355,-2.227505964101459,17.828334976107783,2.9592332702194337,0.3924994506448856,-9.34606566454835
1478634052643,17.86842564229237,-2.2279938147981593,17.89979365268191,3.0009820006965597,0.3728968914446712,-9.3261633866118
1478634052677,17.866297186250357,-2.2245195428176485,17.990850518213872,3.0841805369280975,0.354940377851855,-9.321674455575357
1478634052711,17.858226463690542,-2.2205247036287274,18.11339216813749,3.2773627244811503,0.3354874939296627,-9.248202275538887
1478634052745,17.850942082833324,-2.215995434288242,18.23346633358606,3.3903391518523915,0.30885200046042444,-9.206154204780514
1478634052779,17.849466795953546,-2.2451946631265174,18.292877121459146,3.4262522498199712,0.14110824207914993,-9.340379512095648
1478634052813,17.80031555021128,-2.3933767447399874,18.278215282433873,4.527285701751708,0.20904373245239258,-9.659107213095016
1478634052846,17.745130096583917,-2.6663429675735895,18.381493657731923,5.1782091319762165,0.568173963209521,-12.825439018249511
1478634052880,17.766066046073732,-2.736072639094954,18.686893476922368,5.000738933917135,0.7176619658981449,-12.820800252532958
1478634052914,17.766577656252576,-2.7725276017059057,19.254816231395047,5.10264243433848,1.2262801628112792,-13.31505296549052
1478634052947,17.759188988423627,-2.802272487104945,19.63079559298816,5.670666632080078,1.5466542724609373,-13.194146073913574
1478634052981,17.79428382016398,-2.833194593722426,19.955826564461518,5.072565275982767,0.8436568099975585,-13.068450194494426
1478634053014,17.82315105999652,-2.8321922394387387,20.704087671820158,5.023783271026611,0.9853636207580566,-12.831574160003662
1478634053047,17.904990877047805,-2.8092816462903025,21.939245515606533,4.899434568432718,0.847846662902832,-12.101641928863526
1478634053080,17.997970019186933,-2.8166656058046184,23.06903604946561,4.4186487283568825,1.0209773704528808,-11.688043592071532
1478634053114,18.034032422666012,-2.819705773130388,23.542267830451113,5.399373802594095,0.971746598815918,-12.41333734975606
1478634053148,18.132533305261724,-2.839016533368438,24.596695167946127,4.018817101343139,0.792929662322998,-11.27983206288442
1478634053183,18.22543613785045,-2.846951964334461,25.382888266840375,4.993406837463379,0.6693290016174316,-11.513416508483886
1478634053217,18.266995627064336,-2.832745896532005,25.97982048830967,4.066701102580223,0.3615244415504392,-10.41896707458496
1478634053251,18.338275224444125,-2.8050110763556657,26.793671930955313,4.375104199362522,0.5505167259658686,-10.1180457072936
1478634053285,18.40095771946642,-2.7527700835453466,27.614937343071624,4.54673872038793,0.4360439796392456,-8.85271053175982
1478634053319,18.453580482034702,-2.6842962988744756,28.1330191957226,2.7611130645751953,0.6033388274925295,-6.842030086572468
1478634053352,18.4903127691886,-2.6328058224096518,28.576096679864527,2.0172645362854005,0.23747487716674803,-4.433163648986816
1478634053386,18.5164826512696,-2.5772085246609273,28.943718571473617,1.6719009468078612,0.05716156463623046,-2.8399720817565917
1478634053420,18.52433298397748,-2.5469875241990487,28.759039926136474,0.5547065971374512,0.033518823242187495,-1.3021464279174804
1478634053454,18.535845287371753,-2.5514892115202534,28.69716012466158,0.2127846725463867,-0.04519055633544922,-0.9301473449707031
1478634053489,18.555199247169043,-2.5636536691640703,29.3192998742906,0.6456862602233886,-0.0004489128112792969,-1.3953706550598144
1478634053523,18.489457491334758,-2.711506231791362,30.22414617439198,5.222801375358644,-0.12599486236572266,-3.282600113677978
1478634053556,18.68556376535502,-2.892935715007763,30.794256245184638,4.731840397422854,0.0770633659362793,-8.986935060473531
1478634053589,18.765475590681387,-2.9461579494358316,31.17308819687704,5.080645374367299,0.46627075961569786,-11.802367013604938
1478634053625,18.83107809328773,-2.8914733234870686,32.124840238965085,4.014776689678802,1.0206780952453613,-12.020089727075398
1478634053658,18.790775286231835,-2.7262842052397653,33.67500532937641,6.7966897465027865,0.613214891074365,-9.245658696569874
1478634053692,18.831284745933125,-2.591393516540634,34.912916534758196,7.141304855700582,0.02259527816772461,-6.48768809473887
1478634053725,18.936107009733277,-2.5371451866178054,35.561335093448655,4.757278552599996,0.14006077885283155,-5.424063861083984
1478634053758,19.049822486600597,-2.498894191241594,36.16034670475159,4.997297342095896,0.28416180040664035,-7.113173132324218
1478634053791,19.112703437780365,-2.477321853671679,36.68720256378992,5.16773493810445,0.4308066480954556,-8.18128664022237
1478634053825,19.123226505902302,-2.4965219120877777,36.75246796631519,4.5878889312744136,0.7193079430068843,-8.100032964723091
1478634053858,19.098840121850003,-2.4675905973078445,36.887108185186996,6.392219230474904,0.8294412376403808,-7.822754806899942
1478634053892,19.05080985920979,-2.471009089004161,36.27308493736365,6.33356139939893,0.7152677459716796,-7.286902207626215
1478634053925,18.991756394725076,-2.4723771733609556,34.952254273807014,5.085733275515772,0.4750994010704104,-6.877045212787017
1478634053959,18.98699209246656,-2.4701673552533236,34.77341504518793,4.368669622570649,0.493953725444409,-6.174496736200154
1478634053992,18.98723198927151,-2.4497280853976027,34.66549970252326,4.754285727459565,0.256029940032959,-6.3892264053344725
1478634054025,18.98323196243975,-2.446067424736558,34.342916839737896,4.040514576721191,0.14694412689208983,-5.8636991409301755
1478634054059,18.977001843240412,-2.4421846124490645,34.34413247640573,3.60058002166748,0.3359364113075193,-5.815964453069865
1478634054092,18.955065362409158,-2.414176008223944,34.262447348053534,4.065504056549072,0.5086182060462888,-5.852027261706441
1478634054126,18.908583769678724,-2.4034257106555934,33.87332093380224,3.2170586971007284,0.3634697440990479,-4.805611352483928
1478634054160,18.87981396171206,-2.4142977889933395,33.53089480453095,3.322104294940084,0.4049193403617275,-5.0623894805356855
1478634054193,18.801982068719976,-2.4243999567751278,32.8096477007361,3.9152679023742674,0.41778819997206446,-6.105663000079244
1478634054226,18.719208830071146,-2.4242013678253924,32.291777272721426,4.4369045160155745,0.49305589525527316,-7.485920257159322
1478634054259,18.679400045380355,-2.4200083495302254,31.96159986873064,4.662857516888529,0.5602431884765625,-7.512406332220509
1478634054292,18.64862164724788,-2.3906441338843742,31.741372455789143,4.594622367715276,0.3031657669509761,-7.5795933971129354
1478634054326,18.62057588019836,-2.372353563601808,31.638508294635063,4.7394718969482925,0.7483376564025879,-7.773972900125198
1478634054359,18.600128148638916,-2.3440141373758343,31.452785978431955,5.1259860386639655,0.5779004439865238,-8.235156141043268
1478634054393,18.58799386090768,-2.333661325076819,31.409726087014665,4.389020336681977,0.6016928047180176,-8.810213342694192
1478634054426,18.571522728032857,-2.312006961538826,31.36037517076202,5.48257220068667,0.31379005508422847,-9.07297697489634
1478634054459,18.574830077299456,-2.2961029878967354,31.493016157257816,5.484218250860646,0.6262333717346191,-9.754576260022073
1478634054493,18.566665818836512,-2.2883006398385146,31.46636045988648,6.247968288189545,0.4831798042739741,-10.32738871495351
1478634054526,18.551350820938968,-2.278094465151832,31.51167421191127,6.74012644002065,0.5309142272728029,-10.25002651220113
1478634054559,18.557479661901972,-2.2279561107641257,31.54358257481992,6.254702126489207,0.5620388397216797,-9.768043790490925
1478634054593,18.55215096594026,-2.180377269553071,31.461111160347517,5.830329736096039,0.5033808990478515,-8.896105327252299
1478634054626,18.54328474417297,-2.1385910368805954,31.455667029954274,5.968744665704294,0.39115268937816144,-8.370577668980712
1478634054659,18.53073817101456,-2.0685083057005724,31.311870655469942,5.433940089062601,0.1879448303222656,-7.035810345049947
1478634054693,18.15244251140533,-2.2877767332983483,31.213456524767878,29.465588884624836,7.9185229714876035,-43.558459575763344
1478634054726,18.468226355995313,-2.1303743375338393,29.54314515971841,-5.117007498168945,2.3919570960998535,1.0555436569213867
1478634054760,18.394096360380363,-1.9574570157611868,29.32030463712362,9.317484673309325,-0.9382277755737304,-18.572869741058348
1478634054793,18.48361377001037,-1.7065198757919886,29.644736194823587,3.436876629284769,1.654243727830518,-0.7963713272094726
1478634054826,18.424536146678495,-1.770347000493013,30.19330707694019,7.896675625610351,0.04534019393920898,-12.390741779327392
1478634054861,18.386908429524823,-1.887732411432808,30.612634905340368,4.177133416692913,0.7820061172485351,-5.928043310546875
1478634054894,18.430515649949903,-1.736545568892165,30.85542362964476,5.017947399913403,-1.2033855363707988,-7.9252561887327575
1478634054927,18.43256654059964,-1.891207897809711,31.21937286110284,6.421099214935302,-0.0016460136413574218,-9.926659212084859
1478634054961,18.44335365279468,-1.7745843908146333,31.45526557350718,3.5960908935546874,0.6314706878662109,-5.898415065002441
1478634054994,18.471776215408532,-1.771049846865331,31.723061392736096,4.83179826193545,0.17896657409667968,-6.994660004016011
1478634055028,18.501867938307083,-1.7888802411889708,31.813261887069554,6.122272920227051,0.7203554244995117,-9.305214170605316
1478634055061,18.50355706043361,-1.768605898125912,31.874526766390364,5.4316952144789505,0.32007484243364887,-7.327753163854777
1478634055095,18.53196394966692,-1.7679804747557823,31.854077153333634,5.2181624726447735,0.4390367294311523,-7.529016106237843
1478634055129,18.550577991827254,-1.774843523394154,31.776226880102985,5.568913244186528,0.5569511611938476,-8.61762963705752
1478634055161,18.541471326095024,-1.7808786817479105,31.661663856378503,5.470152206509374,0.2828150619728025,-8.00112281916514
1478634055195,18.5390969170392,-1.7836186007123898,31.52056471893889,5.216815533281537,0.4439747794883791,-8.190264750317484
1478634055228,18.52949190739585,-1.7921650473200212,31.377876191277004,5.32964256964419,0.26111761399421374,-8.381351929219509
