sep=;
timestamp;gyro-alpha;gyro-beta;gyro-gamma;accel-x;accel-y;accel-z
1478633454383;32.15620087284103;-2.6572269030179796;15.070964451715739;2.6993125880919395;0.6374561920166015;-9.565883314746245
1478633454415;32.16033186311775;-2.682103815917604;15.01433081505367;2.615515676116943;0.598251139831543;-9.358485203209565
1478633454448;32.16552105547045;-2.715005013276206;14.8930199405101;2.464680962393945;0.6419453201293945;-9.384372727855714
1478633454481;32.16757809489483;-2.7110428533693756;14.827189552459808;2.435501707292604;0.6543652595077641;-9.560945018093847
1478633454515;32.16164320049229;-2.758830907608667;14.737828603845003;2.394351325159473;0.5916671035324222;-9.423577588244527
1478633454548;32.14973236525883;-2.7689647725259814;14.664619078847425;2.4001871460403312;0.35075053407973605;-9.50094050566625
1478633454581;32.14001272483198;-2.6479926644912433;14.646255803715317;2.3419780268462373;0.09636661682128905;-9.561693178713181
1478633454614;32.144002465543785;-2.5767762584302583;14.695979972927935;2.3232733446425757;-0.0056862289428710935;-9.24027179763345
1478633454648;32.13806299149109;-2.5604501424666104;14.743375892852614;2.514809568786621;0.3887584991344483;-9.61271955592949
1478633454682;32.13425875117528;-2.6334139211064223;14.786295982517455;2.593069989887206;0.6821978355407714;-9.673023345847893
1478633454715;32.138837698111296;-2.6673038263469926;14.810954501995067;2.486079235629714;0.6335655960525386;-9.199570515541266
1478633454749;32.1454836947976;-2.666258516041641;14.818240531365317;2.6520273610321805;0.5710170868141111;-9.402777888256683
1478633454783;32.14770265124911;-2.680426827552927;14.827499144432078;2.7032034215180203;0.5279214751976076;-9.545981011122697
1478633454817;32.15697480325935;-2.695391267866986;14.802645776194145;2.658910617739893;0.5533598495704587;-9.56588330561309
1478633454852;32.16102900486256;-2.709552453223756;14.784130709498474;2.573617133364477;0.4680664336937014;-9.405321732087177
1478633454885;32.16334306680979;-2.6297073263138553;14.770208358111061;2.5806500048430636;0.20530279235839843;-9.45904184532442
1478633454918;32.164054708411975;-2.4345161698373645;14.721978474172301;2.5311201543614033;0.1752256157363765;-9.455749757534557
1478633454952;32.160461987079586;-2.3789071045506827;14.633386347351207;2.42517666240083;0.33533786545905747;-9.496301717116811
1478633454985;32.15440394106372;-2.4115307373287975;14.550366436260994;2.367117336074123;0.496048656463623;-9.516951889098749
1478633455019;32.15404619678898;-2.440901539959803;14.5238135320285;2.3288100364463866;0.467467860445776;-9.528772997217578
1478633455053;32.16034345409175;-2.5165481982429942;14.494315351752615;2.559850377920456;0.1659481208358891;-9.72629489904195
1478633455087;32.12136001894993;-2.7540836128617987;14.468934787123194;3.9439983222961423;0.5927145576255861;-10.880000824029743
1478633455120;32.14868692894711;-2.827456790364707;14.61468520262271;4.506635566302388;1.457470260620117;-13.412317700195311
1478633455154;32.16391357631496;-2.8421787087948487;14.674677140902235;3.5935470542907715;1.1098620705535636;-12.137854521234333
1478633455187;32.17600369014161;-2.840964484802991;14.889260828010901;3.990984529876709;0.9665092826843261;-13.61702194213867
1478633455221;32.23640989647623;-2.8662531209828352;15.190095824853476;3.757550014141947;0.7439981658935546;-13.109002277374266
1478633455255;32.29311952838945;-2.8893009436809085;15.510566110619735;3.6158430572509763;0.7386112121582031;-13.351115627996622
1478633455289;32.39449181969289;-2.913654441178029;16.127742497786773;2.962225949229393;0.6377554763572756;-12.363807010650634
1478633455323;32.42843368363653;-2.9330288027528133;16.338171683454586;3.1299697213103994;0.6262333626014646;-12.330886737823485
1478633455356;32.50665936120474;-3.0248111658940706;16.74840012690473;3.0895675134963354;0.7812579292297362;-12.624176733453572
1478633455390;32.55245618902138;-3.1012686396633833;16.94833095531945;2.791788686580979;0.741903239440918;-12.020837622833252
1478633455424;32.60078373573503;-3.269145648321705;17.049013357035832;2.782810444055125;0.8026561065673827;-11.644798178454488
1478633455458;32.61468577213558;-3.3180860003831705;17.08304856292378;2.658461650129687;0.6183025787353515;-11.354950139971821
1478633455492;32.66836055940953;-3.3778155848183173;17.19715161677317;2.578704825592041;0.958877764892578;-10.1071220891539
1478633455526;32.68889074393149;-3.4541043343655646;17.092039269438953;2.280477154364064;0.7136217140640132;-8.208669810253754
1478633455560;32.71501899368678;-3.4548030754364842;16.969900469570394;1.6156373539246618;0.5615899223438231;-6.219088742120563
1478633455594;32.741889990334506;-3.5096115554397223;16.7153060822184;1.019181865338236;0.2702455123901367;-4.266467358398438
1478633455628;32.759517015311616;-3.5890351426543345;16.53242922125554;0.8310872512817382;0.1849520782470703;-3.6311060928344725
1478633455661;32.78044311267187;-3.7128545607041965;16.40051769593573;0.7442974411010742;0.0713771369934082;-3.850474819946289
1478633455695;32.77345427861707;-3.7797425611137005;16.43686802701048;0.5181950218200684;0.1336263801574707;-3.6278140655517577
1478633455729;32.46793590974089;-4.060626973878877;17.840269193229126;2.4293664605071768;-0.025887305450439452;-2.8974329216003416
1478633455763;32.536324598691444;-4.097299456366033;18.567556311623967;6.28178660583496;-0.09501987838745117;-3.24324542388916
1478633455796;32.676609094644824;-4.206826383368166;18.494458574357935;4.0650552898682655;0.16325458916928617;-4.572176982879639
1478633455830;32.79345245721367;-4.382290993448209;18.577173368990536;2.8256068169967268;0.44098198174741116;-7.949647191210835
1478633455863;32.82887589847639;-4.439277137361222;18.752033523905816;2.581847215270996;0.46028525089872996;-8.287379555157571
1478633455896;32.82544570773495;-4.480719735881216;18.962032210746017;1.9319709560118614;0.35134905709531156;-7.363067638342082
1478633455930;32.826982945487465;-4.5049936141961915;19.167644387936488;2.3329998802185057;0.3506009056091308;-7.0950671283997595
1478633455963;32.815715244770665;-4.479788294770201;19.441406346683273;2.140865343121439;0.421978042602539;-6.143970372772216
1478633455996;32.81597815917092;-4.497129092735039;19.65239545402094;2.21538472366333;0.5342062454223633;-6.4796072257444255
1478633456030;32.78838686640736;-4.477487418854556;19.795765129369144;2.4555532238282263;0.4694131812606938;-6.528239739227295
1478633456063;32.759786827039235;-4.50935259995477;19.905375959671538;2.729838732324168;0.49485157389985396;-7.69810637929067
1478633456097;32.73690063659597;-4.445734599609551;20.001020957509883;3.1349078352997077;0.4031237045288086;-8.265831594085693
1478633456131;32.67397933437318;-4.372483024578961;20.18796015033139;2.8621185567108913;0.6732195930149173;-8.025962734454497
1478633456166;32.62556441239603;-4.299761801829704;20.40802806081879;3.5043631063820326;0.8315361640930176;-8.859743060745112
1478633456200;32.59197410006316;-4.179203512414008;20.48465601430211;3.336469705830421;0.6519710395812988;-8.349179885510354
1478633456231;32.56190836228719;-4.195589376843581;20.510219118868203;3.3652001166191416;0.8958803337097168;-9.12415260384063
1478633456265;32.505680613846934;-4.115576445282153;20.60093963678206;3.6023757277115247;0.6756137627090327;-9.820117092077433
1478633456299;32.458177037761615;-3.9504451086701047;20.598201896914176;3.493888492385158;0.5949590851493645;-9.341276979241892
1478633456332;32.40265945574525;-3.9235028403730183;20.607147009372504;3.3735798087299567;0.843357534790039;-9.349208046235795
1478633456366;32.340638330212954;-3.8656368450235434;20.59044194335124;3.828627656732127;0.9651625077178702;-10.600178212738037
1478633456399;32.23903800907481;-3.718198914734834;20.46648374216787;3.987991741268895;0.9683049339294433;-11.066748115130514
1478633456432;32.17238461273379;-3.5961055187065405;20.449761770537588;3.8145619046417996;0.9968857162475585;-11.222670790509135
1478633456465;32.079888265215814;-3.4933936131612873;20.379377140214725;3.503614872697461;0.8717886977707036;-9.911845381573587
1478633456498;31.869019850732442;-1.7085798550170692;20.49315692900958;-5.092616861017048;7.060051910853665;8.60670605545044
1478633456532;31.799551015109987;-2.690519514917681;20.525129691652324;3.9993643452851098;0.7519289588928222;-10.459219589996337
1478633456565;31.779830325376597;-2.4588993919884055;20.811460564354984;0.30196868438720703;-0.33369181985165924;0.7860457480281591
1478633456598;31.763325198665164;-2.7147236509593067;20.727319167772485;19.26344757467061;5.623680205303803;-51.92305315737426
1478633456632;31.7693237434225;-2.0280300131202513;21.280247334683537;-1.801636749267578;-0.03696048812866211;6.3522653326839205
1478633456665;31.66833832496067;-2.6222579570060414;21.34371565512012;2.094328048352152;-0.8138789999146014;-8.798691356802545
