sep=;
timestamp;gyro-alpha;gyro-beta;gyro-gamma;accel-x;accel-y;accel-z
1478634012813;17.060373456612435;-2.5653161204718966;-1.8984920063122113;-0.3278559852710692;0.4634276725437259;-9.804704896097501
1478634012847;17.060975964063974;-2.5647813424956962;-1.8719411259915382;-0.3006219596531009;0.4420294940644351;-9.780912219130533
1478634012881;17.0623251958158;-2.563896224763937;-1.8305301365840219;-0.32142156602611066;0.4363432541332375;-9.791386899485483
1478634012914;17.06378981903411;-2.563794632576171;-1.8007673386327534;-0.28431144029368877;0.44771569332455396;-9.795427009613014
1478634012948;17.063418362934854;-2.5670855119470506;-1.7710263721477564;-0.28760347100133654;0.4423287547159896;-9.793930621873562
1478634012990;17.064650552748898;-2.5640999780568876;-1.7217704205049322;-0.27249008101311045;0.41569327694436065;-9.776423475751875
1478634013023;17.064909914272647;-2.5665991732659337;-1.6854170760591936;-0.22789807965927755;0.4252700767351198;-9.798270329009604
1478634013056;17.062392389209943;-2.573372957378505;-1.6531392080305507;-0.1767220100402832;0.40402154385109895;-9.795576765947782
1478634013090;17.078848457987018;-2.6220842168503493;-1.6464864699141377;-0.5518634826660156;0.5265747184974606;-9.79482868039156
1478634013123;17.088319614608103;-2.6249078674847843;-1.658249348337264;-0.7293336807250976;0.4715081054300419;-9.775824731257302
1478634013157;17.096864133935608;-2.6294905256710024;-1.708320772093306;-0.7715314849853515;0.2570774032592773;-9.827000625063071
1478634013190;17.01756258965309;-2.9641786741254035;-2.009345449668526;0.7496844313690438;0.718260516313184;-14.08359199066162
1478634013223;17.032185100492097;-3.17175637837216;-1.6056818417504697;2.5797523984162134;1.0797849487304687;-13.836839289800823
1478634013256;17.101418143826397;-3.208922338094059;-0.8795486678006058;0.5895721770797856;1.3901333389282227;-14.79930864944458
1478634013290;17.14748267555804;-3.210795025052433;-0.3277661074354681;-0.9692027732517337;0.7258920341049321;-11.47615703740865
1478634013323;17.225026332105013;-3.3140167754191245;0.608169770162993;-0.05401916582412086;0.9488520454406738;-12.891878114318846
1478634013357;17.299136023126085;-3.380754144395276;1.4942859227607255;1.4252981392791493;1.0983400115966797;-13.834445380401611
1478634013390;17.408770650178514;-3.436940002462511;2.7710620579658025;3.0581435619078574;0.6774094139541499;-14.66134307103902
1478634013423;17.542462431090232;-3.5716293652283673;4.183886231133746;0.9663596633468754;0.7911340110778808;-13.336900640161335
1478634013456;17.59361937797155;-3.6238219255876367;4.618894886174189;-0.6859387756347656;0.7080851501243655;-12.40809944910258
1478634013490;17.730476488576734;-3.7435751721035895;6.142502294802497;2.2846669342041013;0.9581295768737792;-14.095862566430865
1478634013523;17.83350323960108;-3.823648449874844;7.330918750568909;1.498470982316602;1.0914566452911123;-13.142670738220215
1478634013556;17.933521516158386;-3.903263824608202;8.413219681656184;1.8059762397766113;0.830638356736768;-12.84549045715332
1478634013590;18.022906400205176;-3.9700484506761073;9.349381163095785;2.209848059258982;0.8327332466567866;-12.398672280065714
1478634013623;18.150474421163683;-4.039245720645533;10.563701093473247;1.3365630402496085;0.7775169891357422;-10.560075407995656
1478634013656;18.194012696277778;-4.049503780210993;10.949441436180624;1.5264532690186052;0.674416674437042;-10.176105024487152
1478634013689;18.30505186602594;-4.014932130289636;11.649042036229497;0.8068458864074199;0.27293898925781246;-5.700145240020752
1478634013723;18.35652509254593;-4.008498376035641;12.16762445331176;1.15161092546992;0.18405428915712982;-4.512321941375732
1478634013756;18.36586505376262;-4.013860852664724;12.225526542953077;0.8640074510436505;0.08304890661928803;-3.4275989517211913
1478634013790;18.405242055378565;-4.054727615066882;12.165477341328172;-0.5129577056884765;0.14948800268862394;-1.84518129196167
1478634013823;18.460340064413877;-4.107036561761997;12.632884800990524;-0.3064578125;0.15397713080141692;-2.453009238433838
1478634013856;18.556777484502092;-4.159673747030425;13.659352966737908;-0.9427169036865234;0.3446154014587402;-3.329885596466064
1478634013890;18.55844657398547;-4.219134093538058;15.251025510714003;2.3959971835372036;0.3365349708557129;-5.966650104577839
1478634013923;18.362139587274143;-4.327348960988247;15.726907188331685;8.106616891424357;0.0008978256225585938;-5.122693727111816
1478634013956;18.482207622749627;-4.379550045124945;15.908670156076232;4.597016678973287;0.6890811424808343;-7.800159371185302
1478634013989;18.717485860521606;-4.406473685128266;16.5345669741382;0.8842087467469274;0.9056067962204105;-11.009137929943948
1478634014023;18.74604270167057;-4.33513207662216;17.16710505830801;1.0324996120728551;0.9554360817397944;-11.677269976861774
1478634014056;18.733072005778105;-4.181506047447498;18.22549515742252;1.7146973014831541;0.6193500145622063;-9.503484452244733
1478634014089;18.693301872881033;-4.098735309195807;18.921506223684;3.27392116919253;0.4945523169586435;-8.383745952783151
1478634014123;18.667787819826287;-4.062704359638381;19.12874707274535;4.032882985864207;0.5342062819549813;-8.132205140862986
1478634014156;18.623008771255474;-3.971619259177457;17.679353796391737;2.909104531396017;0.2920926025390625;-7.371148653466999
1478634014189;18.65729350713195;-3.9304680764864592;17.487528304532734;2.835183797167288;0.42063130416870115;-8.066364522143452
1478634014223;18.69804057301489;-3.8856774658878246;17.639397561399136;2.4431332296509294;0.4203320289611816;-8.870068018871917
1478634014256;18.701022499628024;-3.8540007547636153;17.654326754486373;2.2849662094116208;0.48781856999052686;-8.906579959515481
1478634014290;18.6729164994234;-3.775831553189438;17.708846397343496;2.529922966766357;0.6320692063152091;-8.542212467425689
1478634014324;18.653946282789825;-3.7372972255367456;17.692663442179057;2.4471732988219705;0.5918167137367185;-8.074146115930377
1478634014356;18.594082596609862;-3.610799338219504;17.53899510492787;2.4194904882568866;0.33683426432954144;-6.092943657629191
1478634014390;18.565516585664465;-3.6128259586260865;17.398851565175818;2.251148110961914;0.5238812690292485;-6.470180348968506
1478634014424;18.505946920367332;-3.6220612401141294;17.146312105453575;2.510470114810206;0.682197862940235;-7.8356236294068395
1478634014457;18.394095422754013;-3.5363408703596177;16.64049642505484;2.932448175679054;0.4638765807884279;-8.08910958404541
1478634014490;18.36459176828651;-3.4892917853457854;16.439683856553536;2.5510219602280295;0.3945943611145019;-7.641693294934183
1478634014523;18.294813928279066;-3.4204801874228528;16.000636495224956;2.248604162100144;0.548571459949878;-7.389553786468506
1478634014557;18.174826697208346;-3.325974114906952;15.285785498398507;2.0371662279875946;0.48407763902968726;-7.2557774764463305
1478634014590;18.047032730673227;-3.263429358402326;14.525921920327052;2.3365910822440403;0.44741642610854465;-8.007706727600096
1478634014624;17.96990489720461;-3.2337964656969103;14.004420453495221;2.238877891385695;0.37918168792724605;-8.537124642767385
1478634014658;17.89320275258053;-3.1671308894028756;13.587611458331628;2.0320787138565444;0.4290110008460935;-8.886827430493012
1478634014692;17.812598948618877;-3.131197726345579;13.062244412266455;2.1447558112213385;0.45295303571396506;-9.634716183217474
1478634014723;17.740405343415887;-3.1176859212646515;12.676814396095425;2.297685341799119;0.45714288405266124;-10.025569923898392
1478634014757;17.671803298928165;-3.107455166669274;12.32608572925632;2.5258827149322256;0.4183867492454592;-10.694899035113677
1478634014791;17.615518227991203;-3.087550044035109;12.039189449013923;2.3823803625244646;0.7225999885559081;-10.843189827374369
1478634014824;17.54136928203229;-3.1009932964576206;11.779991502785373;2.469619085516408;0.7703344024215825;-10.757148205212504
1478634014857;17.522898944817687;-3.111165985904754;11.735857594729737;2.282871246426366;0.9730933372497558;-10.775852540356293
1478634014891;17.450570326641994;-3.076476047681525;11.77675581958984;2.460491155154444;0.8892962791442871;-11.061211962182819
1478634014925;17.42933710352763;-3.042279342855906;11.921603382187667;2.6137200979370623;0.7706336593627929;-11.263521710205078
1478634014959;17.40886945348245;-2.98233003399304;12.069248974866694;2.5959130769591776;0.6450877189415041;-10.678438460308685
1478634014993;17.382421626627863;-2.897709606702623;12.307659226733518;2.853289901556447;0.36017771224975587;-9.769240580793749
1478634015028;17.278823294434854;-2.9460235561571686;12.067832683333696;14.81023204838857;10.874014844955317;-39.89203959296346
1478634015061;17.341845729401346;-2.848918696013823;9.058234361661356;-0.6245873580932617;-1.7559972801208494;-6.579865004785359
1478634015094;17.15308273608164;-2.8860405928820225;6.490741044717231;5.250933153533936;-0.22819738226626066;-13.685705310003458
1478634015128;17.21037409889365;-2.4871918709696232;6.81970358138769;-0.17567454681396483;-5.470900431060791;-2.8194717300415038
1478634015161;17.23670750378804;-2.858185659664973;6.343567984879913;-1.0359412038940936;1.4125790160248055;-7.861211513519287
1478634015194;17.221905682277768;-2.4689237279670726;6.069464305988741;-0.6811502992492169;-1.462557939147949;-6.162974348449707
1478634015228;17.251810901725403;-2.750974939741614;5.798889955001405;-1.0606313354492187;0.22969372177124023;-7.926004742077738
1478634015261;17.2548947965155;-2.512012091990898;5.627304749199383;0.4804863456726074;1.248725803375244;-6.689100455529988
1478634015295;17.277331894170448;-2.58643735454349;5.145024800808794;1.326686994934082;0.9050082275390624;-11.76959637838155
1478634015328;17.282181114548923;-2.623190012194437;4.812797766695526;2.2116437835693357;0.6732195975814945;-9.539247857809626
1478634015361;17.2702908079299;-2.5514467931743186;4.55454654673947;0.6254852111152839;0.606481189772021;-9.108440867791696
1478634015394;17.2673238417851;-2.612530935938237;4.275184419865139;0.26066870574951173;1.175852290344238;-11.114632148333639
