sep=;
timestamp;gyro-alpha;gyro-beta;gyro-gamma;accel-x;accel-y;accel-z
1478633172141;34.805800938007444;1.7845728408109953;27.06893386618302;4.424634179991635;-0.3277063590837526;-8.741080404430999
1478633172175;34.808157036262905;1.78944171914012;27.071674871031096;4.451868453346419;-0.3429693946672487;-8.752752527966617
1478633172209;34.81114185144453;1.7965201816088718;27.098570969505683;4.487182940391811;-0.2959831722453062;-8.77849012503135
1478633172243;34.81042887743408;1.7876725605220485;27.168667505210134;4.55975712569966;-0.30107085248560467;-8.687211376250849
1478633172277;34.81228791370305;1.7829488384477563;27.18961459731901;4.532822384422365;-0.2871545661815675;-8.685265509729948
1478633172311;34.81663549887306;1.7745150957596607;27.190058458769858;4.4442368796141;-0.2956838998918974;-8.764573540187325
1478633172346;34.81502327140473;1.768382985968323;27.182652969877584;4.448426798734744;-0.29553426970882574;-8.758139337854786
1478633172379;34.79406305925856;1.710209994431443;27.199694318292504;4.609735984890722;-0.1961748893958982;-8.66147362392249
1478633172414;34.78862474522845;1.6565415619661432;27.128643781584497;4.614374677542038;-0.25992050859755833;-8.662820417155254
1478633172448;34.7700268356125;1.6013232691841361;26.989136107826972;4.252102038839645;-0.46507367248535153;-8.54310983639052
1478633172480;34.75005817872792;1.511345256022382;26.890697325423584;5.339368831225484;-0.3326443885913817;-9.163058848892337
1478633172514;34.732213556456536;1.4380007803410222;26.802123153736968;5.942857579449564;-1.0670657158782706;-11.121815045575051
1478633172547;34.70036921758873;1.2331784706133209;26.495451709085533;5.076904547296092;-1.2304700522491707;-9.592069895404205
1478633172580;34.68640238894443;1.1897555703518947;26.804697367415265;7.013813763427734;-0.44202948150634763;-12.447155448205768
1478633172613;34.651416045829016;1.0258746977314392;26.927337971377458;6.386084015655517;-0.34057518615722654;-12.56088002706319
1478633172647;34.624993031369996;0.9174861824091531;26.98038797523075;6.166416013336181;-0.03995324933701195;-12.475885283605754
1478633172680;34.61933049152092;0.8107227680933001;27.204013035788453;5.903053830718994;-0.2700958747863769;-11.908160799463092
1478633172714;34.60286268734496;0.6726107754080772;27.452519604338313;6.411821683502197;-0.025887305450439452;-12.53289750289917
1478633172747;34.588767785630175;0.49542558166981276;27.983342552554667;5.951536414337157;-0.12734159623298327;-11.598261029815673
1478633172780;34.59638621581519;0.4261803500573969;28.200325399364022;6.248567057800293;-0.08589198569974978;-11.986121406500041
1478633172814;34.59379981853167;0.2544188341609812;28.941239995745104;5.760449048205465;-0.10938508834838867;-11.305420239257812
1478633172847;34.601538468339285;0.13978001086924524;29.42751190367421;5.646575124005228;-0.06539163284301758;-10.704176055090128
1478633172880;34.627630690538666;0.02870177798098796;30.009018708035672;5.353285347570851;-0.050278232579992616;-10.36868898585215
1478633172913;34.671027944631795;-0.068199997520766;30.783859374436638;4.220528833239898;0.009726443816268146;-8.706364699554443
1478633172947;34.699502655700336;-0.08519937613251537;31.348050373869107;3.9010524030823257;-0.06643909721098025;-7.255628204168751
1478633172980;34.73882652292277;-0.09861182646337123;31.86195625814807;1.8496707123354077;-0.033967738336755426;-5.01809704208374
1478633173013;34.76608876351383;-0.14347991943938254;32.685691409886154;1.516277838897705;-0.037559036260412536;-4.038120375061035
1478633173047;34.76441917366109;-0.22473523728113778;34.27224933867762;0.1457470260620117;0.3585317123081302;-4.135983075658976
1478633173080;34.693288662898766;-0.3483449996553117;38.33937357483006;1.1366472381591797;0.0574608391302223;-4.070591735076904
1478633173113;34.645205908829;-0.41103192257414517;40.74649225988024;2.76126240991801;0.054468088910199;-4.745606965637207
1478633173147;34.45007343196789;-0.4573561576533371;41.97400973827155;2.7109841750547288;0.15352817689094225;-2.4589947425842285
1478633173180;34.167463883474085;-0.5330763228073456;43.49896083275311;9.83163947982788;-0.30032268901215864;1.5581763679504395
1478633173213;34.30023795060478;-0.5326393161598062;42.9346295755274;5.953032644244283;-0.36481646883315405;-0.3742436470031738
1478633173247;34.29281357128032;-0.5630890694785663;42.30990607667915;4.202871230670064;-0.30256722566909156;-3.7838860862731933
1478633173281;34.20378364812615;-0.6399633541764514;42.73726289452042;4.873397186987102;-0.27458501203232444;-6.385335754571482
1478633173313;34.071012393859675;-0.7153567440660902;43.05466461574532;5.51953236002177;-0.23582885439223608;-6.440402246624603
1478633173347;33.90290481857949;-0.7527395919635709;43.33098770799279;5.4321442916870115;-0.20081367337876;-6.2971993520874525
1478633173380;33.8493592111849;-0.7684118543527034;43.49608275431834;6.020818697943166;-0.08993219985961913;-6.787561962271295
1478633173413;33.67203079215592;-0.7558561326850993;43.70528620192437;5.720196825055033;-0.06913256380385718;-6.479008894525095
1478633173447;33.55909238513884;-0.6899728223586697;43.46738821768044;5.170877181652933;0.05386953735351562;-5.995529869842529
1478633173480;33.47562129625864;-0.5890907018731901;42.24300308253309;5.1678841373167925;-0.09038111267089843;-5.23222816080302
1478633173514;33.40128289624408;-0.484911863796843;40.851678428948375;3.3087864020749924;-0.10878653793334961;-4.913649994659424
1478633173547;33.24072056519322;-0.4443898397520178;40.622115611291896;4.814739392443746;-0.1373673111183103;-6.320392815344035
1478633173580;33.09360998006566;-0.39985267892004167;40.183538800266184;4.914248252813517;-0.09053074570808094;-6.671592271368205
1478633173614;32.992441923684694;-0.37380379648681267;40.049968750163444;5.88434898411855;-0.042945992279052735;-7.488763641058816
1478633173648;32.91466168319243;-0.3359270177524364;39.77323970301228;6.283133426467189;-0.043544542694091797;-8.092401355599797
1478633173681;32.87635916046384;-0.30447337246571077;39.55836432412181;6.185719008492864;-0.04040215758171398;-8.259247320324555
1478633173716;32.766276472155084;-0.2011080899317806;38.94118902740887;6.590638327734172;-0.060453589635656675;-8.45721816235967
1478633173751;32.69600462000807;-0.11885694715030483;38.47920385066828;7.003189639691263;-0.11043255385799565;-9.081057405499369
1478633173783;32.64966727245247;-0.025771900074021643;37.98725562371486;6.417807443380914;-0.25109189996511994;-8.796895157568157
1478633173817;32.56448651396334;0.10782163111379517;37.22213799906244;6.829610092395171;-0.07481879959659418;-8.926332196277007
1478633173850;32.51994753721378;0.20455389716153546;36.68397586353803;7.166593902996927;-0.012419921112060545;-9.526079492950439
1478633173883;32.46250110281244;0.38032112187791706;35.90996925315829;6.3257798056120045;0.03890577697753906;-8.888772792407124
1478633173917;32.427841971587924;0.4937191253952902;35.476570623848055;7.381473209735006;-0.0020949264526367185;-9.824755857793987
1478633173950;32.058364014216636;1.7953357384097492;36.01427941053091;14.872182162475585;-5.547065971374511;2.016666570392251
1478633173983;32.43655004037616;1.8993851136862165;37.935280344228666;2.9397800712034106;-0.5838859298706054;0.720804337310791
1478633174016;32.2918837124787;1.3004029512563446;39.593950775189796;2.899228572845459;-0.4583399803161621;-3.3865979560300707
1478633174050;32.164917011598895;0.8265974941605994;39.64237891935442;16.417639918628335;-0.816123463506298;-23.54517709186971
1478633174083;32.141986073516556;1.4970640371424235;41.02016995144876;-2.205209366607666;-1.1228805968795903;-2.2780828796386716
1478633174116;31.997823056507176;0.9725501120744462;41.307853192576715;11.147852134759724;0.18495209651337935;-10.827178165380657
1478633174149;32.046560276310984;1.5206475899516405;41.22811739253394;-2.1341315048217773;-0.604535919189453;1.0711059677124022
1478633174182;31.96037423774617;1.3393525911080537;41.404865019495546;9.870844532012939;-1.2056301734924315;-11.57761074823588
1478633174216;31.97066072180949;1.2498969335663033;41.13913834553633;3.1405940277099607;-0.19722236746359267;-4.647295352227985
1478633174250;31.943395510101347;1.4022341260219235;40.97443222731713;3.67090969543457;0.3597287994384765;-4.7752352111816405
