sep=;
timestamp;gyro-alpha;gyro-beta;gyro-gamma;accel-x;accel-y;accel-z
1478633167538;33.36650433208522;1.9612366593057964;15.292355643941848;2.5821464981846147;-0.3253121368739987;-9.476399977465556
1478633167572;33.357864272708525;1.9460682393818678;15.447221033619993;2.6824035799662815;-0.3037643219325924;-9.455301198633014
1478633167606;33.351986019913014;1.938721935415223;15.551095852143062;2.722656154743163;-0.316034615715692;-9.394697421121037
1478633167640;33.350588836502446;1.9409726270866223;15.648684846625205;2.697666752547095;-0.3522469283836428;-9.42941370937784
1478633167674;33.34421167826607;1.9447951874356693;15.767489078585053;2.7599158541472626;-0.35000233806942704;-9.413551821985205
1478633167708;33.34164802797337;1.929735113501447;15.832844480653213;2.709637783680763;-0.2964320884815184;-9.408464329545398
1478633167742;33.35001632261045;1.8955666135724476;15.866526171537199;2.5646389182380864;-0.23912089080810545;-9.490316028020041
1478633167776;33.35540335131573;1.864935936378051;15.876143251935675;2.5354594576407687;-0.2614168937683105;-9.431208968753547
1478633167809;33.361358169806195;1.826415013223291;15.88758637312334;2.8075008587380403;-0.34222119979858395;-9.476848470151726
1478633167844;33.37124495910425;1.782472031779476;16.011214358296353;3.527107812090963;-0.462230558013916;-9.715819700523186
1478633167878;33.36298217110042;1.6070190280004173;16.084289826897283;3.0327052058013155;0.20739773707734419;-9.496002270662645
1478633167912;33.38925165726606;1.4756616937012321;15.666358361362946;3.892522986602783;-0.5686228760208003;-7.576002386883646
1478633167946;33.40169997160989;1.2888637269062824;15.836904313937692;1.0453681537352502;-0.34700959398574194;-11.922525717163085
1478633167980;33.3780164549414;1.056599104812613;17.08383453494142;4.875492405700683;-0.4682160621643066;-13.202974400274455
1478633168013;33.4154606906049;0.9081272377829107;17.443729497864243;4.765059854125976;-0.5047276374816895;-13.008894720458983
1478633168047;33.44680265300417;0.7300068092372703;17.702039558009144;3.9906851085387167;-0.16654664841804187;-13.357999542291461
1478633168080;33.49331946386109;0.4826017691857125;18.262468620742798;4.265419822106883;-0.1535281860240968;-12.81002605280131
1478633168114;33.546265686320325;0.2852863240190132;18.74862890549487;3.9166147138733414;0.00239420166015625;-12.93781656641215
1478633168147;33.58767745211057;0.1080249610807522;19.378900869126785;2.827701871313527;0.07541735001163324;-12.047323478698729
1478633168180;33.638995521800034;-0.05016633505579834;19.973433746945016;4.459649431787058;0.09756371365561207;-13.150152618408203
1478633168213;33.70457716058524;-0.16272318576390915;20.21188925202781;3.840897867175191;-0.00613514175415039;-12.181997322082518
1478633168246;33.76317816260884;-0.27350406788877935;20.79683057940016;3.5941457508362826;-0.008379705810546874;-11.54229641987905
1478633168280;33.82796056278632;-0.34334294309712327;21.33565319401887;2.1465515720643102;0.048781857684039275;-9.772083713531494
1478633168314;33.92696695071563;-0.3677993014120361;22.132862770383277;2.590227067212015;-0.00029927520751953123;-8.181585696234182
1478633168347;34.03890514218991;-0.33244705536036673;22.748547054867284;0.7020996368408202;-0.031573538959887806;-4.760421088409424
1478633168380;34.093342691558405;-0.29764135658577495;23.667799903430083;0.008828618621826172;-0.1083376251220703;-2.633921101379394
1478633168413;34.142572949799984;-0.30402935772649753;25.027372956781033;-0.8117837081357836;-0.1762730972290039;-1.2451345008850097
1478633168446;34.16876662495246;-0.3678905275044604;27.14586137249993;-0.6153101189211011;-0.1280897842517821;-1.2096703887939453
1478633168480;34.194588488644015;-0.45840670441158143;29.31522515559943;0.7682394577026367;-0.09142858503037132;-2.3982418754577637
1478633168513;34.11431249188552;-0.5726459807164723;30.641549791135308;1.160589547021687;0.12973580245971678;-2.456750178527832
1478633168547;33.86925649397714;-0.696135997128266;31.84847623865095;12.913425929260253;-0.5620388305885251;-1.0576385833740234
1478633168580;34.20695705545434;-0.7325786786441923;30.85706131357337;9.394099126434325;-0.0757166275024414;-2.948459344482422
1478633168613;34.53048770745911;-0.7847251920781684;30.292334103162467;3.9433996988158673;-0.0897825713890139;-9.24610731712021
1478633168647;34.589598372764016;-0.7746790921737933;30.574332625132016;3.8810010372437533;-0.23867197799682616;-9.074622842407226
1478633168680;34.620051992737025;-0.7571443515409134;30.74192487259828;3.90000508598648;-0.44636899028168986;-7.530063569464161
1478633168713;34.669800659397254;-0.754130668206148;30.79900004243562;4.08211375750117;-0.22670095142973587;-6.8917091864988205
1478633168747;34.711713704118125;-0.7220998701729372;30.67266986451935;3.058742258453369;0.056413381184008904;-6.390273576299846
1478633168780;34.75037353210909;-0.6643766532453795;30.345735781356453;2.9361889148436484;0.05835866546630859;-5.360767154693603
1478633168813;34.76691652337921;-0.6314472492732294;29.842812243286087;2.5526678825378415;0.1825578720203368;-5.362861788885295
1478633168847;34.80216832556883;-0.5733172578672735;29.40092874157989;2.703951499938965;0.1406593429676024;-5.63699817123413
1478633168880;34.825856337314605;-0.48485105793643846;29.016633937804148;3.3918355644226073;-0.00239420166015625;-6.70675710825175
1478633168913;34.839345574181216;-0.42241607085683436;28.668475279816345;3.5220202796936033;-0.0757166275024414;-7.164797959490865
1478633168947;34.86864161748397;-0.37413307639989113;28.36396789649019;3.6523546325683593;-0.036511579883960074;-8.425644737564213
1478633168980;34.89101624498102;-0.3028239451661237;27.910062824986905;4.416553966301027;0.045040920444155925;-9.40607028086558
1478633169014;34.931955381524766;-0.1494624269916589;27.286230867759826;4.419097723366552;-0.05686228942871093;-9.311798261703364
1478633169047;34.9633750147621;-0.04992673373473098;26.844696647729712;4.253598615806642;-0.051924249646282984;-9.757718649701028
1478633169081;34.989348401859026;0.04686228757438331;26.3849779389716;4.573224336508102;-0.0540191760989197;-10.133458526611328
1478633169113;35.00848453520141;0.20139978216570986;25.671443653439837;5.0736124469481405;-0.08843582610531012;-10.119692013195902
1478633169146;35.03489961460564;0.2990741840649843;25.10479869804081;5.035305512646586;-0.06075286712646484;-10.774056962176411
1478633169181;35.05422403624967;0.4250533902641382;24.459933155809523;4.744409937872365;-0.07032967547955632;-10.625616605377196
1478633169213;35.065555515140716;0.552828212418027;23.930356167566632;4.424784052774124;-0.04833294144782703;-10.561272435760497
1478633169247;35.09258175155603;0.7667300516737425;22.833290635058543;4.804564108453318;-0.07466915970954578;-11.283423803766071
1478633169280;35.09997218747657;0.8422315310018545;22.49077171689896;5.010764653369039;-0.09531915816154796;-11.468824648693948
1478633169313;35.1065541530712;1.1378240280935716;21.500203669688975;4.569334014538676;-0.22610241471442857;-9.957933763531594
1478633169347;34.95920681218403;1.8139626529680617;21.350762438988205;5.117606194714456;6.788010875082574;-39.34002588817179
1478633169380;35.12632814871975;1.9142316005184963;23.23788963773248;-1.1329065903261304;-1.6769886618683114;4.367323687854409
1478633169413;34.99693513076655;1.5768819272056285;25.149551006598642;3.0241761181153355;0.5710171142135746;-5.060295138604939
1478633169446;34.86182191199507;1.6189042350274119;25.626515916307014;9.132083682250975;-1.2744635077545419;-14.95807414703369
1478633169480;34.90636538550608;1.5555734425754473;25.85652633537454;4.254496304431884;-0.1583165756446775;-3.5303999855041504
1478633169513;34.85709788632637;1.6665017002852989;26.110447798941664;3.384802523980662;-0.4779425064086914;-3.188926973724365
1478633169547;34.82538119356873;1.6672583664213982;26.207395799489742;2.5502736808776856;-0.5297171173095703;-4.513968247278035
1478633169580;34.83335692023366;1.57320502265115;26.114763778298045;5.801000984954833;0.44262805018769574;-12.32130993118286
1478633169613;34.838876633065;1.657443009290481;26.116647705269312;3.906588957888819;-0.3203741164995241;-6.177189920806884
1478633169647;34.86032504835226;1.6473547584404131;25.879890098738205;4.473416292262357;-0.006733692169189453;-8.733598926101811
1478633169680;34.87530345367294;1.6114895513021874;25.63015466086958;5.09306533543691;-0.43724107818603514;-9.834183172961325
