sep=,
timestamp,gyro-alpha,gyro-beta,gyro-gamma,accel-x,accel-y,accel-z
1478633825893,27.423260942686728,-2.209518114338944,12.494599193219056,2.2254103974494615,0.383221896949716,-9.582792032894247
1478633825927,27.414690518126392,-2.2172227938355458,12.607200247998762,2.2592285141654775,0.3639186409273068,-9.615263774219319
1478633825960,27.414935539909163,-2.2007166359682446,12.74179173996649,2.2234651542663575,0.33473931961059566,-9.55555837517116
1478633825994,27.407482112481887,-2.1770792851472023,12.845337402241572,2.243666235340503,0.3335422233470948,-9.538948211567703
1478633826027,27.406341808534695,-2.1910043868654236,12.910169565184372,2.3321021002617197,0.4124012428117799,-9.554959672061193
1478633826060,27.421825791486285,-2.209200770361703,13.00016585668964,2.2872107095359357,0.4912602348770015,-9.470713652624562
1478633826094,27.44701009493688,-2.2625533609302195,13.102247934472658,2.288856732310448,0.5877764893020503,-9.508272540471213
1478633826127,27.48397816526472,-2.3281073993350048,13.241325486304047,2.3810335327590813,0.5720645591735839,-9.49226133056865
1478633826161,27.491577469210817,-2.3825452798489,13.333953036102724,2.414552356001269,0.5451298087631352,-9.482385385717823
1478633826194,27.49528242344513,-2.4200186561065737,13.400468783477093,2.3876176603897474,0.5237316040260251,-9.515305796683935
1478633826227,27.48445033509144,-2.444441315810262,13.445348206090177,2.557755597598292,0.527322897383105,-9.509469972378144
1478633826261,27.481362639594973,-2.435267324930787,13.529502049997163,2.654571054165624,0.30196866612089796,-9.477746697633084
1478633826294,27.49758553430341,-2.4150065237114333,13.571485683353902,2.7213094619750975,0.11387421646118163,-9.489717575786413
1478633826328,27.486350867794354,-2.549412518189028,13.39360218256427,3.9824551864624023,0.8224082702636718,-9.504082662449765
1478633826361,27.448948838800703,-2.8259639838578834,12.617723571172135,2.183960826873779,0.4632780189569457,-10.812513826342672
1478633826394,27.469714499718705,-2.9054755988784224,12.25685530899381,1.9167080665588379,0.3769371330040041,-11.751639573669433
1478633826428,27.495577009203963,-2.966992991328942,12.170818187349642,3.2808045354980973,0.49844284613651396,-12.805686854553223
1478633826461,27.54501817132709,-3.041963848545775,12.351768298973735,2.342277338586375,0.9985317298889159,-12.233772225244342
1478633826494,27.667533902592876,-3.1959926221536246,12.958304964137627,2.3734020880325697,0.8526350479568354,-13.184270284326374
1478633826528,27.706090507310662,-3.2522024184652705,13.145748259733478,1.9029414435455574,0.9527426231384277,-12.948890041351317
1478633826562,27.79377273206108,-3.325327585669304,13.780680766418687,2.098517755126953,1.1718120750427246,-13.160178337860106
1478633826595,27.936828724924148,-3.4279419645566893,14.956839542658393,2.125602234472707,1.168968960571289,-13.034782318170368
1478633826629,28.03346966915777,-3.510993066764774,15.681545473606057,2.6427498213221536,1.0483610519409179,-13.141323999786376
1478633826662,28.121934025310264,-3.5381807312344447,16.414252659759228,2.997540515048243,1.2036848846435546,-13.386879307556152
1478633826696,28.250588957973168,-3.568186319967778,17.344837185483435,3.1790508188109845,0.9033622321640141,-12.288539003698528
1478633826730,28.28944571284727,-3.5683862893834615,17.611007069101237,3.3114802808014674,0.7375637671981937,-12.17376725387573
1478633826765,28.400715793334488,-3.5403630670683177,18.263801323452462,3.0992941769364286,0.7401075881958007,-10.449493291882424
1478633826798,28.500137048349025,-3.4578423665569975,18.63638230201917,2.319382858276367,0.44592007747041057,-7.31802715800181
1478633826832,28.529175878497888,-3.4156296941680164,18.737195806775723,2.0828058797974136,0.3543418274368159,-6.469432160949706
1478633826867,28.618913504667972,-3.2943244854510927,18.922775761558817,1.016937155151367,0.07781155395507812,-2.7816134162902832
1478633826901,28.677744539054054,-3.249220339811685,18.96003528774666,0.5606921012878417,0.012419921112060545,-1.5719430274963377
1478633826935,28.739659847019105,-3.2359816622505218,18.99989721947614,0.14320318679809568,0.08155249404907226,-1.2716203567504882
1478633826968,28.78927332356537,-3.2280578932605395,19.588039499594302,0.6581061813354492,0.17956512451171874,-2.7762264625549316
1478633827002,28.767217519324095,-3.241066751357619,19.752139192716804,1.7723079250611364,0.46941314472807566,-2.4247277313232423
1478633827037,28.559661481757338,-3.245449798698396,19.98623588505761,7.010372098541259,-0.22610241928100586,-2.8392238937377927
1478633827071,28.76838007163698,-3.3300103969777943,19.76168604452777,4.762965073803812,0.2337339370727539,-6.251709447479247
1478633827105,28.857634288071907,-3.3334830174022594,19.858583823664514,2.1294927391052245,0.3660135787963867,-10.884489659881591
1478633827139,28.83499143060389,-3.2627206678633804,20.025445836999026,1.9518730495728551,0.10324994659423828,-10.429291776983439
1478633827173,28.806569354177075,-3.220322793571331,20.554205137595627,1.9307741474427282,0.10714052429199218,-9.722404211746342
1478633827207,28.76866039146884,-3.1782396969824283,20.919626720016943,2.042104378509521,0.12434884872436523,-8.616133224487305
1478633827241,28.70912336277172,-3.1100612889170782,21.427042210244977,2.0157681602478026,0.21951836471557615,-5.836165821838379
1478633827273,28.672420032254557,-3.0990802464233584,21.697311530082256,1.8468271594725547,0.26231471939086914,-4.62873999710083
1478633827306,28.61222165281781,-3.113789954528356,21.523482889555986,2.455403440093994,0.5126584327642456,-4.295197778320312
1478633827340,28.570885971312016,-3.151095996348026,21.14184188648722,1.4727332962036133,0.3972878471153322,-4.046051168060303
1478633827373,28.48824905328569,-3.2721573385025002,20.977337155814183,2.65187754076533,0.2931400657653808,-6.493673452758789
1478633827406,28.422943123845272,-3.3289253658408837,20.957020451885747,3.1332616755278777,0.6024409973033936,-8.23934544595927
1478633827440,28.35790831391884,-3.322961859553712,20.884296083432265,3.007416414233297,0.6765115883315913,-8.43896215550527
1478633827473,28.28286649023367,-3.3152185034000667,20.775739980778816,3.118896429034322,0.42975919799804685,-8.047510111004486
1478633827507,28.17465875537159,-3.335638934673827,20.564755048637508,3.3077392311096188,0.7610568344558589,-8.890568717646877
1478633827540,28.101147326010103,-3.3597479135431416,20.382946745078964,3.6104560304503885,0.9561842880249023,-9.674669670016504
1478633827573,27.988956726924023,-3.376348543148191,20.031151542410054,3.8186019738128407,1.0709563301086424,-10.68801548614502
1478633827607,27.915197103789488,-3.32702032237554,19.75050491826198,3.7972038695404304,1.0158896919250489,-10.978162945965677
1478633827639,27.836600588262925,-3.281583747219972,19.405748774625213,3.7077206190247085,0.7760205948318354,-10.699088814953713
1478633827673,27.764665940562153,-3.2536355700823822,19.02731031575739,3.534290490136668,0.5714660156084108,-11.054328340148926
1478633827706,27.689379144193893,-3.2314422225111095,18.688029998834693,3.5812768438477067,0.5235819892551516,-11.607239139910787
1478633827740,27.608324029343375,-3.17683085018351,18.377114060487212,3.610306502444483,0.550367114049106,-11.625195506231487
1478633827773,27.50824820482506,-3.121139439439882,17.999632471701712,3.8139633176941423,0.6570587181091309,-11.862221470586954
1478633827806,27.4372086105755,-3.0607413143371374,17.77055686321966,3.9339727489747105,0.6917746239150874,-11.560402716064452
1478633827840,27.37085175541815,-2.974074738847496,17.51535816735125,3.6239234147887673,0.6003460571510252,-10.503661885247752
1478633827873,27.375822037716688,-1.8826527013881549,17.31770389178436,0.4251204322814941,2.2662615089416502,-5.473144995117187
1478633827906,27.279002035773384,-2.1964160501197476,16.642275591306422,0.20649989318847656,-1.2822446996826677,-0.4128501487731933
1478633827939,27.176524669031917,-2.4525109197938986,17.03214518554862,2.7147253343444318,0.9241618408203125,-5.505018096978962
1478633827973,27.13983371982246,-2.2968049859267907,17.941411987610888,14.469358025415241,-0.00014963760375976562,-26.159347198596596
1478633828006,27.1197783111295,-2.0943281905896685,18.01607691399137,-0.4927566291809082,-2.5178021747313437,1.4480430915832518
1478633828039,27.025459407031065,-2.3495756944364103,18.06056865778537,2.605938723345846,3.4726398339202627,-15.077036042022705
1478633828073,27.099575247634856,-2.080594861277099,18.304150303602714,1.9173066900391131,-0.5265747276306152,-4.52040237197876
