sep=;
timestamp;gyro-alpha;gyro-beta;gyro-gamma;accel-x;accel-y;accel-z
1478633734998;26.675775637616464;-2.4593597947744312;23.97111535636612;4.057124277673289;0.4484639098844607;-8.920795276144332
1478633735032;26.672143041807548;-2.462233557347867;23.915608950496402;4.014477606267528;0.4294599187947722;-8.974814446535031
1478633735066;26.667090646419105;-2.469132751761994;23.845185653225005;3.9643490586695345;0.42886135468000136;-8.965237728086429
1478633735100;26.661550309077597;-2.469025948600367;23.727868323790563;3.885639538098825;0.4156932792276493;-9.020005208366458
1478633735134;26.658861062402885;-2.4725519416562896;23.658259416207592;3.856310691059497;0.4462193435447756;-9.03272431335449
1478633735167;26.65609230011603;-2.4756521514416168;23.60750429239551;3.8739679785354992;0.4248211579302078;-9.02075310412431
1478633735201;26.6536748355621;-2.4740207971690644;23.570701129991164;3.8440405399819366;0.40985739441470936;-9.039907059898855
1478633735234;26.654046589084626;-2.4707094539310157;23.559209138987775;3.852719429668458;0.3998316909458255;-9.01087713415731
1478633735268;26.653347965525686;-2.4702989496412364;23.568260190997737;3.897460997844103;0.41793782216362596;-8.969577024230517
1478633735302;26.6555163881885;-2.4667303232122375;23.597942679715146;3.9125745373877345;0.4129997738188656;-8.990377137493603
1478633735336;26.659384979669266;-2.4570765401999384;23.667004064303644;3.958662901079433;0.38935703356646695;-8.96224514697247
1478633735368;26.66083504767217;-2.4511045338072064;23.71559755649282;4.001309620434255;0.3913023475315189;-8.973018784444292
1478633735402;26.66264001359455;-2.446130237003037;23.760394184248163;4.009090743863722;0.42676644877696235;-8.966435095062339
1478633735435;26.66446313142704;-2.439641532876029;23.820936550184896;4.019715082229324;0.3769371056045405;-8.941894383770437
1478633735469;26.66454933835827;-2.4347415215517865;23.852731369084353;4.021660142749338;0.3957914528114255;-8.938153621772955
1478633735502;26.663416779457144;-2.4297884996082693;23.867723364759506;4.0252514361064184;0.39893385733175674;-8.963143022256556
1478633735535;26.662657550882606;-2.4276910406317107;23.88172992966233;4.029591164077469;0.4010287815011048;-8.947580530514918
1478633735569;26.662462492322064;-2.427778816206792;23.880227656946584;4.017470408575074;0.44427405469589865;-8.960748680602267
1478633735603;26.66123037711871;-2.432219954454055;23.87214217891041;3.984699675170274;0.4191349224228819;-8.960449393050718
1478633735637;26.662172413259412;-2.450453268526538;23.84427434487242;3.924695062277978;0.43888708497752665;-8.978705411250207
1478633735671;26.65965103362222;-2.473751434870703;23.821193370150684;3.9341221856490707;0.44741642610854465;-8.993519359350843
1478633735704;26.65549045332794;-2.504788296049236;23.801643638095214;3.9755718886554936;0.4575917808809201;-8.983493731230485
1478633735738;26.649737909062054;-2.56131601497552;23.783944448931937;3.981856759344949;0.45759180828038365;-8.967482262745484
1478633735771;26.647858697618393;-2.5894170949465303;23.79315320493978;3.964648281932238;0.44951134514049335;-8.954314086828433
1478633735805;26.644815471559696;-2.62725332193397;23.801534325994737;3.96060823216915;0.476745419278345;-9.001001340003532
1478633735839;26.639109262158648;-2.663333280947877;23.791729137645728;3.857507915187161;0.4502595462882018;-9.011326277580741
1478633735872;26.630786711481306;-2.6917232510964757;23.82203342425321;3.891026756695658;0.3800795044166501;-9.045443226546281
1478633735907;26.612173666780805;-2.700886715143965;23.90657655546305;3.9061400770435806;0.35868132707900363;-8.990227427966252
1478633735940;26.598479297553972;-2.8374432996812406;24.114445246656324;3.871723295748094;0.21727380065917967;-8.626907314621098
1478633735974;26.56987990803786;-2.8783179680497706;24.12939502202347;4.328716565029882;0.18570026626586913;-9.348758786364645
1478633736008;26.5438941037903;-2.924261804421175;24.359461451414365;4.320785808563232;0.5125088031519961;-9.959729414776712
1478633736045;26.53743007671874;-2.9289541359940303;24.765691041741327;4.798578677368163;0.8400655075073241;-10.550797803497314
1478633736080;26.512172000689656;-3.0366720944976877;25.35441119525566;5.102642361273244;0.9335890098571776;-11.158027345684916
1478633736114;26.50487927470635;-3.082910273997859;26.008040272390325;5.297620158972219;0.859967308807373;-12.114660400390624
1478633736148;26.549985668690763;-3.0517540942088113;28.00076346130723;5.581482620239258;0.8813654861450195;-11.843965975189208
1478633736181;26.5540974880867;-3.0177788202785343;28.75196801566686;5.9498904006958;0.6096236068504396;-11.536909904535115
1478633736215;26.561555136842326;-2.9983302931849694;29.530824799663197;5.633706217016652;0.7514800278152338;-11.000458510534465
1478633736248;26.554456636677763;-2.950945659598068;30.485280192891526;6.329371071569621;0.7302314880813472;-11.158476112365722
1478633736281;26.558153496218033;-2.92069437899441;31.52313875399298;6.661866119384765;0.48991352384262715;-10.947038470514117
1478633736315;26.54556222346221;-2.8726747319951493;32.32068572958385;6.9515645202636716;0.5553051384193357;-10.65180289377421
1478633736348;26.520867035954712;-2.8271316660732775;33.36249753977508;6.298845292663574;0.7281365798950195;-9.622745238848776
1478633736381;26.507686836523167;-2.788698059568736;33.925523881062674;6.452822533062845;0.5056254745206912;-9.310601051275432
1478633736415;26.481942619545734;-2.771517438296326;34.30934092810895;6.4350154390197245;0.6370072792053222;-9.133131072412057
1478633736448;26.447520193822093;-2.7403586388379377;34.686589440199604;6.07423954168111;0.4541501251276;-8.406490758956782
1478633736481;26.42164289218711;-2.734294780565133;35.05539936068907;5.668871241129865;0.4917091728044557;-7.987356043171522
1478633736515;26.37491750620824;-2.7200197134822197;35.44908880481473;5.042937030438334;0.3703530784385744;-7.1284359487120055
1478633736548;26.347516491973227;-2.725863971941361;35.71088461665703;4.500949702685698;0.32037412791596726;-6.516119239453226
1478633736582;26.31572190023665;-2.7269620986402963;36.00448598068906;3.7337577812746163;0.2687491546188481;-5.588365657751262
1478633736615;26.279774130955325;-2.721420296794663;36.29756491456738;2.6575638427734374;0.18510171585083007;-4.077475064849853
1478633736648;26.24778207938333;-2.7479481476979504;36.60717734205546;1.9927236770078538;0.21353286056518553;-3.0873227485105392
1478633736682;26.20088186246155;-2.8127559342513995;37.13039446986483;1.4835072036743162;0.203656778717041;-2.527079852294922
1478633736715;26.157816035209063;-2.8789990234849383;37.5531469107534;1.7109566536501049;0.34371758496933613;-2.779967402648926
1478633736748;26.056857329831242;-2.9836006160180695;38.15063734312969;3.1802479927062985;0.4418798621688969;-2.902071979577839
1478633736781;25.930293384192463;-3.118361356345055;39.025504856725796;6.2889693752122104;0.6025906440403079;-4.417451408331096
1478633736815;25.920778146887354;-3.1730701066277347;39.30614697520484;6.777685624694824;0.7354688042129389;-5.335777820996195
1478633736848;25.906292291855085;-3.296886609425742;40.43779607628202;7.98675746307373;1.0941501586914062;-9.810540577697754
1478633736881;25.830751828709005;-3.267091193356561;42.06346697927196;8.195950540868937;0.7812579109634272;-9.948357103021442
1478633736915;25.773727368460765;-3.2153769246543975;43.29484254575179;7.920318513134866;0.2787748375381343;-8.194753659234568
1478633736948;25.74417870567336;-3.1783962093112685;44.53635058679729;7.0830959009032695;0.16026187362670896;-6.743418595167529
1478633736982;25.74483580594286;-3.1621270484413513;45.67876251795315;6.548739908279292;0.12240355987548827;-5.859060521344095
1478633737015;25.84366154454653;-3.103558196140736;46.029021218922026;5.922805775219574;-0.003890577697753906;-5.419724516705423
1478633737049;25.78268166450572;-3.1663645368701467;45.42418166689022;5.16519080657959;0.14245499877929688;-5.192125429125875
1478633737082;25.684995519242758;-3.275568762536711;44.85068932366716;5.149179729107767;0.2624643569946289;-5.230133380480855
1478633737115;25.65517807225277;-3.289682971655646;44.69173025141503;5.387402502032369;0.23313538665771483;-5.192424996594339
1478633737148;25.518529778422824;-3.3565827010290743;42.83269246041518;5.3549311420165;0.30301612934721633;-4.259583736364543
1478633737181;25.278607193071526;-3.45407345880678;38.65538171686545;2.594865394537151;0.06389525680541992;-2.7455507537841797
1478633737215;25.235105124761848;-3.5076251924339066;37.8767783659426;1.2557590630128979;0.026186580657958983;-2.6734254287719725
1478633737248;25.257109870385726;-3.603369132099288;38.15979955999985;4.004900827026367;0.17761987219545988;-4.873097911779582
1478633737282;25.242930552623406;-3.6378397876454724;38.356051586538236;5.059546439129487;0.48871638647993093;-6.455815212072804
1478633737315;25.244669626931334;-3.6573644033895905;38.545494101691915;5.488258539227396;0.4535515769958496;-7.088333290100097
1478633737348;25.23948644774143;-3.675451768536435;38.7206571854108;6.516568225329742;0.6103718131355476;-8.381352116449177
1478633737382;25.224368483574658;-3.651299704357476;38.7527420080313;6.2348005261185575;0.5829881042480468;-8.08611672237236
1478633737416;25.191000531721404;-3.57518678546567;38.780330986048995;6.929867286914214;0.77826519542085;-8.243984503936767
1478633737450;25.15690097012737;-3.5161329603735325;38.616059372062466;7.463025703784078;0.6922235458595212;-8.95610986022949
1478633737482;25.126793896519043;-3.421618130873071;38.39351394810886;7.336282945660502;0.6766612533348146;-8.749011562756449
1478633737515;25.10747522709455;-3.33109246977759;38.20659582150223;7.085041335882619;0.5901707160783815;-8.452279902239889
1478633737548;25.0940861325081;-3.289022627379291;38.06110353227238;7.143250363745167;0.5701192731788178;-8.69768564547114
1478633737582;25.054295282790633;-3.1878458133433014;37.63399543822517;6.542605058786086;0.36496611557006836;-8.2230352394104
1478633737615;25.029156769771795;-3.138847962688039;37.37500935980953;6.687454295758157;0.4203320289611816;-8.383296966906636
1478633737648;25.004323746179402;-3.1165711943698735;37.092988109944514;6.184223107379302;0.3945943611145019;-8.17350493683759
1478633737682;24.978287142285083;-3.113265114811073;36.75817620414544;6.013486236163228;0.6271312064903323;-8.288576582922413
1478633737715;24.963372789675105;-3.131955188428568;36.54162069028527;5.505017731652781;0.7245452774047851;-8.072050805885251
1478633737748;24.93878081763024;-3.1751395031026597;36.39169837873597;5.336077096203715;0.7130231819152831;-7.7947722256537055
1478633737782;24.88609025990777;-3.023260454719665;36.272332723991795;51.094510329878325;3.7889736552031708;-53.55335426581502
1478633737815;24.874584145616165;-1.8530785921560655;35.989261968963746;1.0601821303769945;-1.5973813836028798;5.754014777374267
1478633737849;24.88774945944909;-2.254824954696701;31.87028666821929;-0.35090018081665036;2.5061305147033184;1.5333371102482078
1478633737882;24.794349736245962;-2.5791855877037047;31.820108571912797;2.1806687995910643;0.5790975356834475;-3.4774279815122484
1478633737915;24.76889219940077;-2.218701315475795;31.753879692416607;15.32229207458496;2.972102122409083;-25.71013452758789
1478633737948;24.67550640967406;-2.1416110414360645;31.01420727517417;-2.053776111602783;1.4329296936035156;2.367116669353843
1478633737981;24.589274875973327;-2.481068667478737;31.94845614604116;7.627477868707477;3.8500260167328637;-23.408408322033285
1478633738015;24.630792549869987;-2.18805219511341;31.255140351041895;2.8559833053588863;-0.14724340209960937;-3.4109891777038572
1478633738048;24.49596020987552;-2.4402224287188305;30.95242379076737;5.558438502325489;-0.16415245132446288;-8.97271974384468
1478633738081;24.535108439173023;-2.3326964037871245;30.921581912844097;7.720851148931682;0.09726444244384765;-9.858274973297119
1478633738115;24.532785940216588;-2.3516928758298814;30.858978710338413;3.9778165668763217;0.6304232246398925;-6.2716109565183515
