sep=;
timestamp;gyro-alpha;gyro-beta;gyro-gamma;accel-x;accel-y;accel-z
1478633126804;34.22840569443043;1.2248457265913728;14.147238401863602;2.328061793628661;-0.23582885439223608;-9.49271040777671
1478633126838;34.22440815551238;1.2335867391870223;14.184650208546977;2.372055347315443;-0.23104045335521223;-9.514407632563836
1478633126872;34.21887776721491;1.2299660601508382;14.22717004926821;2.362029552515014;-0.19213468551082769;-9.5537627099409
1478633126905;34.21199401052513;1.2134734698081842;14.2880233675366;2.4144027126892875;-0.12749124753647484;-9.553612885107473
1478633126939;34.20297827313824;1.1968263676816386;14.360208213843062;2.495207038127514;-0.13257891693115234;-9.504382080933645
1478633126974;34.190311727729025;1.1765902559790187;14.461607065605662;2.595164943739306;-0.143652099609375;-9.504830979474372
1478633127008;34.183839460885864;1.159386209023848;14.439390038095937;2.5980080764770506;-0.1355716735729249;-9.503184664438916
1478633127042;34.17456610298992;1.1297786430667522;14.339889126468112;2.536207700458495;-0.08933364031142554;-9.468319142720441
1478633127076;34.165983347078566;1.1022750124629799;14.28035116219343;2.53396320033418;-0.09232641065292992;-9.488670275815233
1478633127110;34.15735726805438;1.080780416964269;14.253680242038008;2.5173533806510733;-0.09681552049941383;-9.481487386565329
1478633127146;34.14775673294614;1.062548042381023;14.219554880427578;2.4380455191570567;-0.09322422714233398;-9.465027378015918
1478633127180;34.130868203956474;1.0216971743547478;14.152785419772302;2.401683492965999;-0.05327098693847656;-9.462184482740192
1478633127213;34.11627334097069;0.9753399234108013;14.053712951392695;2.3708581939697266;-0.048931505562597885;-9.509020903732415
1478633127246;34.11332897502706;0.945641857581626;13.978445385112346;2.2801777695586902;-0.05431845016479492;-9.459490526381902
1478633127280;34.111918612306994;0.9272231692914182;13.911043832896006;2.36337636972231;-0.12764087829036871;-9.569324472742643
1478633127314;34.09775171715277;1.0309519756479044;13.685253171949979;2.203563334699999;-1.1213842208419926;-9.430910077423928
1478633127346;34.09681978584345;1.0305878089288216;13.635465839597169;2.230049172299169;-1.2108675078903324;-9.560795355373912
1478633127379;34.094940127064376;1.0295352899229382;13.720014202696817;2.0753239813431166;-1.0390835205078124;-9.427468129409663
1478633127413;34.09191949329132;1.02358845109234;13.836376356580883;2.429665799646778;-0.39653964996337887;-9.681552963256836
1478633127446;34.08781699179032;1.0256403493049946;13.975940728984758;1.971625140203908;-0.12614449540290515;-9.5587002028757
1478633127479;34.08462742672227;0.9938452261540356;14.326951357053948;2.3612813325301745;-0.12285247725334483;-9.545083610191824
1478633127513;34.076945087708495;0.9823842229627879;14.388054370548915;2.487425837066234;-0.12120645447883288;-9.608829224826907
1478633127546;34.07497903625218;0.9649818282255226;14.239488436173435;2.4607903344638413;-0.06030396344834007;-9.721655621868743
1478633127580;34.09267229304767;0.9355580191605531;12.816004209489751;2.7991209428649393;-0.1119289367454592;-9.701903887430717
1478633127613;34.11098698472171;0.8543326053007354;11.16152878138557;1.7794904478432143;-0.28086978225708004;-9.634267419961601
1478633127647;34.09810336074534;0.8027984789561583;9.997940581296813;3.2002994316101074;0.06449380722045898;-10.920851451464742
1478633127680;34.0846655624446;0.6879868556145441;9.743947848915298;0.8414123190063982;0.17193359758681617;-10.825981429876759
1478633127714;34.05258831781343;0.5494534341198468;10.084659563321706;3.085976302337646;-0.003591302490234375;-13.232154025268555
1478633127748;34.05025645334456;0.47570969390059376;10.486930251801715;2.622099730682373;-0.29224224014282224;-12.290933205358684
1478633127781;34.06750541064503;0.3625432985174115;10.736449022125754;3.2035914588928223;0.03995324020385742;-12.898761444091797
1478633127815;34.07084002370486;0.2506506543809884;11.038034127723558;3.1214404144287107;-0.1361702194213867;-13.076979830169677
1478633127848;34.09213645285399;0.11277987244647761;11.15150700270847;2.6206033546447753;-0.17522564085255143;-13.109451190185545
1478633127881;34.129393513286026;-0.08650209878368677;11.14229345347519;2.8597243185181167;-0.26276363905201433;-13.322983758489787
1478633127915;34.166162002471104;-0.2394782055306591;11.173698836781462;1.9427450689785415;-0.003441664886474609;-13.20985802230835
1478633127949;34.206910307698905;-0.3739493445365639;11.11338089542373;1.8094178955299314;0.04234744186401367;-13.157036240442096
1478633127982;34.244165683421144;-0.4879660439243801;11.042658991004437;1.6537947419540024;0.07347206116275629;-12.760795573425293
1478633128015;34.29018041996955;-0.5815546561222478;11.168523825330466;1.4866495568206533;0.136619132232666;-11.924620351354777
1478633128048;34.33171061637249;-0.6291629134043291;11.140097131474128;0.5985504150390625;0.181959326171875;-10.706869751153514
1478633128082;34.3821240781448;-0.6368853924633902;11.160129293828893;0.5231330627441406;0.11956044768734136;-9.115174450363032
1478633128115;34.414624662015555;-0.6225593968632144;11.492881783514404;0.6587047317504883;0.027832594299316404;-7.120355445043742
1478633128149;34.4663818480936;-0.5939144584543663;11.875134163121944;-0.14619593887329102;-0.00014963760375976562;-4.284872783660888
1478633128183;34.49097362258744;-0.5939466440015303;12.449771923958544;-0.18734627990722655;-0.06748655016249977;-3.105429190826416
1478633128216;34.514251582787686;-0.6049107354203784;13.213367277686377;-0.22819749186411498;-0.04638765716552734;-2.562543964385986
1478633128249;34.49292299258446;-0.6238090345171046;14.328214527616689;0.5346551582336425;-0.1396118843078613;-1.55129303817749
1478633128282;34.425696967734304;-0.6946628894187338;15.77284624224561;3.397820995507762;-0.0326209976196289;-2.2560861518859863
1478633128316;34.40020427933414;-0.7736812639815395;16.113718989319562;5.6301148414611815;-0.31977554096831007;-2.6774656440734863
1478633128349;34.56110172764485;-0.8618200781620855;16.088141716728195;3.7374983560424297;0.014065934753417967;-5.958120176641643
1478633128382;34.67662910279049;-0.8957494530464538;16.186517026367213;2.6918308038020737;-0.23298574905395505;-8.239345957415923
1478633128416;34.6958492891413;-0.9244797704181652;16.43748063220558;1.3248913436889647;-0.2050035171508789;-7.785195610809326
1478633128450;34.71402493979057;-0.9450012596095619;16.798035319119837;2.104353548608348;-0.17417817077636719;-8.522160955456643
1478633128483;34.70257405965754;-0.8912134778362949;16.92500779211442;2.2143371873717754;-0.14320319593125022;-6.630741205541789
1478633128516;34.74077187164757;-0.7976851542607811;15.446146171291277;2.442085620294139;-0.029478607940673827;-5.091419467926025
1478633128549;34.79273598575161;-0.792286339348136;14.028075821492362;-0.6278793853759765;-0.07018003616333007;-4.120869969940185
1478633128582;34.76997496372979;-0.833584376813177;14.290867722520982;1.9337667899200692;0.051475335693359374;-6.258892052459716
1478633128616;34.769167020573114;-0.8189601786202059;14.049048693374305;0.795473501586914;-0.02124853973388672;-6.057180562591553
1478633128650;34.763333421961754;-0.8581309563419054;14.001564447128382;1.9080290124755352;-0.06718728408813476;-6.936001917211711
1478633128683;34.749594788737504;-0.9261126699692407;14.188294925745778;1.8118121063232422;0.04129998777084984;-8.598326495770365
1478633128717;34.736941173074364;-0.9396966877254392;14.104540603122576;1.4891933595519513;0.042197795127099376;-9.209296685791015
1478633128750;34.69237225483885;-1.0034733482541895;14.191606345465393;2.654271852023341;0.10519523087653797;-11.392359540911762
1478633128784;34.65901431249823;-1.0072903293294682;14.52386400597253;3.9160160903930663;0.18315641786879858;-12.39567952799052
1478633128817;34.64371328679195;-0.9888824682380224;14.508085468865156;2.9536966240813953;0.13063362808227538;-12.319065367126464
1478633128851;34.61448956386179;-0.9634417045413137;14.355980736283744;2.4570494720016605;0.3284545402526855;-12.999168276214599
1478633128884;34.577665044364075;-0.888396510236304;14.403311164402831;3.4569279951233414;0.19572598571777342;-13.484442732946574
1478633128918;34.53103785381179;-0.7785080052853194;14.573129525971945;3.837007581738382;0.07736264114379883;-13.062015777532755
1478633128952;34.366564349358306;1.03736534035144;14.42725711477389;5.7046343681335445;-11.038766193754691;-6.26308190536499
1478633128985;34.368957382723565;1.9382521889299449;14.772027413227153;1.1411363662719727;2.876483510943502;-7.872284988458454
1478633129020;34.371081132801365;1.7672765074960264;13.528199991859458;10.751312338665873;4.238784273838717;-12.87422116933614
1478633129053;34.465789496684685;1.0461646517270056;11.088707235904891;3.944896147918701;1.0443208549057132;-4.9169420219421385
1478633129087;34.060781780458925;0.6309659300083753;12.227184231439537;22.055833583257346;6.76855759386816;-65.17705193470418
1478633129122;34.21417043494345;1.6395310750145924;11.96897626699979;-0.09891045608520507;-1.506551321588084;0.4560948317378759
1478633129156;34.117210835580785;1.463714659773479;11.478969246950422;-0.239420166015625;2.453009311499074;-1.3398551040649413
1478633129191;34.05822959227377;1.232576602248826;11.288535361821454;8.719831937762349;1.6455646737472154;-30.608670539745688
1478633129225;34.08017551679063;1.5092894133944994;11.242547822083827;-1.6623241401672362;-1.6442179718459955;2.7370219948917627
1478633129260;34.00126170527054;1.3525575446521965;11.105905998528296;5.935824612072855;0.14993687896728514;-24.12098376018107
1478633129294;33.99224772477995;1.4499998419956983;10.876029953335108;0.14589666366577148;-1.532887612915039;-3.4810195762634275
1478633129328;33.954671887623924;1.4437615204314125;10.65989900816264;1.855206974880956;0.13437456817626953;-5.722141967773437
