sep=;
timestamp;gyro-alpha;gyro-beta;gyro-gamma;accel-x;accel-y;accel-z
1478633834300;25.47428851146225;-1.729280130937231;19.43949272941312;3.387945068923244;0.3404255439868895;-9.193135788052341
1478633834334;25.495309966136645;-1.7511311466376578;19.657152956285664;3.45692783072656;0.3474585250633303;-9.204208982147009
1478633834369;25.50763467040364;-1.7449932879900176;19.7674573169864;3.4775780392411164;0.27847558973007835;-9.202413159655244
1478633834403;25.515049115046686;-1.7274636975826299;19.840904472724326;3.4849102635590357;0.23597850569572765;-9.199420359630986
1478633834437;25.52091722531456;-1.711719409286896;19.891993897546893;3.41383224650952;0.2530371925243409;-9.181164807151024
1478633834471;25.521739916383545;-1.7022415001081683;19.920442828875487;3.427898299993947;0.24944587633437476;-9.198074056163634
1478633834505;25.51778753932258;-1.7081963191389162;19.92264554222102;3.3810617619831813;0.31693243791331766;-9.199270838474947
1478633834540;25.51059761001269;-1.7297831314892638;19.906435129514122;3.366846148526808;0.2904465820478392;-9.238625640144909
1478633834573;25.508131675824085;-1.7402683868437148;19.87872605596493;3.3092355021159396;0.2989759339531254;-9.245209653611143
1478633834606;25.51424602005836;-1.7663018301670204;19.844576988370417;3.3174655577646393;0.19198503649062476;-9.333645260520745
1478633834639;25.49824349472307;-1.8141705846272176;19.805625389272258;3.4973299654753878;-0.6536170166900381;-9.32810900710835
1478633834673;25.41907523877757;-1.983840038564103;19.72729130643273;4.609885512896627;0.09232638325346633;-9.417292681022454
1478633834707;25.461913634681917;-2.166563183646898;19.95005262485117;5.3478983207702635;0.8563760063171386;-13.244424308776855
1478633834741;25.517037835040536;-2.1806941732918843;20.463503138391786;5.224596789141744;0.42586862943344744;-12.788628459985553
1478633834776;25.57873858131742;-2.21170304017359;21.005092695135698;4.447827988024801;0.622492431640625;-12.336423036901651
1478633834809;25.641114416852695;-2.2186605818268292;21.649055660111898;5.447257543536275;0.9998784683227538;-13.219884034021199
1478633834842;25.726316559319933;-2.235438025160578;22.410582030904003;5.353135636901855;0.6262333717346191;-12.525415622711181
1478633834875;25.815364471910872;-2.2929666133660107;23.24433551096585;5.112069457244873;0.5961561951125972;-12.108225691168009
1478633834909;25.92368724038452;-2.343279785882558;24.143991748239134;5.125985681329294;0.7357680976867675;-12.336872241973877
1478633834944;26.03626507676611;-2.407295558837062;25.202685153417384;4.572326730081253;0.2968809875930659;-11.555763658086954
1478633834977;26.14504197419009;-2.466809585000625;25.987727170611514;4.910956590856984;0.8013093681335449;-11.17388893168345
1478633835010;26.31626669557567;-2.5803139541248696;26.905778210957063;6.149357326507568;0.6839934867858887;-12.224195126342773
1478633835043;26.406047614189582;-2.607029172461666;27.375271255158577;5.385008519567921;0.5177461227085208;-10.995521054132283
1478633835076;26.533170259127907;-2.596094038021233;28.153819549047537;4.536712797723338;0.568173963209521;-9.557802811077982
1478633835110;26.705403491472424;-2.5021404555854643;29.388918307490503;3.186233496856689;0.6443395217895508;-6.7803791015625
1478633835143;26.796269533164736;-2.384880195671727;29.853718392201905;2.3075614875793455;0.2516904312576167;-4.628590651758015
1478633835177;26.89164023495952;-2.2883484128743974;30.21471114358793;1.043273373413086;0.10788871231079102;-2.8028619560241697
1478633835210;26.97579175414475;-2.2341855963803954;30.63216975698938;0.78858987955302;0.07362170104980469;-2.2937948280334473
1478633835243;27.07346015113294;-2.1881175080844963;31.084456825281507;0.521636686706543;0.1490390350784175;-2.7623101654052733
1478633835276;27.0363973236204;-2.0453932259130445;32.57345041546141;0.7148191254213452;0.04219780426025391;-1.1098621070861816
1478633835310;26.82311218299883;-1.954146022757047;33.14721648677985;7.658901765497029;-1.0790367241790517;2.022501852416992
1478633835343;27.136601582206833;-1.9302800541123415;33.39247834337267;7.827243923596292;-0.5909188607146963;-0.8955810585021972
1478633835376;27.435240383557876;-1.9647260823002692;34.13444674773498;3.7208888012208043;-0.25752631607055665;-7.863605806510988
1478633835410;27.50251025542051;-1.954904056400791;34.52323294615858;3.64876362233907;0.1484405029296875;-9.22411102775894
1478633835443;27.52301181284527;-1.9002727426293962;35.019838194657936;4.26422279434204;0.06224926143037155;-9.159916276550293
1478633835476;27.535726217072426;-1.8422896982157477;35.56798162009261;3.862894887188822;0.06419453201293945;-8.1966992586107
1478633835509;27.546924957605583;-1.811549993178001;36.01146737048608;4.1983819564267995;0.22685059816665015;-7.619696311453171
1478633835542;27.548479709991597;-1.7550808188742963;36.354092780676915;3.944147667638957;0.24899696808967273;-6.131251176452636
1478633835576;27.545645248721407;-1.7201574819002134;36.46630619160799;3.6146459564208984;0.4188356437904294;-5.250334310857951
1478633835609;27.55971719651791;-1.6884903698033942;36.46202870590246;3.079092972564697;0.4418798530357424;-4.1091982368469235
1478633835642;27.564362809191604;-1.72310149450754;36.19760499545837;3.3937809994019568;0.421978042602539;-4.753388413293659
1478633835676;27.5556087009119;-1.7539063222373015;35.99101502561691;4.0123829994753;0.4798877952575683;-6.098780108697712
1478633835709;27.54716562720276;-1.7136271609167857;35.95798086110475;4.82566330284439;0.474351203918457;-6.742371223272755
1478633835743;27.531305183457984;-1.6922283769745112;35.6631589214032;4.8364366988584395;0.464774397277832;-6.7064579791747025
1478633835776;27.505433958424202;-1.659473569221994;34.93186653805397;5.4378303927657194;0.49949032135009763;-8.234258315420709
1478633835809;27.491094350523017;-1.5846183238547988;34.567209860267354;5.716904669908154;0.16145896532363258;-8.08731381064435
1478633835842;27.479911703359242;-1.5739010366741997;33.94984897424587;5.938966746023484;0.4080617454528808;-8.923488643414155
1478633835876;27.478287850804673;-1.5581845450318954;33.37841714059097;5.893476768350042;0.3200748390087159;-9.535955282537639
1478633835909;27.473238026824518;-1.5127228253467668;32.80673579659182;5.721244434411823;0.43514615173339843;-9.520093696539103
1478633835943;27.46337013483222;-1.4390047736130556;31.811591764071693;5.766285243545658;0.1930325134166749;-9.584438158416747
1478633835976;27.469658025925565;-1.4219719466282152;31.60031736230775;5.9522848215516655;0.36855741806030273;-9.845256794030965
1478633836009;27.473889584418377;-1.3574320897672039;30.82886844717858;6.150704211071878;0.3550900337219238;-10.307636989648639
1478633836042;27.482511899202635;-1.2936150831118816;30.423975564552443;6.33999563369751;0.2910451393127441;-10.325892485046387
1478633836076;27.500842676210986;-1.2145605589098707;29.792620551756215;6.140977620697021;0.3082534728782717;-10.134505989837646
1478633836109;27.507920353146584;-1.1901896597367174;29.60152414098979;6.10341858215332;0.25049335782700216;-10.119692159326373
1478633836142;27.520398562114494;-1.14277397190691;29.256194195706165;5.89751709324941;0.18540099448328254;-9.585186127239838
1478633836175;27.59209065389304;-1.5990926313117353;28.478892846837155;22.770354164123535;4.927416526341158;-54.298097697117925
1478633836209;27.519566293679997;-1.3806239482827372;28.43548803441411;-2.096123261205852;0.9923965516021475;5.897217964172363
1478633836243;27.620096506961072;-1.0960317385479403;30.273001551765834;0.6289268486022949;0.1548749198913574;-2.014870334625244
