sep=,
timestamp,gyro-alpha,gyro-beta,gyro-gamma,accel-x,accel-y,accel-z
1478634042274,18.08369401583053,-2.4500468046931565,13.275701058398859,2.2177789983887224,0.48198273540993686,-9.538798781743209
1478634042308,18.088133617755926,-2.489733489648282,13.282571555991957,2.2396259926395254,0.5464765197975096,-9.520543040891933
1478634042340,18.095485402444776,-2.512828906150987,13.307932676506276,2.2511481534881645,0.4493617195239989,-9.534159708440473
1478634042374,18.106096963845843,-2.5078765388696915,13.357508362852473,2.281823882523103,0.3833715362659422,-9.556156786020182
1478634042407,18.116109514301513,-2.4885996622882667,13.401994359382464,2.292148812108801,0.3585316894752439,-9.528324255082124
1478634042441,18.122743739480285,-2.4595673055658693,13.43786562060459,2.3325509171748764,0.3220201232910156,-9.512911316462565
1478634042475,18.127415415604784,-2.4396428572002304,13.45888821195851,2.3527519845492906,0.34925418087502474,-9.520243451732227
1478634042508,18.13412913569469,-2.464874244305479,13.44898334735018,2.264166635004652,0.38726213679658245,-9.564985249378381
1478634042541,18.136083631268654,-2.5528875200767875,13.451300531560877,2.111985121199023,0.5011363486911868,-9.547926487201241
1478634042575,18.130822380022092,-2.6526199734153644,13.461808638384476,2.045396369259618,0.39115268252829555,-9.537601517657993
1478634042608,18.12083145240446,-2.858679180165715,13.841978604430574,-1.2939163597106933,-0.01810615005493164,-6.991069139917195
1478634042642,18.129248323134238,-3.0149396916182885,13.902028727084952,1.5664064361572265,0.2641103889022954,-9.753229101463127
1478634042675,18.13346706233215,-3.1374263384895182,14.023530318892199,3.6358944961547848,0.3130418853317387,-12.830227129308879
1478634042708,18.13936406678277,-3.203611581750613,14.291272469799376,2.756623936462402,0.8485948326553218,-12.87676471633911
1478634042743,18.176701292565635,-3.2577660289504577,14.560032163748215,3.525013177899271,0.6636427726745605,-12.626869918060303
1478634042776,18.226539872037193,-3.4025659731682616,15.326276588803902,4.995651401519775,0.9929951385498046,-13.247866265924275
1478634042812,18.23533782626363,-3.549488699426356,15.628684327693232,5.646874253082275,0.7643488982711918,-13.687201978302001
1478634042845,18.267078962161243,-3.6782463661172793,15.564410770654481,3.065027037811279,1.2428899368286133,-11.581501764325052
1478634042879,18.319003227900392,-3.8689475227725674,15.863859718281061,4.251802727099508,1.1870751106262207,-12.480973546655475
1478634042912,18.354189329266802,-3.975795584281294,16.148855779099353,3.251625093167089,1.0503063407897948,-11.42168865737915
1478634042946,18.400501300026693,-4.095767778308569,16.238856287836555,3.0273184164627454,0.866401744035352,-11.31320139465332
1478634042981,18.413378897209615,-4.208712004007616,15.968172111080007,3.954472954559326,1.1079168547699227,-12.22883418432027
1478634043015,18.428614191052482,-4.289465555602651,15.696826790013658,3.2755672193665055,1.1677718232085927,-11.9535009934023
1478634043049,18.45148852395521,-4.355599938468268,15.443772113515603,2.1715408326964822,1.0474632080520503,-10.469844005993753
1478634043083,18.453387521520508,-4.394106764808939,15.12321844218105,2.1101893786223602,0.7535749626874975,-9.96556513519287
1478634043117,18.42943703275009,-4.397134272759949,14.456793093018783,1.7121535352844743,0.6585550667472649,-8.712948973315582
1478634043151,18.374266348266836,-4.349500290011039,13.163658885321533,2.227954328615745,0.5738602286850102,-7.095665386553853
1478634043185,18.25652147360715,-4.332780737852375,10.74102776340167,1.530194117781054,0.3555389465332031,-5.143941974584758
1478634043219,18.132648530875734,-4.3233951829550525,8.360421095616013,0.16789339141845702,0.18046291360165923,-3.566163372802734
1478634043254,18.10209313677297,-4.322025308785916,7.597079386509116,0.3238157745361328,0.10295067138671875,-3.003974895477295
1478634043288,18.09680664193744,-4.343138836860366,7.256817265186147,-0.7628525039672851,0.34536362601015713,-3.2167595680236816
1478634043323,18.101937757826278,-4.378311869919037,8.708423176362967,2.2506991250853985,0.5068225456680171,-5.850830307006835
1478634043357,18.007011647711785,-4.421210085841765,8.252963273670478,3.3831565834045407,0.5518634826660156,-7.7018473193846635
1478634043390,18.002776726714835,-4.43519159747072,7.840418366976713,2.830694550323486,0.8215104811737314,-9.200767050115763
1478634043423,18.035798189855253,-4.41882014550525,7.389783461468462,0.9934439965621568,0.767042347739404,-10.48211399724111
1478634043457,18.0419660590018,-4.3638490515740385,6.996681213610929,-0.46058447130732233,0.7223007064985227,-10.551545991516113
1478634043490,18.040895535563767,-4.312732978579033,6.986379063196366,0.01915361328125,0.7724293334407965,-11.09577795639038
1478634043523,18.005150332263348,-4.22746780966758,6.977116557151685,0.02184709014892578,0.6646902404674562,-10.050858642401174
1478634043557,17.928930184174614,-4.1141727646825546,7.15886453866668,0.6051344696044921,0.6013935660431161,-8.77115763585195
1478634043590,17.864315776408812,-4.071900219374288,7.355188880283016,1.771559590911865,0.6108206985473632,-8.44943664163798
1478634043623,17.833925633751623,-4.03366233238628,7.513028431068253,2.342427049255371,0.7469909088355954,-8.742427362060546
1478634043657,17.82217076300535,-3.984765560798375,7.662249732805685,1.637035421664454,0.7649474486862309,-9.645789621624024
1478634043690,17.79233530254609,-3.932008919855903,7.758493439640788,1.1665747771774417,0.6605003875621827,-9.562142347252788
1478634043724,17.743445525140007,-3.8658933348151363,7.810996164327388,0.9124900711944326,0.6500257564406434,-9.320926119000092
1478634043757,17.67530389647729,-3.7845791636867268,7.821629627476118,0.973691924197413,0.40177692956235256,-8.228123210199177
1478634043790,17.62483449242036,-3.745101767068005,7.919968604936169,0.9261071662018076,0.3444657821212895,-7.96281559260264
1478634043823,17.52924581633158,-3.6653162076593477,7.933241021085202,1.0993874017577618,0.18584986733701078,-7.076811194610595
1478634043857,17.476586291378577,-3.633297041471556,8.042210482962679,1.1492167603423817,0.3788823944534175,-6.8411319686889644
1478634043890,17.42065784552413,-3.5908042646562635,8.117345858519757,1.0670657158782706,0.33967736053466796,-6.456264051818847
1478634043924,17.335122417619065,-3.5605991797979493,8.290944514927586,1.2554594590118153,0.43290158767700193,-6.57253217767924
1478634043957,17.28613200710745,-3.539035015606873,8.416180094047839,1.3429974298118148,0.6248866378673584,-7.198316928863525
1478634043990,17.238243845128228,-3.491964106861601,8.478594601057392,1.1909656517913565,0.6856395095604005,-7.310694769287109
1478634044024,17.183511676685914,-3.4488121166268417,8.604337438994522,1.315164917710889,0.5966051301859406,-7.523629225567728
1478634044057,17.137280958021847,-3.40273483049403,8.710004385101934,1.3392565353835932,0.4632780303733889,-7.86585027923584
1478634044090,17.0965664149349,-3.379417986724467,8.906531178978696,1.2222398927108384,0.45250412290268577,-8.441655486242473
1478634044123,17.056946768038436,-3.3440228766470264,9.100086929952694,1.570745869584044,0.7055413017272949,-9.50976924986895
1478634044157,17.01279925420054,-3.2799370077481727,9.60326524976958,1.868075845336914,0.5750573123904236,-9.538499651524518
1478634044190,16.982385534364138,-3.2657992111076255,10.12265811522785,2.02190335680088,0.8652046249389648,-10.224139133685455
1478634044224,16.96277977501139,-3.192451626565363,10.337588435327824,2.1799206115722654,0.5657797638326534,-10.412382727758585
1478634044257,16.947631346574088,-3.0876304944725645,10.567922759253173,1.941398234646581,0.5044283577075926,-10.663474992193654
1478634044290,16.935718445562387,-2.950996612306591,10.73907693933417,2.0002057946578597,0.45609542082634286,-10.483610665539652
1478634044325,16.934494094072807,-2.891003277044358,10.98439339419403,2.0440497404236346,0.47988778155783657,-11.134384312029928
1478634044358,16.936378278227657,-2.8163353841559244,11.240595406038688,2.062754386094678,0.4125508735656738,-11.434258069964498
1478634044392,16.945105880138133,-2.74231171285626,11.526858796606602,2.248454579295311,0.36930560607910157,-11.452962770434468
1478634044425,16.970915266477185,-2.7044293590145623,11.796237804921702,2.4001871277740223,0.5484217995132319,-11.70525220876485
1478634044460,17.020642100196586,-2.637392559388101,12.046635051463252,2.399588540826365,0.4771943298063357,-11.266664099884032
1478634044492,17.062759286690312,-2.614269111896304,12.148480704652236,2.3934535086700692,0.47973815080394266,-10.658387240600586
1478634044526,17.117545003442547,-2.5898359012097445,12.206970818621233,2.351255686143506,0.3799298896457767,-9.885059921707025
1478634044559,17.19328695784483,-2.90674034529816,12.106211934272118,0.3755903854370117,-0.8237549721648916,-7.6500730007447295
1478634044594,17.216195603062378,-2.7588584001868273,10.889254808855501,2.4811411079406738,-9.272443571914545,-4.426579594421386
1478634044627,17.231926586549747,-2.7191845557094343,10.0598175788775,-0.5029319862365722,2.454505541406199,0.5352537086486816
1478634044660,17.33878203513117,-2.555461721753441,10.46383828416696,1.8424877876945305,-4.135983514050394,-1.2509703674316406
1478634044694,17.3742150721686,-2.84380810555757,10.041726237581805,4.5022963680543,4.719569949517771,-36.86666652014851
1478634044727,17.467103851706483,-2.7091708610248904,10.131553490854335,0.21757307586669922,-0.4273649963378906,-2.1746832954406736
1478634044760,17.519046294920702,-2.6376909945593665,10.258173573720796,3.7234324943542476,1.7414823960235342,-22.278794635772705
1478634044794,17.57164944866384,-2.66871750604859,10.400125189744063,1.9538181740249505,-0.5041291235992684,-3.5525463508605957
