sep=;
timestamp;gyro-alpha;gyro-beta;gyro-gamma;accel-x;accel-y;accel-z
1478633899260;23.690116470039683;-2.5232464653210225;5.212492714610601;1.151162122256495;0.4659714935413329;-9.750685823888215
1478633899294;23.683917283521513;-2.5444659418681215;5.3442249318998725;1.0606312989166007;0.44457332362437446;-9.729437055825464
1478633899327;23.675224696162957;-2.533440554387493;5.300255517299351;0.8604162124854978;0.36287119825058617;-9.760711037591687
1478633899360;23.66415707734562;-2.506811439017477;5.243900700439257;0.8257002747135004;0.33458969113999043;-9.74664556862915
1478633899394;23.65483421381809;-2.4860637479922376;5.234310914247431;0.9304466041952022;0.37065232624663036;-9.777919427097785
1478633899427;23.652482358614886;-2.495860632025133;5.266564447703635;1.054645831298828;0.4516062767305295;-9.75203246642393
1478633899461;23.664625836872585;-2.5180229948487427;5.278863142670519;0.9944914963210932;0.4857236481044674;-9.749488207034906
1478633899494;23.670102027772707;-2.5615946029173164;5.230842591090894;0.7579144904426764;0.5196913795913569;-9.76190839129598
1478633899528;23.66767199447603;-2.583256991743837;5.198451495691043;0.760009362096386;0.43754034397498903;-9.766846636003564
1478633899562;23.674598953217693;-2.5872330406530497;5.197249975586956;0.7191583054031245;0.30511105579985304;-9.778518050578061
1478633899595;23.67620160825607;-2.581146165275254;5.2727746258228025;0.3220200867583975;0.6564601676940918;-9.857825813890667
1478633899628;23.65227940583781;-2.8184408550563025;5.462043196034144;0.694617738386523;-0.5984008139679208;-12.46570992655009
1478633899662;23.643734698442575;-3.061668464029155;6.297973221616371;1.5890017508575691;1.1996446693420408;-14.148235435485839
1478633899696;23.698332406795974;-3.0531099105984167;6.83074176169537;1.9948188957214354;0.5722142150436528;-12.483517093658447
1478633899729;23.725104240935313;-3.0863044547581273;7.515873025082784;2.2987328689575195;1.0408791717529295;-13.560758203125
1478633899763;23.791080981119332;-3.098346260600441;8.198527731864408;1.7687165129730478;1.1873743858337402;-13.010091529028116
1478633899797;23.8332807384807;-3.1329086743582235;9.069519588182336;2.7060464263916013;0.28101943812714886;-13.341239838409424
1478633899831;23.93914515532313;-3.173007653330757;10.66160468199889;2.494309290136769;0.6937199218971188;-12.371289183099567
1478633899865;24.03011853456044;-3.2291951768538447;11.765782743462019;2.139368884885451;0.9286509689331054;-12.488005929510294
1478633899898;24.1551960070061;-3.299977385146049;13.229441675351033;2.802862029089406;0.6539163284301758;-12.377873237664996
1478633899932;24.207187836079655;-3.366762806248141;13.878464288357168;2.7808652282714843;0.7457938171386719;-12.411092785699665
1478633899966;24.251408666500044;-3.4027077912954735;14.294010120095773;1.936909143066406;1.07245270614624;-11.863867630358785
1478633900001;24.306360612589206;-3.4445351340026376;14.836800488132608;2.5879824118240733;0.4933551795959472;-11.377096505328268
1478633900034;24.342183342216916;-3.473114235285604;15.351581923815049;2.6720787725365254;0.6587047454502201;-10.880149877111613
1478633900068;24.412133082549197;-3.497347853673742;15.971299487764863;2.2132897606780753;0.7134720855934079;-9.40173056659426
1478633900103;24.42536852787336;-3.501067582682653;16.10882748840659;2.447921651237551;0.6615478507885011;-8.708609336676076
1478633900137;24.401168223452427;-3.516317336972522;15.664895736265697;0.9211692348755895;0.6105214102109341;-5.692064809417724
1478633900171;24.38380905417155;-3.528847316642537;15.426758079474448;0.7282862174987793;0.39653963169706985;-4.808754034423828
1478633900206;24.342038713558097;-3.5432994769586914;15.22547730063627;0.7481878726683556;0.39234979705810547;-3.9680899765014646
1478633900240;24.257585971252638;-3.5736613011571543;14.61360814163559;0.1575683967590332;0.44996025623930613;-3.5558383781433105
1478633900273;24.154079360650876;-3.5574584673094813;14.666332548264535;0.8702921573363244;0.39234979705810547;-2.947711156463623
1478633900307;23.86244505821353;-3.5708818169684915;14.656074082856813;4.661809907531738;0.26919804916381834;-2.6268881340026855
1478633900340;23.883524833908517;-3.6505549190924884;14.086184008088008;3.3002574239868667;0.3332429618393071;-5.24105707168579
1478633900373;23.884507131191643;-3.7364643268997737;13.757314812594336;2.779817838110402;0.4032733238662593;-8.975113835906981
1478633900407;23.88586122933093;-3.75035438549054;13.650338019791223;2.2378304053264904;0.6947674079563235;-9.284115414605662
1478633900441;23.823293105170478;-3.713366303473956;14.39195304173801;1.1122563087463377;0.6459855057481559;-10.110414335632324
1478633900476;23.739631907910756;-3.65689400447991;14.665274356131537;1.184082212420553;0.4167407082046382;-8.557325719274953
1478633900510;23.65813777869281;-3.5628108349216423;14.86745386299135;1.246630730792135;0.19393033447265623;-6.685658498382568
1478633900542;23.571548438285262;-3.4972550264485323;14.911803001148918;1.4288893321715295;0.2688987739562988;-5.160552333123982
1478633900575;23.478039932864803;-3.482652400173067;14.803337458499378;2.0374655397277324;0.37514145435942337;-4.399195912933349
1478633900609;23.414301786622467;-3.509505298178053;14.99330690036344;1.0606311893187463;0.6715735519740963;-5.870731816045939
1478633900642;23.318742138153443;-3.4817615711289207;14.842526114901558;1.3792097938537597;0.5530606017624028;-6.929118879699707
1478633900676;23.22871645978846;-3.4589651869359623;14.92761223496119;1.605162721661478;0.629226107826794;-7.801954876299947
1478633900710;23.128900519846898;-3.380260177896347;15.464258829412948;2.205358894613571;0.6239888213779544;-8.656685234301909
1478633900743;23.02706145208144;-3.3707933220329114;15.843144544550228;2.425924704289157;0.8274959670578129;-9.19059225931568
1478633900777;22.942426633389655;-3.3910476591268464;15.840391260834151;2.3952491233825683;0.8418611770187504;-9.409811215822174
1478633900810;22.874820676948683;-3.406745049979461;16.023132486601483;2.6740238810056005;0.8729857803344726;-9.696367378289997
1478633900844;22.8224428324191;-3.342377739471079;16.298061144866505;2.9605798807891084;0.7062895080124028;-10.025719305773825
1478633900877;22.75961323162652;-3.339099270293265;16.531220147368188;3.062034267469775;0.8882488159179687;-10.198102190631255
1478633900911;22.653306790750978;-3.2939881682400944;16.6532300738065;3.263296899325587;0.6724714095626957;-10.69385135269165
1478633900944;22.593372024910938;-3.2486481857547034;16.8950268670764;3.57035337183848;0.7184101356506347;-10.88987646748647
1478633900978;22.5205284634241;-3.2183968055599648;16.972882466402677;3.1748609659057108;0.6587047500167973;-10.947038470514117
1478633901012;22.453958355794374;-3.1919058415663515;17.109229505766262;3.735702850927785;0.6561608833534177;-11.734431103106587
1478633901045;22.379166004178845;-3.1724342167875275;17.082590023152004;3.855412787805125;0.5898714385875733;-11.624896231023966
1478633901079;22.3002658351543;-3.135256200446292;17.065166479227006;3.7997478184022007;0.5638345069498173;-11.467328272656351
1478633901112;22.22541600568551;-3.1112038436175635;16.955559709867885;3.504363042449951;0.4038719016807619;-10.547206647137552
1478633901146;22.12763918929895;-2.5314037967513925;16.32190145548265;6.9439330024719235;7.077259888226166;-15.844826586914062
1478633901180;21.944480515202077;-3.1782453875685333;15.391673655339632;0.9814730430603027;1.9512743164947255;-2.2062568298339844
1478633901213;22.03431448318849;-2.9810801070607376;16.24699396764773;3.9429510052002965;0.6277297569053713;-5.177161814880371
1478633901247;22.075442369445;-2.8259269451771463;17.13157304059401;12.279710677337645;5.0104654512267555;-25.415348448181152
1478633901280;22.069131767140735;-3.0002479772372252;17.057923467926546;2.842665611139906;3.517231949438527;-9.946860690451226
1478633901314;22.06317593021019;-2.7161942758037103;16.86390150542155;-1.1192892761230469;-0.40716391983032224;-3.8015433235168454
1478633901348;22.09956367113246;-2.8937787647197317;16.736585430978916;1.221491905621439;2.0977696036407725;-10.121487591375782
1478633901382;22.134850947393918;-2.8143939531048234;16.506969546652634;1.245882835034281;-0.053121349334716794;-5.143642991638183
1478633901416;22.143935801061247;-2.8120155075865063;16.290130089274466;4.514267376355082;0.69012861027373;-12.737452399499714
1478633901450;22.152580331993335;-2.8302318306851677;16.01981954425717;2.313247826120071;-0.11192892761230468;-7.412598123577982
1478633901483;22.182591010085705;-2.8017659558224253;15.718881939976196;3.2323219884125516;0.33518823242187495;-10.217255365521087
1478633901517;22.18841749996493;-2.8411723183322692;15.528072254803138;2.7781717331374995;0.24660277099609373;-9.318681536677387
1478633901551;22.206712471443815;-2.818317391792312;15.232466759821817;2.4558523803047367;0.3244143432174809;-9.02763645216357
1478633901586;22.20858449457861;-2.8504484646755537;14.889975257045469;2.8739397447448223;0.4047697090370115;-9.981725996398925
