sep=;
timestamp;gyro-alpha;gyro-beta;gyro-gamma;accel-x;accel-y;accel-z
1478633811828;25.11437656767731;-1.628796692465933;15.369534311107245;2.602946139663187;0.24316110154304185;-9.440636279639717
1478633811861;25.114435610058166;-1.6135895478720503;15.369079842707075;2.6446949586177477;0.23119009780883787;-9.440037887913238
1478633811896;25.115200749130455;-1.6039251124548355;15.364603910352225;2.64379726542593;0.2364274093738524;-9.427169178429128
1478633811929;25.117405955984413;-1.5949373346649198;15.359605114799399;2.651428737551905;0.24226327820377191;-9.446771440230998
1478633811963;25.11996664870481;-1.5908028902984714;15.350942094306172;2.6593594026870093;0.25857378614674087;-9.447519677911325
1478633811997;25.12305562026086;-1.5908286250291601;15.321770803127805;2.6197054787898666;0.27009588092271514;-9.43734424893207
1478633812031;25.126221391463066;-1.589855353919569;15.297279821002544;2.69931277075503;0.273387893649465;-9.434351854191545
1478633812065;25.13071923268743;-1.600235548639312;15.249918159277486;2.497750973289553;0.29762919616146244;-9.382277805969654
1478633812100;25.137270752557782;-1.627620597145088;15.216288686998922;2.6839000884346196;0.36062663419418967;-9.427617760163557
1478633812141;25.143255883070125;-1.6503344735438372;15.150437900089598;2.9498060463836415;0.2968810012927977;-9.468918004804378
1478633812176;25.169944689988988;-1.6999329427525467;14.904391905470742;2.6203040611709465;0.3610755287391599;-9.376142513518454
1478633812210;25.179662282984104;-1.7379065614405633;14.681381090880985;2.73103576008901;0.3362356865150388;-9.44497572219969
1478633812242;25.185253149907744;-1.7523114632673147;14.544811792071805;2.6262895835876465;0.3188777313287719;-9.445873490740032
1478633812275;25.203397069735153;-1.8006221400513094;14.077317674959508;2.4188919058758067;0.3176806407734926;-9.536105458997515
1478633812309;25.211541079177554;-1.8282231378255045;13.721480762863786;2.19219092248003;0.33952772749748544;-9.553463076257065
1478633812342;25.218329438656973;-1.8319759579369634;13.422955428902167;1.9099744109222665;0.25094225237197243;-9.55510921091272
1478633812375;25.227562983592502;-1.8095833576322113;13.102078331994118;1.809268267059326;0.2246060432434082;-9.443629100213572
1478633812408;25.227036586925326;-1.8175026800925402;13.038566877118013;1.6506524070739745;0.32261867028112173;-9.904063933917135
1478633812442;25.235213869832645;-1.8189066218721013;13.020964860299161;1.6325461839538067;0.4623801864845212;-9.537152674487018
1478633812475;25.22715744421319;-1.8399807593244006;13.053496914771253;1.8546083879332989;0.5192424850463867;-9.659556080240522
1478633812509;25.22489854570809;-1.8329902687130162;13.16273912225403;1.8957587654998524;0.340425553120044;-9.52817422189861
1478633812543;25.219566880592662;-1.8692831552176794;13.478667373198832;2.2501006089196887;0.35927987292746544;-9.59087248861345
1478633812577;25.229988675239568;-1.8900905243820445;13.679745406502889;2.6001029298644514;0.37289690400275866;-9.556006938353867
1478633812611;25.214245854635724;-1.9407014001283827;13.69420048642833;1.209969737066701;0.2817676170127932;-9.35100355135044
1478633812644;25.21569707670988;-1.992994399635529;13.66859776917532;2.255637293873634;0.4116530342433834;-9.636811073137494
1478633812677;25.157761551509797;-2.0722364974462897;13.477214742634889;2.329558160533104;0.718260498046875;-8.99845741169136
1478633812711;25.17382011690634;-2.1893207208008203;13.990088598988313;3.8284780921936035;0.3558382057577022;-10.549301646655424
1478633812744;25.155631382114933;-2.287359320602421;14.18933598966554;2.8559833418915046;0.20395605392456054;-10.787524492645263
1478633812778;25.172183371610974;-2.3528948633568842;14.626839212650188;3.7767034812927243;0.3221697791610844;-12.22569150238037
1478633812812;25.191929581472742;-2.4423718079336796;14.975103041597801;4.189403992462158;0.6358101601089351;-12.86075378499776
1478633812845;25.22888434637552;-2.4773592732578575;15.485299416775732;4.343530870465189;1.1559505255768074;-13.33690034790039
1478633812879;25.260502222583973;-2.535097702112512;16.009539603110362;3.873369373321533;0.9045593147277832;-12.60891340560913
1478633812912;25.30236095445488;-2.6170293088430925;16.386975558935287;3.951480348614603;0.5045779816116206;-13.178733400726317
1478633812946;25.348458714402923;-2.7101883901000825;16.90179944049381;3.775805728735402;0.7448959915161132;-13.073238890075682
1478633812979;25.40481438700423;-2.7940755358341205;17.480864960400055;1.4094365898132324;0.7428010833297856;-10.854561992999166
1478633813013;25.485125922646862;-2.9863032427423497;17.931154989059404;4.035277333654836;0.662595291181933;-13.229460548400878
1478633813047;25.532835811002354;-3.100993492381528;18.181641778969404;3.2945711219787595;0.8403647827148437;-12.315773632104694
1478633813080;25.58354500603796;-3.303823691638754;18.01501634375274;2.6581624662537124;0.8638578682388178;-11.591377700042724
1478633813114;25.64495457331455;-3.3933435237413323;18.077368891015333;3.1070750903033417;0.663343497467041;-11.383680706024169
1478633813148;25.70685038991176;-3.4358753604111394;18.273907315293393;3.2272341089553196;0.7508814774001948;-10.330680596105754
1478633813182;25.77592790856469;-3.467540192670634;18.229542700965943;2.061557266998291;0.8225579261337407;-8.617330617578327
1478633813216;25.82865372967372;-3.4461478444291784;18.081093804734827;1.4164695571899413;0.6362590866199461;-6.512527498571575
1478633813250;25.87849993857489;-3.410286025065581;17.886307621148447;0.7761701045714319;0.3660135787963867;-4.476109641265869
1478633813284;25.945668715110692;-3.381244191474994;17.633477730836763;0.2428618309020996;0.1575683967590332;-2.639906605529785
1478633813318;25.996994716177248;-3.3675682308242108;17.747095659329247;-0.26964696197509763;0.14859014053344727;-2.009932293701172
1478633813352;26.019814406456014;-3.279581970149266;18.80568955104367;0.15352818145751954;0.08289923248291015;-1.8052280517578123
1478633813386;25.94033396126067;-3.1725390208597473;20.471712092261733;3.0199860460143535;0.4520552009582519;-1.0989385620117187
1478633813421;25.924894246947016;-3.172098274558016;20.77298378591129;7.266402038574219;-0.2258031806061044;-2.1709423553466793
1478633813455;26.14632824359307;-3.274750489810499;20.396006219226056;2.4151509977478534;0.3697545006240718;-6.4667386840820305
1478633813489;26.16252075659019;-3.271809440132532;20.435184777951054;3.2972645988464353;0.24495675735473632;-9.149591510219732
1478633813523;26.18397108286185;-3.1295238554075473;21.11621078090858;2.3240215509276836;0.37394437179565426;-8.825326448412984
1478633813556;26.174272187047976;-3.0979395966155905;21.339274336098544;2.6158148051939905;0.3363853332519531;-8.899546992138772
1478633813589;26.151863799337356;-2.919881361403773;21.959390045095354;2.7041010644774883;0.1518821678161621;-7.281665366418659
1478633813623;26.142073023121576;-2.7968961820642004;22.202440313774957;2.4003368019104;0.23956980361938476;-5.706729002325236
1478633813656;26.113667269425754;-2.7438468238595366;22.214264601588205;2.62628951052241;0.17178396911621094;-5.0754082443237305
1478633813690;26.087777074006052;-2.720683981636903;22.3283846710578;2.420238603210449;0.12599486236572266;-5.941959607696533
1478633813723;26.076849904874855;-2.7159999958629477;22.363932571792972;2.8172270198546348;0.07377133865356444;-6.414963780920207
1478633813756;26.033887531994072;-2.688333655284392;22.45531105819676;2.9339445699829607;0.2871545616149902;-7.1568671664915975
1478633813790;25.98961987309477;-2.6647240008360358;22.690421806610253;2.8095956481933593;0.3212719444053713;-7.43459499746114
1478633813823;25.957207313574308;-2.6750453277663704;22.86218718318912;3.3010054658751935;0.4498106197771907;-8.20881988624893
1478633813856;25.91922583287691;-2.665150523204339;22.964343600440248;3.3423054079802705;0.5608417480247561;-8.40200159431137
1478633813889;25.87964505026756;-2.6705960046428037;23.164980877063034;3.700388412973098;0.4671686092127871;-9.00055195797644
1478633813923;25.843693047354236;-2.737922764471472;23.33162883075182;4.209305793762207;0.7432499778747558;-10.048314657006785
1478633813956;25.804833225432628;-2.742036939069706;23.518519934575398;4.6279919552125035;0.8325836273193359;-10.817451867266744
1478633813989;25.760234393491853;-2.7042449170137397;23.670356856151216;4.650736797918752;0.8023568313598632;-10.912770874731242
1478633814023;25.714236557352752;-2.6412475486480615;23.881444440513675;4.923376511969044;0.7835024932861328;-10.835707654925436
1478633814057;25.647439149239084;-2.549382498489922;24.166401656627684;5.008819510650635;0.8595183959960937;-11.294796261651813
1478633814090;25.59713729096209;-2.465378138072658;24.280339260358772;5.263502858380228;0.7362170104980469;-11.55292054361552
1478633814123;25.513517164523474;-2.291704177817418;24.30377373970833;5.2157682435851545;0.6099228911911138;-11.076026084955036
1478633814156;25.419874416790357;-2.326262356591939;23.796036382188777;17.412579761505125;1.5093944725921378;-36.63802026160359
1478633814190;25.346723290442167;-0.9927563274993547;23.63025061737536;-0.22789807052612304;1.648407861283887;5.399523294067382
1478633814223;25.193580373929763;-1.4359804480649285;22.51147913400719;-1.5578773850038647;0.15891512605971655;-1.4700398193359374
1478633814256;25.092539567737465;-1.612144091062119;22.469173262910925;1.9407995746336877;0.02454056701660156;-2.9122470443725583
1478633814290;25.106681484462754;-1.7809682332875814;23.346572632225964;12.978368357031046;2.5457845344985834;-29.688400445666908
1478633814323;25.012598158577948;-1.384992407501847;22.15895317346849;-3.151218297576904;-1.9358616798400878;2.5243857909053564
1478633814356;24.95308209259812;-1.6065223075037462;22.072963146629434;6.262034442138671;0.8482955939804203;-14.669123934173584
1478633814390;25.001875739494984;-1.4039995660047282;21.88535312542309;1.861042877960205;-1.3426982368026859;-5.421969226892292
1478633814423;24.9982966094589;-1.5366768705146139;21.862183719706916;5.3932383685789995;0.1930325134166749;-11.746401965276895
1478633814457;25.013226899154578;-1.5090805658902575;21.742716970156444;3.3406596318009307;0.3963900123596191;-7.73267295802012
