sep=;
timestamp;gyro-alpha;gyro-beta;gyro-gamma;accel-x;accel-y;accel-z
1478633388814;33.39253194657307;-2.7172065136134145;10.28002708724894;1.687014335654443;0.3682581245864741;-9.66763642864516
1478633388848;33.380552013286994;-2.642752658593594;10.541764834490762;1.7969980446289961;0.2683002418075688;-9.669133288739946
1478633388881;33.38150939051579;-2.5823299076373267;10.781707960770053;1.87570739966128;0.3585316894752439;-9.620051969189543
1478633388914;33.38544216138907;-2.601523924482628;10.91291563369151;1.8200422110626473;0.4762965019004885;-9.678410377215059
1478633388947;33.38314694435959;-2.6354939644869333;11.046687648422385;1.8584990478294434;0.4620809192685119;-9.554061478258342
1478633388980;33.39066575482338;-2.6481898650947584;11.221572446345466;1.9428946723329716;0.47659576340827625;-9.709235947351855
1478633389014;33.40564340244537;-2.659804986330321;11.41098509830492;2.0857985314079093;0.46357731185995216;-9.528623377880127
1478633389047;33.42141811640031;-2.6603473886221805;11.600184697787212;2.288856787109375;0.5014356101989745;-9.611073571970884
1478633389080;33.44018295447508;-2.6483380348844765;11.736184438578736;2.549824731533788;0.4620809352515323;-9.536404314079928
1478633389113;33.4671316143889;-2.659349114845795;11.687941735238107;1.9529202958867535;0.4885667739923461;-9.63172387866685
1478633389147;33.47358404327784;-2.6564411753968824;11.587040235537222;1.939303292210924;0.43888709867725845;-9.626486448370828
1478633389180;33.49765130276591;-2.6495304868849057;11.464365508078092;1.7904138924529776;0.479588506350317;-9.61556265099297
1478633389214;33.509839965454944;-2.650186458367392;11.413641446520812;1.8716671523937256;0.4706102512663754;-9.606434849922225
1478633389247;33.52049864896467;-2.6513990875978632;11.369177058198249;1.7479168860504404;0.5600935691391118;-9.594164725958718
1478633389281;33.52047460193614;-2.6583976210685414;11.438052558628804;1.9753660003828;0.5921159980773926;-9.626336438591022
1478633389314;33.51288366446729;-2.701959653873157;11.51475568404032;1.8972551872032228;0.5964555068527349;-9.601197555196466
1478633389347;33.49906036363223;-2.728364293998317;11.587434801252845;1.8315643065521492;0.5166986640487797;-9.630226984322734
1478633389381;33.51210977666243;-2.7671790777527563;11.605863533411991;1.973869669725564;0.4911106178228394;-9.731831061122799
1478633389415;33.51975099521635;-2.868458889354618;11.417627890708857;2.211643856634572;0.5793967834915034;-9.768941141189448
1478633389448;33.412534679213984;-2.984705615374512;11.169126733976851;0.31648353195190426;0.07841010437011718;-12.212373463384806
1478633389482;33.379938181816385;-3.2173531995965696;11.467943556701865;2.9026702377319333;0.4557961501854006;-11.525985921069234
1478633389516;33.38041268166313;-3.2598534773840147;11.824774938448556;3.83072265625;0.4607341728431638;-13.676727638299763
1478633389549;33.37229087342914;-3.3254556624246168;12.207829010423758;2.934992033209279;1.5595231063842772;-13.516016267339884
1478633389583;33.419996254994444;-3.3664901475986033;12.800523036052962;3.840898013305664;0.31857847667085004;-13.806014235687256
1478633389616;33.45334827403459;-3.455299192111849;13.634300781681613;3.261052298736572;0.8689455650329589;-13.547141473443805
1478633389650;33.50624919434596;-3.527528177589784;14.305058317553568;3.1944635650634763;0.7671919944763184;-13.527837930297851
1478633389683;33.561183365371846;-3.5940534470641303;14.893293197253545;3.0376432101927695;0.902015457197558;-12.739995946502685
1478633389717;33.655325541154504;-3.75911108150897;16.20948849362801;3.77715246716924;0.9985317664215341;-13.572280298614501
1478633389750;33.715548156517976;-3.855035771238585;17.2834739747255;3.935469051947072;0.9903016251495107;-13.426533564813434
1478633389783;33.863276876149065;-3.933818280853141;18.31693978160694;2.9788358328445814;1.1966518807342275;-11.871648931884765
1478633389817;33.93123130917039;-3.9566649826481526;18.872125332054825;3.024475375056546;1.0357914932250976;-11.054029064941405
1478633389850;33.98307481205496;-3.976477559275933;19.308720395403164;2.3564928378783163;0.91174195624087;-10.01195293848887
1478633389884;34.00149743700617;-3.95750947373636;19.50839836727601;3.047369891899172;0.8780734953949227;-9.88146865574941
1478633389918;34.076551754111044;-3.896685253533787;20.018428938716646;1.7229275158204138;0.5066729445968754;-6.876596373040973
1478633389951;34.18214992751899;-3.8057445075010388;20.01168035617044;1.5225626182556151;0.2262520203521475;-5.185541520690918
1478633389985;34.28282582283707;-3.7493095522872273;18.990460582718796;1.3024455569945275;0.16415241479184478;-2.9300539192199704
1478633390019;34.22792687086035;-3.729487185137831;17.6623470815278;0.019303250885009764;0.041449652774073184;-2.173186919403076
1478633390053;34.20466608169458;-3.71663920781184;16.717837377723132;-0.44532150878906246;-0.010474632263183592;-1.590348452758789
1478633390087;34.12398192051962;-3.7782792273608807;16.869364920567975;2.483535346133448;-0.011073182678222656;-1.7425298957824706
1478633390120;34.05415919068107;-3.842253731420993;16.79223797085157;4.605695806121826;0.21428101205136627;-3.589207563781738
1478633390154;34.09611629339135;-3.9074044603588676;16.466805511131316;5.96919365158081;0.25363573837280273;-5.678597132818401
1478633390188;34.19603090494542;-3.9607003309443427;16.287086181546076;3.2499791525909676;0.19228428429868072;-7.97403826675415
1478633390221;34.2454256482537;-3.9754059215127446;16.068007528415684;2.3674164194853975;0.42781389088286087;-9.211690814385936
1478633390254;34.19697214648825;-3.9305700196465314;15.786134394610478;1.9803040481567382;0.46402619099272413;-8.27136825849004
1478633390289;34.187130701118136;-3.9096233603689767;15.780958935984842;1.6283563310485332;0.39803606253359464;-7.663839660290628
1478633390323;34.14634719026796;-3.8602703245513617;15.668084578037933;1.6521488561768083;0.38651394877778367;-6.54395168762207
1478633390357;34.122573712655594;-3.806178705401958;15.468745986916396;1.3313256145201622;0.36212298283232375;-5.3119852958679195
1478633390391;34.07701740251626;-3.804735077515192;14.830002900046674;1.1592425163269042;0.4312555740356445;-5.483619627380371
1478633390424;34.05451927303373;-3.8238109578516153;14.525170607122638;1.3828011694092304;0.40192660369873046;-6.936301484680175
1478633390459;33.99845217374606;-3.8301018933805753;14.188833619950225;1.8953098161559552;0.5431845016479492;-8.091952552386372
1478633390493;33.98733455988189;-3.8071897246785644;13.93745298049032;2.0503344467163083;0.6578068718786002;-9.113378872183151
1478633390527;33.94067060492339;-3.7637276496170218;13.589247518613671;1.9544167427062986;0.6534674236104067;-9.198971691131591
1478633390561;33.902485256202525;-3.750446657740739;13.245338598928571;2.1960814408122795;0.856076694577001;-10.246734338787942
1478633390595;33.89544409473429;-3.711645210763009;13.170794681482226;2.153734076580079;0.7172130256874021;-10.185681831127777
1478633390629;33.853771592293675;-3.607962892918428;12.91310376388384;2.1571757323333993;0.5627870003410149;-10.438868583624064
1478633390663;33.82485518861023;-3.4902398291091585;12.804210292101692;2.20610723332942;0.6593032684657956;-10.656890645367278
1478633390697;33.80256016852647;-3.422350131971103;12.820609859659044;2.320579986505909;0.7727285858154297;-10.737545532989502
1478633390730;33.777403039309156;-3.32329732600737;12.914275371124464;2.3250690598197745;0.863109680220019;-11.451167119189352
1478633390763;33.74375912876688;-3.224158992946231;13.004995623225843;2.69931277075503;0.856824919128418;-11.570578073120117
1478633390797;33.71610372471706;-3.1021155923383232;13.076666272267284;2.732083442511037;0.8743325187683105;-11.535114107159524
1478633390830;33.64607719403864;-2.8852063159405175;13.098967389372234;2.8933926332335917;0.6118681800399907;-11.021557704925536
1478633390864;33.5314852288488;-3.086282822696242;13.143718738933744;3.347243631567433;2.0676923356872052;-11.553519678552448
1478633390897;33.76674339277475;-2.953228931225183;12.153058327894893;3.9372646301269527;-3.4084451923094687;-3.0071172851562498
1478633390930;33.556749569615015;-3.0268015281114313;11.630570089504458;1.0842740037780254;2.174982570648193;-2.2849662094116208
1478633390963;33.500680830491554;-2.988524473550859;13.072887300552686;1.7937059197356924;0.039055414581298825;-18.735376178741454
1478633390997;33.40254406751766;-2.5122075860230715;13.76264005143429;2.1981763444320297;4.527285738284327;-3.1753099517822263
1478633391030;33.41560772156438;-2.880981631428169;14.066339498469075;-0.33713366740122436;1.8110639913696795;-5.636848825891316
1478633391063;33.30001131051814;-2.608823101230117;14.873891720640685;5.953780978393555;0.28161798854218795;-17.47452972946167
