sep=,
timestamp,gyro-alpha,gyro-beta,gyro-gamma,accel-x,accel-y,accel-z
1478633149090,35.10560751711049,0.7808992325618588,-4.969454361890085,-0.661398190351855,-0.1771709182849852,-9.75906498399278
1478633149124,35.10478250605101,0.7804466524136923,-4.6811394092733885,-0.6428431822845712,-0.1909375869640382,-9.79288327652202
1478633149158,35.106157484174425,0.7781748143662419,-4.424024842276489,-0.6093243133766111,-0.19542671507683115,-9.821164582703215
1478633149192,35.101306464421,0.7683273013042108,-4.194844435697591,-0.5805939025878906,-0.17432780838012693,-9.80769717553195
1478633149226,35.0974811604305,0.7579818825828699,-3.9397390027667454,-0.4299088173354976,-0.10878653336677234,-9.821314750029938
1478633149260,35.092529624862046,0.7284107913241676,-3.68308201003046,-0.41569324497831983,-0.04863222122192382,-9.865607307212892
1478633149294,35.090083464226005,0.6748821338886722,-3.35085756625558,-0.3757400230407715,-0.033219548034667964,-9.846603473099297
1478633149329,35.08758982415884,0.6432713470850321,-3.200069747525116,-0.3541922080993652,-0.047584757995605464,-9.809343185748375
1478633149365,35.09048894279279,0.5597227783594403,-3.037532673107556,-0.2702455123901367,-0.08574234809599002,-9.875333541394722
1478633149398,35.06357317007166,0.3889579208067304,-2.9383887018550907,0.26740236138608303,0.46148236999511716,-10.124330742379836
1478633149432,35.04973188041507,0.1983486061867006,-3.973490817537442,0.6238392431396991,-0.6280290138465817,-11.763760219573975
1478633149467,35.121716834747666,0.1199027597297105,-3.672434345891414,-1.4692916313171387,1.3799579110906108,-13.87394970779419
1478633149499,35.151160213546206,-0.015714406550946233,-2.5310538540129195,-0.8400655075073241,0.6245873321208535,-14.736311218261719
1478633149533,35.18906999985533,-0.1494549775642932,-2.0199152513342318,-0.48572365267104467,-0.36586393662604966,-13.708450518035887
1478633149566,35.23086703508851,-0.2709891927042263,-1.5682415433362482,-0.9708487549270503,0.3416226493835449,-13.849259210912882
1478633149600,35.28729176653662,-0.429262227953683,-1.0518570619198353,-0.5415384880065918,-0.07107786635246593,-14.509909523773192
1478633149633,35.34259717479073,-0.5725206219777148,-0.5720857714879656,-1.0506056433967779,0.12988544006347655,-13.973608351898193
1478633149667,35.39495621754781,-0.725844554058358,0.08851762769838915,-1.0299555924291373,0.24570494537353516,-13.722516745050251
1478633149702,35.48988818333631,-0.9341488281306397,0.8396208237746573,-1.2361561989936511,0.030526071166992186,-13.112144667053222
1478633149735,35.51618461913936,-1.0022800805743712,1.0889550096123772,-0.6411971138442866,-0.009726444244384765,-13.068150919286905
1478633149768,35.606516268201226,-1.1655179222187828,1.8186521075314854,-0.5868786819458007,-0.020201076507568357,-11.622951380566507
1478633149801,35.66319787617104,-1.2405330765937888,2.4614779356308514,-1.3005004873413593,-0.06703764648437499,-8.698583324963227
1478633149835,35.7266158074279,-1.3015235635646434,3.131439254983435,0.19722236175537108,0.08230068206787108,-7.268796240234375
1478633149868,35.817222363898125,-1.3931219667698655,3.6533211596287627,-0.4996399589538574,-0.012868833923339843,-3.177853791046142
1478633149901,35.8771193649128,-1.4742185037620334,4.11697506403221,-0.34237083740234375,-0.05761045918120071,-1.9000982925415038
1478633149935,35.90507626595551,-1.5228056221614308,4.3634301830940965,-0.2832639839172363,-0.06344634399414062,-1.739088230895996
1478633149968,35.96765517586457,-1.677282378492733,6.045665435471984,-1.0550946710448712,-0.05087678527832031,-1.325938806915283
1478633150001,35.69851441160784,-1.8327668065786662,8.598645345606558,4.258686056872457,-0.32890348959658294,-1.8372504989624023
1478633150035,35.48537607390956,-1.9679161170441908,10.75160754957588,12.042236092431843,-0.16549918975830077,-2.940678189086914
1478633150069,35.85396820117079,-2.2360137438308083,10.752773355701388,1.1763012031555176,-0.229843359375,-7.50776749343872
1478633150103,35.9417608068242,-2.3217257379552225,10.871300974102006,0.5572504364013672,-0.05297171173095703,-10.121786610854976
1478633150137,35.95979093390758,-2.4232671808367092,11.319636785480983,-0.8922891773499548,-0.26351182022094727,-9.955389778137206
1478633150170,35.946105983346314,-2.539112971051441,12.075317711379743,-0.17462708358764648,0.20620059971464796,-9.948506557962112
1478633150204,35.91868124341288,-2.5885096165247656,12.404226427780815,0.7658452560424804,-0.11507131729125976,-9.196577526004052
1478633150237,35.89911934004814,-2.654618928546697,11.960582378917964,1.4106337637085467,-0.024390929412841794,-8.775048213549702
1478633150271,35.88882295789402,-2.7184846148995883,11.526667020423734,0.963366893005371,0.1868973853622563,-8.636035025787352
1478633150305,35.855920519057705,-2.7702845962151996,11.520228490307591,1.753154147383105,0.24809916530000045,-9.352051197239849
1478633150339,35.79734176604872,-2.7269245667734925,11.243311223924959,2.3119009415557605,0.3311480171203613,-7.826495589447021
1478633150373,35.76901696136976,-2.6434810972795626,10.116887971214876,1.993322537950147,0.4231751548490603,-5.930437512207031
1478633150407,35.735111246500416,-2.5268701160153797,8.351347869695713,0.3338415670532733,0.6186018722091801,-4.55212554397583
1478633150441,35.67887297059459,-2.450276941823784,8.233550152534225,1.6138416113479994,0.6284779357910156,-5.783642730657756
1478633150476,35.62459488970248,-2.3576214143290644,7.900070354636721,1.089212081234716,0.5734112976074218,-6.583605652618408
1478633150510,35.59446357373182,-2.2937916984102724,7.754069287313807,1.3730745836009504,0.45400048980712887,-7.520785672704875
1478633150544,35.511112268683924,-2.0777761989315535,7.461946317989552,1.116595835787989,0.17223290019379928,-7.930942490740865
1478633150578,35.44843197461837,-1.936837457796315,7.2525381178299515,1.193060559977684,0.08723872299194335,-8.746617068835347
1478633150612,35.38845298204162,-1.7983532077112583,6.983578623092384,0.866401725769043,-0.03965396499633789,-8.751854311901702
1478633150646,35.261943417964545,-1.5207893458467279,6.64457812881203,0.9380781197036616,-0.07721300354003906,-10.485256386920064
1478633150680,35.18504865836908,-1.370674778642285,6.531202450317238,1.1517606521219363,-0.03621230010986328,-11.04265631479472
1478633150713,35.1211862994478,-1.2958368052151994,6.424250662933556,1.072901621240808,0.014514847564697266,-10.880598936053365
1478633150747,35.04277146729137,-1.2545751065738355,6.371225947486785,0.9793780983413569,0.2235585708839353,-10.98549489628896
1478633150781,34.957055282448536,-1.2078012554813178,6.459585421616781,1.1845312530959955,0.3229179489135742,-11.461043201037496
1478633150814,34.87336023521015,-1.1478524642993433,6.4998268064561655,1.3308768295730464,0.4677671493530273,-11.963077361651509
1478633150849,34.73816306536389,-0.995717610389749,6.372009350509687,1.4887445198059082,0.29014732282334005,-11.783811658477783
1478633150882,34.54771579032015,-0.23866518934512188,6.0092101316534094,11.556811121313274,4.665550952657009,-70.80163193839192
1478633150917,34.57364669706278,1.7368819898503856,6.658925023562225,-2.3651719650268554,1.156100090115331,-2.583044316101074
1478633150950,34.26352867449089,1.7073895853882257,7.272195956782836,9.617807197924703,10.871022366874758,-2.455253802490234
1478633150983,34.463516311609276,1.3305513281366317,4.79162910486006,-0.7492354089599103,-3.0612860429183577,1.5960352662235497
1478633151016,34.389795860458825,1.025075832081175,4.454149949340034,1.93451494140625,0.05252279891967773,-8.70412042775899
1478633151050,34.213637590750736,1.8713425477924324,4.37564428777845,-0.9980828901428729,-0.3283049169194797,1.8094184891849756
