sep=;
timestamp;gyro-alpha;gyro-beta;gyro-gamma;accel-x;accel-y;accel-z
1478634073197;15.833577045526063;-2.6083152842633424;-8.581996083892461;-1.5001169594253412;0.4450222348658928;-9.693075116399376
1478634073227;15.838191010648545;-2.6113600582492627;-8.616162782549374;-1.4969745309304794;0.4516062812971067;-9.657311420286003
1478634073260;15.841000350596058;-2.6146189105688373;-8.659345082511425;-1.5432126441070808;0.476146843747131;-9.663296972385456
1478634073294;15.838014108252924;-2.609146725952005;-8.67486857129759;-1.5421651945804944;0.4183867286958615;-9.663596297825325
1478634073327;15.829287175246634;-2.5988620591257545;-8.671789918882093;-1.4848539158503349;0.4044704612289555;-9.664793362122785
1478634073361;15.818789235223525;-2.587462144949104;-8.64243380567212;-1.3878888205375988;0.39205053098374043;-9.68364778353655
1478634073394;15.806868364898593;-2.576798471962779;-8.615657859877292;-1.44086052541869;0.3860650085670408;-9.668534242851274
1478634073428;15.793813966958423;-2.567320862487217;-8.599271450150079;-1.4317326407224986;0.42721537357550693;-9.691578704399982
1478634073461;15.774588372751303;-2.5847737043961176;-8.565897818843041;-1.466747822306797;0.48332946014404293;-9.66988137743569
1478634073495;15.759302042154243;-2.60852115743135;-8.521686664692572;-1.3358149435623548;0.5120598617996089;-9.717316622266766
1478634073529;15.729069054783018;-2.650636009163533;-8.525021202690391;-1.1662755385025403;0.475548293332092;-9.78330627808515
1478634073563;15.677154331504534;-2.733544171123232;-8.774420281378482;-1.124227317047119;0.32396540300673804;-9.75846651805942
1478634073596;15.600781871748568;-2.916883125686971;-9.265787464421958;-1.1764508407592773;0.6151601890563965;-9.994295737777836
1478634073630;15.526324357040586;-3.0348218161627902;-9.564727711760392;-5.180752971240133;0.356885684967041;-9.069086506796442
1478634073663;15.464069308907568;-3.1315100806476583;-9.867681976426617;-0.8310872512817382;0.33788170928955075;-12.800898451232909
1478634073698;15.428422721805237;-3.1977215277973974;-9.991391472863016;-0.8328829025268554;0.6150105514526367;-13.372664027459919
1478634073731;15.427277818786619;-3.315332293934368;-9.769409770963472;-2.437596565246582;1.0378864196777342;-13.434164790344237
1478634073765;15.431391348736213;-3.4072086693780315;-9.531398196418044;-2.309805978570506;0.6955155822753906;-12.369343601989746
1478634073799;15.434950052126613;-3.5281022530905166;-9.130549520277961;-2.2744915771484373;0.9494505958557128;-13.002909216308593
1478634073833;15.471049700416172;-3.712780741559331;-8.430047631501731;-2.192490243353322;0.7797615805916022;-12.841150674383341
1478634073867;15.509110892657045;-3.867430860763367;-7.945640781091852;-1.791461428744532;1.0740986832549795;-12.972532490484415
1478634073901;15.540355673276839;-3.982636878147002;-7.4623065186478925;-1.3967174117599612;1.0586860466003418;-13.11977618484497
1478634073935;15.578703760633752;-4.107534358717298;-6.955354390263864;-1.8997990173339843;1.0330980163574217;-12.6160960105896
1478634073970;15.616449234986131;-4.211326017067488;-6.480596017764505;-1.3061866432189941;0.9804255981002934;-12.908488180597125
1478634074004;15.648550229842543;-4.287867756861779;-6.235479844934144;-1.596782869720459;0.9581295951400883;-12.284349150793254
1478634074038;15.665466494941295;-4.3677111109651765;-6.222487103375428;-3.4243069975037126;0.9186252494812012;-10.71809249837026
1478634074073;15.685485900292914;-4.457478896877092;-5.730900254165565;-1.0365397040767828;0.6890811424808343;-9.245808553369343
1478634074106;15.693011869521268;-4.464318802827823;-5.512826385392563;-0.3917512466430664;0.6064812445709481;-7.641693148803711
1478634074139;15.687369448723057;-4.464966873554844;-5.415386942532197;-1.3585598410675301;0.5009866973876953;-5.801599535369872
1478634074173;15.656434911461998;-4.491448944897191;-5.414279588300873;-0.3859153800964355;0.23089082260131835;-2.9448680419921875
1478634074207;15.61637920370726;-4.536867888058169;-5.665164743956819;-0.8056488221099599;0.1227028350830078;-1.8728642486572264
1478634074240;15.571259424664476;-4.632556292927488;-5.5954454645127365;-0.46372689751889556;0.18091182641293851;-1.7812860351562498
1478634074273;15.556871545909924;-4.675802009874489;-5.543492248862266;-0.7441478034973145;0.3167827706268057;-2.0260931549072265
1478634074307;15.468278310772277;-4.810296723859144;-5.199159963716852;0.25752631607055665;0.5442319831405766;-3.927987098693847
1478634074340;15.287238725020257;-5.043206083063373;-4.870717050310852;2.0012533126831054;0.7311293045707512;-7.686434646197408
1478634074374;15.371213047859042;-5.196137657100281;-4.641978110788135;0.28221652069091796;1.0971429472992196;-9.545233380226325
1478634074407;15.448697610620089;-5.2963310405890915;-4.300953366421324;-1.6090531532287597;1.1894692757537588;-12.59275283666402
1478634074441;15.462290874929806;-5.276099247301443;-3.714642851459617;-2.800617318902537;1.107617524763476;-11.907412173052876
1478634074474;15.455815326512694;-5.224443453266221;-2.816501379765662;-1.599925295932032;0.8059481338500976;-10.933271372576803
1478634074507;15.421091778081124;-5.17660710547566;-1.8605098341924484;0.07781155395507812;0.648080480149854;-9.750685696024052
1478634074540;15.422184979512474;-5.145109459639736;-1.1836338909856787;1.27281738451533;0.6253355278457514;-8.856600707598774
1478634074573;15.497460994390286;-5.1365426556134155;-0.5073553729351975;0.8723872573188971;0.7532757064598147;-8.559719628674165
1478634074607;15.627808719527373;-5.154308974271385;0.4716452516777236;-0.15442601621323265;0.8141782340229256;-9.091232689489797
1478634074640;15.705473156342357;-5.158595355130955;1.3137689779209818;-0.9183259560073725;1.035492218017578;-9.75188278657933
1478634074673;15.725902155250958;-5.146255223180034;1.903957359592215;0.07167641220092773;1.0277110260894522;-10.27217276795972
1478634074708;15.716487023975466;-5.131437106062551;2.1881136772816605;0.3366846130260499;1.17480482711792;-9.906906993589644
1478634074740;15.72220069147035;-5.094447919958809;2.4566923637908378;1.1813889182159676;1.0423755477905272;-9.573514832537994
1478634074774;15.733890253244212;-5.078916708476171;2.4728765280515224;1.1598410667419432;0.9590274207626469;-9.016563159887491
1478634074807;15.754720985027172;-5.063856445419887;2.431095202046633;0.8855553390502929;0.9874585746101568;-8.89131663167104
1478634074841;15.750391985969541;-5.063824796592965;2.1150407698136244;0.4849754920517094;0.7568670180832036;-8.191611196490376
1478634074873;15.745495900194449;-5.068079171908834;1.9857336359794722;0.41883565292358393;0.7297826026695314;-8.126668768719583
1478634074907;15.724910035861535;-5.072907792316592;1.5299995908303392;0.21472996139526365;0.6370072974716313;-7.633163513128459
1478634074940;15.684104741230293;-5.058329312713565;0.965216763098722;0.02289455337524414;0.7143699568817392;-7.198765841674804
1478634074973;15.665881983109285;-5.042638855186163;0.7733833609211319;0.15846622238159178;0.6503250442062504;-6.842179139654338
1478634075007;15.613122407792291;-5.003338486331753;0.3483151965893721;0.3399766311756102;0.6138134871551767;-6.13888298650533
1478634075040;15.555968004510595;-4.97989124778616;-0.3109387075629199;0.2742857139919186;0.6156091201339848;-6.289867328698933
1478634075075;15.523182363797233;-4.960463317784653;-0.7667965456361366;0.12958616485595703;0.6289268486022949;-7.182604980468749
1478634075109;15.48828994693493;-4.93062597225708;-1.2164950521720228;0.030825346374511717;0.7410054046852048;-8.031199539129435
1478634075142;15.437611712187156;-4.801954373776351;-1.8373145084239542;-0.20934299852675758;0.5894225029434077;-7.950545162963866
1478634075174;15.424369001366113;-4.77940887684904;-2.0197573060003817;-0.18884267421113327;0.6851905967491213;-8.249371749933063
1478634075207;15.38304083192721;-4.655530290091002;-2.5198488732777546;-0.4960486427638912;0.5579986061538569;-8.830713256017864
1478634075242;15.360713004577006;-4.601772365017072;-2.815310859154072;-0.6251859176414553;0.824503205849463;-9.792135211800806
1478634075275;15.342704983012062;-4.50893626587462;-3.173983681858185;-0.601992079925537;0.8482955391814931;-10.125826716558635
1478634075309;15.346757789534843;-4.442918658880764;-3.423619668641819;-0.6672340751647949;1.1691185981750487;-11.104157516070455
1478634075343;15.359765371388836;-4.330077420743771;-3.700469441801105;-0.9570820771148427;1.055394019317627;-10.959009405749663
1478634075376;15.362722139418059;-4.205442976703178;-3.9636671121174105;-0.7665934714607429;0.7894880294025642;-10.782287176513671
1478634075409;15.372978591597683;-4.1088243585676345;-4.274021794464492;-0.8259995727539062;0.7480383857616456;-11.113584538976847
1478634075442;15.381506012199017;-4.01123117044337;-4.6101985014713485;-0.8265981140357908;0.60244102013628;-11.670237009485065
1478634075475;15.389340362641013;-3.8916494465136537;-4.994520605230756;-0.7269394607986324;0.5541080101897939;-11.76091710510254
1478634075509;15.411536963934537;-3.7096841279636004;-5.614900146793178;-0.690876853091456;0.7208043464439455;-11.8108960647583
1478634075542;15.421716990599197;-3.573191530047225;-6.057133266357165;-0.7384615380218252;0.6856395049938233;-11.53795722163096
1478634075576;15.445287919348983;-3.420492189899021;-6.304190294242664;-0.5407902634551748;0.7118260810852051;-10.737844808197021
1478634075608;15.55149157097985;-2.4151543740601915;-8.412975103741138;5.653757728985696;-7.294384014748967;8.921094660949706
1478634075643;15.548774100522769;-3.0076565467031267;-12.972685906264577;-2.4744073975051752;7.141903296517767;-11.519850925445557
1478634075675;15.403696419678857;-2.870177706888164;-14.989134367577591;4.044404862158;-2.2336406574524936;-8.640374297100678
1478634075709;15.58786813538971;-2.5724082790524614;-15.050235631872336;-4.088847522735596;-6.658723985434137;-2.646191384887695
1478634075742;15.538539968020729;-2.810840207212271;-15.206695163213318;-4.778377746991068;1.3799580184051765;-4.189553630065918
1478634075775;15.609121416778772;-2.5396464098623532;-15.159339810481512;1.7741034301757812;-2.036418259164505;-1.7693150268554687
1478634075809;15.677652643108356;-2.6991104779449144;-15.289438793596345;-4.495263108416647;1.9930232079437;-16.537349417114257
1478634075841;15.692442592604978;-2.6059201965779524;-15.182900890760633;-0.30780455093383785;-2.258929339422658;-6.835595377349853
1478634075874;15.747724140365861;-2.5856070667444033;-15.0218927831461;-2.1499931638855485;0.22894551548613234;-5.933430264282226
1478634075908;15.767452176294661;-2.6307551550684765;-14.984420708228757;-1.899948581872508;1.4535797194549813;-12.597690877588093
1478634075942;15.750135562816281;-2.61680006639889;-14.81290183760832;-2.238578661843948;-0.29882625817563385;-8.369829728698729
1478634075974;15.744930976870846;-2.591190791920977;-14.7051718746464;-2.1000140215666963;0.7062894897460937;-9.296834464794768
