sep=;
timestamp;gyro-alpha;gyro-beta;gyro-gamma;accel-x;accel-y;accel-z
1478633401779;43.035846740153005;-1.7817429043426092;12.197393749472958;2.1377227844791253;0.29314005777387064;-9.57381360998859
1478633401813;43.037886133852176;-1.7712714676293835;12.252896603494046;2.170942382746143;0.28760348355942406;-9.564536611703382
1478633401847;43.0410191991452;-1.7511868109385527;12.31488472693821;2.169146749767335;0.251690454090503;-9.560944921054078
1478633401880;43.04337229937753;-1.73369595935175;12.346058639947474;2.167351048289868;0.2605190590125974;-9.601197613420325
1478633401913;43.04551102640983;-1.7245600008581081;12.37091422451728;2.1698948601543204;0.2742857276916504;-9.576357866951621
1478633401947;43.045869052015995;-1.7160519987882439;12.394019460836867;2.1857564233199693;0.2805705150410707;-9.583091612920798
1478633401980;43.044812918147535;-1.7173671374359194;12.39441987211452;2.186504611338768;0.305410346990393;-9.548524987383932
1478633402013;43.04508396303193;-1.7244854794759936;12.380670080011237;2.153135489632422;0.31184476509370723;-9.59221906379215
1478633402047;43.04273755252956;-1.7286035948337526;12.353891246670068;2.1244050171949085;0.311096579358197;-9.55271521474854
1478633402080;43.037926377344924;-1.7315727589171308;12.304457798394331;2.1164742584449705;0.26755203780574954;-9.55720389762005
1478633402113;43.0378359753389;-1.7309620810343813;12.288945793043071;2.084302205174545;0.28446107903909285;-9.595810864039306
1478633402147;43.03480088577437;-1.7327991959438522;12.237707187597213;2.0049942573436765;0.27234044797592794;-9.579948991523723
1478633402180;43.04566751201573;-1.7512912619536702;12.192935461352977;1.864933492190577;0.17462708358764648;-9.669282807612698
1478633402213;43.034431377491124;-1.8663660202942136;12.220132990212248;2.001103643113305;0.09367315821992232;-9.86830056488486
1478633402247;42.94422480396153;-1.873939896263212;12.8247354606154;3.761440445709228;-0.2015618522644043;-11.689240400640665
1478633402281;42.93155007692642;-1.911034714798735;13.09564647200262;3.912275150299072;0.7047931137084961;-13.343184834997356
1478633402313;42.91175760663821;-1.7627090462466148;13.47056935620768;3.557933304595947;0.5958569381713866;-12.68612640914917
1478633402347;42.95152547645941;-1.707525861902142;13.987318984692633;3.6981437393188474;0.6208464362655766;-13.038373328399658
1478633402380;42.97631798429709;-1.6837540066078611;14.67586179950073;4.228908319854736;0.43140521163940426;-13.35321113897115
1478633402414;43.01559432263052;-1.6570296038083634;15.256994943299956;3.708319169439748;0.3725976424949709;-12.893075215148926
1478633402447;43.09257581385821;-1.614365614314326;15.95147866359607;3.405153165026754;0.9105448006118647;-12.923152373504639
1478633402480;43.14692641830523;-1.623585947008421;16.523765668948517;3.211222867086716;0.6178536659240722;-12.180351600702107
1478633402514;43.17532357980306;-1.6814255826534723;16.87781411919089;3.2565632071563972;0.6622960342407226;-12.337321154785155
1478633402547;43.23882710979214;-1.7951469488691545;17.072846204304636;2.9189807411083253;0.6813000099182128;-12.24514439086914
1478633402580;43.26439701688598;-1.8950517597078729;17.136785964059644;3.0960018939253873;0.5609913764953613;-11.834389168548583
1478633402614;43.28631771163201;-2.044964521065474;16.84752805368213;2.885162619825732;0.651821420243848;-11.363030862835794
1478633402647;43.31312648511729;-2.207872417291309;16.30519583614216;2.549824768066406;0.6877344268798827;-10.66392397807017
1478633402680;43.31936194317474;-2.3917709971816934;15.644273701640811;2.238429024240188;0.7097311363662593;-9.758616329193115
1478633402714;43.29326969893085;-2.7101566383004436;14.17921178243997;1.3268367056030779;0.5110124077064451;-7.118709869793802
1478633402747;43.27674380711288;-2.9022411090899602;13.131350984232457;0.5596446380615234;0.2608183250869624;-5.285200164794921
1478633402781;43.22143174823579;-3.2581565227726026;11.403123645796786;0.11133037719726561;0.26755205378876995;-3.942352308654785
1478633402814;43.19117057407436;-3.3726846953505416;10.79621253225045;0.12345102310180664;0.1610100616455078;-3.26883345413208
1478633402847;43.10451982557709;-3.7858526859179404;8.889472283235008;0.047884033203124995;0.2127846360137686;-2.511367903900146
1478633402880;42.99822445009198;-3.920832513335332;8.348992108922753;0.5964554885864257;0.10280103378295898;-2.452410688018799
1478633402913;42.7369672577902;-4.39150276673827;6.751814757908754;3.5315970863342283;-0.29867665710449215;-4.187009790802001
1478633402947;42.66457087521355;-4.700216696100889;5.453487420767372;4.383184543200582;-0.6106710609436035;-6.2581438644409175
1478633402980;42.63664706315626;-5.049745774452523;3.9321177817928907;1.1137527213165537;0.1131260284423828;-7.6316671370908615
1478633403014;42.59066632227595;-5.260073304272464;3.015124605338046;0.43080667035751974;0.3503015938689932;-8.074744374084473
1478633403047;42.42699174486626;-5.365933866267809;2.3608357123363377;-0.04339490509033203;0.4251204688141122;-7.317877228137105
1478633403081;42.344618551764704;-5.497803891168157;1.7602727689192932;-0.11372459712373092;0.398933815090917;-6.534374880981445
1478633403113;42.19004251728111;-5.6403620334564595;1.1928708572572218;-0.26934766850126907;0.8210615044303704;-5.882104273931682
1478633403146;42.06947872478861;-5.645889972391919;1.2258239841875722;-0.25677810978544874;0.7603086647033691;-5.752518109075725
1478633403180;41.589242469297645;-5.574993649859706;2.0024289724829774;0.09023149333344772;0.886153889465332;-7.0133645583555095
1478633403213;41.24342698318407;-5.477108186522981;2.7661501621833327;0.42751464764138214;1.1694178733825682;-7.945307846832275
1478633403247;40.967335589516;-5.3791273900628385;3.420952290029771;0.7876923461914062;0.9135375555411708;-9.013869902215525
1478633403280;40.934650389823865;-5.4041360759818575;3.569006350282265;0.6127660005251498;1.026962883736426;-9.046341262231394
1478633403314;40.90949405270037;-5.344285175562484;3.7328019381986066;0.6308721511509037;1.042674822998047;-9.11382818685323
1478633403347;40.89587988536587;-5.260352599070286;4.298120385061923;0.5107131781646982;1.0773907653366215;-9.269899878781102
1478633403381;40.86371594303317;-5.195026329521002;4.848967852956732;0.7387608406288083;1.3130699729919433;-10.780491379138082
1478633403414;40.862302864446974;-5.04409805088036;5.488157469714811;0.8979752578790648;1.1797429045746102;-10.687865775476023
1478633403447;40.91103440905127;-4.76040145222146;6.623014922853736;0.8650550238678232;1.1376946648528798;-11.285219162750243
1478633403481;40.92281249143013;-4.536245381195429;7.431558861989146;1.1982979400413576;1.1864765602111815;-11.805359181158243
1478633403514;40.94187093079772;-4.284822004186153;8.260869361395727;1.5469534746032207;1.1911153259277343;-11.988516046551615
1478633403549;40.95954100211054;-4.018226769088758;9.10649793003837;1.683871964241797;1.1055226165771483;-12.22599077758789
1478633403583;40.95741026380649;-3.7044014081951797;9.961678808650056;1.7218798607978503;0.8328829207931645;-11.537358378954977
1478633403616;40.23195370676461;-1.1402068746173286;11.112148465816738;-0.3441664886474609;0.18824409696745278;-0.2885013000488281
1478633403650;40.34453051489376;-1.2031413270429145;11.16998404055505;0.12764087600708007;0.10145428621596655;4.882075875744223
1478633403684;40.2990895739443;-2.1180016467595064;11.257331317018714;0.42377369384765623;1.4715362319061531;-1.7034744812011717
1478633403717;40.08297544053871;-1.7776143698262779;12.621283106992609;12.478578906603902;9.34591603721939;-53.70957417057454
1478633403750;39.849031940520774;-1.0813839667137868;13.295542760515369;0.037110125732421874;-1.42425069431914;0.8903437423706054
1478633403784;39.77193000331187;-1.5433793761229633;14.498428026531409;-0.023044190979003905;-1.7649754815475083;1.6286550947993992
1478633403817;39.715492250727564;-1.3073398650469135;14.814138457895115;7.807940234319865;-0.21278469081269577;-24.19640111247599
1478633403850;39.66066831545687;-1.2326267772453368;15.150457218406203;-0.5000888717651367;-0.5618891838516108;1.9913772308349609
