sep=;
timestamp;gyro-alpha;gyro-beta;gyro-gamma;accel-x;accel-y;accel-z
1478633890159;22.371636992550584;-2.58871416439446;-0.10782853770039517;0.054468087768554684;0.3983353194748051;-9.805752213764169
1478633890192;22.37063272079606;-2.5766626984695544;-0.08404938361576844;0.06404489326753537;0.3826233619468752;-9.803807122419759
1478633890226;22.36966967502551;-2.5586442499560635;-0.0710565603500683;-0.0005985504150390625;0.3856161185886478;-9.811587980416922
1478633890259;22.37180795991673;-2.5357095792113227;-0.05615415684717837;-0.013018471812510687;0.38756139373779297;-9.767893625447492
1478633890292;22.37351947416064;-2.526028290396198;-0.03388759695876868;0.03980360145845334;0.410755238303577;-9.799317932943584
1478633890326;22.381470244175283;-2.5303016687396402;-0.009174158365244033;0.033219549176312285;0.4670189544843626;-9.804255669904858
1478633890359;22.386727256381487;-2.5435740127018165;0.023355554888406974;0.08529343014731129;0.4691138786537107;-9.783605798746196
1478633890393;22.39935951544666;-2.5582942923315177;0.05200122070865442;0.10474631920690299;0.46686933514691187;-9.822511782361357
1478633890426;22.404866012548887;-2.586743017972779;0.047359458084820144;0.0781108285917755;0.5346551582336425;-9.814131911012383
1478633890461;22.408357708224862;-2.613966987529549;0.05171156961383297;0.10280103720789192;0.5216366821399657;-9.769539769236301
1478633890494;22.417609184922856;-2.6433693679533397;0.04544586268825257;0.03681084995408018;0.594061296059424;-9.798719280065969
1478633890527;22.432058135051737;-2.7039981846199903;-0.0049829707879158365;0.03651157488926619;0.5092167792942142;-9.834183355624415
1478633890561;22.46706323401321;-2.7857116264439825;-0.011256719852167611;0.6919242673697743;0.3619733817611821;-10.067019521873537
1478633890594;22.444571014259555;-3.0521249094762455;0.05832605819929085;0.694168870099372;0.8424597091674804;-10.30374611968994
1478633890628;22.350070913725634;-3.2759686717555234;0.21457554750219385;1.7259200852325185;1.3801076194763182;-11.937339547674357
1478633890662;22.445550608870683;-3.2717250413994043;-0.16721186032284474;0.33488894351462367;0.7972691528320313;-13.23769090886861
1478633890695;22.513929808439855;-3.331095097073299;0.0037349699117492255;1.112705187807757;0.2693476867675781;-12.577040888269245
1478633890729;22.558758897414602;-3.5001220442473975;0.4611024079162796;0.7938274879455566;0.22655133209228515;-13.165715221460163
1478633890763;22.70696243895492;-3.6499623433343373;1.4874532524716977;-0.32890343479765577;0.7647978293487802;-13.783867870330809
1478633890798;22.88698082963092;-3.849153473784761;2.614959588476297;-0.0330699104309082;0.9283516937255859;-12.873921601867675
1478633890832;22.925261967398242;-3.9279674171514123;2.9630871082350723;-0.10609306106567382;0.9307459136520512;-12.398822209930419
1478633890866;23.142697878130882;-4.227203655223459;4.325619713992486;0.64194531099624;1.6832734046936033;-13.428178993932901
1478633890899;23.386159254008945;-4.434561961149398;5.809015855014717;0.7261912727798335;1.3552677772521973;-13.004106024877727
1478633890933;23.53420478742966;-4.5597987966527995;6.50044567457853;0.3844190040588379;1.120486376953125;-12.21955636062622
1478633890967;23.68103341363478;-4.664016515244965;7.457243545375552;1.3174094817672855;1.0895113929748534;-12.543821047973632
1478633891002;23.8447113667931;-4.718831608313251;8.168147057493629;1.1927612847701645;1.175253703396581;-11.425279813738912
1478633891035;23.97423684984288;-4.719266078068421;8.72329374233746;1.4848539489580201;0.9344868628791998;-9.881917806022706
1478633891070;24.09774191667301;-4.7058262604037395;8.924566478069226;1.0140940041473134;0.9150339652572758;-8.411578474017233
1478633891104;24.25603341714013;-4.612219360123245;9.081851089302496;0.4257189826965332;0.565630123945605;-5.700145532281696
1478633891138;24.335531437897085;-4.539032453515649;9.056504224198447;0.5000888717651367;0.3045124871185049;-4.18162283706665
1478633891172;24.40326999205529;-4.488642848572718;8.910320691416738;-0.5380968231201172;0.3612251754760742;-3.1880291481018066
1478633891206;24.440289038591878;-4.343112515994088;9.422508298415103;-0.10848726272583008;0.5238812507629395;-3.3004069885253906
1478633891240;24.4007423880208;-4.287326123687912;9.547215485896084;2.5378537597656248;0.13946228323671966;-2.638559867095947
1478633891273;24.286767081804662;-4.1953695350915075;10.157714599397194;6.112247200775146;-0.4914098907470703;-2.146401788330078
1478633891307;24.415432314553566;-4.191367336005888;10.209447936015918;6.575076309204102;-0.4444236831665039;-4.039317475891113
1478633891340;24.55111490012773;-4.219158628196623;9.979187480968184;2.1389198716094717;0.10025719451904297;-9.34127701577451
1478633891373;24.56777492672422;-4.179819264568766;10.361152563423563;1.8400936408333013;0.5355530203888192;-11.17568414453715
1478633891406;24.576634157899363;-4.060942614112912;10.720330842462866;-0.0992097312927246;0.6777087131362001;-9.368660605931002
1478633891440;24.535375699319292;-3.9675785737743063;11.118223490920633;1.1613375158447772;0.1993172516753897;-8.500164300769194
1478633891473;24.515435565420983;-3.8440299220552605;11.541821148155314;0.8866027292113751;0.5449801620262209;-7.8688428851805625
1478633891507;24.489236910272687;-3.7290180555440906;11.811664261741177;1.0438719238281249;0.29224224014282224;-6.13858312677592
1478633891541;24.426229505807537;-3.650239578839692;11.932389424867292;1.5975310577392576;0.488117890863819;-5.661239755304157
1478633891574;24.379227758007346;-3.586489241364783;11.717110745792354;1.4414590370178222;0.70449386590044;-6.296750073949992
1478633891608;24.281480081721366;-3.4846342762855835;11.603714764024964;0.9484030595641583;0.3226186919723637;-6.569090805053711
1478633891641;24.197367314617136;-3.432180199008574;11.56827099451614;1.5777788575103506;0.45819032444609326;-7.910591776629537
1478633891675;24.140245873647103;-3.3648512518745517;11.469944425820021;1.3136685234069823;0.5324106124435551;-8.213308941296487
1478633891708;24.041364648688575;-3.2996639979564293;11.38614854926555;1.9140145554418326;0.8304887008666991;-9.706243277475052
1478633891740;23.926142909340744;-3.3254353186069188;10.895578314092045;1.772158068261668;0.4830301758033689;-10.051307262951507
1478633891774;23.84885703555677;-3.2575134369355023;10.713785447465698;1.5089455963134766;0.610222161832056;-9.985018279409967
1478633891807;23.76939304627321;-3.242173107037045;10.677360171441762;2.0413562087570316;0.695216288801562;-10.024522278008982
1478633891840;23.67443598460588;-3.2108156896274522;10.489423691622738;1.625513326174952;0.810736518904101;-10.107720603036322
1478633891873;23.54544458204441;-3.2412003954772532;10.244524392817937;1.9253870475769042;0.9192237998962401;-10.504709421539307
1478633891907;23.465665331969067;-3.2438386322832886;10.111865111097622;2.117072781460546;0.6192003997913329;-10.651653329235687
1478633891941;23.38883858325008;-3.2442980847387832;10.007996256446924;1.9729718238388188;0.8288426872253417;-10.833014251122995
1478633891974;23.280491054451016;-3.237384653353997;9.736218782096772;2.160467759616114;0.7944260383605957;-11.345074058123677
1478633892007;23.211506759267458;-3.2416786596504203;9.629854510527814;2.2477064826080575;0.7658452743087895;-11.558606918688863
1478633892041;23.136358052170067;-3.2153332682787554;9.483323101946397;1.942146495730616;0.5551555019572202;-10.553192078222706
1478633892074;23.044269039285478;-3.190514105921332;9.413577017421145;1.8662801940917968;0.5150526298578246;-9.69666644571825
1478633892109;23.051964714374808;-2.4765805463269492;9.183410780610156;-2.013972509002685;5.512649176379293;-2.4754548789978026
1478633892142;22.836806168921644;-3.237586162952151;8.454158913537526;-0.4212298545837402;1.8939631507873533;-2.390161444854736
1478633892174;22.7715625691252;-2.9044531676477408;8.46807473793009;-0.5738602104187012;1.7600374954223632;3.2100264603763815
1478633892207;22.865662482182834;-3.0235417098921866;8.054399993281786;-1.467645617675781;7.435342637490667;-26.333075872039792
1478633892240;22.846669897932735;-3.0823800233900087;7.6609819549613425;1.5288474158798344;0.09038111267089843;-4.337694857788086
1478633892273;22.879409242202364;-2.824613509096379;7.411196644129467;-0.23986907882690428;0.2840121902023442;-12.940959540612996
1478633892308;22.924217472847037;-2.954279712726853;6.9351181030882865;2.398990063476562;2.287510048675537;-15.072846189117431
1478633892341;22.990970807968054;-2.933861547566167;6.418457558229871;0.5686228942871093;-0.6917746421813964;-5.722740225927532
1478633892376;23.02423873143456;-2.919987905070238;5.895628534822622;2.793434713922068;0.8135796516418456;-11.990161914062499
1478633892410;23.114054782913176;-2.985348379982514;5.65585844859245;1.3341689116546884;0.47225628203239756;-8.964040507098288
1478633892443;23.199274998765407;-2.926315057495341;5.6658593958650645;1.6121955429077148;0.5892728927391115;-9.831489951821975
