sep=,
timestamp,gyro-alpha,gyro-beta,gyro-gamma,accel-x,accel-y,accel-z
1478633158223,35.11456207266773,1.851447698756755,4.006817486546716,0.8459013923202641,-0.30002340352984025,-9.811438355371251
1478633158257,35.10734132453478,1.837450986951308,4.107427394702778,0.9533411918197758,-0.29882629470825195,-9.773579858386118
1478633158291,35.10666867225411,1.8246147919043805,4.1749439622842806,0.9235632904052734,-0.2855085456903442,-9.78629915345793
1478633158325,35.11291655477949,1.8131657072606175,4.1712911875588095,0.7962216804725584,-0.3110965708672174,-9.781361157628808
1478633158359,35.119475418761986,1.8085104218104027,4.08236071401334,0.6477812186420662,-0.32396542355633573,-9.74679486488126
1478633158394,35.12539388298005,1.8132211719148756,4.0174943902515805,0.6174047485462156,-0.3378817115728394,-9.840018907077214
1478633158428,35.131793918121055,1.8152944392903716,3.9512536267019196,0.49784428944243114,-0.31827916550153457,-9.816825137859954
1478633158462,35.135986048381035,1.808001184041779,3.9109722514639387,0.4586392920562997,-0.28745383453922113,-9.782109452676762
1478633158496,35.13272119900281,1.7931826326602467,3.92232343174555,0.5590461241791025,-0.28356325227488993,-9.832387631314061
1478633158530,35.12997284100098,1.750064927100958,4.007480081874049,0.563086321214307,-0.234631771828467,-9.899724516473338
1478633158564,35.11979457983605,1.582870901041969,4.174522031343503,0.9612719482864253,-0.1514332550048828,-10.010905201267915
1478633158597,35.042985268178526,1.3931498644231863,4.268732136965251,4.498555281829834,-0.2883516624450683,-14.356231704711913
1478633158631,35.052634827016675,1.2452437084238441,4.234362775482754,5.514145552416891,-0.14006080625229514,-14.631564895629882
1478633158664,35.02964364001848,1.1553198366874657,4.395961402526159,2.806602896118164,-0.8098387115478515,-14.229637999670206
1478633158697,35.05780901078647,1.1132806336969792,4.432341176034761,1.0122983711685054,-0.029927520751953124,-13.240982936151324
1478633158730,35.06568737215156,0.9703907677177567,4.456001548909248,0.6142623269012197,-0.40177696609497066,-13.269413496343791
1478633158763,35.08274286609749,0.797536722616103,4.7454072327541645,1.1566986770629881,-0.2576759536743164,-14.276175294439494
1478633158797,35.125183011033855,0.7078194011248446,4.891256740509212,0.5841851868118159,-0.2829647087097168,-13.962086256408691
1478633158830,35.14629506808442,0.5980605817717265,5.354348354039287,1.7923592178344725,-0.45130702207260764,-14.304307456207274
1478633158864,35.20627810835521,0.4177471825392109,5.549360591389496,2.0834043571472165,-0.3257610725181643,-14.639795256097614
1478633158897,35.24590334711879,0.3140754801051268,5.681444166885553,0.809539436340332,-0.17357961579475084,-13.794941053009032
1478633158930,35.298969271279375,0.22366814661364426,5.734336752857288,0.1997662010192871,-0.08364741821842035,-12.722039141790567
1478633158964,35.32805274805703,0.15046151757587817,6.038266943115868,1.483806478881836,-0.0938227752740844,-12.357372593688964
1478633158997,35.36943559861528,0.10281814575602338,6.3035578017873855,1.3672387672866695,-0.1406593475341797,-11.119719680730999
1478633159031,35.42802460205421,0.07106901134336592,6.66596747673342,0.6135141388824209,-0.1625064411080384,-7.233780748693644
1478633159065,35.46252683642426,0.051369902199999415,6.875253858089558,-0.35838198793940246,-0.10579378414568781,-4.464587545776367
1478633159099,35.48824453650328,0.012788793758438324,7.210863805954453,-0.07107786178588867,-0.21323358735554357,-2.6253917579650876
1478633159132,35.51145034019213,-0.061903978726138294,7.504716004867378,-0.32830490264892576,-0.09202712859554449,-1.3986626823425292
1478633159165,35.5297247762943,-0.22646993913284444,8.649056810182834,-0.967257470703125,-0.007032967376708984,-1.3670891479492187
1478633159199,35.477766624316125,-0.3502161457223556,10.513099167045091,-0.1623568000793457,0.0677858362156403,-2.1184195564270016
1478633159232,35.088106563508816,-0.604660977557302,13.152730656312535,10.246584847314654,-0.3226186737060547,-5.51609098739624
1478633159265,35.24354070117164,-0.7018798797899056,12.602924889008767,5.483170714569091,0.39863457641601563,-6.475716940307617
1478633159298,35.36360222355649,-0.7505287129542862,12.692788094949472,2.291400562441209,0.2603694305419922,-10.072556204544194
1478633159334,35.36176477256592,-0.7288645400542092,12.822377548917583,0.22685060729980466,-0.08155249404907226,-10.10757136729136
1478633159365,35.32185634413948,-0.6746376616288141,13.148687022406431,1.313369321264699,-0.13078326568603516,-9.704298153022956
1478633159399,35.292217287334545,-0.6550735767004308,13.322983136076124,1.1329062980651854,-0.16879121704101563,-8.881291277545317
1478633159432,35.24454506005675,-0.6225761165399225,13.590817495399186,1.6174327859740703,-0.0757166275024414,-9.344569079589844
1478633159467,35.18297728232747,-0.51136072416952,13.21239423307415,1.79280816717837,-0.04115034103393554,-7.275978845214843
1478633159498,35.15313773444811,-0.4171923457448856,12.752935947007149,1.2424409509520977,0.025887305450439452,-6.192452664129435
1478633159532,35.10183783987418,-0.309588025177432,12.069220426504804,1.4770727136474102,-0.018255787658691406,-5.4424692863464355
1478633159565,35.06273245993624,-0.21702309497025474,11.343725274284955,0.7742249618530272,-0.03995324248714605,-4.914248252813517
1478633159600,34.988313094777666,-0.1542342268590184,11.128975176549384,1.0280103378295897,-0.14185644151439192,-5.654206495666504
1478633159633,34.872609806486814,-0.0965597430719202,10.941414445001147,1.3218985550811513,-0.2015618465561827,-7.158363980920613
1478633159666,34.76488197048875,-0.07247181869888061,10.641166673247499,1.356165675939992,-0.14589666823234873,-8.195352428845316
1478633159700,34.704104757292434,-0.0695407076068304,10.359095637615608,1.6358383117012214,-0.023343466186523436,-9.478494844552687
1478633159733,34.63707171655505,-0.058625698755939204,9.933506468182959,1.2418424370696768,0.06479308014468987,-9.446472506945952
1478633159766,34.57248326430978,-0.04516667315224698,9.42121910500424,0.42317514343261714,0.03725976333618164,-9.276932773092575
1478633159799,34.51017605181936,-0.02365317741681269,9.314898757366185,2.1160253912994635,0.018555062580799857,-11.04205834890157
1478633159832,34.45454082347632,0.04084813438859351,8.886876139947463,1.4211083411728032,-0.013018471527099609,-11.099967809295654
1478633159866,34.40627206404881,0.12432674845648899,8.442813191831423,1.290624323294824,-0.019901801442754368,-10.755651975305378
1478633159899,34.351183323368,0.21230824368286863,8.281422906787194,2.1365257064819336,-0.060303954315185544,-11.207108187457173
1478633159934,34.28257266425182,0.3780526470973489,7.570355833444272,1.5494973686660638,-0.03426701126098632,-11.124957289123534
1478633159967,34.2393037004119,0.5152275959952288,7.157014593958909,1.5370774658203123,-0.0073322425842285155,-11.522095197241008
1478633160000,34.20262334224864,0.6725060791908815,6.680246743363488,1.8792986656188964,-0.039504331959155384,-11.695376126916706
1478633160034,34.17576230437914,0.8466755743095185,6.18158994623582,1.5457564103057606,-0.08319850312385242,-12.092813456372172
1478633160067,34.134253257452414,1.1750964821903898,5.442704796797069,1.5919944664001464,-0.18674772720889884,-11.697769890185445
1478633160100,34.12746743183033,1.7218900362516698,5.068313892298221,9.206004512377827,-4.70011707929531,-48.69432082748413
1478633160133,34.15686158294407,2.1193288089741475,5.806331726070559,-1.8161516698975115,-3.9441478868346658,4.229656507873535
1478633160167,33.957082557549555,1.7984179601218577,7.928914076343223,0.8948328704833984,-1.6253636885711922,-3.7669770370483397
1478633160200,33.91909211156052,1.5630523377196097,7.905648230356704,3.5453637458801266,-0.7849988693237304,-32.27982446757853
1478633160234,33.90445514728605,1.6779245748414622,8.028229000577749,1.1240776977096683,-0.9337386291946284,-2.918831098937988
1478633160267,33.90305765752435,1.846675635088867,7.887441426174743,4.335300656127929,-0.7496843948364257,-12.788478237859904
1478633160300,33.886906012890634,1.7641559507207811,7.516209079422395,1.244087014825805,-0.4323030463951174,-13.800627574212848
1478633160334,33.90551906045874,1.8877560628359986,7.367013224129877,2.3880665184020993,-0.5551555099487304,-6.6763806746885175
1478633160367,33.909859908547574,1.7761871658717945,7.041244460987306,0.09412205276489258,0.05012861552583053,-13.166313479614256
1478633160401,33.95053060173603,1.8088505187340695,6.476220862626568,2.3312042289733887,-0.4041711586219724,-12.658144469507038
