sep=,
timestamp,gyro-alpha,gyro-beta,gyro-gamma,accel-x,accel-y,accel-z
1478633936098,18.73470741069406,-2.4991960012895755,16.62749079342285,2.741809895888576,0.44816462554378667,-9.416545002177019
1478633936132,18.73222100440973,-2.503127275625873,16.622505559112042,2.719813040271727,0.44457333104506247,-9.385869226620075
1478633936166,18.72878082876624,-2.492055905160719,16.647622473898885,2.787299533352011,0.39953241345501733,-9.42642107260872
1478633936200,18.724515610537598,-2.466764576386816,16.714902998255777,2.9037178014229514,0.36661214291115757,-9.38048227716589
1478633936234,18.724076292410754,-2.4478322570844617,16.791075418293378,3.000383519921824,0.37708677060776385,-9.33933176802483
1478633936268,18.730228943419288,-2.4340017140924144,16.8529150711998,3.011905560612399,0.3532943687770748,-9.36087930098009
1478633936302,18.73713052093214,-2.424616088924161,16.876235051693893,2.956240527277393,0.3760392845485592,-9.37763915641541
1478633936337,18.744717939362,-2.4236477183174254,16.861669616421697,2.884264757670555,0.39010524898472937,-9.37973407830147
1478633936371,18.747912962549268,-2.4254779716411705,16.79286783586309,2.87079740073164,0.41404725745207616,-9.367014765819581
1478633936405,18.745086019865195,-2.451974407555013,16.745415717372556,2.9079076086624522,0.5158008110267576,-9.393949446589726
1478633936440,18.75416027774203,-2.52173504348314,16.656819221752713,2.726546878571389,0.5998971534729004,-9.443479261680412
1478633936473,18.672937542865462,-2.8596769174447134,16.511982850562326,3.908983123016357,2.019209861666895,-9.937133953945898
1478633936506,18.657368122626018,-2.9723947761461984,16.392025382961535,1.632396546350047,0.8924386688232422,-9.54807629376836
1478633936539,18.677488418384545,-3.084961307925664,16.639580813355565,5.143493207903951,0.6391022056579589,-13.057078028869627
1478633936573,18.715179420102558,-3.08197356878899,17.235248184614004,4.082712234850972,0.7019499809707515,-11.816133380889893
1478633936606,18.718843799411097,-3.1617469351816934,17.630078918166085,3.3891421606201675,0.8149263718093744,-10.715997864178567
1478633936639,18.77803197693571,-3.198118480546954,18.05397505666452,4.523394977923482,0.3007715835571289,-12.439673275756835
1478633936673,18.8575229843469,-3.290271889466151,18.97633670968012,3.419518429786619,0.5750573043989133,-11.365574555969237
1478633936706,18.913325533003697,-3.338466080440635,19.513714836936607,4.42283850819692,0.6651391395790036,-12.096105045263469
1478633936740,18.987186711652814,-3.4279504656720836,20.144956149170504,4.230703824969381,0.6233902481300291,-12.409147496850787
1478633936773,19.050852741635442,-3.508343414270559,20.684229131872385,5.821351845196634,0.616955838018225,-13.061417519378661
1478633936806,19.132599360029023,-3.57578598420331,21.382855351157694,4.2395325166564435,0.5481225288722896,-11.913098840387164
1478633936840,19.26776847372301,-3.71181242711751,22.608147641998926,3.1417912746705112,0.6913257248035399,-10.907982763671875
1478633936873,19.347418618388552,-3.8168100088161303,23.102049483677874,5.434688130950928,0.7818565161773935,-12.532298660223185
1478633936906,19.39155029702117,-3.871488193545054,23.502524074254893,4.487481989553757,0.6355108849014155,-10.98175424845591
1478633936940,19.456396791763588,-3.9805184656576125,23.591408757152735,4.786308247729391,0.9033622321640141,-10.565611634008587
1478633936973,19.47770178271105,-4.007215167883147,23.765076626753626,3.1784524145264177,0.977432827758789,-8.58979711582344
1478633937007,19.51679927173083,-4.020077900143186,23.84355319972917,2.834884476293996,0.5963058783821296,-7.487267433984577
1478633937040,19.535353753756084,-4.0253085280844365,23.592394560262168,2.8369792566161602,0.3360860215118155,-5.669619168853759
1478633937073,19.465043300924144,-4.113216588600798,21.928597354188334,-0.0665887336730957,0.32022443551328034,-3.062632836151123
1478633937107,19.458800718169204,-4.145548093034456,21.826936737235656,-0.5042787246704101,0.14829090185854582,-2.742258726501465
1478633937140,19.48528150660697,-4.209014766168721,22.05939904973102,0.514603719329834,0.39055414581298825,-3.4268507637023924
1478633937173,19.387715486977378,-4.2202576623606,22.655719626485702,1.196502279663086,0.3730465461730957,-3.4766800857543942
1478633937208,19.178225033824493,-4.251413862332354,23.876920215072133,6.042665861157327,0.03142389678955078,-0.9822212310791015
1478633937240,19.468066991828387,-4.3449338403959405,25.165150674937873,4.779574628625437,0.408510621731542,-7.219415684863179
1478633937275,19.478297616829384,-4.391328562985889,25.346714243470668,3.199251968383789,0.3042132484436035,-7.973290224865823
1478633937308,19.511107885502184,-4.518104578693154,25.969792028616585,2.932747542218119,1.0402806213378906,-12.33133535837382
1478633937343,19.515495822264263,-4.496028413396018,26.73204786461815,3.2833483747620136,1.2282254881927743,-13.343484110204875
1478633937375,19.449226996626027,-4.4035574356590095,27.580734887189173,3.724629741314798,0.6923732291290536,-10.912471745654194
1478633937408,19.409986871158917,-4.312900469371946,28.480277336351904,3.6129997966490683,0.7237970950942079,-8.51123752911319
1478633937443,19.32284162966879,-4.260506939483329,29.32500550008889,4.5605052497863765,0.49096095966948194,-6.361094243566692
1478633937476,19.25986733761864,-4.278937666718037,30.4327215994946,5.510255011251755,0.3826233528137207,-5.06897382736206
1478633937510,19.29636018554218,-4.325121855789776,30.865428673397393,5.696254662322998,0.7817068603073246,-6.857741596575826
1478633937544,19.301746407595605,-4.328647222098986,31.172460413724085,4.998943465335108,0.8271967101166025,-7.7934257155487305
1478633937578,19.272132600115008,-4.304531958463901,31.315532157537923,4.605546241583302,0.8464999427353032,-7.787888941546529
1478633937611,19.206729913081606,-4.198600213957103,31.374305733441982,3.738845313671976,0.642394219240942,-6.471227519933879
1478633937644,19.13149891612332,-4.119819564074388,31.23523997970415,2.914790737506002,0.47539864887846633,-5.120598508398235
1478633937678,19.060472451259187,-4.057802770249285,30.978701996406848,2.8534394660949705,0.3746925598144531,-4.755333117620647
1478633937711,18.98726424057054,-4.019606617782879,30.734137905590224,3.179948571368307,0.6359597931461175,-5.411793577575684
1478633937744,18.865953476206766,-3.9185961211804337,30.244952066736705,3.672705638940632,0.5502174964241218,-6.410924004010111
1478633937778,18.777952245707464,-3.817223167273953,29.84423314526645,3.6596868020873514,0.4192845474685542,-6.279542041778564
1478633937812,18.69994888755385,-3.721639365656461,29.440778773498486,3.6872201942443845,0.300771620089747,-6.669946257726847
1478633937845,18.62927696976056,-3.6375220197510845,29.049272526477665,3.813065492071584,0.4837783364227041,-7.537395738983154
1478633937880,18.49947306524474,-3.5129485584116615,28.408030667715163,4.397250514486618,0.6883329772949218,-8.441805470906104
1478633937913,18.42188015866173,-3.401062155574613,28.06473517382221,4.802469200266991,0.6160580169622437,-9.028235075643844
1478633937946,18.359476285834216,-3.2816797206544925,27.67023809103943,4.875642116369679,0.574907661086932,-9.152883455304055
1478633937979,18.28126110059773,-3.091661218388565,27.167022981213183,4.866663677481003,0.7188590484619141,-9.601197496972604
1478633938013,18.236428631882244,-2.968304426932024,26.844586855040685,4.697274074421729,0.5873275856239255,-9.540594194384663
1478633938047,18.21824047960873,-2.9089096055965045,26.74931924721257,4.833893224920705,0.5669768989120609,-9.74799205932617
1478633938081,18.175751130845914,-2.7227326716966327,26.411005418687726,4.974403007916361,0.629525399017334,-10.224887248639016
1478633938115,18.15365394456561,-2.58767563425388,26.292413489431095,5.127033144555613,0.4698620803722413,-10.24867962763682
1478633938149,18.144620134805063,-2.480933506203396,26.124797285219913,5.028122761535644,0.486621473727026,-10.34474696925059
1478633938184,18.133545898156353,-2.3637794239029084,26.028552567382434,5.277269298730418,0.29987373966826125,-10.41911671218872
1478633938217,18.122142269630224,-2.2346736492619064,25.765343546603496,4.744110480001755,0.1629553322280757,-9.226654684359765
1478633938252,17.911312077190498,-3.0230077267441464,25.85745872644838,30.196569163513182,10.108768577719292,-65.56581042927205
1478633938286,17.896447831352074,-2.8010103061962504,25.58942176815086,-6.427533047375083,1.2301707405090332,-0.06434416961669921
1478633938320,18.006789458953435,-2.613592864442733,26.75617226266543,-0.6871358764648438,-0.8047510330200195,-3.0584429832458495
1478633938354,18.058763814787415,-2.436566021763034,27.960829618540938,2.580201347760111,0.2727893333877437,-1.2023381462097167
1478633938388,18.07879058306231,-2.5300418753526723,28.85269528174633,17.811214045660197,-1.4754268096039072,-21.620539401355384
1478633938422,18.031306609827805,-2.692371519116062,28.49119535728973,-1.8335092666074633,0.4393360023553832,0.850989052581787
1478633938455,18.152423115492653,-2.4363168861758813,29.222982085435515,15.368231403461097,-0.8007108177185058,-18.167800747680662
1478633938490,18.17624561785238,-2.4348848354801444,29.968437285579608,4.526537586798146,0.8310872512817382,-10.070311457824706
1478633938524,18.134163990982117,-2.539629700804139,30.208051306507397,4.829104839866702,1.2662333664825185,-8.078784406722896
1478633938558,18.168121683610025,-2.426921542687275,30.453172935299566,3.6608838298521933,0.36750995483398435,-7.208791853387654
1478633938593,18.12251832880991,-2.5042424200751405,30.634717217684365,6.299593480682373,0.8309376136779785,-9.583689824267477
1478633938625,18.119798467254146,-2.4801983845388507,30.773877255551103,5.234023958178609,0.3097498580490239,-8.491186044543609
