sep=,
timestamp,gyro-alpha,gyro-beta,gyro-gamma,accel-x,accel-y,accel-z
1478633378436,32.679123254242036,-2.3325340691242205,1.4205577042794455,0.22759879760189214,0.4094084736119199,-9.780612986163852
1478633378469,32.68109551260099,-2.332728215388203,1.4624877290094471,0.2563292072489683,0.40162732392463363,-9.79288322657508
1478633378508,32.68811753154951,-2.317049314244503,1.605009790799948,0.33907881925278344,0.36661214291115757,-9.799616873363908
1478633378542,32.691745288897216,-2.311681121438517,1.6489249608039276,0.33429040223273915,0.3800795238246035,-9.791985559355671
1478633378576,32.69759511018792,-2.3178879803405477,1.7863461817703712,0.3893570449829101,0.4165911025669193,-9.809941792103984
1478633378610,32.701280308685696,-2.3160500395557624,1.8948198029295829,0.4547486960922368,0.39145197942705706,-9.819818227861868
1478633378644,32.70370753748493,-2.3123362060735917,1.9291627268139424,0.4364928993003908,0.3791816742275143,-9.777470410396875
1478633378678,32.70797174640507,-2.3238993175918523,1.9649096083509683,0.3930979942100588,0.4049193500657042,-9.789591182453112
1478633378713,32.70795873937463,-2.3298347966102,1.9652828138579905,0.3947439987182617,0.39848492274004443,-9.786748223816126
1478633378746,32.70818290507122,-2.3251779528078997,1.9497931606202217,0.3293523598816115,0.3854664764183108,-9.784054659041837
1478633378780,32.70763781828722,-2.3216587895880236,1.913667568377079,0.29718029704991494,0.387411766408832,-9.80335788937725
1478633378814,32.70719967738797,-2.3202495253884368,1.9012863516791054,0.2760813743701903,0.38411974255105014,-9.78614940168974
1478633378847,32.70660398224379,-2.3205976773095593,1.8871161981542077,0.25378536684340797,0.39489362148064533,-9.781660324950941
1478633378881,32.706743952723194,-2.3152569758817285,1.9164733228665667,0.3131914966776792,0.3989338424903806,-9.778069508801185
1478633378914,32.70630640796255,-2.3177553346483886,1.9515488766544222,0.3543418365699704,0.4161421874723513,-9.796923783799066
1478633378949,32.70663439276454,-2.3172300905275582,1.9928572362251413,0.39339726485100107,0.3972878414784634,-9.799766733017487
1478633378983,32.70640437538834,-2.321624134944375,2.0335635084835118,0.41359833679199215,0.40072948460234326,-9.76983887776375
1478633379016,32.70635089800906,-2.326535747759746,2.0676064051783984,0.43559505541152316,0.40013095673477944,-9.802160996326437
1478633379050,32.70427646001844,-2.336640435708971,2.0845721863094417,0.4472668159042485,0.41674072647094723,-9.821165039360942
1478633379084,32.6993857355499,-2.3370417760826823,2.0851263244767466,0.45893853073120117,0.3580827949302737,-9.798419939784722
1478633379119,32.70036123703936,-2.334686910182272,2.058010382964287,0.39324760898093225,0.35194763947639146,-9.796774006914701
1478633379153,32.70690421789339,-2.3552252189397813,1.969634410306114,0.3001730468418216,0.2861070892555173,-9.797223098964137
1478633379192,32.6967168860341,-2.463565253128105,1.8560999116666475,0.1812111564193852,0.11088146438598633,-10.027664539823773
1478633379227,32.66953813350637,-2.501031032679156,1.880772386631249,0.03606264423979446,0.41060558471679687,-10.571148444543406
1478633379261,32.67037391866922,-2.6879539757626443,2.10107604977479,0.19856911845551803,0.886752439880371,-10.538677084527537
1478633379295,32.693834254724656,-2.7926683040180813,2.3339139811386374,0.08664017257690429,0.8641571617126464,-11.887959284564108
1478633379330,32.74304366638524,-2.893616770913766,2.786366199887255,1.1945570273468271,0.8499415893554687,-13.620912519836425
1478633379364,32.84354951768217,-2.875787524776456,3.426325146761149,1.20024321975708,0.7606079581771977,-13.885771370752154
1478633379397,32.900488662544056,-2.856821801936449,3.8959878195758257,1.1754033775329589,1.1863269591400398,-13.845518563079834
1478633379431,32.9605649568548,-2.8465217821469295,4.484331546355856,1.3202525779724121,0.7956231391906737,-13.69154117655009
1478633379464,33.016249605250465,-2.831872656870129,5.0690042400047535,1.9247884971618652,0.5964554885864257,-13.70351218485087
1478633379497,33.07652694352931,-2.826393816119685,5.506849944068312,1.4622586639404296,0.6500257324661128,-13.626449111175535
1478633379531,33.160506788767165,-2.7529908535171104,5.986788190696855,0.9247604277679696,0.512059880065918,-12.533645398657024
1478633379564,33.19191450373942,-2.7248579794969654,6.1107291937485195,0.865054987335205,0.5469254508750978,-12.188731160382181
1478633379599,33.273700123179935,-2.694367939779078,6.587178838763006,1.670853520114161,0.534804791270825,-12.312182037353514
1478633379634,33.36709896211134,-2.618947760440087,7.008334496694192,1.679831776339747,0.3362356865150388,-11.266514462280274
1478633379667,33.40086062021409,-2.5886716628839688,7.0609110372841295,0.7279869788238779,0.5654805228744633,-10.297610904870554
1478633379701,33.491060543312486,-2.503771830675242,7.399315614378659,0.8883984900543466,0.21293432841645552,-8.587103456292674
1478633379734,33.54590231235871,-2.4297046401899163,7.43758641291849,0.4499602745056152,0.22340892414702102,-6.875548617553711
1478633379767,33.59204301594542,-2.32456687682206,7.413220307416467,0.42646709765009577,0.03531447448730469,-5.116109964807332
1478633379801,33.65925293662758,-2.2338454724067605,7.222679753504907,0.20784663162231445,0.04369418029785156,-3.73495458984375
1478633379835,33.707918738630646,-2.1834739343368184,7.127297263381102,-0.09008191052861511,0.05910685348510742,-3.1298201202392577
1478633379869,33.68989025439055,-2.1744499233288184,7.095205482155721,-0.12045819796137511,0.20545242996215818,-2.814683326721191
1478633379902,33.25697153066228,-2.3396170331137136,8.21837931234535,5.8369140098571775,0.2632125450134277,-2.5049334869384765
1478633379936,33.444550791889526,-2.2762556957249926,9.025204737421014,5.753565864562988,0.0846949019943364,-2.865260836791992
1478633379970,33.6894933390978,-2.400058860528118,9.445697743125235,0.987009634399414,0.14080900340424848,-7.109432192230225
1478633380006,33.767742378391205,-2.470730577083005,9.749054601754459,-0.18091186294555664,0.33848024143828076,-9.414150291343498
1478633380038,33.77839298157916,-2.499392289542477,10.116155366165618,0.14170681076049804,0.5593453719871584,-10.740538285064696
1478633380072,33.8030656984603,-2.475969464120865,10.541422333560062,0.2677016731262207,0.33533786089248024,-9.923666660939062
1478633380106,33.843012564468445,-2.4194182780807156,11.175148368984901,0.6824971838135272,0.32830490264892576,-8.183380982153118
1478633380140,33.88142141756733,-2.4008579435737993,11.761489348872654,1.5315409110138192,0.15382745666503905,-6.827963859558105
1478633380174,33.948355495475305,-2.407259527677852,12.293071165956487,1.3332711225647478,0.20245967788696287,-5.649268747003376
1478633380208,34.02909715910276,-2.4222715193241693,12.697863527286865,1.0637736520629375,0.4161421859025904,-5.480327600097656
1478633380242,34.04046826743194,-2.4452704159159024,12.961496800842326,1.7328034150054676,0.2736871681434568,-5.954828441619873
1478633380276,34.062096759902765,-2.5384771472163834,13.318025120617627,2.0216040267944333,0.492906285050977,-7.745541353552043
1478633380311,34.051763200750955,-2.5696532584646143,13.4820437813875,1.9743184709411112,0.5023334312549559,-7.8570213683530685
1478633380345,34.038860130873026,-2.585756432262667,13.558577414470248,2.275090093314147,0.3898059440944576,-7.873631288500874
1478633380380,34.01894150054091,-2.6318065590931186,13.450881446268808,2.00289938112339,0.5214870308364741,-7.928249013873189
1478633380413,33.94469111543236,-2.753485855886049,13.201818743027667,2.138022146451613,0.4610334389175288,-8.948927255249023
1478633380447,33.90798020513528,-2.8774924489750506,12.921271445447992,1.9074305716583504,0.6733692169189452,-9.81113936557481
1478633380480,33.8517653974729,-2.91707754650817,12.849192598539195,2.097021315157274,0.41748893275605514,-9.739313041775487
1478633380514,33.82377127471263,-2.968148095264618,12.8150245524216,1.9937713776961898,0.5787982559093506,-10.146327543197758
1478633380547,33.78433096249046,-3.0597769213116344,12.911329697654796,2.209249645841261,0.6998550910507328,-11.12151562423706
1478633380580,33.744893972418915,-3.127115411835458,13.091211387516564,2.2860136909042486,0.814627114868164,-11.964873305157571
1478633380613,33.70306301735879,-3.1669619591045906,13.36062949108827,2.3985412237305193,0.8569745567321777,-12.432041757965088
1478633380647,33.622464071220435,-3.1966513416649636,13.871489238514485,2.4545056144714352,0.7570166374206543,-12.256516848754883
1478633380680,33.509280174854,-3.3511606137586423,13.140883043223159,25.377189982439575,10.512939270550385,-73.1014099324882
1478633380713,33.55920212098236,-1.8719874014577509,14.463304075744572,-1.5556326748169957,-1.2840403143951669,3.3032506875187155
1478633380747,33.39910481679119,-2.583678618616851,15.254489932496478,4.463091023608297,0.9011176498413085,-8.664915375573933
