sep=;
timestamp;gyro-alpha;gyro-beta;gyro-gamma;accel-x;accel-y;accel-z
1478633393452;33.38286700708843;-2.3321275280426375;18.190541304397527;3.0014309466155242;0.35942951509780247;-9.316886333527663
1478633393485;33.37529840397654;-2.3338669585399456;18.221671253421654;3.1144073876864975;0.40611646345386976;-9.29069935272337
1478633393519;33.36877891657969;-2.3413496258545283;18.260310318082418;3.1135097218941428;0.4261679114908329;-9.293243448857258
1478633393552;33.36462212865784;-2.354520850036924;18.307116280825124;3.1561563293678216;0.45669396667480466;-9.286509859436057
1478633393586;33.364077021606334;-2.3638635592689012;18.337127396975948;3.1381999265145044;0.42347440836533784;-9.301174391982753
1478633393620;33.362663657747795;-2.374643413234429;18.350408897211004;3.0811878767552696;0.4486135497715091;-9.299677879946776
1478633393661;33.36207731119602;-2.379972447954685;18.393464647205548;3.1551087428439173;0.4348468742425903;-9.283816111998679
1478633393695;33.36899665017595;-2.385136267619843;18.439734602860426;3.207781302664941;0.4332008583179442;-9.254188030851026
1478633393729;33.37663815649657;-2.3944985661737874;18.457076972838795;3.209277788300393;0.45609541169318835;-9.279626439473207
1478633393763;33.38517107778463;-2.3920536805939303;18.45426871146518;3.1887773635200687;0.3974374904273136;-9.297732326949946
1478633393797;33.401449240839874;-2.3723637525605166;18.404960588387514;3.038541314376541;0.3600280609462643;-9.324966414216707
1478633393832;33.406850336575786;-2.353593315257979;18.356794669089318;2.9608793569260277;0.2813186950683594;-9.322123496108095
1478633393865;33.406985341222715;-2.3227890005405887;18.327827506484518;2.97584290723945;0.301370152238477;-9.319429821735952
1478633393898;33.40450004320611;-2.2870349413809867;18.372204147644055;3.212719471453177;0.3462614014003658;-9.26615878570677
1478633393933;33.40600773286116;-2.286994700263891;18.408412712671467;3.223194012384815;0.3818751670782105;-9.30132353953569
1478633393966;33.405953562257274;-2.2925763865352304;18.397282323363925;3.0991445216371822;0.4028244395960879;-9.31898128680894
1478633394000;33.390726745655684;-2.3008227890247683;18.38062077910888;3.2041901006394062;0.4192845748680178;-9.268104483264311
1478633394033;33.37007099339572;-2.3341374947873157;18.388288528770726;3.4217631947724145;0.42646716158217746;-9.225158427053177
1478633394066;33.361284631875165;-2.561269182838252;18.30090865336814;3.6450223899841308;0.03860650177001953;-9.665092717245408
1478633394100;33.314191478262714;-2.8109941093043784;18.105495201914746;3.4192192824432626;0.6346130775451659;-9.81981807259824
1478633394133;33.14596999483121;-2.9486405992326934;18.63597953954017;5.136909445599466;0.5479728912685299;-13.045256658172606
1478633394166;32.98864455882056;-2.934587104329312;19.58993935754533;4.687248300170898;0.6607996399368159;-12.719794869995116
1478633394199;32.998546494429405;-2.9114097026566035;20.032927141350598;4.284573581518605;0.9189245246887207;-12.23197628173828
1478633394233;33.04603175431283;-2.91034758235333;20.829520576888807;4.505438611602783;0.5208885009710328;-12.744335729272663
1478633394267;33.11198716564835;-2.8836778728195207;21.30071829581114;4.493467603302002;0.8237550086975097;-12.504914978735147
1478633394300;33.16921144567892;-2.8442944713718674;21.640952963372566;4.113986676699854;0.5565022575157228;-12.023381462097166
1478633394334;33.24338437886035;-2.8414546974204655;22.017016281652904;3.984101127038523;0.8652046249389648;-11.797428680419921
1478633394368;33.3279680473062;-2.844237218056686;22.584572717551193;4.33754514711909;0.7279869422912597;-12.089820558166503
1478633394401;33.449379386181036;-2.8411806410505664;23.46322356158256;4.504540822512842;0.4724059082197142;-11.86267067565918
1478633394434;33.594744518340455;-2.7751007036660598;23.83836610694772;3.9784148889624977;0.6573579933166503;-11.000907423345744
1478633394468;33.67126199691394;-2.7320132776543335;24.030322737371765;3.548954938772507;0.8931868568420409;-10.417022077997029
1478633394501;33.74509902974994;-2.702923556529301;24.270864144965724;3.700986890322901;0.5825391731704584;-9.574711641107127
1478633394535;33.81647169715948;-2.670070386369803;24.250419615965065;3.0083144590515642;0.5828384757774416;-8.516025521441549
1478633394568;33.891870375687276;-2.570007389453438;24.201075466344776;2.3412300945557654;0.40776248622838174;-6.9327100360594685
1478633394602;33.953615813551714;-2.485779310849884;24.224624797631805;1.641374875640869;0.33922844772338867;-5.218910706329345
1478633394636;34.012919683316326;-2.4230486830495868;24.236286693040938;1.4100351402282714;0.06284779357910156;-3.94549469833374
1478633394671;34.104751857333056;-2.362988748880135;23.95514901472363;0.9756371765136718;0.0047884033203125;-2.8362311416625974
1478633394705;34.206577109881735;-2.3247539629430247;23.411915718754;0.7793126403808593;0.06509235763549805;-2.21523508605957
1478633394738;34.16973244281199;-2.379990983664061;23.35261027111638;2.817676224926859;0.04938040924072265;-1.970876879119873
1478633394772;34.06749230574527;-2.515911004141218;23.06479955106449;6.883180135345459;-0.053719899749755856;-1.9704279663085937
1478633394806;34.26254411259088;-2.6108266044917467;22.77799248006302;7.041197444915771;0.35568860240327194;-5.236268376104533
1478633394840;34.37466675703929;-2.683368345966324;22.644140329798308;4.256591166952439;0.6471826362609863;-7.527669586999714
1478633394874;34.45668756772389;-2.7190353844423547;22.708554665741946;2.9994856942992656;0.6821978355407714;-8.863035362022464
1478633394908;34.44002991869723;-2.6904027672469955;23.104796533541784;2.7567735010009256;0.23971942295683546;-7.65785430227071
1478633394942;34.5027133392156;-2.6589269606739245;23.54332153686228;2.1315876655578614;0.3145382248367183;-6.514921700231731
1478633394976;34.5444924699542;-2.626497498479843;23.99394270551481;2.256534918566793;0.16968902439726516;-5.570559075164795
1478633395011;34.62529394501302;-2.602409254579344;24.572133084346003;1.860893240356445;0.34267010347670873;-4.881478202112019
1478633395045;34.69695946956635;-2.638239117427947;24.98838139609291;2.1707928638733924;0.22266077266084028;-5.795015480804443
1478633395079;34.73758959785274;-2.651633648672433;25.32737057815751;2.4723124893188477;0.3866635589820798;-6.521356117193401
1478633395112;34.80237775921719;-2.707558204179208;25.839379753768863;3.4955344238281247;0.48617257689876714;-8.440010020590387
1478633395147;34.851690732974404;-2.6437808650336065;26.307443293926617;3.5760393085204063;0.48018708416481964;-8.235006393841653
1478633395180;34.89415237447474;-2.6036069140085747;26.579845493325024;3.3855509311951697;0.7251438460861332;-8.226776289102249
1478633395214;34.91782405247524;-2.5595223194478325;26.848633932805306;3.5887585779052227;0.49993922046164513;-8.313566245413385
1478633395247;34.954299790074735;-2.524673207897004;27.261667629956875;4.291456911291554;0.4616320053155883;-9.426271211242675
1478633395281;34.97162594720127;-2.4757285595962384;27.527017671098736;4.732438947837893;0.2786252364669926;-9.901969299725442
1478633395315;34.98334494562495;-2.413889054703912;27.733452253969244;4.995501800448634;0.3764882042097044;-10.165929740496724
1478633395348;34.97953556198556;-2.3745938151429358;27.826845311521808;5.192125575256347;0.5178957283462398;-10.105775716046244
1478633395381;34.96728007310942;-2.35101192686948;27.847034064869376;5.516689537811279;0.3453635803443845;-10.477325593920796
1478633395415;34.930632729979315;-2.3087305290002154;27.706258895825126;5.951835543414205;0.5681739814758301;-11.043255157470702
1478633395448;34.900529003729105;-2.259951689430893;27.633963360301674;5.837512560272216;0.3790320531775971;-10.685322009277343
1478633395482;34.893725594491094;-2.7383304291022976;27.465085316716582;3.097199268750101;1.7013795912811531;-6.564601530810445
1478633395516;34.967947778947035;-2.541261205011649;26.55899289386897;0.003591302490234375;0.5490203590614255;1.6765402970463037
1478633395550;34.97521024388181;-2.487825605091889;26.953198142476953;1.9832968002319336;1.5556325286865234;-1.650951682281494
1478633395583;34.952114871856615;-2.3936551744218817;28.191064884194915;1.0504559783935545;-0.15307926864624022;-2.0266917053222655
1478633395616;34.93810253712924;-2.444826553374172;29.021338394832874;13.428628491266071;-2.654271705892868;-20.956147856140134
1478633395650;34.84769831061677;-2.542989305302345;28.968606203001542;0.8768763580322265;-0.34925416717529295;-1.02786070022583
1478633395683;34.86238557224871;-2.4322966101790313;29.16952795720775;11.551274822235106;0.6274304725646972;-14.529960962677
1478633395716;34.86856150429748;-2.424591893782186;29.05110799682868;4.600458435191307;0.7372644737243652;-5.443217766626179
1478633395750;34.887812950485646;-2.3936917000580014;29.165274443102486;5.012111446601804;0.617404753112793;-9.807398188018798
1478633395783;34.87285572739126;-2.4220642770501497;29.24404331884669;5.474641371154785;1.111508120727539;-9.973196506854146
1478633395816;34.88485122366163;-2.383885515962188;29.297055729708685;3.2948705433167516;0.13272853626860304;-6.651391487121582
