sep=,
timestamp,gyro-alpha,gyro-beta,gyro-gamma,accel-x,accel-y,accel-z
1478633222488,32.64131127526054,1.996829496306231,27.436935232632024,4.642357137773978,-0.321421563742822,-8.827421356599311
1478633222522,32.64708598134579,2.050257639864404,27.36503952139328,4.56349812059258,-0.462829090162646,-8.727912277033832
1478633222556,32.646996433329804,2.093222984397557,27.33339128603898,4.504989741603166,-0.4944026428222656,-8.680626972342258
1478633222590,32.6461248330201,2.1210754554180253,27.321141962174806,4.4948144042408655,-0.4237736984142335,-8.70935734089014
1478633222623,32.643573253789114,2.12844396748669,27.328898596333875,4.527135988799424,-0.3588309635411191,-8.693346091030026
1478633222657,32.641969952523915,2.112044402132387,27.323063026212747,4.547486691494309,-0.2808698005233891,-8.794501284701562
1478633222692,32.63523079099071,2.090666608672882,27.309199201029582,4.503044396813717,-0.27907412187880837,-8.696638511038385
1478633222726,32.62893587575755,2.0753559835522783,27.304359744673473,4.535964714735816,-0.2995744827270508,-8.626158934806053
1478633222761,32.62772960374558,2.0549299416930555,27.309864141086685,4.607641058438085,-0.26111763682710004,-8.758887735936138
1478633222795,32.6262320755522,2.0332175753423516,27.30702223479151,4.5230957575148905,-0.27787703018188475,-8.63139647926651
1478633222829,32.62793071585667,1.9947001537126818,27.291961662901567,4.523844011749059,-0.27234043427619614,-8.686313141919625
1478633222863,32.63373397992481,1.9755502359645216,27.269001655491465,4.465784733371413,-0.28909984589728993,-8.7431752578184
1478633222897,32.63798747566072,1.9621717852951073,27.25074820499667,4.714931256866455,-0.268300228107837,-8.857049876138381
1478633222932,32.647104445043944,2.0023697198950816,27.192076689467505,4.4389994561679424,-0.5345055206298828,-8.787468436055862
1478633222965,32.6563360091732,1.9726129085287476,27.177348472814128,4.539705522399069,-0.48332946927719744,-8.882787635316607
1478633222999,32.65760245858265,1.858654573071211,26.97355695890698,4.621258025581296,-0.2578255958446534,-9.121160173709132
1478633223033,32.6641146695579,1.7347298520682515,26.13531621991107,5.982661182049662,0.0770633659362793,-8.697386260665766
1478633223066,32.6836896480959,1.6099097192009602,26.35508778110988,9.08494783706665,0.17058685001982374,-13.33300947794169
1478633223099,32.71377091851327,1.5119006359406355,26.28507597598764,6.183624191638082,-0.47285482788085936,-12.511499033300577
1478633223133,32.7327820410467,1.4063597916180721,26.204662734560028,6.37785394744873,-0.3851671920776367,-12.873173121587932
1478633223166,32.7618678590749,1.3007211362819129,26.231678127963818,6.574477758789062,-0.3603273498535156,-13.065008821868895
1478633223199,32.80475966706799,1.12400003117383,26.271181054536154,6.302137319946289,-0.3500023551940918,-12.665476712091266
1478633223233,32.82101949613262,1.0577361351983134,26.33706306785503,5.812822355651855,-0.23537994614753405,-12.43967356801778
1478633223266,32.851161138640244,0.9376479097585577,26.48358091767836,6.3542113521851595,-0.2665045814292971,-12.763339412689207
1478633223300,32.9030776781539,0.7615413712608641,26.63160486476753,6.3435869361877435,-0.23089082260131835,-12.50057578048706
1478633223333,32.97272624322422,0.6256411387739591,26.805007860802707,5.4674586200438435,-0.19153613281249998,-11.416301703643798
1478633223367,33.02657210688915,0.5552939266109465,26.809067805885107,5.201253542150929,-0.08888474005823373,-10.700285477392375
1478633223400,33.08225247657032,0.5399245417863516,26.90099688994938,4.547187429986521,-0.07317278367194813,-9.196128357464447
1478633223434,33.113161030465534,0.5534343938124567,26.896526268658402,3.8913257761748503,-0.06344634399414062,-8.367734838778711
1478633223468,33.19099723606322,0.5850419304269994,26.93485528561057,1.7648258987426757,-0.048183303844067264,-4.258536857660115
1478633223502,33.257453638115756,0.5790562917970867,27.030626341607604,0.4191349281311035,-0.03860649720344227,-2.009333743286133
1478633223536,33.27226651239578,0.5649616798091099,27.18367125095133,0.09247603912353515,-0.027234043884277342,-1.8273744171142576
1478633223569,33.24854779368084,0.4955454173392178,28.950461383061846,-0.26740239791870113,0.05970540390014648,-1.4208090476989745
1478633223602,32.92003562314726,0.36667157302991354,31.582407527617498,4.1501990864075715,-0.040102877807617184,-0.02858078231811523
1478633223636,32.78227463327298,0.2509138663856503,35.275757390366714,8.72761323928833,-0.5467758178379154,1.8366519485473631
1478633223669,32.92369847661453,0.09976496058363447,38.1344683540004,4.913350646386668,-0.3212719295639952,-4.798429332025349
1478633223702,32.97515598046537,0.03648776790731061,38.980411000637346,4.157232053784281,-0.43245268171558854,-7.895628144117723
1478633223736,32.99887420603625,0.08217050267133494,37.838228494153846,2.607285607910156,-0.197072723009967,-7.137115221991017
1478633223769,33.026168508693424,0.10128412293750692,36.906210764921,3.302052709905803,-0.30286651800127584,-7.094767560931294
1478633223804,33.00683488337586,0.09267718318555532,37.58938892600147,4.251054685211181,-0.2630629096929566,-9.760861039379984
1478633223837,32.941378908290936,0.1117541914794466,38.30139929760773,4.483591229192912,-0.18076221735028666,-8.33720895027481
1478633223871,32.92270224062459,0.13385420947141824,38.49727036177834,5.189581443731487,-0.15068506470279536,-8.603863087109476
1478633223905,32.88860366017638,0.22497004553809408,38.89303208049467,5.042338480023294,-0.06494272003173827,-7.534103766499366
1478633223938,32.84649320053742,0.3656873158872092,38.792424089023946,4.579209657995403,-0.03441664886474609,-5.0763060699462885
1478633223972,32.856574096047304,0.5091142058046564,37.884497939210775,3.457676402337849,0.054767362976074214,-3.315969007055461
1478633224005,32.885869218932825,0.6326748328577252,36.150595692241154,1.4531307701110838,-0.1158195024559478,-3.1889266814634203
1478633224039,32.84470915006776,0.6319233582285718,36.354275881213084,4.160673426409811,-0.2050035171508789,-5.182848043823242
1478633224072,32.80984877013126,0.6467151346829323,36.227133214760094,4.90003326497823,-0.17238251953125,-6.143820442907511
1478633224106,32.79138826493396,0.6822198639993226,36.03638731087995,4.949413089697063,-0.07257423325690907,-6.854150659411773
1478633224139,32.73623334708224,0.7086968535491872,35.91565274092852,5.919663476872165,-0.16953940049323718,-7.883357828643382
1478633224173,32.68943807834828,0.7429817929161964,35.96688149770101,6.379649306432903,0.004489128112792969,-8.14776746992031
1478633224207,32.676425459851544,0.7806243277205449,35.70365476164459,5.801000820558052,-0.06479308242797852,-8.06831009412012
1478633224241,32.6440729218759,0.8333928918511124,35.10085278193165,7.464522225952148,0.06254852750473655,-9.93414123840332
1478633224275,32.623314289838326,0.93360127554948,34.62244750656065,7.126191896112263,0.0770633659362793,-9.858574102374165
1478633224309,32.59733025597415,1.048690612976363,34.37283746206392,7.357980105944723,-0.06524200437241233,-10.001777435302733
1478633224343,32.579514995989356,1.173394154360736,34.182529808554555,7.275080873461812,-0.2473509544483153,-10.351031748608499
1478633224376,32.53989303258959,1.3002188733328979,34.15023034373256,7.201608810015768,-0.13946224670410157,-10.46625270350352
1478633224410,32.50079860219526,1.4615985352639562,33.949691355502594,7.206846126147359,-0.35583822174072266,-10.016741341809183
1478633224444,32.47781082145034,1.5985286114604444,33.52269944518446,7.786991262054443,-0.5600935508728027,-10.812963177545369
1478633224479,32.393042055429454,2.172723631764714,33.74971397107251,3.0906149219237267,7.056909174114838,-12.089521282958984
1478633224513,32.59959794882409,1.3916651833123599,33.516184264185576,3.188926973724365,3.5601778321197255,-4.959289171545207
1478633224546,32.43758185013583,1.6974324024420075,33.899064145867015,3.964947732952982,-0.26665420533332507,-22.935254803466794
1478633224580,32.38570681499592,1.7460255882096722,35.725613099131536,0.7350199096679687,-1.4477438163757324,-0.30735563812255856
1478633224613,32.32862679479294,1.7242598636074857,36.138745346050186,4.845115899072215,-0.8484452315841801,-5.431845016479492
1478633224647,32.28308999769749,1.5248114708588427,36.526889678087024,4.716427852099761,0.22131399769438428,-6.013037323351949
1478633224681,32.26828925488937,1.6708229355246291,36.95781531133137,3.1616929298400875,-0.6346130775451659,-3.1042320899963376
1478633224713,32.2670014749912,1.608545122352195,37.240512593027326,10.863390757751464,-0.18629880754775366,-12.102390409143268
