sep=;
timestamp;gyro-alpha;gyro-beta;gyro-gamma;accel-x;accel-y;accel-z
1478634078196;15.640404875882787;-2.7818934192070315;-13.272297501200413;-2.177526359679759;0.6184522163391113;-9.517250916569452
1478634078229;15.634404000726047;-2.7990398172075572;-13.324421049659794;-2.387767279727198;0.47105917435245354;-9.548824139293865
1478634078263;15.623800021346774;-2.722534659061078;-13.361507352725503;-2.4139537873199206;0.3223193893653806;-9.50587835251079
1478634078296;15.618216810245045;-2.7052228886712535;-13.330286333055115;-2.3766940513832027;0.2952349922180176;-9.495852968702314
1478634078330;15.60963344732609;-2.6651949449709353;-13.206115249484572;-2.1010616035240237;0.3570353317039553;-9.576507557213725
1478634078365;15.606647339359652;-2.667938543871373;-13.027877652859255;-1.8267759032318367;0.5056254722374025;-9.601646656379057
1478634078399;15.612292315282792;-2.6866293787414364;-13.001409494514657;-1.8107645700316874;0.5653308578712399;-9.609277945841942
1478634078432;15.614273009517989;-2.6818203384806094;-13.134728067489622;-2.0599112168243154;0.38830957262343724;-9.557652914320963
1478634078466;15.613236737850649;-2.6620616625857756;-13.236588655683768;-2.121113042427832;0.3884592239269288;-9.52144099780359
1478634078500;15.61645718210415;-2.6304505734602404;-13.338534765726642;-2.1972786147075936;0.37349544985122046;-9.544634719071787
1478634078535;15.624917638019848;-2.6081648286218035;-13.473544122637069;-2.4013842468704096;0.3883095908897463;-9.477746770698321
1478634078569;15.635198263745146;-2.6098094753280607;-13.56525729686334;-2.6657939475128427;0.4505588206394881;-9.422380779675393
1478634078603;15.634903813212564;-2.617540348655275;-13.569000717107706;-2.619406290347315;0.5074211052162106;-9.43330445261402
1478634078637;15.62440729255206;-2.656675652224625;-13.526475585411267;-2.3829787759421857;0.5819406318885739;-9.48732345404136
1478634078671;15.618385733313245;-2.6878202289028397;-13.48282363116842;-2.1995231833305673;0.5479728867019527;-9.54972218867871
1478634078706;15.609414351614888;-2.7397373229929514;-13.35703421764171;-1.9156606398651375;0.3688566750015132;-9.642647259344532
1478634078739;15.63147114075344;-2.8451334073478227;-13.225837591631585;-2.3816320649078113;0.3908534027541987;-9.564386543699714
1478634078773;15.624053200279311;-2.9423682230855257;-13.13951380343177;-2.1294926660399884;0.43783964230080596;-9.62873085259702
1478634078806;15.624925222000359;-2.989325155875644;-12.809474783791451;-3.2161610906738787;1.2482768905639647;-8.799588707501067
1478634078840;15.654147835575417;-3.1353538197660855;-12.234475556798586;-4.808304975482076;0.5566518768531735;-8.818892177581787
1478634078873;15.655804693285372;-3.2402451229820155;-11.796234110681498;-0.37394437179565426;1.209819989865087;-13.456760068511961
1478634078907;15.66275123362566;-3.261415890263115;-11.598331095344586;-0.4460696968078613;0.8397662140334956;-13.141623567254841
1478634078940;15.691264458972569;-3.2962695370953585;-11.191773806985761;-2.0769699036529286;1.1162965240478515;-12.348693612670898
1478634078975;15.700462656165078;-3.3483941302840776;-10.918982022417453;-2.299032217230275;0.3312976547241211;-11.578658795984088
1478634079008;15.720077784595746;-3.4509391872886415;-10.298514412925943;-2.891447490515187;0.5600935394563595;-12.064083036450295
1478634079041;15.762916593103638;-3.5450291595646406;-9.554812896547597;-1.0708066559722647;0.7426514183265622;-12.714108348791301
1478634079074;15.806113917835024;-3.6603100764208905;-9.033121343505721;-0.7658451829772442;0.8753799637283198;-12.971036406707762
1478634079108;15.81912249206331;-3.773271248550979;-8.656982407737045;-2.027739168548584;0.7520786056297365;-12.152369076538085
1478634079143;15.886519320212372;-3.998400025328739;-7.6510440742906765;-1.8840869958739728;1.1553519751617685;-12.476334780938922
1478634079176;15.92313459161905;-4.137086397506091;-7.056791075584889;-2.2171803749084473;1.2364555563995614;-12.38580373840332
1478634079210;15.959356112961553;-4.338782334440081;-6.538508514655704;-2.309806051635742;1.1381436507293954;-12.625523179626464
1478634079243;15.985878159236965;-4.453979102426371;-6.028179933188664;-1.2491747161865234;1.0498574462448247;-12.158055597741901
1478634079276;15.978848370839561;-4.548536916390026;-5.9995067143292;-1.5221136689117178;1.0158896919250489;-11.423484600885212
1478634079310;15.97585870101;-4.632938818018725;-6.019055804671286;-1.0491092125602532;0.8222586600593756;-10.47597900161743
1478634079344;15.959241930299301;-4.716466198229364;-6.304551803111514;-0.722001401608251;0.8213608036124205;-9.663746170607814
1478634079377;15.938762643430177;-4.742632481436801;-6.731481488064404;-0.8646060745239257;0.5747580360412597;-8.011298176220803
1478634079410;15.874407865994305;-4.752785125767852;-7.78966320349376;-0.20874453031010926;0.3045124871185049;-4.92532202001363
1478634079444;15.7819602874966;-4.7602076103493545;-9.302110461337485;-0.3350385948181152;0.11462240447998046;-3.2505776664733883
1478634079477;15.690305713293792;-4.781006665988129;-10.74874713573906;-0.9304466932434589;0.12375029830932617;-2.085200008392334
1478634079510;15.613099075001916;-4.853733533695357;-11.891414144926316;-0.8557774559020995;0.03800795135498047;-2.226906819152832
1478634079543;15.575976353089235;-4.948700780883335;-12.262099519174987;-1.7889174798827618;0.2371756019592285;-3.378517817687988
1478634079577;15.474872650332099;-5.088666870312287;-12.383226555824622;-0.2811690574645996;0.5886743331909179;-6.457461152648926
1478634079610;15.31988998067276;-5.261880882531876;-12.931717820796791;1.8634370796203612;0.7525275275741703;-10.772860007476806
1478634079643;15.45181542163906;-5.362197124491785;-12.85323828886877;-3.5619735198974607;0.9635164940765127;-11.37320578150004
1478634079677;15.553986869344877;-5.378120079146458;-11.616219772786563;-5.891232606152445;1.137096150970459;-11.512368752996624
1478634079710;15.776295871614094;-5.336673212986693;-8.205594177791117;-1.2228384613921865;1.0553940101844723;-12.627917089025676
1478634079744;15.79166071560854;-5.228508545499568;-7.547882950681227;-2.7816134162902832;0.7939771164161619;-9.928305645851324
1478634079778;15.755758169891141;-5.128535625262578;-7.070819165571743;-0.7887397728851064;0.6151601707900874;-8.560467889758199
1478634079811;15.773223543001974;-5.0875241671323845;-6.736753144163364;-0.30735563812255856;0.6579565619979985;-8.267178186389058
1478634079844;15.810240467267311;-5.062407301085752;-6.492761594581612;-0.706738402557373;0.7441477943641599;-8.467094025012106
1478634079878;15.855954010445332;-5.047832759208587;-6.20201950395368;-1.0209773864359013;0.8752303797818429;-9.013271132604777
1478634079911;15.884916575231703;-5.0327176595605705;-5.9920937194616055;-1.4456488899230957;0.9874585746101568;-9.707141106522542
1478634079945;15.891785216806788;-5.010229892129844;-5.7933526525780294;-1.389235513305664;1.096843617292773;-10.299855651590041
1478634079978;15.878314488416944;-5.034597118801346;-5.657325711461449;-0.8646060927902348;1.197699343960546;-10.529699120562896
1478634080012;15.87861649956064;-5.0437542137375715;-5.354159241686282;-0.15726912155151365;1.1341033623626455;-10.232369238424859
1478634080045;15.900011231184976;-5.024329704296928;-5.246947057362099;-0.023044190979003905;1.0570400146926753;-9.32361955933515
1478634080079;15.897471949394367;-4.970217324493201;-5.503560209174971;-0.24316110610961914;1.004367632968165;-8.75320105033554
1478634080112;15.890269186163284;-4.922672372368276;-5.858002430125185;-0.5732616234710439;0.858919821606524;-8.315661062268168
1478634080145;15.857538368653673;-4.858632755956298;-6.53166530989626;-0.6069300843169912;0.7846995895496336;-8.116044206591695
1478634080179;15.836393008268045;-4.812714772172733;-7.030676455122318;-0.773027824490331;0.6624456535781733;-7.980772105053812
1478634080213;15.814984161356552;-4.758330334358075;-7.473579595862597;-0.7921815108368173;0.6729202675750479;-7.919570032855122
1478634080246;15.797183463061836;-4.695810954290762;-7.897843515787108;-0.8207622200896963;0.7284358231364981;-7.86360556904897
1478634080280;15.784823044861048;-4.603639458338562;-8.327871215392301;-0.7882908966064452;0.6287772475311533;-7.469310921533405
1478634080315;15.764483136268757;-4.480345668042576;-8.923040335007288;-0.9026140989441425;0.4429273071289062;-6.978947909490763
1478634080349;15.748392626723943;-4.4020467321543935;-9.293144410271967;-0.9376292251586914;0.44756607284545896;-7.033865202331542
1478634080382;15.738706814429095;-4.335406998391084;-9.621050842149682;-0.8526350662231444;0.37169977120663966;-7.133972466985881
1478634080416;15.733533424395956;-4.254821410276316;-10.00048737210608;-1.2101192650726065;0.7664437744914786;-8.22108980443105
1478634080450;15.730268533335936;-4.181718725907325;-10.263741882725826;-1.2820949524810537;0.7682394348697503;-8.516923420129343
1478634080484;15.744178140826305;-4.15510660281386;-10.297501090695008;-1.365592771911621;0.8325836090530269;-8.781782051849365
1478634080518;15.76122333978486;-4.060315203147043;-10.406175307163451;-1.5996260572571306;0.670675749184424;-8.75364996314682
1478634080552;15.780636827985067;-3.9535158656382468;-10.434592244303905;-1.6265606889365705;0.6284779631904792;-8.913163721819966
1478634080586;15.821006308461527;-3.795760371694859;-10.440271441543116;-1.933168166439794;0.5843348700813483;-9.321225905664265
1478634080620;15.855230966599779;-3.6850027502942586;-10.32608646043029;-1.784578005356749;0.5098153160095215;-9.589376313505252
1478634080655;15.883415689835278;-3.5358826151353515;-10.18326515697424;-1.6810288315040525;0.2931400657653808;-9.604788961576332
1478634080689;15.949570769515686;-3.3753807821714044;-9.756188306082668;-1.87241528104702;0.371550170135498;-10.889128425598145
1478634080723;16.020542725878403;-3.2798148753304934;-9.209678941425098;-1.8116625052521005;0.7330746390854008;-11.130494026593118
1478634080756;16.083644933285214;-3.23266312409203;-8.771985024050595;-1.8514661443848162;0.9000701866149902;-11.626392899322509
1478634080789;16.174346953201198;-3.1180991741018675;-7.996899637192724;-1.6674118369613773;0.9977835418701171;-12.172270877838134
1478634080823;16.239767941502276;-3.014161549719895;-7.477161078271372;-1.5188217329605482;0.8806172981262207;-11.978789163915811
1478634080856;16.29836675938892;-2.9055482755186905;-6.977246129927906;-1.321599334672559;0.8023568496261723;-11.780070864514261
1478634080890;16.352739175672916;-2.7736657065621415;-6.513573132338701;-1.0860697212385129;0.5648819633262697;-11.127351344653219
1478634080923;16.40704513195703;-3.036428535629572;-6.3464435370274215;-0.11911153259277343;-6.023063335064799;-5.998821897125244
1478634080957;16.371601578447976;-3.41461724647112;-8.597334127428843;-14.579940068463236;12.490550316763482;-52.164415689629315
1478634080990;16.225044209744723;-3.0647614655677926;-9.128885255452774;-2.359635373687744;-1.5430630430359393;1.7217308533817528
1478634081023;16.354720361186327;-2.984499050607305;-8.120626643265068;-2.0759225500244645;-0.23448212509155272;-5.716156463623046
1478634081057;16.35632794863821;-2.973696435662629;-7.5875306505174605;-10.817751142474263;8.687061412136815;-26.01524560165405
1478634081091;16.304826518239484;-2.9686988544491397;-7.732683779789489;-1.8939631873199716;-0.7541734864166006;-4.251353960418701
1478634081123;16.260346553493147;-2.997068393419878;-7.825326693548469;-1.1086649514571763;-2.2011692243713883;-17.145177363586424
