sep=;
timestamp;gyro-alpha;gyro-beta;gyro-gamma;accel-x;accel-y;accel-z
1478634109058;16.40228366603357;-2.249033722354733;14.213558716315902;2.3728034211698104;0.41898529281063235;-9.518597754326345
1478634109092;16.401611608742108;-2.2584235889549364;14.176461980479763;2.332401284137694;0.4079121009992552;-9.482086255499132
1478634109125;16.40098878341455;-2.2655836323315808;14.159424087461813;2.3392846002109113;0.41434650654448196;-9.50213772529869
1478634109159;16.39857571726659;-2.2679004458877667;14.17550946826101;2.4202385826608515;0.39878419803675497;-9.487473204667907
1478634109192;16.401248497686844;-2.2698546066924457;14.197226653307212;2.3910593332677323;0.40880994488812283;-9.480888698011327
1478634109226;16.400725868036897;-2.2689273368737712;14.217173064514984;2.399738185279991;0.3929483568917101;-9.505129944154637
1478634109260;16.397440670713774;-2.2662130066165553;14.26139475248894;2.3937526993959093;0.37574002874899304;-9.489118772497159
1478634109292;16.391819134052053;-2.260505170102043;14.307522027545742;2.4776994795868172;0.3646668403625488;-9.4702644749518
1478634109325;16.3899181724398;-2.2530669136629218;14.350295218320928;2.4853308923472883;0.3528454628156614;-9.449464975893358
1478634109359;16.385763993342316;-2.252246697271406;14.397292743640044;2.5002946755561513;0.36706102832297327;-9.472210193058942
1478634109392;16.384059981525564;-2.2575076949441457;14.434996630182619;2.495655987471412;0.38576576047357375;-9.458592712175788
1478634109425;16.38346029808062;-2.2861348453791885;14.461781534450454;2.414253037411265;0.4339490646030521;-9.476399676071456
1478634109459;16.378009218757494;-2.333596479222772;14.499558091027183;2.598756218830077;0.34237085110207555;-9.471162410172214
1478634109492;16.343769850852834;-2.421705278392359;14.363496811193572;1.8963573159148917;0.254084651184082;-9.153780915600434
1478634109526;16.335144254481442;-2.5566638755495665;14.430577150415285;3.3610102180480954;0.6420949759994633;-9.49839671320975
1478634109559;16.325828300439667;-2.647286550953745;14.349186688276426;4.417302062988281;0.4055179198886966;-9.470264922476373
1478634109593;16.329660255113634;-2.6988240363750546;14.395926021367194;2.1815666252136228;0.5692214355689938;-9.490315964658782
1478634109626;16.33361595182847;-2.7433447019998543;14.461294439704902;3.0835821737427263;0.651821401977539;-10.593743941906839
1478634109660;16.36929562225394;-2.7989925359854184;14.807671088001623;3.2933740942139176;0.814627114868164;-11.794585419818013
1478634109693;16.393752413114328;-2.8198549529446235;15.300902022265877;4.050839571380615;0.8469488372802734;-12.523769609069824
1478634109727;16.418493889321514;-2.8676142041535364;15.418283893656337;4.008641913250833;0.9023147506713867;-12.47558630065918
1478634109761;16.458243253171872;-2.8936414685011314;15.834967226503903;3.6165913914002474;0.7047931137084961;-12.330138257543743
1478634109794;16.497259224103598;-2.9314275079503394;16.245807739474962;3.9529765785217283;0.9015665626525878;-12.593051819610595
1478634109827;16.564558030104298;-3.02455461185574;16.97050485483657;3.566911633886769;0.9204209007263183;-12.46496232305318
1478634109861;16.597209558542875;-3.1050058753402703;17.37180025890395;4.0800189041137696;0.7695861778701655;-12.348244699859618
1478634109894;16.649426106470987;-3.2037285760674092;17.934020434837706;3.995772860131785;1.0229226593017577;-12.680440472467243
1478634109928;16.691457041291716;-3.2901405565251483;18.398178311085044;4.21768557263799;0.9826701438903808;-12.605022827911377
1478634109961;16.73676752341657;-3.3715703167155966;18.84523735885292;4.073285138879344;1.0577882209777831;-12.25038170700073
1478634109994;16.81480332118093;-3.4694712100049396;19.5544150001683;4.017171037469431;1.0040683212280272;-11.770194636535644
1478634110028;16.865447059059687;-3.490841882735431;20.090601348252928;4.292354809979349;0.8324339897155761;-10.820594110815227
1478634110061;16.92787324407808;-3.5223861254466002;20.583741250478514;3.552695878866501;0.7121253745590336;-9.370755367986858
1478634110094;17.008020276330868;-3.5110588999657355;21.173463567107667;3.279308013330027;0.5128080498184077;-8.454374901757761
1478634110128;17.085227053492765;-3.473022359116501;21.727701983094043;2.4157494020324197;0.46627077331542965;-6.739827018682658
1478634110162;17.159859889264204;-3.395444581192639;22.31839045726061;1.5891513519287108;0.24959552307128904;-4.6778214233949775
1478634110196;17.256947793291015;-3.310720146102136;23.16768154139161;0.49200844116210934;-0.0005985504150390625;-1.9623475357055662
1478634110230;17.34031013685212;-3.279482133320664;24.044476965165597;0.20231004028320312;0.0016460136413574218;-1.4754267730712889
1478634110264;17.352501761439175;-3.2661519198897735;24.477051025505506;0.30196868438720703;0.0053869537353515625;-1.316960550689697
1478634110297;17.27255283297329;-3.327073172127892;26.593573677463766;5.726331820678711;-0.5576993492126464;-2.5815479400634764
1478634110331;17.33199013738072;-3.38358049274807;26.88537896746204;6.2481179988585405;-0.8285433754852041;-2.3223756103515623
1478634110365;17.666066273054778;-3.55272391990029;28.076996786294185;4.911555086473096;-0.144849163906835;-9.493458276135101
1478634110399;17.846633171535448;-3.561835855975252;28.990139705669385;3.5658640975952145;0.086191259765625;-11.630582752227783
1478634110433;18.006254395429657;-3.4250407609943965;31.072565432427428;3.331681393841654;0.4406827248062007;-11.178377621404826
1478634110467;17.978845217456474;-3.296859677153555;32.563374658931885;5.192724070872459;0.31812956385957075;-8.594585263415425
1478634110501;17.981523972474957;-3.241705830240723;33.28492198046156;6.770353528241068;0.050128597259521485;-6.755539113207906
1478634110535;18.284130948014308;-3.0996110493509317;35.65129545353851;5.801449842967186;0.6096235885841306;-7.066486346081644
1478634110568;18.43695644778853;-3.044274928628316;36.62258157206608;5.291933601235784;0.8683470146179199;-8.177545590530523
1478634110602;18.557042209046163;-2.966815210251511;37.553743257206456;5.022586389392242;0.9349357482910156;-8.54086536366567
1478634110636;18.63716027578029;-2.9006835943775764;38.33090456841089;5.456086162158101;0.9641150810241699;-8.843582382202149
1478634110670;18.651546724232613;-2.8132782909759664;38.66052505744948;7.119757113824412;0.9112930068969726;-8.45661924661845
1478634110704;18.612774188111914;-2.7723894101033375;37.55086391128776;6.625504108605906;0.7092822235549799;-7.17706835259702
1478634110738;18.590982892507817;-2.752223985246983;35.95915586779438;5.208136725793406;0.47928923171361965;-6.491129613494873
1478634110773;18.660347202379075;-2.6709165347842565;35.26492954438796;4.7252560323301696;0.32980128781967794;-6.558017622375488
1478634110806;18.685422734354574;-2.6335142620720013;34.99974880881874;4.149899518939107;0.22565350646972654;-6.115090169116109
1478634110840;18.70185748270896;-2.6475516052876755;34.66656544353412;3.9757216404236853;0.3365349708557129;-6.284779357910156
1478634110874;18.676518447970764;-2.70367766839221;33.9348204633319;4.25105490440689;0.6067805015121587;-6.565798485510051
1478634110907;18.66239191073524;-2.702403792265601;33.68841582804778;4.362534407751262;0.6163572898864745;-6.429478920745849
1478634110940;18.605037791947485;-2.7120864620528478;32.68409490997943;3.712059890338033;0.6046855750595219;-5.526714965002238
1478634110974;18.5333573803679;-2.7824691256698406;31.56708695193799;3.5715501804076135;0.5871779571533203;-5.508309539739788
1478634111009;18.51071239828067;-2.8145279934320504;31.1859156634989;3.779397250421345;0.5666775871719233;-6.13244798502177
1478634111041;18.41263870899921;-2.8828682888827384;29.95683388403505;4.04934334147349;0.8493430389404296;-7.014711589050292
1478634111074;18.375389324735533;-2.8961382495441517;29.54116430359247;4.198382248687744;0.8083423355102538;-7.227346331731975
1478634111109;18.268359471571905;-2.9153775926432535;28.321078258166807;4.305971539660543;0.849791951751709;-7.65680669291392
1478634111142;18.198229016221227;-2.9234841506537372;27.54075026913798;4.250755464802589;0.7197568740844726;-7.972092904840037
1478634111175;18.12882405953132;-2.9396101532074095;26.835225173996456;4.554669264508737;0.7009025360107421;-8.592041771211381
1478634111209;18.061476932736152;-3.0254923349983245;26.260690930599136;4.708047854028269;0.7047931137084961;-9.054721333368121
1478634111242;17.9772994399344;-3.0249489414670934;25.577653707157072;4.7062523123810065;0.6126163680587895;-9.188646915667876
1478634111276;17.927260700708242;-3.0440545649691715;25.301427112483488;4.924573393603414;0.6449380904708989;-9.430161898538284
1478634111310;17.863975208278188;-3.0184616238702016;25.00048350499987;4.840028293609619;0.601692795584863;-9.544185569940135
1478634111343;17.817371751691745;-3.0262471316862007;24.817763081198425;5.114463585839792;0.6823474548782221;-9.851990486200153
1478634111377;17.772389048959234;-3.0190832423035734;24.717324278433292;5.2901380595885215;0.7083844344650395;-10.043526399816944
1478634111410;17.731272067625085;-3.0066041236194785;24.65442364306271;5.156811173834279;0.6802525649582035;-10.054449798760935
1478634111444;17.690847391415048;-2.988590783213237;24.63525427560781;5.331887097167969;0.7068880401611328;-10.279055768939108
1478634111477;17.654548503357482;-2.9268991118112444;24.662617930766988;5.238812434564158;0.6423942512069828;-10.08332985628657
1478634111511;17.287440370266346;-2.4450252143692714;25.01561721839061;29.88936287073344;8.494029122482425;-55.64439072527587
1478634111544;17.540459258498228;-2.0983002125032386;23.287318792684342;-3.8079774482175703;-1.4565724349975586;1.6883604986995457
1478634111578;17.48878658961428;-2.250212640951714;23.19046821993159;0.07915829238891602;-1.6365865453857928;-2.813635863494873
1478634111611;17.33087153771068;-2.1562559429103323;23.290383828699156;13.1654156539917;0.9065046035766601;-21.952584659576416
1478634111645;17.301321104882454;-2.013435387842536;22.260510820172456;-2.022052647344768;-0.8360252922058105;1.051354388538003
1478634111678;17.242287968398117;-2.404615200556062;21.956250153958;11.894394139917194;2.489371249212697;-29.154343837848305
1478634111711;17.23730100832991;-2.049154641927179;21.77048038077826;1.426495130511373;-1.2397475471496582;-0.6431424209594726
1478634111745;17.190660779268992;-2.3205026858786346;21.820182911176108;4.930110131072998;0.15068508525239302;-15.62246510772705
1478634111779;17.179614917588655;-2.2381035709347494;21.809608907599678;0.9498995086669921;-1.0895113199096171;-3.6596868751525875
1478634111812;17.180652819844042;-2.2370322443475747;21.733129534770125;6.086808808135986;1.253214931488037;-14.614057295989989
1478634111846;17.122551938891124;-2.2628544478099144;21.578846792328115;2.7449522033691403;-0.2018611274719238;-5.975029518127441
1478634111879;17.09493875901048;-2.2274003290172337;21.451627233725574;3.1434372152466326;0.21248539733886718;-6.94468104436025
1478634111913;17.116589583128743;-2.2056877668491;21.4099206358615;4.341435724816844;0.625036270904541;-10.961253750610352
1478634111947;17.071709647759352;-2.2731879837475337;21.380844559840877;3.9131728297911583;0.6898293715988285;-8.238746968609467
