sep=;
timestamp;gyro-alpha;gyro-beta;gyro-gamma;accel-x;accel-y;accel-z
1478633884494;22.82225887385147;-2.4963970035039913;3.4854169171544247;0.5927145561985308;0.39010523756828624;-9.76774451414176
1478633884528;22.828829091218694;-2.472835850849516;3.575735905961859;0.6383540107892942;0.37484221111794463;-9.792434479016816
1478633884561;22.839881558150683;-2.433841081226094;3.7355159170780374;0.7321767860633787;0.3491045158718014;-9.80096356784444
1478633884595;22.84333526422256;-2.4162479427199974;3.7967720222865187;0.76734159554746;0.34491468123283703;-9.779715383732757
1478633884628;22.855449792230896;-2.390137628551476;3.940806426787568;0.8158242156982422;0.3419219428573735;-9.76071100905058
1478633884661;22.87017726122238;-2.371477206721268;4.074741519857064;0.8993219985961913;0.39698854850410425;-9.76564920295499
1478633884694;22.882725660742025;-2.370590003116054;4.118209953941168;0.8586206069061532;0.4279635353364865;-9.76909072913168
1478633884728;22.894593128380972;-2.381939451010293;4.129099133641005;0.8418611770187504;0.4783914283531252;-9.805303334631398
1478633884762;22.906215771037694;-2.4040585947530064;4.105560277234354;0.7835025024192873;0.5261258056861814;-9.77178467756981
1478633884795;22.91928692069866;-2.467143341221708;4.049269001241334;0.7516296608524163;0.5924152915512211;-9.759664068697358
1478633884828;22.925006088523862;-2.5308537178116066;3.999903446444635;0.7178116103517707;0.6310217750549316;-9.788693677061785
1478633884862;22.926879521205144;-2.5827210644748897;3.939358258734172;0.6748655948117149;0.5952583877563477;-9.759663860918092
1478633884896;22.926149548915078;-2.6244124924620507;3.8742143742933277;0.5876268516982905;0.5813420906066894;-9.767744255559323
1478633884929;22.925762651464474;-2.639161349819863;3.821680491203201;0.6287772155651123;0.4885667831255006;-9.791835687714826
1478633884963;22.915216053612248;-2.649668805011174;3.7624353894183975;0.5684732521167724;0.4574421655392245;-9.777171520494312
1478633884997;22.89934267968638;-2.654292131977315;3.7210163808191923;0.5630862938148435;0.445171864906259;-9.79048919587616
1478633885031;22.88234322792512;-2.6519269017938507;3.707280525082737;0.6102221526989015;0.4317044959800783;-9.767893766440563
1478633885065;22.862234044002214;-2.715917130144735;3.7051692898936026;0.5877764847354731;0.34431611711806615;-9.862165834122663
1478633885099;22.840795572469982;-2.922504341734115;3.616354600603357;0.12300214682314545;0.5189432258218876;-10.35133102381602
1478633885133;22.75600309216721;-3.1296946876771687;3.702578763835823;1.3236942428588867;1.5521908272674307;-10.425550983019917
1478633885166;22.770377159172007;-3.277938545600177;3.7915416453221553;2.488024510778859;0.11148001480102539;-15.30867505264282
1478633885200;22.781184052970385;-3.2421866936671293;3.974874168603842;0.9641150992904789;0.6907271789550781;-12.841450241851806
1478633885235;22.793450807150062;-3.3014321006259375;4.2236483044388216;1.6660650802612305;0.17642273483276366;-13.465738616998493
1478633885269;22.81797092547801;-3.430855464007072;4.643935502601212;1.172261024386622;0.6359598114124266;-13.586346525628864
1478633885303;22.853173550266277;-3.503049733393734;5.279410448470083;0.9175777862548827;1.199495031738281;-13.765911650140582
1478633885337;22.936795694830032;-3.6562513129500878;6.234782070335;1.4649521042754874;1.2841899154663086;-13.420697406005859
1478633885371;23.007697231276868;-3.7980067118133682;6.919574415087436;1.2327145523734855;1.0033201332092285;-13.06470983892232
1478633885405;23.084958925947877;-3.9184462104241926;7.796110979114273;1.1159973036392592;1.3729250144958496;-12.835764012908935
1478633885440;23.195498591409265;-4.068407298804525;8.823882595318558;1.2789525628020986;1.062277312557958;-12.679392424719035
1478633885473;23.295045069926548;-4.21177186190444;9.477817381072525;2.524236737823486;0.6157587212051264;-12.909385421697795
1478633885506;23.36652424761711;-4.299140721927637;10.062931086560706;1.8354548842499032;0.6654384147865232;-11.787851873779296
1478633885540;23.434570409949007;-4.370248859233047;10.616955059499826;1.3718775512695311;0.5205891869476065;-10.246285133715718
1478633885573;23.52640965106093;-4.427357733788749;11.122565737748715;0.5102642288208008;0.3904045082092285;-7.446116946820169
1478633885607;23.558334319876096;-4.444260600308541;11.21058864263962;0.9659108053345232;0.2419639687469229;-5.7456353638246656
1478633885640;23.558696036667833;-4.48766601704439;10.87923878701884;0.37184944534301756;0.06344634399414062;-3.640832537078857
1478633885673;23.549716384155296;-4.566903626726958;10.373023386111042;0.24046762924194334;0.04833294601440429;-2.720860549163818
1478633885707;23.560406969503365;-4.647770598979002;10.246076622880807;-0.09412205276489258;0.14814122772216795;-2.2849662094116208
1478633885740;23.505281838826594;-4.78945225871613;10.715993383253563;0.9261071296691894;-0.0037409400939941405;-2.6753707176208494
1478633885773;23.35817991700086;-4.890401028442584;11.036004181373093;4.4205940902709955;0.1406593475341797;-2.690933028411865
1478633885807;23.258331138426023;-5.005262897362205;11.039514647698901;8.719981867627054;-0.06329670639038086;-4.5413516365051265
1478633885840;23.48186501004438;-5.233649330116608;10.530592477877821;0.8385691314697266;0.8776245152266288;-7.318775199890136
1478633885873;23.55063102091807;-5.36020554971743;10.758380060197016;1.509843385403417;0.3624223128387704;-11.352406446838378
1478633885906;23.518013110319032;-5.384618954030339;11.228000053477269;0.34446576385498046;0.9563339461782597;-12.11361264490336
1478633885940;23.534739995541045;-5.375009075465778;11.886217377511638;0.4652233100891113;0.8062473816581536;-11.984774814196676
1478633885973;23.479344902661783;-5.3315912230335005;12.782523037190654;0.7691372833251953;0.5584475372314452;-8.538022614520415
1478633886006;23.44423413263292;-5.339439196210809;13.592894892095368;1.1534067228455096;0.6566097687652335;-7.586476580755412
1478633886040;23.42976444035009;-5.337025589409543;14.215932256279618;1.342548507867381;1.0723030685424804;-7.307253250531107
1478633886073;23.380642607254597;-5.307577930424972;14.679772353994357;1.9378069686889647;0.8976759855256561;-6.502202503912151
1478633886107;23.34298349718729;-5.263037694194387;15.019120012794634;1.5258547916688023;1.052700524183642;-5.857264723968505
1478633886140;23.27312436383598;-5.123272038059573;15.715649174904998;1.7369932313781231;0.7083843796661123;-5.07884961694926
1478633886173;23.212267165001084;-5.056871408252179;16.000484502370938;1.4520831607542932;0.5002385459015145;-5.465962390136719
1478633886209;23.163724006462616;-4.974938850829982;16.35661952354428;2.1556792101653293;0.9335889915908686;-7.265504066821188
1478633886243;23.113734135721536;-4.8560232662503795;16.60249955915782;3.0575451758896;1.0703577614272943;-9.082853166342339
1478633886275;23.054066749937363;-4.668219629146415;16.937952876734002;3.5244145544189958;1.1864765236785635;-9.673472569186426
1478633886307;22.994498217094577;-4.335769531893881;17.61454508043919;3.8209962850708514;0.9973346107925288;-10.019584090954437
1478633886341;22.962861269815935;-4.089596174156926;17.93338644975149;3.228730722454935;1.2038344857146963;-10.14842236005254
1478633886374;22.922954561179935;-3.807967152760185;18.073396057972094;3.5372834614075717;0.7905354880623053;-10.470292918805033
1478633886408;22.855263821282133;-3.346257676485455;18.317235739035375;3.5793315915314476;0.5521627418905147;-10.366743331677094
1478633886441;22.821282481089597;-3.032800168631177;18.68574135915711;3.575740033312887;0.37229836728745136;-10.417320987878366
1478633886474;22.79372922709497;-2.744273315320472;18.868921214190088;3.5374329894134773;0.21921910777436568;-10.561870840045064
1478633886508;22.72025394522533;-2.5032210714441905;18.73453291300054;3.5839702476501465;0.036361937713623046;-10.36943680854477
1478633886541;22.642052046413372;-2.2094351543726467;18.69521304373835;3.508553004953079;0.07167641220092773;-10.3875429585997
1478633886575;22.62011316957198;-2.128564871429135;18.696233360346884;3.7050271421570327;-0.0004489128112792969;-10.579378878076374
1478633886607;22.545583128831122;-2.0152905847379454;18.530281757053032;3.7702691373962907;0.07392097625732422;-10.621426752471923
1478633886640;22.473610355570298;-1.9518792809979058;18.1795025109961;3.6204816768370565;0.5521627578735351;-10.51817651361674
1478633886674;22.382750723281674;-1.8973603465880804;18.065123089354586;3.082235343977343;0.38352116930312474;-9.73257949573677
1478633886707;22.31508500484798;-1.860465269620514;17.98667243634723;3.152265651205368;0.2343324966209475;-9.029132828201167
1478633886741;22.244219029894875;-2.2840417334698877;17.510590488176508;5.885097318267822;-1.0339959150452167;-12.434136684417723
1478633886774;22.045859400747336;-3.3235383545010784;18.733629105871447;29.388077774921058;10.029759703738428;-68.93085969357789
1478633886809;21.94714307103749;-2.5250115658130405;18.845413754932704;1.0691608249939977;2.048688396542333;-1.0248679481506346
1478633886842;21.959461269356918;-2.0358420096320304;19.330583388290716;2.1137806445799767;-0.656909043972753;-3.0373440811157226
1478633886875;21.93069583660548;-2.491752941215349;19.136895486618723;3.675548570748977;0.08649053497314453;-2.1709423553466793
1478633886907;21.993637424391697;-2.1655649516341198;19.472577482415943;0.9383774131774901;-0.564433077914454;-0.105344873046875
1478633886941;21.972722775533015;-2.283645895898828;19.18452645842322;-3.6113539291381835;-0.051774610900878905;5.377826426044106
1478633886974;22.016223574145577;-2.472309442192822;18.98923360177026;14.599991945758461;2.059013427734375;-27.186758986011146
1478633887007;22.022186171466505;-2.3825433988346316;18.733092218630954;0.9356839363098144;-1.4534300453186035;-0.6334159767150879
1478633887041;22.02867630897746;-2.4939601268472438;18.372032798629824;6.645256345367431;0.7276876853500492;-17.26324143295288
1478633887074;22.047870129138573;-2.451209534042556;18.094030508911704;2.0672435690063984;-0.3055599868774414;-4.576067560577393
1478633887108;22.070691026740178;-2.499131220825511;17.618340767830304;3.0678701522827145;0.8366238426208495;-12.161347040502726
1478633887141;22.1155447775724;-2.5076032094696252;17.288041749273784;3.1624411543915047;0.3142389770286623;-9.169043914651311
1478633887175;22.116023083015524;-2.477026294057448;16.889533864818855;2.011279178265482;0.1710357810974121;-7.989451086071878
