sep=;
timestamp;gyro-alpha;gyro-beta;gyro-gamma;accel-x;accel-y;accel-z
1478633028926;30.94849883879508;0.08462601504961623;-2.7320515158871395;-0.42661681288566905;-0.010175357055664061;-9.818171988174935
1478633028960;30.946797411686706;0.08136278348331058;-2.6746019125918505;-0.41853639141579624;-0.008230067635964951;-9.819668482943543
1478633028994;30.941446463394957;0.07877615642352077;-2.6175349188797847;-0.3522469101173337;-0.01496376066138764;-9.808744643324847
1478633029029;30.939052110847644;0.0788097087619319;-2.563973814796565;-0.3302502006309572;-0.005985504150390624;-9.81218635844367
1478633029063;30.936027977862764;0.07619502990124162;-2.5328354018235215;-0.3395277320640627;0.004638765716552734;-9.835829424064698
1478633029097;30.936266349718174;0.07827835379437753;-2.5135290808023534;-0.34162264025039035;-0.007930792999267577;-9.8127852022613
1478633029130;30.93729294717388;0.0811859291763652;-2.528764339273771;-0.3516483779686037;-0.005985504150390624;-9.833734127719303
1478633029163;30.9429446106345;0.08356581414200843;-2.5670863135389537;-0.4242226055172912;-0.009427169036865234;-9.78405493760305
1478633029197;30.947205214730158;0.0876703299281312;-2.6183082194416714;-0.45549687897363617;-0.009127893258523544;-9.800813921963758
1478633029230;30.950694484522675;0.09083805761062773;-2.6661659576646977;-0.4792892311427975;-0.014963760590034871;-9.811139186336652
1478633029264;30.954372836843795;0.09189786082967577;-2.7083432862727967;-0.5000888831815798;-0.014664485025751491;-9.786448704296722
1478633029297;30.955905615400155;0.09495577307625214;-2.7420087373323314;-0.5532102028335444;-0.016909049510264593;-9.827000583963876
1478633029330;30.955865744060088;0.09293314072282308;-2.7522763111832154;-0.5175964622718747;-0.018106150340342717;-9.792434372273073
1478633029363;30.95431332023621;0.08586949395174254;-2.7174290483001;-0.4695628160103428;-0.013168109701681531;-9.801562211874312
1478633029397;30.95527550324661;0.0804972029582187;-2.676411797571358;-0.48123452912482895;-0.012868833566575994;-9.799916542438718
1478633029431;30.9560558897463;0.07188308746382843;-2.6260461966160777;-0.49036241382102014;-0.008529343985128798;-9.79931768064019
1478633029466;30.95838633012351;0.05411924034209207;-2.5311038689264063;-0.48886606518288606;-0.006434416676258842;-9.814880310235381
1478633029497;30.961001636049108;0.03611761282731654;-2.4523574519057516;-0.5021837982177734;-0.01227028350830078;-9.810390823646273
1478633029530;30.963618552383128;0.007829485489631466;-2.358024406207597;-0.5066729080642574;-0.011222820424687962;-9.828198061536577
1478633029564;30.967055790542908;-0.026627729534539697;-2.2381414214341637;-0.49919106440888716;-0.012868833352517685;-9.844059674934577
1478633029597;30.968497175014154;-0.07888310366037066;-2.080201971922784;-0.3992331359642092;-0.019901801300048826;-9.834183401290186
1478633029630;30.95966301665529;-0.22890864649194195;-1.8813642855198331;0.053719899749755856;0.2651578338623047;-10.02362430625595
1478633029663;30.97396766751669;-0.2554001138805481;-2.450710132547723;-0.8464999244689941;0.22819735030021981;-9.692476718393852
1478633029697;31.024793983909632;-0.4221785812542286;-2.0162916269241773;0.15472528228759766;-1.5984288970615481;-12.788478237859904
1478633029730;31.045717959187954;-0.4686099286345536;-1.7479178413428196;-0.489015689086914;0.8239046371681149;-13.221081134851277
1478633029763;31.053452072725577;-0.5020228179912033;-1.6916617957718598;0.13617023768769576;-0.017208324432373044;-13.151349719238281
1478633029797;31.073556151928372;-0.5227473172685728;-1.8201676381099552;0.2184709014892578;0.30361468889540993;-12.702586545562744
1478633029830;31.100160043168348;-0.5427415892727278;-2.2467845684168544;-0.12479774326933547;0.2871545616149902;-12.52601417312622
1478633029864;31.129231627341987;-0.5741467122502812;-2.6082393103703865;-0.07227496261596679;0.16519991455078123;-12.955923008728027
1478633029897;31.187713263044994;-0.6217501292955763;-3.1644273870136344;-0.2929904281616211;0.17058686828613281;-12.923900269262491
1478633029930;31.233148609034718;-0.6551212895378796;-3.5524293726230947;-0.4466682472229004;0.21877017669677734;-12.895169849340617
1478633029963;31.2835947383055;-0.6806557120295442;-3.962902398789959;-0.7152677482549683;0.10235212325496831;-12.580332623291016
1478633029997;31.37722566173501;-0.7302742409851313;-4.568835261255634;-1.0518027168273925;0.16265607757015385;-11.980286124475299
1478633030030;31.446180390417013;-0.764800611582975;-4.890416636389377;-1.1370961144378409;0.14350245858068228;-11.424382426507771
1478633030064;31.51499339118464;-0.7888641041034467;-5.116772176920148;-1.2201449845245107;0.09771335753841558;-10.518476081085204
1478633030097;31.592701635132624;-0.8042537441399521;-5.259626796056072;-1.2190975943634286;0.06209961012687999;-9.28231965376269
1478633030130;31.669654333627452;-0.8226633399454794;-5.221904422924578;-1.2407950103759764;0.0992097312927246;-7.926154233551025
1478633030164;31.750253635946624;-0.8351494351511134;-5.0970765272545;-1.1182418494293465;0.01750759963989258;-6.291363412475586
1478633030197;31.82767024994433;-0.8449465594043024;-4.956770521504895;-0.9877578224182129;0.008080430603027343;-4.947169110162556
1478633030231;31.90836579345528;-0.8654911351433626;-4.790616463187229;-1.0577882392440923;-0.003441664886474609;-4.045751892852783
1478633030264;32.03139182829171;-0.91503349330228;-4.383997928055401;-1.50670103225708;-0.00014963760375976562;-3.9610570091247554
1478633030298;32.14356112811362;-1.0424540151787787;-3.2499006486272366;-1.6314988303253426;0.044442359183495865;-5.658994898986816
1478633030331;32.187556100955526;-1.0889332552190818;-2.6720649840357624;-1.4863502816131338;0.03860650177001953;-6.854150440216064
1478633030366;32.08497244152089;-1.1056246159049203;-2.155079164244806;1.4425065002441406;0.03172317199707031;-7.273883918762206
1478633030399;32.00499546900496;-1.1696591670343706;-1.1556486053275725;6.874800502600148;0.18584989930305162;-8.34319408909902
1478633030432;32.22293350864908;-1.206577998480605;-0.6953534572479257;2.2911014242310075;-0.08020575561523437;-6.1170356040954585
1478633030465;32.384315402840414;-1.2005167586204641;-0.1957570659841493;0.8005611458654166;-0.28700494227753953;-7.864503248541057
1478633030499;32.446131872974995;-1.2148610092985848;-0.014909897584501779;-0.5383961128836017;-0.3408744796310551;-7.098807922363281
1478633030533;32.51020624103475;-1.2694381467208797;0.7473120602620557;-0.4367921562416013;-0.22535423126220702;-7.750180557660013
1478633030566;32.532472898090816;-1.3063446982269666;1.3287750699581997;-0.044592005920410155;0.023044190979003905;-7.460781285858154
1478633030599;32.58771963145773;-1.310580117113528;1.7047232004789528;-0.10983401942597701;0.18091185837897936;-7.03850426030904
1478633030633;32.6303084518645;-1.3030503448550852;2.145953090522295;0.08304888835297897;0.012120645904541014;-6.024559272710978
1478633030666;32.636738926275875;-1.3082443734618483;2.309446000257782;-0.09726444244384765;0.1224035690086428;-6.076184246008098
1478633030700;32.67704791376662;-1.2783667859446437;2.344139698373281;-0.19093758239746092;0.059256491088867186;-5.862801315307617
1478633030733;32.712412061435636;-1.3259500016906116;2.6646973508831144;0.061650692749023434;0.08349777376479468;-7.352293730871379
1478633030767;32.71659996693059;-1.3462720612666257;2.802817387988818;0.20919337005615232;0.09516952512436545;-8.05544097706899
1478633030800;32.752667987611424;-1.4131062847841502;3.139079169286025;0.1031003089904785;0.14320318679809568;-9.516801979783642
1478633030833;32.771113565419995;-1.414380633408055;3.2545549778567953;0.4349965049964841;0.2469020456327911;-10.008810567076225
1478633030867;32.78537649029337;-1.4322784553481864;3.2807103503785493;0.16519991455078123;0.2657563865606324;-9.982025088943354
1478633030900;32.808143748312716;-1.4438240132253808;3.485999376288102;0.6171054710554075;0.32710781095200214;-10.87431422976069
1478633030933;32.816740504894234;-1.424743310875005;3.606510394209019;0.5650315598308341;0.2377741478076903;-11.16131937296763
1478633030967;32.816359797617665;-1.4111999070483972;3.6771518491837916;0.5048772659522947;0.24660276814198295;-11.26741214177236
1478633031000;32.81671005057293;-1.3428076294003257;3.8249326111198014;0.6199485946599976;0.23343465558619061;-11.590180453082173
1478633031034;32.80463138210715;-1.2868697128251156;3.9159164144204444;0.7495347480995115;0.27503392027702644;-12.095506640978902
1478633031068;32.78694457624106;-1.2022352319848582;3.992570742481607;0.7971194969619624;0.1236006607055664;-11.993453941345214
1478633031101;32.76519520776469;-1.1164416053637285;4.041314559110256;0.8610148085663094;0.14529810868415516;-11.905766159411519
1478633031135;32.73252397162057;-1.0372531660977755;4.07721283039253;0.9448118484054692;0.19916765973740255;-12.001085459136963
1478633031169;33.002890082088335;0.346311016006403;4.571646882708779;-0.10145429534912109;-1.686715138078737;12.373981783184409
1478633031203;33.42424687884522;-0.3231245333111746;4.916131095584292;-5.055655788366496;3.9498342299419686;-2.3020248962402343
1478633031237;33.437441785784756;-0.3454865445510052;6.013929803231241;0.13422493057250975;1.4592658798991935;-2.8567314933776853
1478633031272;33.30473771432455;-0.19627327321244906;7.046406566255242;-2.07248088513799;1.0299556517946418;3.595791618347168
1478633031305;33.15726807481913;-0.4992696081933464;7.9820881242293575;1.5670049865722655;-0.9078513511436526;-9.233089283984526
1478633031339;33.1124123709072;-0.46249626633832824;8.363512598848624;2.9414263771057128;-0.7408557853477541;-10.652401590319723
1478633031373;33.04703948101471;-0.5241595974891943;8.747927366979614;1.6741454925979486;0.09576806754789431;-9.478494753221142
1478633031407;32.94772648084738;-0.48513925840765537;9.093124845272445;2.152836241824366;0.16430208892822265;-8.798391752801463
1478633031442;32.86393062009295;-0.5191760600646268;9.214421259611363;2.7889455858092753;0.4263175513778813;-10.944644122723489
1478633031475;32.75535143191409;-0.5290324716185797;9.347505432818833;2.2225673286437986;0.3010708587646484;-10.59434227312617
1478633031509;32.69454377866077;-0.4913511982614154;9.351551709613965;1.8230349448715335;-0.010025719451904296;-8.47697047218643
1478633031543;32.629884050706515;-0.5239096890191105;9.278067619424665;2.329857563604787;0.1560720252880128;-10.875062490844726
1478633031578;32.551014207599216;-0.5016675050550946;9.25572987954166;2.049286946957372;0.0028431144714355467;-9.421632591656595
