sep=,
timestamp,gyro-alpha,gyro-beta,gyro-gamma,accel-x,accel-y,accel-z
1478633745670,25.449194977849253,-1.2984579531697842,45.692516343042925,7.015310048526227,0.21218612327299197,-6.853851098222352
1478633745704,25.447977487884973,-1.3000064402449014,45.66602225900326,6.988674689378577,0.20949264868860482,-6.84352626282231
1478633745737,25.447303979732585,-1.305218903575654,45.6362430445751,6.982688984298787,0.2299930004036927,-6.867318822199915
1478633745771,25.446712644626736,-1.3090390714829665,45.607036921782544,6.980145110785542,0.2277484309244857,-6.896049218147259
1478633745804,25.44392242508064,-1.3178782772679594,45.59315179736411,7.031171730030444,0.23343465901112356,-6.832901774901303
1478633745838,25.443192302575575,-1.3217618648718052,45.578737117524994,6.98283869953436,0.24600421373118878,-6.899640237509703
1478633745872,25.441418596239995,-1.3268248349887901,45.57173030309086,7.005733388194456,0.22864626667913762,-6.861033792536489
1478633745906,25.440107956110708,-1.3304748083067186,45.56893773801355,7.023839519412256,0.2434603778922057,-6.870161433777029
1478633745940,25.43827057405187,-1.33385131472478,45.56952781456937,7.027131249867449,0.2500444335992797,-6.84861387741806
1478633745974,25.438207706039766,-1.333118555332044,45.570127154723245,7.018153350976534,0.20605098266048588,-6.863876793128903
1478633746008,25.436942010210092,-1.324521543579586,45.56186066903612,6.980893278254743,0.17956512451171874,-6.881534128553967
1478633746041,25.43711687261537,-1.3279431083152287,45.55873376222637,6.972813117079774,0.22296002674793997,-6.896946609944978
1478633746076,25.436810476056554,-1.3331690784104535,45.570163092425986,6.976105114679736,0.22520459080433647,-6.88243171214793
1478633746110,25.43273851029764,-1.3550438812260386,45.59345776812313,6.92073897295976,0.2754828239551512,-6.889315500861895
1478633746144,25.431778846266067,-1.3889304614862574,45.6291741468445,6.959644754503876,0.35883097381591794,-6.905925115049024
1478633746178,25.433182257963495,-1.423948317107418,45.67838886002799,6.982239961889653,0.34865560762709935,-6.89485163554328
1478633746212,25.438314427464984,-1.4509899442106522,45.74382721500676,7.030573125958123,0.31648353195190426,-6.857741939069121
1478633746247,25.444360566840626,-1.457439886028744,45.816190744185015,7.021595078653446,0.2477998785333322,-6.814496219491399
1478633746281,25.450231002060335,-1.433489172196546,45.948885177722715,7.064541201079951,0.1792658493041992,-6.774094486601371
1478633746315,25.454087134987343,-1.411164153727463,46.08476822399638,7.12589229211118,0.18525134888801256,-6.765564780144172
1478633746349,25.457376425295962,-1.3972725466457212,46.16956487297971,7.147589543726947,0.18584990843620616,-6.747159325198968
1478633746382,25.46106750606186,-1.4296569250972913,46.273570532059786,7.210587312836526,0.3166331649890868,-6.716184377753315
1478633746415,25.469758783733244,-1.498048290375649,46.291999105614934,7.28196423976738,0.41629181365966794,-6.723516885199025
1478633746455,25.470670494234724,-1.626819392081976,46.24125567015851,7.068281651408533,0.5246294387817383,-6.757484303875372
1478633746490,25.439072983806945,-1.83116084064052,46.204168274219114,7.112724335960659,0.8017582809448242,-6.806116778542334
1478633746523,25.410197028775897,-2.033764859184478,46.242796997315295,6.7354875647062435,0.849791951751709,-6.555772820857074
1478633746557,25.421401383170213,-2.0909285646532902,46.5725449516268,8.47427706838399,0.38202481609841343,-8.294262446539104
1478633746591,25.369697456665705,-2.157664120338025,47.660728816606515,10.014197356414794,0.1620575066055171,-9.255983325903117
1478633746625,25.251150305840454,-2.240296313287779,49.06024683976026,10.559177801568806,-0.3995323655059561,-9.95389340209961
1478633746659,25.217832624567098,-2.2183137626919076,49.506566884452276,10.331728059332072,-0.02259527816772461,-9.545383036096393
1478633746694,25.31226688024764,-2.121409652056214,51.33073220320078,11.024849439947307,0.2261024375473149,-9.620201545715332
1478633746728,25.31207946889492,-2.0696325016793797,52.2923261043218,9.986214832250774,-0.11192892761230468,-8.257152466937153
1478633746762,25.32823423518423,-2.0065826796097417,53.68255799723362,9.566331716100871,0.25617958676987324,-6.817040460614114
1478633746797,25.3308518061942,-1.9949686021850077,54.25218899312971,10.451438142339885,0.2904465843311278,-7.896975046948343
1478633746831,25.31529617427596,-1.957255193712773,55.92704042403081,10.30479358291626,0.4489128204124514,-6.671891692706197
1478633746865,25.306079779153833,-1.951972729738489,57.38356026152934,10.557830917004495,0.6133645195449702,-6.507589457647502
1478633746898,25.305696831204003,-1.887195728070241,57.943280890546,9.829245570428668,0.6763619689941406,-5.7902268217558035
1478633746931,25.280658107204324,-1.8464928949200672,58.29920585946247,9.61601183894053,0.5244798011779784,-5.250035099582513
1478633746965,25.24649412907479,-1.8056184515241336,58.67002143397117,9.10185674016103,0.620547142791748,-5.029918211851362
1478633746999,25.204099183666177,-1.7790525091291445,59.04918135300848,8.118887284530512,0.2684498588617309,-4.543446270696818
1478633747033,25.152914938094433,-1.6975772933828532,59.046414943330355,6.156839498956501,0.2000654670936521,-3.639785073852539
1478633747067,25.11133840887132,-1.6393723846157244,59.02735359953994,5.114463951165974,0.1500865165710449,-3.0867241980955002
1478633747102,25.076232170979903,-1.592040836553073,59.05090509679239,3.3927333900451657,0.053121349334716794,-2.1033061584472654
1478633747134,25.041503266013112,-1.566651507112953,59.0507282350464,2.5827450408935544,-0.0017956512451171875,-1.661276676940918
1478633747168,25.00196091946429,-1.5689085232710087,59.01127303692353,2.4365491020202636,0.06913257293701172,-1.547552098083496
1478633747202,24.907246313127228,-1.6601473042382389,59.183783714702194,3.505560143280029,0.11162965240478515,-1.508646028845012
1478633747235,24.865020657427515,-1.7345486350252048,59.43731396641444,4.859630819702148,0.12315174789428711,-1.878999098150432
1478633747269,24.86819027208456,-1.7980641230348262,59.69805667967124,6.405536611883342,-0.04519055633544922,-2.5230394908629354
1478633747302,24.872568455125457,-1.8541937487394946,60.00167743776603,8.66596247347407,0.006584054565429687,-3.898658055291697
1478633747335,24.905249548808545,-1.906401547159909,60.53924569301199,10.111462091119586,0.16804304728852584,-5.089623908012453
1478633747369,24.929482641062513,-1.8958998323551188,61.82977786403623,10.188375819452107,-0.008080430603027343,-5.233126315219141
1478633747404,24.987818093714864,-1.8232300674376245,63.11306857948123,10.939256876727192,0.06973112335205078,-5.2555719923157245
1478633747438,25.037815720100678,-1.7024771624113355,64.5076810629328,9.295787476492487,0.008978256225585938,-4.1944915887916
1478633747474,25.092860938566584,-1.646507089013408,65.51322762862445,8.62571021379102,0.10100538253784179,-4.195988174891751
1478633747507,25.12894572839406,-1.593650490017824,66.60557149228647,7.834875587518512,0.09516951599121093,-3.77326181640625
1478633747540,25.192699027782353,-1.5930644772683755,67.68970457094018,7.66728117904663,0.2868552886907593,-4.037671535314992
1478633747576,25.238110247498945,-1.575810981984257,69.03927347481337,7.739855416870117,0.20231004941635763,-3.478774900325888
1478633747609,25.288284831806592,-1.6192207823201932,69.93634333709484,8.425195349828899,0.2937386070472654,-3.502567290740134
1478633747643,25.34775629051827,-1.630113664660809,70.74315324112257,8.344391628320516,0.23927053754501976,-3.027168650994822
1478633747677,25.41990129167069,-1.666833205810298,71.41799054148588,8.33541315289922,0.3863642837745603,-3.0765491424339357
1478633747710,25.513182288249993,-1.5819308298055108,71.86568906500436,6.602459990692139,0.27144261671650055,-1.9990086755614727
1478633747744,25.66134350281331,-1.397929129975448,71.37951139010289,5.243151998138427,0.08334814529418945,-1.5234604438781738
1478633747778,25.7170054703079,-1.4318520295186894,71.56075028898934,3.9935283691406247,0.06374561920166015,-0.8957308422364294
1478633747812,25.78100393158543,-1.5273084877464411,71.74973662754604,4.648941365869343,-0.001197100830078125,-1.176600478363037
1478633747846,25.857975743494702,-1.6164411191352626,71.74430483555946,6.364386563110351,0.1740285331726074,-2.094627104363963
1478633747880,25.895958094656592,-1.6179631154162188,71.54696343427405,6.3420905601501465,0.13093291242294944,-1.7046714359007775
1478633747914,25.96073120039967,-1.687323962905258,71.40924475502017,7.673715888269245,0.20440496673583983,-2.599205286904983
1478633747948,26.05527956697502,-1.8078089492960028,71.10452974702467,9.863212721960245,0.2744353698619874,-3.3247980092697773
1478633747981,26.100300744276588,-1.7781019202314832,70.78744009984068,9.884311916351317,0.18540098192519508,-3.145981008844776
1478633748015,26.15960973698186,-1.7591589448019052,70.46220700061082,10.228927610071002,0.3265092514038086,-3.336469719530153
1478633748048,26.22412517557751,-1.729299673806523,70.21364105640377,10.662577385766804,0.4424783851844724,-3.69290653278511
1478633748082,26.289635559967817,-1.6668991591777502,69.99085202480511,10.395324552386626,0.44487259597778317,-3.7989994111876935
1478633748115,26.35085759510127,-1.599926177256343,69.79566889971254,10.230722895989938,0.29568390274600825,-3.6926072941102084
1478633748148,26.416326022758252,-1.5433779108430703,69.67004615430874,10.52296535532847,0.4285620971679687,-4.0216600925169885
1478633748182,26.46699693731391,-1.4353692778353815,69.55947063309522,10.606912051037698,0.44846389846801754,-3.8845922301361333
1478633748215,26.572434170792043,-1.3373756280575781,69.63274343582283,10.17266328653544,0.22789807944521925,-4.078821803283692
1478633748248,26.659035098237894,-1.1872623122062391,69.68478235080902,9.60673419790957,0.16011224058952647,-4.042759213842824
1478633748282,26.70800635716978,-1.1398570827741203,69.89664195743609,9.730933080236612,0.08334815442734397,-3.9483377032073212
1478633748315,26.53276058030116,-0.6475824753941797,70.78406093357184,32.97803235767782,-4.868459703185455,-8.480262572534382
1478633748349,26.786409594728454,-0.9738850426299549,68.86914979460144,-5.824344451141357,5.430498278045654,-0.7695861961364746
1478633748381,26.77219821197095,-0.6819569469342165,68.88313465266198,2.0397101768493653,-0.4132990524513181,0.32561142578124996
1478633748415,26.749796357414173,-1.2269087988263192,69.333449261117,33.38684229114949,0.6578068878616206,-14.622137142071127
1478633748448,26.800612406911952,-0.6434192005346785,68.59578324756768,-0.5934627365112304,-1.626411087865429,-0.09816226806640624
1478633748481,26.798473571890117,-0.9320529898471369,68.56916163571579,20.976198710522056,1.0034697890792972,-9.632022916412353
1478633748515,26.904112246719404,-0.6882520167249506,68.20025183424274,1.5331868881225585,0.2733879020690918,-0.044891281127929686
1478633748548,26.86520058626427,-0.9617450911926627,68.08785075074194,9.603142712756245,0.03277063522338867,-2.9061117564879355
1478633748582,26.860034790252865,-0.8260462859419156,67.89562854540125,8.522609795202687,0.5460276161193848,-4.103811210046336
1478633748615,26.820387672143486,-0.9252849902317873,67.44484176887755,11.953351063537596,0.22131401139411608,-5.105186273602396
1478633748648,26.798211080477408,-0.9483410476634521,66.99122033971389,8.652644909402541,0.05940611955947242,-3.6806360300811005
