sep=;
timestamp;gyro-alpha;gyro-beta;gyro-gamma;accel-x;accel-y;accel-z
1478633406239;39.92806988180957;-1.1900604927155696;14.690733208202035;2.4823382718466003;0.22909516222304663;-9.49345857981249
1478633406272;39.92258027872856;-1.1869170837342056;14.661091548755191;2.498349367299321;0.187196650294977;-9.480889030515234
1478633406306;39.91835969857876;-1.1842773675699965;14.628698166119573;2.459294057749299;0.19856909476639847;-9.493308882272403
1478633406340;39.913872924411066;-1.1859940222429624;14.603578587214562;2.4726118166495654;0.1943792438590026;-9.46891816691787
1478633406375;39.9114803456152;-1.1803402295912206;14.592850134560633;2.4916156762717754;0.19452889402084983;-9.491064130415516
1478633406409;39.90916223526186;-1.1779022836339748;14.592281456539524;2.5071779345471525;0.19243395101437052;-9.47879375272156
1478633406443;39.906324812541186;-1.1769539998381793;14.60202186352998;2.572868867713865;0.1975216426711122;-9.475651440103595
1478633406477;39.90493323856585;-1.177311097572771;14.615860623294399;2.637961316680908;0.18914193001069943;-9.45934089334472
1478633406511;39.907413325479645;-1.1862677725872046;14.605619370354677;2.5573065660560035;0.21951836928215343;-9.464278963951545
1478633406545;39.906569324911075;-1.20283937553281;14.56689174766678;2.458845156354463;0.24929625243034678;-9.516652506576664
1478633406579;39.90286436433104;-1.2174515408827509;14.487007431373396;2.371007776774559;0.22744914858168921;-9.507374601825868
1478633406613;39.89919990215995;-1.194920244374659;14.422075981797438;2.3142951158164533;0.14425064545783678;-9.48687464683218
1478633406647;39.88831737741752;-1.1760364572933528;14.42187814910321;2.383727023326489;0.16819266662597654;-9.48268466549192
1478633406680;39.871859240851975;-1.1656293421625092;14.499697749830627;2.6460417655502444;0.20245967874319612;-9.436745811539819
1478633406713;39.86887756917266;-1.1578513021081294;14.575765234817702;2.8739398908752944;0.12045826189345679;-9.42821663708887
1478633406747;39.88885080415499;-1.2530270515919373;14.534865042949175;3.133860189410299;0.07466915514296851;-9.636661426400579
1478633406780;39.92142130431698;-1.3382961381622647;14.419416765149164;2.888903541653417;0.04833294601440429;-9.489268795405875
1478633406813;39.98911165309315;-1.5900302954235157;14.13626306309958;3.724629595184326;0.3995324020385742;-9.59371574464878
1478633406847;39.918257742297804;-1.70941595496332;14.052480154120994;3.8244378768920897;0.6183025787353515;-12.566865531213582
1478633406880;39.85214325468742;-1.7022268680465467;14.10605120039162;3.623923487854004;0.5336076950073242;-12.412588869476318
1478633406913;39.89851145988851;-1.7146080366705945;14.406650012592417;3.2131682655334473;0.5162497329711914;-13.455862242889404
1478633406947;39.962542554416544;-1.7382348885205636;15.133077498085392;3.349338484954834;0.22191255724257788;-12.208333832605183
1478633406981;40.05098129583367;-1.7736141275477166;15.7739681377794;3.2038907341003418;0.45444940261840816;-13.371017721557616
1478633407014;40.16759724904276;-1.742832232063234;16.6716907747182;3.045873387997411;0.4870704002380371;-12.45613341217041
1478633407049;40.2704337145273;-1.7751365663889944;17.34225813604503;2.9610290127960965;0.31259295824990546;-11.59631588709727
1478633407082;40.3408989844474;-1.8196471263955398;18.34135327711458;3.0526070002514984;0.3034650632789155;-11.642703690393269
1478633407115;40.426327804569546;-1.8620663290785924;19.55035999635627;3.7475241485595703;0.320374116214113;-12.509105123901367
1478633407147;40.500809708454405;-1.9139809217495503;20.37173822235026;4.22636448059082;0.17806874847412107;-12.222099907629191
1478633407180;40.59190739143546;-1.9818054720804599;20.989144271857167;4.142567568615823;0.612915625;-11.916839488220214
1478633407213;40.70530620524509;-2.0311678277833423;21.524153415138123;3.7002386018394025;0.6637924102783203;-11.018265677642821
1478633407247;40.76595962072447;-2.0882477244949755;21.982277880961163;3.7312137639141874;0.3754407455499633;-10.204237040124461
1478633407280;40.92506666460927;-2.128988729455155;22.537348345045395;2.7044002666197717;0.23268648297959005;-7.160758182580769
1478633407313;41.03901531507449;-2.1024237474675282;22.57478476048789;2.0406080024719238;0.1857002479995601;-5.47119970626831
1478633407347;41.29689741755087;-2.0701412747833996;22.113285809444847;0.9986813674926758;0.10758945536958053;-3.148674458312988
1478633407380;41.39481675437255;-2.0720085470906855;22.034015458883587;0.8415618835449218;0.07332240757597609;-2.479794369506836
1478633407414;41.471875704975695;-2.1007263819457407;22.030545308879944;0.4149450752258301;0.0025438392639160153;-1.968931590270996
1478633407447;41.41704637344647;-2.1969565209562614;22.307449770579037;1.20024321975708;0.09606735988007858;-1.0133458526611328
1478633407480;41.09909927383875;-2.291163903558698;23.107820355318974;4.835688803100585;-0.5466262030670419;-2.6563667419433594
1478633407514;41.03361353819719;-2.3800019760705498;23.280770455710236;6.349572440338134;-0.7387608862945809;-2.786850732421875
1478633407547;41.23688608033264;-2.425453812077086;23.650353733513644;3.8200984229156747;0.11237785868989303;-6.469881366021931
1478633407580;41.24649470551847;-2.41439894189228;24.126447517829572;4.131494185008202;0.14080898513793944;-8.314912874249368
1478633407615;41.26546845290886;-2.3649023831624114;24.749755903407543;3.4214637369018046;0.2271498825073242;-9.007435320857073
1478633407647;41.27711898762367;-2.1717862807421873;25.828499470348603;3.0868740548949685;0.31603463284035677;-7.5315597263060505
1478633407680;41.306462738990454;-2.0145398151255787;26.526804273288008;3.0009822895325717;0.2567781371849123;-6.593631664331257
1478633407713;41.31108953411061;-1.8458564145150724;27.29329028424878;2.6473886318482456;0.26620530622177757;-5.38845011138916
1478633407746;41.32568344562083;-1.7013966227270008;28.065371842349006;2.787898049517721;0.259920510880847;-5.701940599004924
1478633407780;41.32748376985395;-1.547304920957251;28.675090339303214;3.149722067669779;0.3420715530616697;-5.8648962417602535
1478633407814;41.312896382675596;-1.3150593376036788;29.459887110628276;3.399915848895162;0.031872809600830075;-6.104016986437887
1478633407846;41.29874730565346;-1.1943628268566813;29.97579733862018;3.9399580339293925;0.21832125703563213;-7.326107442474365
1478633407880;41.2770491217927;-1.0529411463435516;30.29708981582029;4.3637318008422845;0.12674305038452147;-7.736264406640827
1478633407913;41.23692483073308;-0.8477433101333919;30.581049188148544;4.598663021408208;0.2533364631652832;-7.993940141119435
1478633407947;41.209092355765236;-0.7325217062216348;30.78953442955764;5.059396755859954;0.20111294401970226;-8.822782901410013
1478633407980;41.16879554478235;-0.5934974671587662;30.861686828070166;5.382613989114202;0.22520459365844725;-9.362974650982768
1478633408014;41.133527613457964;-0.4366462003793105;30.906363870845084;5.806238228021189;0.21921908494147938;-9.618256110735983
1478633408047;41.10597397979707;-0.2557210038159155;30.932207176543468;5.643582518060505;0.19797054977416992;-9.698462304742634
1478633408080;41.06164338575638;-0.07970140298155354;30.964203252477557;5.543624160357564;0.049530047986126736;-9.481487560095266
1478633408114;41.02841989195827;0.06716719046032012;30.949657099490754;5.667973155212402;0.09172785110473632;-9.823409557751566
1478633408147;40.95392509003553;0.2997404707185981;30.906523876888905;6.039074558667093;0.031872809600830075;-10.444704596301168
1478633408180;40.880147774775985;0.5580938800162147;30.81833931799673;5.780051574297994;-0.059106851201818786;-9.737068660382182
1478633408214;40.79414749190693;0.7103391420614483;30.723066561023394;3.74767378616333;-0.3151367843849119;-6.479756863348186
1478633408247;40.73108849101424;0.7455291428654203;30.69042444685962;3.1429883755005896;1.7374422537872567;-2.3237223487854
1478633408280;40.94073557765627;0.33253659100172367;30.035846563716362;-0.7730278610229492;0.9478045593814691;1.216254443359375
1478633408314;40.86978053115264;0.6312565532166523;30.55080827729594;0.7953238639831542;0.2048538704139646;-0.672920304107666
