sep=,
timestamp,gyro-alpha,gyro-beta,gyro-gamma,accel-x,accel-y,accel-z
1478634068023,16.25853945719588,-2.733245022758319,-5.500001791828353,-0.9763853896486456,0.416591079734033,-9.739014009738206
1478634068057,16.271349403490195,-2.703027407108304,-5.591884606172579,-1.0538976615463382,0.3580827675308101,-9.717017063931456
1478634068090,16.2832228123568,-2.5778597771697918,-5.712153417482916,-1.1870750923599116,0.12389993591308593,-9.67871009994715
1478634068124,16.30463621182327,-2.472187357195729,-5.713662596617475,-1.0654197296363768,0.18240822071684523,-9.772831867300964
1478634068158,16.307160629706036,-2.443061635623678,-5.714527591675881,-1.1707646300827153,0.3507505295131588,-9.79722297252703
1478634068191,16.304821137584046,-2.4067623486173835,-5.659535325360677,-1.1272200325896964,0.3321954620803706,-9.6597061562357
1478634068226,16.301542198366878,-2.401302404811878,-5.5422135028004655,-1.0913070076873526,0.4321534087913576,-9.750086878464243
1478634068259,16.290277163430506,-2.4269091449878033,-5.382572995750917,-0.9668085396255366,0.5256769020080566,-9.762207832612749
1478634068292,16.27637922550995,-2.4501270427076225,-5.207938020614423,-0.8598176780534791,0.5137058845741208,-9.759664015610896
1478634068326,16.267924249903714,-2.474167835155254,-4.978621231453446,-0.7040448891570791,0.5196913887245115,-9.793930732898472
1478634068359,16.247225536958673,-2.520831662056548,-4.5887195701431605,-0.6370072426727041,0.4091092269455082,-9.802310628221974
1478634068393,16.22013276348927,-2.553285782623885,-4.313710586322214,-0.3904045447418466,0.37454293134384786,-9.735572119947802
1478634068426,16.221294631521875,-2.6188940864864145,-4.16677739556162,-0.6162076705490238,0.36436756515502927,-9.83328577203045
1478634068459,16.192203801439778,-2.729719657503105,-3.82343913038468,-2.9945477995056655,0.6829460052932612,-11.093234263256937
1478634068493,16.246669982759965,-2.8384005958927365,-2.6169763260414984,2.6080336863311007,0.4138975937332026,-12.106280986841023
1478634068527,16.21732070109759,-2.9521269868423055,-2.631393570112042,0.49380409240722656,1.0238204849243164,-11.889306022997944
1478634068560,16.235987760442562,-3.0224652177997267,-2.6480072443867537,-0.2645592834472656,1.0274117874145507,-13.012186747741698
1478634068594,16.24334568019546,-3.066717128936682,-2.567507747717321,0.45759179229736324,1.1302128211975098,-13.839682988794147
1478634068628,16.266762425441787,-3.0807468172133956,-2.531380915100924,0.005536591339111328,0.7037456322158686,-12.70123951486796
1478634068661,16.314408882954986,-3.1478329672472065,-2.3851604650543394,-0.4876689689193852,0.9614216041564941,-13.22167939300537
1478634068694,16.32827118987958,-3.2107869381383014,-2.3170339682318057,-0.277727392578125,0.5960065849083009,-12.940809903009235
1478634068728,16.379691755700083,-3.3089662250640886,-2.1310638169273615,0.1801636749267578,1.0760440086364746,-13.3554554107666
1478634068761,16.417808686595357,-3.3958686185327163,-2.0768644191276295,-0.33309331053581553,0.8239046645675785,-12.732663411657512
1478634068794,16.452713118922325,-3.50161683012798,-2.107642006373812,-0.5693710823059082,0.7601590088333002,-12.72742668004781
1478634068828,16.466859668321288,-3.6275414011811513,-2.2831360266060434,-0.9090484428405761,0.6132148670998343,-11.993005028533934
1478634068862,16.490219049736783,-3.7487400315473436,-2.5338879459103394,-0.8587702079772949,0.9018658195937983,-12.970138581085203
1478634068896,16.499315206848134,-3.8442700651237773,-2.7990152478043555,-0.8010100929260253,0.776619154380029,-12.294375162506103
1478634068929,16.499699128126885,-3.9231409715357577,-3.0719637875301777,-1.4312836799621582,0.9099462501968256,-11.264718664904683
1478634068963,16.48976274171382,-3.9633093909062516,-3.6628778145334824,-1.2856862915039062,0.7716811499885748,-10.015094981107953
1478634068997,16.45190503763016,-3.991937540362114,-4.951818961245405,-0.8081926819234737,0.48347911601411175,-6.555473490850627
1478634069031,16.415823396898013,-3.9768729753303935,-5.668437896426296,-0.5714660087585449,0.351199492556788,-4.555267933654785
1478634069065,16.399043396878575,-3.9788980996933483,-6.047493871895984,-0.5626373536041006,0.25737667846679685,-3.4501942298889157
1478634069099,16.335037327255368,-3.996563774478723,-7.079201684520637,-0.3842693664550781,0.030974983978271482,-2.0759224769592284
1478634069133,16.293650110513525,-4.0351674577794805,-7.776718131392324,-0.5506663087707012,0.0570119270324707,-2.0401590896606443
1478634069167,16.222910839017807,-4.107258569239542,-8.380109111065543,-0.9876081848144531,0.15472524575497953,-2.5080758766174314
1478634069201,16.041121841293066,-4.226560805976117,-8.698154365182264,2.124255422973633,0.40013095245361324,-5.472995357513428
1478634069236,15.932939644197635,-4.329275806335502,-9.361063445967947,3.1078232463560997,0.3703530693054199,-7.5854291175290935
1478634069269,16.065631027411417,-4.476374666021477,-9.421766563171305,-1.0612298493316397,0.768538735764267,-10.37901368825063
1478634069304,16.09556680424103,-4.517208848541099,-9.64424095817481,-3.8316204818725583,0.8271966553176753,-10.22069724960327
1478634069338,16.09708770453001,-4.543513463428775,-9.415799597981493,-3.834313958740234,0.9335889733245596,-10.841244246264546
1478634069372,16.009641937717397,-4.5384757972696415,-9.359608590457658,-2.5495255659241227,0.802506432431005,-10.209923378665186
1478634069406,15.895953502921722,-4.5388453769763375,-8.726298126024094,-0.3480570663452148,0.7733271707652093,-8.91510908373408
1478634069439,15.924881870922263,-4.554189174915028,-8.443100329244512,-0.5647323896545916,0.6717232124107424,-8.834304631573334
1478634069473,15.952875177871993,-4.5825837877197975,-8.081735557446551,-1.3766659982577387,0.9554360817397944,-9.22964747296758
1478634069506,15.950129956465492,-4.603582216614312,-7.6239209970424495,-2.0434511900085957,0.9460089492355472,-9.672275295968056
1478634069539,15.915748351689967,-4.598676709016785,-7.355429396777374,-1.4229040289505384,1.1623849425384774,-10.14857177846059
1478634069573,15.873281177141136,-4.57807674828268,-7.107033889327978,-0.7887398094177246,1.1136030471801757,-9.932345587158203
1478634069606,15.860444923060637,-4.627241733800143,-6.80267712984428,-0.44532150878906246,0.9793781531402841,-9.638158135798317
1478634069640,15.876047070578535,-4.615402946413338,-6.546938102730574,-0.6099228729248046,0.8086416221342165,-9.033921341119333
1478634069673,15.889060368018042,-4.555224805598437,-6.557271418164854,-1.1990461097938474,0.7820060989822261,-8.862885340826212
1478634069706,15.883475473839626,-4.5073938341070106,-6.610141517906946,-1.180939964305493,0.6554126679351553,-8.593537800189107
1478634069740,15.877124670887865,-4.457488288661912,-6.627675534663094,-1.2761095031295902,0.5942109062637202,-8.497620388440042
1478634069773,15.872066245519045,-4.383718843232385,-6.6355324168574565,-1.5478514098236336,0.7318774937311944,-8.421454848126322
1478634069806,15.850873680937788,-4.2949756636008996,-6.639072573236469,-1.4055459938491695,0.6274304908310063,-7.651569084521382
1478634069840,15.83661420815399,-4.181016188974104,-6.6848490923610635,-1.0395324333190918,0.5443816024780274,-6.4414502213075755
1478634069873,15.785262714030223,-4.025342523771667,-7.057766707626814,0.03980360260009765,0.2825157958984375,-5.259163221740723
1478634069906,15.757020377862968,-3.9920609872078145,-7.302027295543526,-0.22580321713872253,0.4127004929031245,-5.995081249292195
1478634069939,15.72004183475827,-3.9362102088651767,-7.662254491365894,-0.46582186050415036,0.5767032974906731,-7.3651628570556635
1478634069973,15.682011932641085,-3.8566831948759552,-8.094119530651053,-0.656310530090332,0.4715081077133305,-7.808987843676656
1478634070006,15.6480139015153,-3.779598805588857,-8.543609016786522,-1.2171522141830065,0.5587467941726557,-8.38239928741455
1478634070039,15.605831270954434,-3.631918138570851,-8.955361477045193,-1.2336123871291986,0.603638124391291,-9.233837472003325
1478634070073,15.577000027609696,-3.503831406963199,-9.141252333674036,-1.1086650793213397,0.4623801773513667,-9.38796407601172
1478634070107,15.56769563954258,-3.4461742059857663,-9.12538366040566,-1.3224971237624994,0.6307224861476802,-9.770736728502483
1478634070140,15.560131544571362,-3.3690582984326722,-9.12477961338269,-1.2093710770538075,0.5264250945934327,-9.796774137347564
1478634070175,15.562766275493681,-3.3066466930260154,-8.999414463334144,-1.1640309196472167,0.6329670502040767,-9.702801242695818
1478634070209,15.579946526309046,-3.2868602571538292,-8.727531308569539,-1.3748702485457993,0.5508160297144961,-9.579200824018846
1478634070242,15.603098446849277,-3.294723910215978,-8.463267826561705,-1.5833155310478526,0.7025485587852541,-10.607809584399313
1478634070276,15.633985861617576,-3.217536563524495,-8.01721057671545,-1.1659762084960936,0.8051999640976079,-11.053131531579792
1478634070309,15.67034470482372,-3.1854028958851317,-7.65347430274938,-1.1071686484848149,0.9644143562316894,-11.387870266668498
1478634070343,15.716952403432078,-3.1425593515203816,-7.240857142467982,-1.2503718740988172,0.98955347366333,-11.851747130584716
1478634070376,15.763103062952226,-3.0631759963892136,-6.803510018479361,-1.0742483299918937,0.8010100929260253,-11.64479832458496
1478634070410,15.857183885327432,-2.9592962187739418,-6.111095921013358,-1.081131659764843,0.6265326652084476,-11.406275984191893
1478634070443,15.878368702570546,-2.9135847830286217,-5.908933876513272,-1.019480964732531,0.43185412901726083,-10.787823913983255
1478634070476,15.957518753188634,-2.7601737999796687,-5.257854031502167,-0.4999391976287588,0.2506429862976074,-9.147646212237701
1478634070509,16.077435095290483,-2.314864841089945,-5.332677479673786,-0.029179332733154296,-2.979584002597071,2.3454198013305665
1478634070543,15.971253458188848,-2.772881516226139,-7.0394737724262,1.780837195410207,-11.58359669077769,10.69953699711263
1478634070576,15.771452248823794,-2.637427326190816,-10.894968472839972,-1.285835892575048,-1.7866729523589833,-3.2133179031372068
1478634070609,15.839244311200144,-2.4038961867648703,-11.32064252221796,-2.322076371676661,5.103689605303853,-6.814047270147502
1478634070643,15.824102704456989,-2.741867645177353,-11.379749813341375,-1.5484498506408184,-0.03516483688354492,-7.1592615142822265
1478634070676,15.860594916684029,-2.4439219320963694,-11.436809625776496,-2.072480830339063,-0.19003975677490234,-7.669675088445842
1478634070709,15.911169187779027,-2.5432466876860285,-11.479915523477947,-3.021632132720947,1.2119149528503417,-11.665298530169576
