sep=;
timestamp;gyro-alpha;gyro-beta;gyro-gamma;accel-x;accel-y;accel-z
1478634091749;16.186213719968208;-2.5663780648240313;-2.955498144541438;-0.41689036407470703;0.44517187346859133;-9.752032000633049
1478634091783;16.19409025591345;-2.5749817017601186;-2.903087177765326;-0.4071639380966313;0.4840776435962645;-9.805452835237839
1478634091818;16.209751870334696;-2.585489565486218;-2.840574611011877;-0.46252981952170374;0.4831798088405514;-9.764302592385315
1478634091852;16.208272040682807;-2.608419704442466;-2.7696009436407;-0.32351649019545875;0.49904142223855014;-9.787197058139357
1478634091886;16.20934698693237;-2.63823779023946;-2.6883444154365796;-0.23418286815034225;0.4954500877822749;-9.799766922530443
1478634091920;16.208038587442736;-2.6655648886833045;-2.755920829464663;-0.5599439041358885;0.5237316131591797;-9.795277538689325
1478634091954;16.188234525677824;-2.6784080407352073;-2.886625322169568;-0.6992565041030757;0.46612114027824714;-9.762656455446372
1478634091989;16.16381939743744;-2.687764628373046;-2.9728655674367235;-0.6814496657882817;0.44158056184520245;-9.767445075679104
1478634092023;16.13095896851871;-2.6720783321723642;-2.916918742933615;-0.30047230834960936;0.38307226562499996;-9.806949284340673
1478634092056;16.119872776349208;-2.7051028926910097;-2.8931758642402214;-0.20919337005615232;0.4327519340902217;-9.818172138871985
1478634092090;16.107754254676614;-2.834215428141535;-2.9412078922019265;-0.011222820281982421;0.4303577621128177;-9.960627386529744
1478634092124;16.08998387833253;-2.960075918329457;-3.340426405563419;-2.7259482276916502;0.8438064476013183;-10.798148835577443
1478634092157;16.078795969438836;-3.073881248905034;-3.413792608110882;0.5654804680755362;0.16445172653198242;-10.269478925765863
1478634092190;16.098712096867995;-3.1934207556699112;-3.5484555644907965;-0.8209119124923833;0.7200561492919921;-12.378771063287555
1478634092224;16.12417890866529;-3.253430428996672;-3.2589389331283103;0.33010059042666107;0.4815337997657712;-13.003358421380817
1478634092257;16.143284667273605;-3.314212278726164;-3.3014586619316915;0.030825346374511717;0.9958382530212402;-13.593229855401813
1478634092291;16.194985449768694;-3.4340100107345086;-3.338750866449652;-0.6937199492965824;0.8432078971862792;-12.82633684387207
1478634092323;16.217726580950735;-3.540955613966977;-3.613316445439473;-1.942146532263234;0.7199065116882324;-12.037148121643066
1478634092357;16.258905219295354;-3.6484299867963075;-3.5001948085277594;-1.0383353324890137;0.8077437668289057;-12.864195449884235
1478634092391;16.354935152696154;-3.8088217441802072;-3.037926527150049;-1.1279682571411132;1.019032081604004;-12.396428008270263
1478634092425;16.395317130563097;-3.9202528818739775;-3.1882217318945925;-0.8213608253036625;1.0209774069854989;-12.539781124933063
1478634092458;16.430972870080303;-4.019241099107096;-3.4283677637266625;-0.7724293288742191;0.9861117905105463;-12.491447886657713
1478634092491;16.447795117870633;-4.100587266850703;-3.9293834023088627;0.3987842140197754;1.00167413783418;-13.076380987493692
1478634092525;16.48380081142391;-4.17983864636019;-4.226570846248278;-1.2331634925842285;0.9060557090316899;-11.954398526763915
1478634092559;16.52765711117115;-4.278832809813426;-4.497990864489278;-2.022801054559275;1.0263643059219234;-11.160272055871785
1478634092593;16.545734412720723;-4.302927810977083;-4.80415345968708;-2.1746832223754375;0.9516951964447274;-10.477026245648041
1478634092624;16.555215955988757;-4.2889663728953185;-5.314027431979009;-0.9503483895122306;0.8785223534072749;-9.942820420350786
1478634092658;16.565973986125222;-4.253866316391483;-5.9742710680714834;-1.147271526292432;0.6260837158645502;-7.483376417895406
1478634092692;16.561851265087906;-4.1902662864154845;-6.420653223409191;-0.9286509324004874;0.4583399803161621;-5.747131447601318
1478634092725;16.56134113270554;-4.1150839430027215;-6.976214373190863;-0.9464578072478994;0.3045125601837411;-3.965695774841308
1478634092759;16.541675474025265;-4.053096698322024;-7.551074548674364;-0.5749076005797833;0.14170684729311614;-2.97524447555542
1478634092792;16.529268717750643;-4.013713271133266;-8.10470120618506;-0.7983166525909676;0.11177929000854492;-2.5502736808776856
1478634092826;16.511458001417868;-3.9889740616191087;-8.61655752795448;-1.0866683150360361;0.17253212060239165;-2.9167361724853516
1478634092860;16.447144519704697;-3.998609609216344;-8.790489608340433;0.10564414825439453;0.16549915322568268;-4.326472037506103
1478634092893;16.294390808657376;-4.093009061079432;-9.302465789904526;1.5571290508545934;0.49260700984345746;-8.407987171526997
1478634092927;16.44088286741045;-4.091089428043338;-9.308807326325708;-1.535880428922316;0.7214028534765006;-10.811167014843598
1478634092960;16.519871197363425;-4.0397367483319115;-9.212647588857429;-3.0909143432617188;0.7734767464347649;-10.822988385540619
1478634092993;16.562870061026775;-3.9721119128689093;-8.871228941300965;-3.8777088638305663;0.7037456162328483;-10.18313839372266
1478634093026;16.57600553704666;-3.8881255687006937;-8.346528162261945;-3.069067253112793;0.5734113250068854;-9.916184451957513
1478634093060;16.556896579551054;-3.81184671663539;-7.957871780793759;-2.3163901062011716;0.49694651861879974;-8.964190583093464
1478634093093;16.528234191151444;-3.7432232736944897;-7.5610708109314455;-1.4540286322662606;0.6013935614765389;-8.12337688756734
1478634093127;16.544645051365684;-3.70029506164743;-7.038932812804055;-0.6630442222595214;0.5910685668171151;-8.105868995666503
1478634093161;16.601599876551397;-3.6741041534630257;-6.454835620318547;-0.8209118942260741;0.6622960136911249;-8.445247227124124
1478634093194;16.68333850271929;-3.6523010407845966;-5.655405402731137;-1.2237363418136722;0.710329714180762;-9.943119293699507
1478634093227;16.688679652029805;-3.608427033172954;-5.270306749298312;-1.9324200149536133;0.8262988114288077;-9.720009991819877
1478634093261;16.673021369564903;-3.5513967021193134;-5.051033167243802;-1.2036849211761727;0.5500678451206302;-9.21902294737231
1478634093294;16.66945947195961;-3.5043877657451046;-4.711234434941396;-0.5725134902511723;0.3094505645751953;-8.527248195593058
1478634093327;16.66116481425155;-3.4899210130975216;-4.477858268864751;-0.2841618095397949;0.23313538665771483;-8.025962515258788
1478634093361;16.661455541839217;-3.492622374271262;-4.289828415907457;-0.34222123633120205;0.24645313339233396;-7.352743228204548
1478634093395;16.660605987558565;-3.5202098150889487;-4.046796988576222;-0.32411508627627045;0.2780266677856445;-7.4259158703126005
1478634093428;16.64606098507465;-3.535508381199055;-3.826874064314525;-0.2877531485626474;0.2941875289916992;-7.299322603662311
1478634093462;16.631442486577242;-3.567809957862713;-3.456549152915575;-0.2780266677856445;0.3446154197250493;-7.197269173376262
1478634093496;16.62034555943822;-3.5787967943970944;-3.2153265808727483;-0.3420715621948242;0.20425532913208005;-6.769904177038371
1478634093529;16.598599793983485;-3.6175001944462104;-3.0102191930933153;-0.38995560453110373;0.46252986975405364;-7.091774954986572
1478634093563;16.568200351479735;-3.6465091509990564;-2.6882049478711045;-0.13781623306274413;0.5074211326156742;-7.718307455798238
1478634093596;16.55293703420439;-3.6529339394245697;-2.474221904873454;-0.41599252760652744;0.5870283560821786;-8.297255637005716
1478634093630;16.53866623256612;-3.6335446043794013;-2.208078486187734;-0.4441244125255616;0.5725134719848632;-7.815272623034566
1478634093664;16.52897938724474;-3.6479675148913215;-1.899272405825039;-0.46133272325820285;0.7240963645935058;-8.668805587945505
1478634093698;16.52604715679647;-3.6789202632858182;-1.50963992799326;0.05910685348510742;0.7576151878356933;-9.701155598947219
1478634093732;16.52814730690097;-3.7182269838250557;-0.9511932324381938;-0.08559270935058594;0.8952818015609867;-10.019883841085992
1478634093766;16.52177317605668;-3.673446997114193;-0.6057431966639764;-0.0028431144714355467;0.7612064903259277;-10.163834850576706
1478634093802;16.52554652015148;-3.6672175374811333;-0.1976508582164435;-0.035613749409413135;0.8765770645583979;-10.339359869384765
1478634093835;16.518478572891958;-3.6812233417306848;0.1573835938498169;-0.257227047712903;0.8379705810546875;-10.850222867816314
1478634093870;16.52256169255519;-3.57648314111252;0.8887962402368802;0.28790274963378903;1.0907084938049316;-11.153986838122457
1478634093904;16.53557443464974;-3.510174098031187;1.4645549831740068;0.13347674255371092;1.0290578010559082;-10.892420672076568
1478634093938;16.536722473912675;-3.4245888619812286;2.006662968724301;0.21009119567871093;1.01514150390625;-11.197232544000446
1478634093972;16.53855226590698;-3.2595634985738657;2.809337356803694;0.5544073173633544;0.8322843521118164;-11.146505250195414
1478634094006;16.5422749193204;-3.077724190678471;3.4646637928531647;0.712424613233935;0.7020996185745112;-10.964695561627298
1478634094041;16.537385529193703;-2.9399578102249446;3.823654305315308;0.7989151938728523;0.5722142150436528;-10.729315610913186
1478634094073;16.55310400260383;-3.330610761774598;3.525844152401271;1.7788918700287117;-5.439027329199016;-30.053963942608235
1478634094106;16.558474836065386;-2.895966217296907;3.3906355963115;-5.466261446148529;3.5850177474090827;-7.6641386432372025
1478634094140;16.565850533178654;-3.069469713680294;4.108244957795752;-1.6243161888122557;1.1513116867950186;4.024353130993247
1478634094173;16.66605671569597;-2.8182940634087696;5.889142708342947;-0.6835446470398455;-3.50496159286499;0.24241350261271
1478634094207;16.638293474317365;-2.7444079235029104;5.725105456653138;1.6798317398071287;-4.516661504950002;-17.13470273132324
1478634094241;16.591365512216676;-2.9599751090278485;5.549803900463084;-0.6842928350586444;5.947197216089069;-25.41415193187296
1478634094274;16.554776710234634;-2.752535081168978;5.345853528142772;0.9109937469589457;-1.353023286261037;-2.2809259941101074
1478634094307;16.510872486551413;-2.6743942787842774;5.309321450543419;2.766948931121826;0.36855743632661175;-15.506196689605712
