sep=,
timestamp,gyro-alpha,gyro-beta,gyro-gamma,accel-x,accel-y,accel-z
1478634103559,16.618461360200104,-2.5620195820093015,7.414679088389451,1.6314987572601065,0.4709095572982914,-9.667037987827975
1478634103592,16.63092300476394,-2.5635412628135925,7.537999963872581,1.713051324374415,0.49425301891823764,-9.679009370588092
1478634103625,16.64900255028733,-2.5752079291912713,7.551463375011215,1.445349578182958,0.47554830703182377,-9.684246643337199
1478634103659,16.658472045981313,-2.595241020691886,7.481317908534436,1.1965022248641588,0.47435119935187975,-9.729736031922174
1478634103692,16.657441797573206,-2.591553543869425,7.404580530107806,1.1722609787208493,0.4399345673263873,-9.736170910108147
1478634103726,16.65283158376026,-2.5806383809882436,7.3605311844529755,1.1927612984698963,0.43739070465876284,-9.687987195272125
1478634103760,16.65110781644734,-2.56998042222083,7.415743792246477,1.4191630888565443,0.42377368243121305,-9.680655411628912
1478634103793,16.659638086154263,-2.5710748675489166,7.4401465831763325,1.2407949921096675,0.4183867492454592,-9.705045813031258
1478634103826,16.660323532222332,-2.5687049560204245,7.44870103954443,1.299003983439598,0.4435258698166217,-9.724050002767058
1478634103860,16.657609997710082,-2.5635524714525197,7.485234706893666,1.4024036407028324,0.4339490489054427,-9.708637238533667
1478634103893,16.6595887348677,-2.5570313920423673,7.538936983596487,1.5099930230071767,0.43514616043843635,-9.67332287678374
1478634103926,16.668260947885262,-2.5659795967927277,7.565087009019855,1.3904325410705058,0.4575917945806519,-9.727940855601092
1478634103959,16.672046102044828,-2.5740129226411264,7.551000099415758,1.3072340767625603,0.45714288405266124,-9.686042066253453
1478634103992,16.672243051840766,-2.579505259940804,7.521464925399497,1.215805521414941,0.44397477320933537,-9.705494697301429
1478634104026,16.64721274964945,-2.757944232546412,7.5332083415152065,1.3974656271782238,0.6165069183570798,-9.913940362825151
1478634104060,16.678979253280446,-2.9094733394144923,8.19711754584534,-1.2003928573608398,0.776319870039355,-8.835951010540873
1478634104093,16.676390395731673,-3.014951664458929,8.008608778911809,1.9978116477966308,0.5747580497409915,-11.581950238744914
1478634104127,16.660084359103756,-3.064575172765438,7.894450594473069,2.7213094619750975,0.9133879333496093,-12.179902395629883
1478634104161,16.673075165566605,-3.132460159765899,7.877936227451548,1.4763245895606931,0.8114847069228999,-11.622202900286764
1478634104194,16.675229964510073,-3.239808254999576,8.022861583669622,2.170194240393117,0.6934206649559084,-12.233472365514933
1478634104228,16.680601428686938,-3.4431666368199343,8.387763494542694,2.2532429643493144,0.7653963432312011,-12.59379971536845
1478634104261,16.703437588917975,-3.659140806434886,8.808601223676762,1.5400701950626214,0.8063970649276859,-12.772916511590777
1478634104295,16.709762627626592,-3.7426844907300896,8.946067280148963,2.169595616912842,0.773476764701074,-13.09718119893819
1478634104328,16.710684926375965,-3.991507811383722,9.177806130933696,1.9470845001220702,0.8764274086883291,-12.610260144042968
1478634104362,16.706212439796843,-4.178320163073259,9.110295410288368,1.2497732483352533,0.9810241119827143,-12.00168386342153
1478634104395,16.7188133768948,-4.354012729262552,9.248507143461948,1.7322048645904287,1.1049240661621094,-12.81242054672241
1478634104429,16.745632762092754,-4.585083325215907,9.535865887297827,2.164358264248632,1.1483190077850594,-12.961609237670897
1478634104463,16.776492227810923,-4.69589399322915,9.845203045819135,1.4124293053558095,1.2401964234283194,-11.957391424969583
1478634104496,16.795610054695995,-4.791830774688336,9.73941345188899,0.737414111328125,1.2042833985259755,-11.620257903698832
1478634104529,16.799913660179453,-4.835651635868326,9.542316863065045,1.6358383448089064,1.1007341949905267,-11.530923961993306
1478634104563,16.801057512577906,-4.836297193617484,9.067520626125207,2.1697452545166014,1.0296563332046382,-10.051756431491114
1478634104597,16.825472260950917,-4.757085578404954,8.965791135101005,0.7616554762024432,0.4927566657135263,-6.637176207025349
1478634104631,16.83520970552482,-4.6828602306480125,8.917004349707558,0.45819034271240233,0.17911621170043945,-4.153790242767334
1478634104665,16.841805044174155,-4.632324609793702,8.955563054918906,0.2654571090698242,0.1158195053100586,-2.578405550384521
1478634104699,16.84821630668069,-4.611409923788926,8.9364476569956,0.3317466406006366,-0.023792378997802732,-1.7057190452575683
1478634104733,16.870034230023528,-4.645278319142259,8.920731873044918,-0.17956512451171874,-0.02693476867675781,-2.0856489212036133
1478634104768,16.919558408451387,-4.73701010703069,9.230425141236342,-0.87463179397583,0.2262520203521475,-4.296245241546631
1478634104802,16.87976211947524,-4.840396066328442,9.432644907601548,1.0260650124480948,0.18285715179443357,-7.128585513250529
1478634104836,16.754243005361424,-4.914158628234101,9.434012188621873,4.632331299591065,0.27189152603149414,-9.019855260235444
1478634104871,16.702220501810213,-4.9885099791912815,9.341757961192704,5.775413100842386,0.46028526916503903,-10.686219542638957
1478634104905,16.803145056871415,-5.0192472613974966,9.298535568999272,2.634669289398193,0.6587047317504883,-11.089942235974222
1478634104939,16.819168774958737,-5.003995187041897,9.330689146634736,1.5266027878913562,0.9285013313293456,-11.13722786489278
1478634104973,16.835067280000853,-4.943294093610484,10.118352609316712,1.107617506497167,0.8508394423774909,-10.001028991555609
1478634105006,16.816827000953992,-4.908951808411087,10.67085082453228,1.792060007700679,0.9615712782928719,-9.5809964478645
1478634105039,16.819152808944917,-4.869052088015887,11.114015933205739,2.402282090759277,0.955436109139258,-9.259874378524906
1478634105073,16.861839196239973,-4.799370846690753,11.615096704895043,2.2665607110839336,0.9491512932487297,-8.970175758450292
1478634105106,16.911711446614895,-4.757448552557854,12.212082681254847,2.1657049661498515,1.050904891204834,-9.36821154698925
1478634105139,16.934192399942134,-4.697987876612112,12.555346449572534,1.9969138130409176,1.0965443786178715,-9.775226358938776
1478634105173,16.93682693521959,-4.612136119497093,13.17051943284212,2.1618145208828383,1.1246762298583983,-9.710732423854154
1478634105206,16.926764232979423,-4.668205036436343,13.322202798551407,2.3057658774334238,1.0758943527664058,-9.539247613497741
1478634105239,16.90305574250426,-4.6341718519245125,13.75140767142757,2.7723358483245595,0.9671078696319833,-9.1160724951813
1478634105274,16.886936649541084,-4.62358146803409,13.960259786752808,2.8975825226714833,0.9344868263465818,-8.757839962182565
1478634105308,16.857978951371457,-4.564196239892703,13.888241249427736,2.7519850976806133,0.6504746818100102,-7.815871173449605
1478634105342,16.817991787664145,-4.505806980605115,13.703810069677546,1.9752163696289062,0.35104985495302826,-7.052569756671041
1478634105376,16.792689966199326,-4.507678631987075,13.56015121911644,1.8049288130829109,0.4134487357208505,-7.442076585388183
1478634105409,16.734221071137185,-4.4689817206830895,13.46859214365201,1.9584569214751943,0.4444236466338858,-7.1389106540404255
1478634105442,16.68184053446786,-4.426043670153698,13.356886494712759,2.059013391201757,0.4975450142349116,-6.809259159088135
1478634105476,16.59037821088628,-4.330062592039487,13.13265173773572,1.624166514675878,0.23074122153017668,-5.348047958374023
1478634105508,16.552476567383042,-4.3382722687421476,13.025715061819906,1.399560507965088,0.32665888900756834,-5.766584336090087
1478634105543,16.46585748216208,-4.2954829668630365,12.887811446870126,1.4905402441162614,0.4547486960922368,-6.949619231414794
1478634105576,16.385794972809112,-4.257475061335013,12.723059392936605,1.6654666029114276,0.5289689658233896,-7.1680899867735794
1478634105609,16.31561525564725,-4.210081207283813,12.60015347902522,2.13068985249339,0.8219593209197744,-8.501510966137797
1478634105643,16.251196526203646,-4.136670750894345,12.544990097161216,1.923591359799169,0.8138788903167471,-8.56765042167343
1478634105677,16.186037498662795,-4.066610639373214,12.558229408005785,2.2896049385955557,0.7959224052650388,-9.647884301481488
1478634105710,16.118349779853723,-4.005858496248278,12.581019013149895,2.321328201924171,0.6554127250173711,-9.869048990365677
1478634105744,16.024096057397973,-3.8113051589436293,12.916255860248066,2.4500165228912607,0.7311293502365238,-10.697143599170074
1478634105777,15.98411650363942,-3.707682029456984,13.13039197742891,2.5237878067458976,0.8903437606369144,-10.73574958948344
1478634105810,15.939482350172044,-3.643805748470709,13.348241783556137,2.664447209079005,0.8608651526962406,-10.40564954704605
1478634105844,15.911784171568412,-3.5521493033681355,13.585473354923966,2.577208394755516,0.946757118988037,-10.57533829744868
1478634105878,15.877533316927558,-3.4519973478841948,13.823766477135656,2.7449522033691403,0.8897451919555663,-10.484508198901265
1478634105912,15.853569987184748,-3.4488084577283176,14.175562158154786,2.794482286746241,0.7829039428710937,-10.190919585650786
1478634105946,15.823363645277473,-3.3822603670173885,14.3788434908204,2.8227638303894547,0.6775590606910642,-10.085275035537592
1478634105980,15.794612693481644,-3.356011621970605,14.561074921383153,2.888753867517039,0.7826046493972652,-10.29850858436264
1478634106014,15.764902837736182,-3.3381507939020327,14.68169460839073,2.9598317293029277,0.7312789878402837,-10.120888748699798
1478634106048,15.719532900517933,-3.3548480597715127,14.710477101695218,2.966864696679637,0.7155670120460447,-10.361057394995168
1478634106081,15.697160467840817,-3.3412127706308046,14.781555235675432,2.8241104592254382,0.6037877357372315,-9.559149558644974
1478634106114,15.527201896734173,-2.5165867903030943,14.200561810627438,21.36301191624105,11.274146053137256,-56.240546938654774
1478634106148,15.597577440376337,-3.0399875809327646,11.055433643571622,-3.222445943097025,0.6145616295082028,-2.1633108375549317
1478634106182,15.763254764344543,-2.7791486586026393,12.38005915993737,1.2047322748046367,-2.2237642833434044,-3.5609260566711423
1478634106216,15.803079501349158,-2.6339198440223974,12.239431024634362,3.801842598724365,4.772392169775441,-16.706439909362793
1478634106250,15.734676628570892,-2.8776847864040693,11.491268376779013,1.6418238249847665,-0.588674369723536,-0.47210663986206053
1478634106284,15.799597931173567,-2.6664650837285704,11.177570058956654,1.521365480892919,-0.6476315490722656,-2.5281273155212403
1478634106318,15.836142140791694,-2.8748256354379818,11.18442167105098,8.28872629359141,1.8233342383453621,-16.86804852142334
1478634106352,15.910719239231627,-2.7101526160716944,11.060878106086701,1.0826280632019043,-0.15562310791015624,-5.310040007019043
1478634106387,15.95215727784159,-2.7812424224389396,11.046552421202586,3.7234324943542476,1.1438298431396483,-13.447482829339801
1478634106421,16.02978246248844,-2.7627796035580015,10.924508580988185,2.509273050512746,0.6156091018676757,-11.177030882970987
1478634106455,16.08169618431032,-2.702867238806673,10.895094561645461,1.997512336056493,0.1423053611755371,-7.950245887756347
1478634106489,16.146154289421247,-2.6858486269031894,10.973389068631064,1.6431705816849134,0.16190786900175735,-8.466345910058543
1478634106523,16.206687177694924,-2.6804458722116586,11.114627098446913,1.8201918623661388,0.33488896634751,-9.410110295237693
