sep=,
timestamp,gyro-alpha,gyro-beta,gyro-gamma,accel-x,accel-y,accel-z
1478634007209,17.289748034597306,-2.587219233889402,1.479848820443074,0.28700492172794184,0.2807201446533203,-9.794529136612216
1478634007242,17.284123128144905,-2.527572310043063,1.512900662836952,0.28805239637070335,0.28206686482084914,-9.791835908623002
1478634007276,17.280910313429825,-2.485726545397783,1.541183442353003,0.28535890580329576,0.3146878807067871,-9.828945904778793
1478634007310,17.28037712608212,-2.461209508418621,1.5791362283634252,0.28580782432279667,0.36421793668442404,-9.772832145862177
1478634007343,17.288861493477025,-2.454978311908601,1.6418005062900534,0.2901473148318299,0.41883565363711167,-9.784054962148403
1478634007377,17.293500988837966,-2.4583510780216566,1.6659662975448564,0.36586394119262694,0.44861353150520006,-9.781361109108925
1478634007410,17.3161221948377,-2.4730095121652065,1.7193831231518322,0.3265092468372313,0.44547116237584267,-9.773879328243993
1478634007444,17.33987710376259,-2.499119992820004,1.7334077456592105,0.20260930635756813,0.4840776435962645,-9.777769960740674
1478634007477,17.357227130348782,-2.520340799562691,1.7429038179237621,0.1331774673461914,0.45819034271240233,-9.738565045552933
1478634007510,17.375149494493762,-2.5718104769920123,1.7715568712960414,0.13542203140258788,0.497844321408472,-9.853786128312116
1478634007544,17.388541707142437,-2.6458640229720913,1.808354695899308,0.20814590682983397,0.47928924484252927,-9.80919396484479
1478634007577,17.385421277859034,-2.7424322344701753,1.8568206443058308,0.7408557762145995,0.16205752487182618,-10.23491282196045
1478634007611,17.362125308119847,-2.871717646262712,2.0551410050172194,2.8124387626647946,0.7749731498718261,-14.142249639074503
1478634007645,17.372693002898604,-2.9969724413415726,2.172466780648882,2.236333915124461,0.08020575561523437,-10.730363147204741
1478634007679,17.39035842323242,-3.098514335421724,2.5161641921966043,0.44756607741203625,0.9524433479309081,-12.507907730810343
1478634007712,17.455368538399156,-3.15523895560051,3.1738850905034317,1.8218378257751464,0.996586441040039,-14.117709072057902
1478634007746,17.51136060099984,-3.167557714394998,3.787535976745761,1.1581950165679678,1.1098621070861816,-13.802273295593261
1478634007780,17.623720641385628,-3.206500524462845,5.178630982941657,0.11566986770629882,0.8092401611328125,-12.502221794128417
1478634007813,17.710574414239844,-3.2401626358148494,6.084621250950439,-0.5599439863342791,0.9301473449707031,-12.444461386816203
1478634007847,17.75751515518393,-3.257054048190725,6.535851824486856,0.18420389022827147,0.7435492530822754,-12.811672650964557
1478634007881,17.907800949344065,-3.345411820757852,7.815363060601895,2.0768202295165508,1.004966146850586,-13.699023641259968
1478634007915,18.07542009658079,-3.442128280114449,9.42308567064483,1.9452888854095711,0.89378540725708,-13.452270648138224
1478634007949,18.176628744724006,-3.4794564258612217,10.520625984300041,3.2843957649230955,0.8539818229232914,-13.99769971384257
1478634007983,18.259431198943314,-3.523947350356475,11.086182948913814,2.130989078610204,0.987009634399414,-12.662184392547607
1478634008017,18.340911270346215,-3.529547254685072,11.676060002199408,0.785896694946289,0.7444470604385249,-11.184513055419922
1478634008051,18.41367792631815,-3.515143571132996,12.116852127153692,1.8020856803451664,0.8195651740585453,-10.501267464391887
1478634008085,18.456822897691307,-3.4742170455171304,12.15962010013896,2.198176380964648,0.6676829925426514,-9.124452018328755
1478634008118,18.403154639881006,-3.4124592249163546,10.25822307315661,0.5807434671264141,0.19512743530273435,-5.298967116601765
1478634008153,18.361232536718116,-3.3851930699646315,9.413153896960411,0.8319850769042968,0.08499415893554688,-4.575917922973632
1478634008187,18.16899919658466,-3.3697289832379105,5.428084566113528,0.000748188018798828,-0.0008978256225585938,-1.9373580558776855
1478634008221,18.08154805580808,-3.4296253452627683,3.2078751151072136,-2.166752575506642,0.013018471527099609,-1.0078092613220215
1478634008255,18.085420092885006,-3.5140670301494685,3.987947115954774,-0.28640637359619137,0.13572130661010742,-1.6186299598693847
1478634008290,17.841053299793657,-3.676612440107373,4.7343926072052875,6.811952489825337,0.5454290657043457,-6.155343122918904
1478634008324,17.98028975036122,-3.763951277933934,5.187528476585981,3.1467290963988748,0.9879074965545908,-7.020696800939739
1478634008359,18.121620912154075,-3.845283010030814,5.170830960780373,-0.4909610510010272,1.099537148959376,-9.943717990245018
1478634008391,18.12308443257948,-3.8428154535914962,5.374360218786145,-1.891868297399953,0.6459855125980218,-10.57907931060791
1478634008425,18.050331430761634,-3.827785816321782,6.20521104681024,-2.2225673286437986,0.3854665038177743,-10.553042075292765
1478634008460,17.942093147129473,-3.772235332021466,6.801609501494871,-0.3591301759582013,0.4127004746368155,-9.14375515961591
1478634008493,17.8598909896217,-3.7339950565151327,7.417066112154968,2.614917125701904,0.1457470260620117,-8.223783135168254
1478634008526,17.94137800492555,-3.69489057627589,8.063938651183573,1.954715944848582,0.30047234488222746,-8.023119108526409
1478634008560,17.97100281720202,-3.6916743267862753,8.308518553662823,0.09891045608520507,0.16549918975830077,-7.835473845672607
1478634008593,17.98167361279055,-3.7197703735437115,8.64229771635001,-0.10938508834838867,0.35568860240327194,-8.236053418676555
1478634008626,17.964800549109242,-3.7424447225834294,8.852920378794463,-0.3661632164001465,0.6739677901668707,-8.391377689770609
1478634008660,17.908010996484677,-3.7626845257451813,9.032474037398877,0.3033154228210449,0.666037004017469,-8.22707530858144
1478634008693,17.801878174547184,-3.720382706084598,8.96613302023058,1.0586860100677236,0.4186860153198242,-6.57597413482666
1478634008727,17.766708802745097,-3.7073358381836012,8.988934518550815,1.1522095854828134,0.4219780060699209,-6.079626495416462
1478634008760,17.66202097212929,-3.7080355203924658,8.725040702626588,1.4221558272320078,0.24061726684570311,-5.259163221740723
1478634008793,17.607404232349577,-3.8060913155597,8.454287633552449,0.6423942329406738,0.532709860251611,-7.170634264428913
1478634008827,17.54358836151134,-3.845252723977296,8.479344045700206,1.1803414732559583,0.8093898078697267,-8.625410828985645
1478634008861,17.45423702263539,-3.810161051841932,8.217895105600533,0.6021417175292968,0.5781997328937751,-7.617751424463092
1478634008894,17.339776364667,-3.785106148411479,7.837876706588269,1.0951975671187975,0.6787561501046991,-7.520037923077494
1478634008927,17.262980749294023,-3.7732188015612746,7.4182157359158865,2.195632559967041,0.829890132185351,-8.910769958551228
1478634008961,17.17861622043438,-3.777132658170244,7.197647404284088,1.5423147819519043,0.7995137351547368,-8.95895275550522
1478634008995,17.11190970279319,-3.834658350988494,7.077718455541883,0.8711901290893554,0.6818985740329837,-8.867524544934183
1478634009029,17.041731601340157,-3.874201483065964,6.7802009880730365,0.8860042518615722,0.7163152320308843,-9.51560476935571
1478634009062,16.93172990054162,-3.9492492598488753,6.2605744054298365,2.2532430374145505,1.040579933078028,-11.107449835614114
1478634009096,16.86657134722478,-3.9609482744349793,6.014512512450687,2.6966192573547363,0.8647557303939946,-11.826308884076028
1478634009129,16.810380125914612,-3.979237718351432,5.775018700606458,2.4199392549376935,1.1162965240478515,-11.820921784210205
1478634009163,16.720912914378584,-4.057386365631679,5.211932178383783,1.2415431618621573,1.02786070022583,-11.736525883428751
1478634009197,16.67450855686425,-4.025998982524923,5.012751675314138,1.6584335624694824,1.060481697845459,-12.075604985809326
1478634009230,16.635194396047318,-3.9558041603093304,4.72740003121254,1.9298761756896972,0.9895534371307119,-12.19621304057017
1478634009264,16.604542362881997,-3.8726158868371465,4.4993589266088065,2.0452466951232404,0.8966285217285156,-12.295871246282756
1478634009297,16.63258432615841,-2.3466377771735822,3.822263124102962,0.6868365875575924,-6.0450599897522475,-2.2842180213928223
1478634009331,16.619087566483827,-2.926001166783204,1.6882134123636559,-1.3262380638564937,3.2772131234100086,5.940761922344565
1478634009365,16.682252217940086,-2.931593331309786,1.1304457932618506,1.7624317518814465,-1.3337199257781729,-2.0317793838500977
1478634009400,16.682128966781573,-3.332763479885103,0.3746924061708403,1.6292542069034417,0.3883095634902827,-21.88973628147542
1478634009434,16.73875785697014,-2.652567872005262,-0.6643884621480349,-2.4857799467224626,-1.2743137970855458,2.315192420849204
1478634009468,16.760514437697058,-3.0139076566953555,-1.5890318750762646,2.4820389700958505,-1.5397709792206062,-19.999515239825843
1478634009502,16.87996478440521,-2.6411609035613295,-2.0558924364796654,-3.349488159091212,0.7668927192687988,1.90892691116333
1478634009536,16.924198058474097,-2.881869186327075,-2.782960949053886,-0.11671733093261719,0.6458359069603029,-14.126388053075969
1478634009570,17.012419054108413,-2.6650666627801014,-3.3624029488938247,-0.9937433265686034,-1.3596073042938486,-3.5933974166870115
1478634009604,17.10283570817724,-2.724484425338391,-4.061578790126346,-0.9906009551559575,0.5102642425205326,-14.89462780303955
1478634009638,17.13924661349832,-2.7026959497806264,-4.229571486616493,-1.115249024288915,-0.09831190567016601,-6.329371363830566
