sep=;
timestamp;gyro-alpha;gyro-beta;gyro-gamma;accel-x;accel-y;accel-z
1478633494651;31.91794940531503;-2.0467327194052145;38.17294706704022;6.0716955505785;0.34985270142892966;-7.699004528569392
1478633494684;31.91895238545579;-2.0455086199237393;38.192660024279434;6.095038846660021;0.35688568154210804;-7.699603045876746
1478633494717;31.920182734761706;-2.0449402361693476;38.20425198247262;6.077681183734699;0.34192192972846386;-7.673566106818302
1478633494751;31.92101924455884;-2.042428655263269;38.209026457901864;6.0886046762935235;0.34431611198066675;-7.70573791877366
1478633494784;31.92018420025263;-2.036313943216735;38.20977255326824;6.067356155396768;0.35913026386481356;-7.697807114357949
1478633494818;31.919094530014473;-2.0346925768365556;38.20372259354486;6.072443679231795;0.34671032220315534;-7.691222910237114
1478633494851;31.918802589727875;-2.030483212431559;38.192558156361194;6.049698468916077;0.3274070633266354;-7.7163622228899325
1478633494884;31.915960720926922;-2.0289181794815865;38.171088268636815;6.060771999224994;0.3408744744936557;-7.719804157204465
1478633494917;31.913691220754757;-2.030833798123264;38.16189390479875;6.058826513442472;0.3625719196181337;-7.723993997551652
1478633494950;31.91229993909382;-2.0313345009987755;38.15707056929215;6.059125812909934;0.34371756870090464;-7.715464656991456
1478633494984;31.911255137648823;-2.031734792924979;38.15478108320019;6.050447062504019;0.34237082199014546;-7.727734560903022
1478633495017;31.91083151200579;-2.0292489348368523;38.156616117949845;6.070348752779158;0.3362356853733945;-7.692270726231526
1478633495050;31.907715040806064;-2.02422486046206;38.154711717639266;6.041618377381411;0.32875382231007094;-7.717260085045109
1478633495084;31.906396136362417;-2.022221731304857;38.15722079027357;6.071695446688868;0.33848026598363357;-7.6996030435934575
1478633495117;31.905365765462538;-2.02002855546318;38.15757428980098;6.054038014009979;0.330699104309082;-7.725789685329387
1478633495150;31.902620408121905;-2.01964928793725;38.16387744490339;6.059275484763023;0.34715923287385153;-7.721150684434106
1478633495184;31.90116702331065;-2.021450687602194;38.17039479795335;6.056731658864373;0.35045127999263637;-7.7090301538356405
1478633495218;31.900751733438536;-2.0211031104379282;38.18270480140811;6.069001909314043;0.35823241426772434;-7.703343772162166
1478633495251;31.899756671659922;-2.0156277835211545;38.19592041347338;6.073341661259625;0.31872810285816666;-7.704540675238042
1478633495285;31.900661404360996;-2.016889346311192;38.210414464225565;6.080673893569054;0.344914688278923;-7.703343789607918
1478633495318;31.90034554022378;-2.027335884027286;38.22656934168621;6.061220765334979;0.35808278237218616;-7.728632847749884
1478633495354;31.898373323878072;-2.051050629832619;38.24202254373349;6.042665625978598;0.3268085174781736;-7.769633386783278
1478633495388;31.885978959409286;-2.0286904842031968;38.32024467386024;6.141426547208032;-0.008678981018066407;-7.723844321131986
1478633495427;31.90346065359671;-2.196643764434906;38.65046700988377;6.975656320599466;0.33369184268454555;-8.313565989685058
1478633495461;31.898631002281494;-2.274153167224425;38.82599776084806;6.397307000334281;0.27787703018188475;-7.943362740646489
1478633495496;31.9090419325243;-2.2695262934882026;39.422138238190186;7.141005507427826;0.40043023907757597;-9.066991032354533
1478633495530;31.914389871060656;-2.25901814247596;40.01681580883235;7.625981054278463;0.53570263972627;-8.922291907910257
1478633495564;31.905818777541217;-2.306803746996122;40.7208300430242;7.224054815905913;-0.10669161148071288;-8.444049980163573
1478633495598;31.925607648543803;-2.3684109977366177;41.890931818858;8.14672006149292;0.4472667885047849;-9.508871168518066
1478633495631;32.00792073481238;-2.3757043583821638;43.37974751840544;8.19071351699829;0.5957073005676269;-9.138218677874654
1478633495665;32.04765961079319;-2.3277518541877535;44.02740033893497;8.43148027531728;0.6090250655685551;-9.048286916406452
1478633495698;32.14754850784039;-2.2188116440642;46.06107729797251;8.182034316784515;0.6578069243942387;-8.413224779919535
1478633495732;32.25315133514795;-2.1222221673972137;48.21509532997625;9.101258189745993;0.8334814529418945;-8.244134141540528
1478633495767;32.287842426541;-2.0751931582323144;49.02994893078026;9.232490368243306;0.5847837737594731;-7.9316909710206085
1478633495800;32.39221135323204;-1.9469284713257675;51.13416386447536;9.371054935455321;0.4327519409400876;-7.358877931567281
1478633495832;32.45711389233016;-1.8285130872874444;52.00928717938477;9.413701652526855;0.7246949150085449;-7.214926702880859
1478633495865;32.51165710128176;-1.7060405439166078;53.51030338438016;9.314192938287556;0.5954080253601074;-6.414215629434026
1478633495899;32.52676955669931;-1.6804573358098176;53.93675475236521;9.37554377130717;0.5672761558532714;-6.311564525515772
1478633495933;32.57306485223894;-1.5535906614412627;55.04842969906348;8.907776987280323;0.26126725331044;-5.619341074127318
1478633495967;32.58442121547839;-1.499889289153462;55.25731730873739;9.324068874005228;0.3913023338317871;-6.128108604110591
1478633496001;32.60700611273374;-1.3654862832924162;55.86550111056258;7.871536763907037;0.15966332777824718;-4.702810391766205
1478633496034;32.62379601390445;-1.3169128171283633;56.311004856636366;7.799411475427449;0.3962403747558593;-4.951059578262456
1478633496067;32.628055805177034;-1.2881622420700056;56.36851159588436;7.273285587542876;0.37828386230468747;-4.668843094104155
1478633496101;32.6280170970618;-1.1834891943506618;56.465980329896226;5.985055383709818;0.33533787915878926;-3.8793548774719238
1478633496135;32.61981915610018;-1.1039310664094182;56.66219328557642;4.710292491149902;0.22430676118602277;-3.3215060367859897
1478633496168;32.620263217345915;-1.0494734715658895;56.882527702876985;3.6749499107360837;0.1421557281383546;-2.581846923010051
1478633496202;32.6128085360013;-0.9732720168461723;57.086633761124546;2.780416315460205;0.11237784042358398;-2.166902140045166
1478633496235;32.61217715602978;-0.9503264573043633;57.27727705315445;2.978386865234375;0.1883937340003904;-2.649632757513225
1478633496268;32.616315222445365;-0.9599308330655443;57.54829087114804;3.8202480239868164;0.16579847267191944;-3.576638005065918
1478633496302;32.59903993461697;-0.9711525515708919;57.74416908295484;5.16519080657959;0.1375169578552246;-4.5340195400513705
1478633496335;32.56273620270433;-1.018849252511234;58.015076234533176;7.189637874780223;0.19452889402084983;-5.510704106726124
1478633496369;32.49963792620518;-1.0791849443912511;58.403142309325396;9.060556834588573;-0.027383681488037107;-5.335478509256057
1478633496402;32.417361032735954;-1.1076701035150833;58.67582261670058;10.797250936889649;-0.11103110198974608;-4.535066930212452
1478633496436;32.441812859363566;-1.0852692117405014;58.86784951351276;9.719112147931009;-0.12210428466796874;-4.445284294891358
1478633496469;32.46559161440944;-1.1027325366580827;59.06890109167587;8.491035977681586;-0.04638765716552734;-4.7254059256622565
1478633496503;32.463891522869226;-1.1214095184900723;59.272773329155235;6.762572080584615;-0.01227028350830078;-3.7548563911437984
1478633496536;32.461729582961404;-1.1505974796683454;59.29732819899693;5.974131692504883;0.04414310224228538;-3.396174908801168
1478633496570;32.45542713737328;-1.1970826242361523;59.2760559125249;5.363909544372558;-0.03202244720458984;-2.6892870147705077
1478633496603;32.47140918896909;-1.2417786625403895;59.121512622964815;4.838381987707317;-0.06808510971069336;-2.26296977391988
1478633496637;32.493944598951146;-1.309511263924293;58.667124341556146;4.230255058288574;-0.05626373901367187;-1.8414403518676756
1478633496670;32.50013405198581;-1.4631060180887507;58.23686828222584;3.8868370499208567;-0.056114083143603055;-2.0048446151733397
1478633496704;32.51392441891438;-1.6176397628221288;57.87041883710396;5.060294554083049;0.03486556167602539;-2.834584981890768
1478633496738;32.5295437947879;-1.8637124529211853;57.317422108592055;6.818686474255472;0.12195464706420897;-4.127005184759572
1478633496771;32.53784550544271;-2.012884465518535;56.850163065991026;7.835025042459182;0.18525135345458985;-4.946270955746434
1478633496804;32.54255426631299;-2.124475988906936;56.35540338698139;8.408735724871978;0.2576759628074709;-5.345803102056681
1478633496838;32.55178524588145;-2.223651979437814;55.6307990630287;8.664915302508696;0.30137013397216794;-5.558438500042201
1478633496871;32.566372364921406;-2.2620007007273584;55.151439046430745;8.296357720051612;0.34955343324965793;-5.404461517654545
1478633496905;32.58430115725922;-2.3096933397184736;54.75307519013698;8.390180296679585;0.3211222839687252;-5.706729134755977
1478633496938;32.59998379110637;-2.3444788704473662;54.3501695820486;8.605658373028412;0.29777883148193357;-5.933130842944235
1478633496972;32.62410752351331;-2.361806916497449;54.0309584935136;8.746168448285013;0.3854664695684449;-6.166565650939941
1478633497006;32.668236952302635;-2.3501863401929106;53.74206934658468;8.479364673846588;0.4927566474472172;-6.167762605639547
1478633497040;32.701884263881695;-2.3831256174765034;53.6065858753626;8.66626174868159;0.5605424545509274;-6.394014662524312
1478633497074;32.73794761359274;-2.3838733666712617;53.566051551804144;8.582165342303364;0.5198410171951167;-6.446238186236471
1478633497108;32.79853747581757;-2.4144608814141653;53.643673779642825;8.64411545639038;0.6202478675842285;-6.757933387933298
1478633497142;32.85079509020118;-2.4155400598854873;53.8403471945418;8.629301552813873;0.7930792999267577;-7.0606506256654855
1478633497176;32.88617471990638;-2.470389574868983;54.15427981878755;10.877755675451457;1.1168950379302724;-8.861389549310505
1478633497210;32.49316528138568;-1.1352032166620958;54.07168556592453;-1.1194389137268066;-1.6527472969939931;-2.067991391699016
1478633497244;32.87705370909916;-1.2077175778346136;52.712231884202104;3.6303576125547288;1.0905588379348627;-0.3559878593444824
1478633497278;32.902468732171606;-1.5067640112036655;51.662054626414914;0.5029319862365722;0.8538321670532226;-2.028038736017048
1478633497312;32.91843631555199;-1.8716501011664783;51.29606981939617;4.201524638366699;0.4010287872093264;-3.051858636419475
1478633497346;32.82907437192464;-1.0826615330307157;51.42016436864524;0.43514615173339843;-2.5393500992706044;-1.4010568840026854
1478633497381;32.88124609506208;-1.4899993597811843;51.308928264568614;14.778658660125732;2.6093804978301747;-12.056750647735594
1478633497414;32.88990575073419;-1.269028427407;51.3535096569916;3.866785611017048;0.7495347572326659;-2.0504837920591235
1478633497448;32.80359693847167;-1.48304351858886;51.59422135575802;5.582380153600871;0.14425065002441406;-6.762272805377096
1478633497482;32.76470731759922;-1.3741785384180323;51.955821189949845;5.00178625101298;0.15277998430556616;-3.967341934613138
1478633497517;32.73619085135509;-1.3403417723719042;52.28539901928278;9.261669993237405;0.4752490295410156;-7.5959043343141674
1478633497548;32.70182907564576;-1.3053054396131054;52.86209973510965;7.675960178331006;0.06584054565429687;-6.0972837143938055
1478633497582;32.68910660045699;-1.2619125002915688;53.32764817015799;7.37967752195727;0.001197100830078125;-5.956025670314114
1478633497615;32.640174018427764;-1.2657819018388057;53.84700049527938;7.845948765630158;0.16145898358994162;-6.009595530601311
