sep=;
timestamp;gyro-alpha;gyro-beta;gyro-gamma;accel-x;accel-y;accel-z
1478633040148;32.389370422165115;-0.43311369603754735;17.039396707427258;2.8751368592746323;-0.005985499583813361;-9.449914217498199
1478633040181;32.385256007842635;-0.4079388738486011;16.9539999852497;2.714874981081346;0.011671733093261718;-9.40547178296618
1478633040215;32.377262061928;-0.3912806810787698;16.91413302713354;2.8278513171210418;0.016460136413574217;-9.362525388828328
1478633040248;32.36900514093098;-0.383961657284149;16.880963803814343;2.782511287578614;0.05117606162748416;-9.429862390435323
1478633040281;32.36707689871226;-0.39208829248179367;16.86686988874092;2.7735329445880605;0.12629413757324218;-9.446472474979911
1478633040314;32.35862875220645;-0.4132547545437985;16.834261724408556;2.8832174131752457;0.18495208281364756;-9.381828998760474
1478633040347;32.35946547463007;-0.43957397319668745;16.77346999395472;2.7778724853294436;0.21143792954597154;-9.434202086440333
1478633040381;32.357619683174114;-0.4677672482035482;16.7534001763689;2.8694508358277377;0.15846622238159178;-9.431209133435738
1478633040415;32.362257719244155;-0.46079279619337843;16.7253186090921;2.7121816046783698;0.03845686416625976;-9.45006342127712
1478633040447;32.36976543000433;-0.43353689431500825;16.782656533053412;2.6686371533158235;0.015562310791015624;-9.453804370504267
1478633040480;32.370935576770535;-0.4255960312737489;16.817002022446236;2.748244367649173;-0.012120645904541014;-9.403825401715352
1478633040514;32.38314588235244;-0.43961466172480596;16.985552195837148;2.815880368185765;0.054767362976074214;-9.52637903301944
1478633040547;32.39388258894754;-0.4685835889530035;17.11918763097642;2.7970259616133757;0.041299974071118045;-9.396792783681803
1478633040581;32.3960837835709;-0.5846198482294689;17.226655822956914;2.9276597906250506;0.29224224927597675;-9.508422009111614
1478633040614;32.360850178374335;-0.628891857666917;16.259783434702136;5.806537576293945;0.5060743759155273;-14.368950901031493
1478633040647;32.35542886701622;-0.741698403400687;16.16101365909945;3.66701904467158;0.40028059919052755;-10.287435840075835
1478633040680;32.357388912827886;-0.8344356758896501;16.302155700163866;4.298340167999267;0.40222586977309543;-12.486659483337402
1478633040713;32.35886707439878;-0.8642640512857196;16.531234563751763;4.209156156158447;0.42452187273330055;-13.067253385925293
1478633040747;32.3588602422583;-0.9187730765024245;16.66805738312022;4.163516540881246;0.8072948357513174;-12.597989860534668
1478633040781;32.365702095938694;-0.9422861514347689;16.806338482940337;4.016123574243113;0.524180544236768;-12.791621212060749
1478633040815;32.37341655422105;-1.0031069242221888;16.99596180874785;3.921852030004933;0.5819406227554195;-13.246219667761027
1478633040847;32.37556249350774;-1.0259258975043928;17.093573516436116;3.7155017744202166;0.349852717590332;-12.716352912847697
1478633040881;32.380890675608825;-1.0638976873511556;17.15558272907495;3.4864063838683066;0.4632780212402344;-12.808081056213378
1478633040914;32.38413019961416;-1.0899524209688782;17.242564019447197;3.2079310955323277;0.2325368316760985;-12.421417195837199
1478633040947;32.37776312201795;-1.1165161372859622;17.3847652503993;3.0997428705519994;0.2458545738441404;-11.978191198022662
1478633040981;32.37600004570372;-1.148945406884473;17.675287067884064;2.6919805647034196;0.2255038757158327;-11.079168036242574
1478633041014;32.37031205658969;-1.158236737158493;17.9507961287199;2.365471313299611;0.12075753710097632;-9.871592756564356
1478633041047;32.35912169984507;-1.1391633297724397;18.1735681261579;2.0093336702208964;0.020949264526367185;-8.381052256719768
1478633041080;32.344857536123165;-1.1606349698481584;18.760295545310445;1.2478279777526855;-0.028431144714355466;-5.852476320648193
1478633041113;32.33039693961979;-1.1781471116275295;19.14626842884879;0.8499414432249963;-0.039354689788818356;-4.4105683708190915
1478633041147;32.312722093421755;-1.2102301637261794;19.51896556273888;0.5232827003479004;-0.08693944778442382;-3.2619501243591307
1478633041180;32.29997912905127;-1.2702556163609542;19.891026054193453;0.4144961624145508;-0.16699556579589842;-2.844311572265625
1478633041214;32.28793575842035;-1.3484108028863635;20.278023909481213;0.4547486778259277;-0.20260931549072264;-3.01968684387207
1478633041247;32.282270901081276;-1.45050357516177;20.682925773273517;0.6335656143188476;-0.1924339584350586;-3.7669770370483397
1478633041280;32.13870257479714;-1.579592158732554;21.148627021491027;2.9191303741455075;-0.03202244720458984;-4.392162653295696
1478633041313;31.98124355673703;-1.807756826977068;22.20047718608;10.210072979736328;-0.04908113403320312;-5.058199919891357
1478633041347;32.21184930926191;-1.9246839123364379;22.56057398244892;4.320336822686716;0.10743979949951171;-8.115744858318939
1478633041380;32.22631107025025;-1.9398425984575534;22.686676919303608;3.745878132634924;-0.19812018737792966;-8.22542936800532
1478633041413;32.26015888106949;-1.9763686943752572;23.178094659375162;2.9192800848145035;-0.051475335693359374;-7.78744002873525
1478633041447;32.28566274174487;-1.9798933126314358;23.46074070956376;2.9213750112671404;0.04653731303559616;-7.228393794958293
1478633041481;32.27230512154243;-1.985088653197023;23.732846248550004;3.0274679262023416;0.03815760722504929;-6.6641108295716345
1478633041514;32.28770865294273;-1.9619556203487132;23.980240722789475;2.12425527684316;0.24525604169541038;-6.334459334619343
1478633041548;32.28941140554716;-1.9470927348451885;24.289193146013847;2.789244934082031;0.1198597023452632;-6.281038125555217
1478633041581;32.27557595415891;-1.9003358226798694;24.598685747295207;2.536507021331787;0.14335282440185546;-6.4071829177856445
1478633041614;32.274498284961126;-1.821618086310604;24.90243648474503;2.5761611324585973;0.17432779011381788;-5.999420739801228
1478633041649;32.26711545471392;-1.7624588286729006;24.7650307582833;2.4420858394898475;0.03366846084594726;-5.878513263702392
1478633041681;32.2469537658667;-1.7343549490051167;24.69589844874116;2.729389892578125;0.07691372833251953;-6.706458125305176
1478633041714;32.230031316713735;-1.731675777643104;24.727659685900434;3.197157041931152;0.1545756538169924;-8.19595068699941
1478633041748;32.21997551649382;-1.7062016719342188;24.70632035770331;3.5959412194183096;0.29149406057932664;-8.959252204242674
1478633041781;32.19241393947587;-1.6776287259789266;24.672282738553648;3.7352539015838873;0.3238157745361328;-9.037512817139504
1478633041815;32.17564014345434;-1.6438425773635683;24.63357860037541;3.6085107416015116;0.49410336761474605;-9.556605710247904
1478633041848;32.140848531989505;-1.6060449240111394;24.613927171764253;4.08750078487258;0.4590881683349609;-10.000430916064605
1478633041881;32.08916043208879;-1.5265465113472665;24.60505000456635;4.590133458798192;0.5599439132690429;-10.833912003680318
1478633041915;32.052441180576714;-1.439287772431148;24.57913903787355;4.808005773339793;0.4697124382019043;-11.130793301800638
1478633041948;32.01532285966153;-1.3486003139377507;24.53342440694148;5.265148798956349;0.6016928229843266;-11.756727252197265
1478633041983;31.95447785563047;-1.1653029262769863;24.58155532531526;5.5865704448975615;0.6021417175292968;-12.496984477996826
1478633042016;31.82302130189538;-1.2787404219699143;24.831434175264157;26.318709493035076;0.06718728408813476;-52.699972180616854
1478633042050;31.93696381118293;-0.5394266088746524;25.536667295566385;-1.1456257866457105;-7.39598802990024;17.402853317260742
1478633042083;32.42978298461418;-0.8455919856943832;25.222941703195715;1.2566565963745115;1.2539631377731448;-11.528979111535847
1478633042116;32.30487362735602;-0.8817635583994886;26.753645739852427;13.400645674841105;1.606359676361084;-24.948179849243164
1478633042149;32.390836811777646;-0.4563917745327794;27.816700275253346;4.102314943606593;-1.4896424002273938;1.0935516082763672
1478633042183;32.28733067235128;-0.775032293526387;28.457159155010732;3.8976105920653787;0.31214404144287106;-8.406042193205375
1478633042216;32.23263476305137;-0.5838341733180403;28.833480122835756;7.869441581726074;0.7559691741943358;-8.492981467459863
1478633042249;32.220277145984454;-0.7364788852819378;29.244174270039327;8.843582382202149;0.5135562652366701;-14.183400272369385
1478633042283;32.24902607389481;-0.6565701722621878;29.35106349559922;3.3300353802002967;0.042347446430590935;-5.106682503509521
1478633042317;32.21556888288525;-0.6776044902302579;29.389844050048037;7.639747859954833;0.008978256225585938;-10.83002171824351
1478633042350;32.241218704293686;-0.6684746438925953;29.274704558837215;4.277690142147802;0.16056114426765125;-6.944681190490722
1478633042384;32.2482340578044;-0.6381160567954587;29.04158950743434;5.8698341365538536;0.22819734573364256;-8.635885315118356
1478633042417;32.260480885371905;-0.6385067855479611;28.695835225725975;5.418676980413869;0.1611596946826903;-8.484152602242863
