sep=;
timestamp;gyro-alpha;gyro-beta;gyro-gamma;accel-x;accel-y;accel-z
1478633958797;17.696922534593742;-2.6598044339033238;-6.389737254852088;-1.0742483357001154;0.462829108428955;-9.730484731968447
1478633958831;17.69540230553436;-2.6661524374386945;-6.416461678634959;-1.2138602690986822;0.4553472356616548;-9.702801534956762
1478633958864;17.691700378055167;-2.6619957842988717;-6.431684680247298;-1.2439374365875497;0.4225766090005985;-9.685144288579956
1478633958899;17.689437803156785;-2.6577595757228325;-6.409158821650816;-1.2202946769271976;0.4361936161013611;-9.714473263483447
1478633958933;17.691320887882352;-2.643847352126385;-6.307260864692061;-1.2080244025520515;0.40237552564316426;-9.706841722858814
1478633958966;17.69354849853871;-2.6464169555130095;-6.190020578246748;-1.1432313109909185;0.45639469945879535;-9.73242969944445
1478633959002;17.692696646396875;-2.651992082229433;-6.04220117091855;-0.924012175817089;0.4966472160118166;-9.750536028166717
1478633959036;17.68728984807954;-2.675212649297531;-5.81502027575927;-0.6061818962981924;0.5128080863510258;-9.786149575219675
1478633959070;17.685568169017596;-2.6829129813793076;-5.786897333686035;-0.7401075881958007;0.5075707610862795;-9.771335708175785
1478633959105;17.668780986271308;-2.6861322962141223;-5.823850388384754;-0.6408978569030761;0.4607341821190239;-9.797821102816961
1478633959139;17.653379862705034;-2.686290273878634;-5.957877360084676;-0.8840589904121589;0.41793781360129356;-9.749039622446368
1478633959173;17.62176643887605;-2.673016588376882;-6.231212314619461;-1.1121066985420416;0.36915596847534177;-9.707739368101569
1478633959206;17.612831647624454;-2.6762881604501594;-6.385622224849044;-1.235707340981299;0.47180736807947393;-9.70145467094205
1478633959240;17.61868964385016;-2.6913095560456357;-6.460895889596375;-1.347037690779101;0.4439747635053587;-9.674220501476897
1478633959273;17.629761026533824;-2.754390624553935;-6.519354447667841;-1.1864765602111815;0.5629366836105473;-9.82011746653677
1478633959307;17.610633191060533;-2.9981816703099238;-6.610161123516987;-1.510591646487452;1.0277110626220702;-10.190320742974802
1478633959340;17.650567184643233;-3.191248931549996;-6.138907536178763;-0.9115923095039558;1.6949451012542471;-10.979958304949848
1478633959374;17.691083089400667;-3.2898696445324593;-5.805235932530329;-1.160140341949463;0.48677113416367207;-13.877989923095702
1478633959408;17.80918552754771;-3.2975459297094414;-5.095346665056826;-3.723282856750488;1.2267290390899404;-11.085004341180621
1478633959443;17.82100914340079;-3.3136315664692346;-4.790216542417961;-0.4914098907470703;0.8575731254135258;-12.978817269842326
1478633959475;17.933027134929002;-3.4355088973784382;-4.082704764993985;-1.0652701011657715;0.8337807464157231;-12.779949478967486
1478633959508;18.056917920086907;-3.5470889250606565;-3.4104525350361676;-0.9120411949157714;0.7261912910461426;-13.339144911956787
1478633959542;18.096131437234423;-3.5847773176370024;-3.2007074190890483;-0.321122297668457;0.9793781166076659;-13.074136423437297
1478633959575;18.223748010305247;-3.7584127775156726;-2.667247662205192;0.056114101409912104;0.740257198400097;-13.069797517450153
1478633959610;18.326649008205944;-3.9002868367062615;-2.364708067534153;0.6127660239288583;1.096843635559082;-14.16020644378662
1478633959643;18.4607509834976;-4.083585596566299;-1.8769301548102149;-0.30720599709386587;0.8710404732192866;-12.412439231872558
1478633959676;18.51681433141212;-4.157181149229561;-1.4242753544887374;-0.3321954803466797;0.6935702842933591;-12.167482328387349
1478633959709;18.654704012301586;-4.363435745858795;-1.1897973568066678;0.027682956695556638;0.6833949546371586;-12.035053341320902
1478633959743;18.69473708692646;-4.418595434883856;-1.0022518860854543;0.33743281474458053;0.601992061659228;-11.389367227227986
1478633959776;18.79967128536313;-4.576489753893539;-1.1192758866587398;-0.7838017867599614;0.9437643486465327;-8.546551592608541
1478633959809;18.90293520331381;-4.684767437457033;-1.052028682600704;-0.5125087746108882;0.616656546827685;-5.819705685424804
1478633959843;18.953631854917496;-4.754141398303371;-1.2382669096584176;-0.2859574607849121;0.49111065207216886;-4.368669841766357
1478633959877;18.991402396795554;-4.831363831039954;-1.456857019561412;-0.10414777221679687;0.39055418234560635;-3.477428273773193
1478633959910;19.020136806075396;-4.9051642908753506;-1.9260482555247045;-1.048809928219579;0.4097077956268564;-2.8260557846069334
1478633959944;19.004819073476284;-4.993639041048044;-1.786818455865802;-0.734870290330518;0.20245967788696287;-2.346317626953125
1478633959977;18.899243548355358;-5.104934462656572;-1.5791410933745984;2.0955250395843756;0.4330512252807617;-3.201945445251465
1478633960010;18.891239219124664;-5.210336917925745;-1.7206297830065422;5.434538749075494;0.18899229354858396;-5.915623681695759
1478633960044;19.033220057759056;-5.311754660322563;-2.145863378299413;1.6154876432556657;0.6416460266555659;-7.166144551794231
1478633960077;19.13823862432949;-5.41210311148044;-2.3291071201986853;-2.1607669252257793;0.9870096389659913;-10.257508100128174
1478633960110;19.228361694147143;-5.473524586577247;-2.0069270072623087;-4.37330860748291;1.5117887473175302;-11.978639818572997
1478633960143;19.253849626447813;-5.435061242823634;-1.227109600476734;-3.1377509680374525;1.4112322775909676;-12.062735859625041
1478633960177;19.20704437666053;-5.358695868450299;-0.4065839483200159;-1.196203013588721;1.2280758505890146;-10.858901410442963
1478633960211;19.18179743807555;-5.217424599132634;1.1177512548133928;2.2854151587555185;0.8915408222764838;-8.926780743762105
1478633960244;19.27894127842229;-5.156822483027488;2.009448903662399;1.8209399270873516;0.6350620086227543;-8.013393248803913
1478633960278;19.38097666471498;-5.123024893803068;2.7096715770442663;0.13078326568603516;0.7032967559372074;-8.090905235290528
1478633960312;19.48564813407916;-5.057689124790407;3.9528532556124882;-0.4649240348815918;0.7032967559372074;-8.804377256951852
1478633960345;19.533328442056533;-5.0077150763148435;4.685604879810014;-0.35090018081665036;0.7237971076522953;-8.960598915277048
1478633960379;19.558008241026165;-4.943157288955662;5.379271448275344;0.3591302490234375;0.6112695930923335;-8.637830603967235
1478633960413;19.558647988881088;-4.870248741096159;5.8396323436538164;0.419434203338623;0.506224013519287;-7.46167896535024
1478633960446;19.577035036671145;-4.804358603330765;6.233114326235811;0.886752439880371;0.29284075402524323;-6.528838289642334
1478633960480;19.591697636685673;-4.762332283502106;6.555137423659226;0.936581761932373;0.3259107009887695;-6.1818286865234375
1478633960515;19.59432808142269;-4.671305048130672;6.907648138214277;1.0280103469627444;0.2615665313720703;-5.394136340332031
1478633960548;19.601712804830456;-4.676844487092217;7.116389218699571;0.8762778076171874;0.35224691925048823;-6.021267829950154
1478633960582;19.59776040961617;-4.677074015173812;7.286149711312348;1.0320505165984855;0.5255272644042969;-7.45210245097056
1478633960616;19.568536131781883;-4.549573621123493;7.4263706795462054;1.129314959042333;0.7037456596153322;-7.4821796093262725
1478633960650;19.555089705765187;-4.511100400212311;7.553022226204129;0.8885480545928701;0.9120411675163078;-7.827991965484618
1478633960683;19.526234491765933;-4.440887604916504;7.615876052833634;0.9741408735413104;0.7995137442878912;-8.12262855341807
1478633960716;19.49071501124129;-4.389917729778728;7.631472670207474;0.8852560638427733;0.9448118301391601;-8.60984815286845
1478633960749;19.452282467641513;-4.335307225948496;7.556754483366492;1.442207279835548;0.8649053314651363;-9.717166601070517
1478633960783;19.398560398500436;-4.267701329541236;7.315761264550522;1.4318822669098152;0.9319430144821294;-10.454132057598978
1478633960817;19.357358292283536;-4.203999546279264;6.9596829993588445;1.3394061547210439;1.0996867134978994;-11.167604006195068
1478633960851;19.296983643996658;-4.0656449562816;6.587737975924289;1.407640920301806;0.9811737861190922;-11.081711875506489
1478633960884;19.222232282456897;-3.909172614246905;5.887433734093705;1.023670845037268;0.98955347366333;-11.28432104486674
1478633960918;19.16212317775301;-3.782390508961233;5.470323064275166;1.3482348098754882;0.6723217788088018;-11.291803363446146
1478633960951;19.103019388273704;-3.6885253602821697;5.085855616739256;1.2683283660003914;0.708982975746924;-11.396998452758789
1478633960984;19.042291801642072;-3.565139010714425;4.747983579469082;1.2026374214172362;0.6678326164466795;-11.35973883555308
1478633961018;18.97832122030087;-3.4235925812674872;4.467589356848666;1.214907704925537;0.49963996808701194;-10.039036942910588
1478633961052;18.7776597867765;-2.573758435926959;3.4816460104685576;-0.6600513971190899;-4.720317918340862;-13.206565702764689
1478633961086;18.517160164510976;-2.883645455083484;0.545972899148246;-6.0959369028947314;5.97188705538325;-4.989815534973144
1478633961120;18.54869036219141;-2.8862469399586326;0.32424526451233554;0.7184101630500983;-0.3607762261321768;-1.8516157089233398
1478633961154;18.48011056312286;-2.4532010520535867;0.24407665266649753;1.625812555716699;2.0611082811217756;-7.907599316815286
1478633961188;18.414951758000786;-2.877597496281943;0.20552466276471498;-1.1652280273271607;1.0305541770935058;-28.16867977283895
1478633961222;18.404472933789823;-2.6347196426197743;0.13163259366835017;-0.6352116599262458;-1.154304438870214;0.08334756077229977
1478633961256;18.39979495915603;-2.6429656523577427;0.24630865009980596;1.4468460364189464;0.10564414825439453;-10.160692716626077
1478633961290;18.422725933268644;-2.714600677555269;0.4374796890120968;-2.7081414807084014;0.026036943054199218;-10.366594059399516
1478633961323;18.448490274881404;-2.7239110915026994;0.5548929415188154;-0.4923077072364743;1.0474632263183594;-10.319308430480957
1478633961356;18.451813130380792;-2.732488174490631;0.6327109132933096;-0.10429741895371115;0.6471826179946772;-12.898462461145222
1478633961390;18.477624811198794;-2.7120376825414536;0.9100057117277811;-0.1882441237960942;0.9283516937255859;-11.361683978271484
