sep=;
timestamp;gyro-alpha;gyro-beta;gyro-gamma;accel-x;accel-y;accel-z
1478633940842;16.837774392081993;-2.2357959258656286;7.018710364497971;1.0396821074554696;0.36092589113540013;-9.724947601345104
1478633940873;16.867078160371822;-2.216590538493369;6.95840444659334;1.3976151825835927;0.39638999980153167;-9.556306161045748
1478633940906;16.880849934781622;-2.224864637600077;6.91486811406827;0.8937854255233891;1.383399610226415;-9.720458460531518
1478633940940;16.92184053338834;-2.2381084113964675;6.7387706275341905;1.2500725509422366;0.32336685259169895;-10.203937655319086
1478633940973;16.93377474048987;-2.236342329236163;6.610582146913796;1.026364351587696;0.2445078354103025;-9.493757843603566
1478633941007;16.9481756945778;-2.235764236275726;6.432769059312176;1.0820295276282412;0.22655133209228515;-9.942221869935747
1478633941040;16.94856873806252;-2.2337565929888825;6.429728443559685;1.073500185355579;0.39040450478429556;-9.778368447223631
1478633941073;16.958512269532502;-2.246150358480866;6.342371793896943;1.086817903263679;0.29897595057832077;-9.633968159595458
1478633941107;16.954847153889695;-2.2496474516266836;6.258819511253221;1.0500070530241878;0.42601825333747545;-9.702801471024681
1478633941140;16.944666862244606;-2.247507389766606;6.174343902742214;1.0357914920834532;0.36212298511561236;-9.73871451818909
1478633941173;16.932879506290238;-2.238071010193128;6.075091237877261;1.0076596168683958;0.3488052497974364;-9.715670355180372
1478633941207;16.919787958591918;-2.2548379273049153;6.004636005084963;0.9744400665504391;0.3779845825305907;-9.744999498333693
1478633941242;16.908626650252483;-2.3009645587032286;5.909766467340493;0.7128735077789052;0.45729250339011196;-9.739762248560178
1478633941274;16.892991163943837;-2.399044445020239;5.765475146585849;0.6253355826446786;0.41180267541478166;-9.80665013243074
1478633941308;16.860137117466174;-2.5258492351290096;5.750455547508668;0.9466074699678342;1.0893617188384757;-9.909600470457319
1478633941343;16.741436470850772;-2.733923685620341;5.311281995001349;3.082085797705129;0.6058826484901364;-11.026345962115377
1478633941376;16.78091379398074;-2.8971304670590463;5.679393212275142;2.5974095260620116;0.965910732269287;-14.888941574096679
1478633941409;16.789714259573497;-2.9471691189414635;6.077862662532282;1.1917138580764643;1.050156703186035;-13.899837305505573
1478633941442;16.82206753290646;-2.99771654856757;6.84153909238721;1.5267525076935067;0.27727847976684566;-12.931681716918945
1478633941476;16.840751619960653;-3.062994084175538;7.302085164280152;2.371905730261281;1.207276187133789;-14.357578443145751
1478633941510;16.88048291955845;-3.1065640070080427;7.787291273514434;2.262071729101613;0.8469488372802734;-13.519308586883545
1478633941542;16.92684500298111;-3.1604551517238444;8.245538976928461;2.1923406057495622;1.124825867462158;-12.702137632751464
1478633941576;16.976707140728937;-3.254991618765006;8.62265359995503;2.177077570166066;1.1860276839325203;-13.469778540039062
1478633941609;17.05845037476247;-3.315006097063883;9.151990386755719;2.5788545362610367;0.6028899238144048;-13.350217802374065
1478633941642;17.11726348433878;-3.3629283069738323;9.4494996641391;2.1152771667480468;0.6992565223693847;-12.552649374334514
1478633941675;17.168537388108184;-3.406408447490626;9.630456113621214;1.83680164095005;0.4881178817306645;-12.202647019140421
1478633941709;17.211161294351218;-3.4552582377655963;9.636782365634796;1.9758149565765633;0.6935703025596681;-12.122291918182372
1478633941743;17.24364610385337;-3.4386970297237616;9.509128050669698;1.5135843802963382;0.7640495865310541;-11.038466900280863
1478633941776;17.274913858495;-3.4378513947077747;9.22874533513049;1.0045172705719247;0.41090487819062543;-9.661501786859867
1478633941809;17.284597271060765;-3.40415970208592;8.568259078856386;0.4574420816283673;0.26396073303222656;-6.4828995452880855
1478633941842;17.27517631087213;-3.4017834698;8.147657522028693;-0.10429740982055663;0.2201169151306152;-4.543596200561523
1478633941876;17.26196938408056;-3.4015779314250323;7.668764883297654;-0.10983400115966796;0.19767127456665037;-3.601178572082519
1478633941909;17.23322878454773;-3.4345564773211668;6.997900166088063;-0.395192911529541;0.23792378997802732;-2.6020482917785643
1478633941942;17.205852780657914;-3.462340303575253;6.562283656803649;-0.5689222425598651;0.21188684692382811;-2.699761647033691
1478633941976;17.15793769119846;-3.5187189802934022;6.236591469961485;-0.7574656232971697;0.3350385948181152;-3.4620156005859375
1478633942009;16.88325054082868;-3.6027813099173454;5.948322292902392;3.788973764801025;0.24031795510556547;-5.236119030761718
1478633942042;16.76596418984512;-3.6397292607067766;5.828550612806544;6.638073667321726;0.14888945227358488;-5.831676693725585
1478633942076;16.945525901353815;-3.754228447555907;4.829517159550871;3.171718722357228;0.7044938019683584;-9.527426249650587
1478633942109;16.951022290401653;-3.791753214360771;4.642306976327114;0.7893383487017316;0.8119336197341792;-10.70567294258438
1478633942144;16.957591014452902;-3.656968074323428;4.387242856923672;-0.8074445829529314;0.41793779076840726;-9.962422763780225
1478633942177;16.945406858963224;-3.5781936961349454;4.286491830517447;-1.2375030561584979;0.6006453494832094;-8.84971767008677
1478633942211;16.88804768282284;-3.48403741533233;4.020064248509825;-0.6364086557250469;0.347907410475146;-7.86046347163096
1478633942244;16.847932961415474;-3.405240437951687;4.096121569166961;-0.3253121505737305;0.46402620925903315;-7.322515847723186
1478633942277;16.822527378101064;-3.2811733020741563;4.216239274444583;0.8387188056061043;0.4680664428268559;-7.119158928735554
1478633942311;16.775484940322297;-3.205376666198677;4.106005999763089;0.5575497298751957;0.6708253776550293;-6.545298133794963
1478633942345;16.751229373928336;-3.0959588476565414;4.047442827169787;0.37618897238466886;0.5101145775173092;-5.994033493804931
1478633942379;16.713960793417748;-3.0146070893575154;3.911462270152875;0.9660603516067378;0.4767453873123042;-6.472424913024902
1478633942413;16.681628102526574;-2.916546915236572;3.7926174831479917;0.4305073860168457;0.4143465339439455;-6.538115821075439
1478633942447;16.64768699946719;-2.7678602295516006;3.5853160015974224;0.8860042701278813;0.5780500450576656;-7.890241062518209
1478633942481;16.611445461567598;-2.592781123905614;3.4007535883982047;0.6817489318626466;0.5189432052722899;-8.070255099841207
1478633942515;16.591700151767654;-2.5518199236315318;3.3819993536517687;0.3419219063247554;0.594959112548828;-8.389731529998778
1478633942549;16.573966618854183;-2.3684242230459596;3.423464173836815;0.42272623062133785;0.4545990356555907;-8.91436089571528
1478633942583;16.564770159253747;-2.2194924246659276;3.5646932691939908;0.5223848747253418;0.6138134688888676;-9.236381055538915
1478633942617;16.564716676063714;-2.1369162846752423;3.6957945368415515;0.47524901127470653;0.5036801651222166;-9.157073015948384
1478633942651;16.59404077300859;-2.0406891945184342;4.162780187339694;0.7932289740631356;0.26351182022094727;-9.704447589697315
1478633942686;16.635453661759957;-2.0069021374474145;4.513273209585231;0.9350853676284663;0.4305073951500002;-10.412233309350535
1478633942720;16.680513706260008;-1.9502544083953282;4.915090738138492;0.968454553266894;0.4650736907516606;-10.630105879620462
1478633942754;16.787548332057238;-1.9749951141607494;5.785514590360109;1.1010334884643553;0.5593453628540038;-11.002853004455567
1478633942788;16.820630121944713;-1.9807829289146297;6.073615789971063;0.4786906944274902;0.6405985816955566;-10.785130217919871
1478633942823;16.962705790073443;-1.978026320349195;7.2566683605813544;1.9467851518493144;0.6549637916564941;-12.216264333343505
1478633942856;17.115206819919205;-1.9718349817171152;8.509851799713385;2.2324434835571796;0.621145693206787;-11.986121698760986
1478633942889;17.265768515028956;-2.4156923798700274;9.46758223507311;-2.026392430114746;7.477091675070114;-8.257900654955954
1478633942923;17.324281132986417;-2.943858259815517;10.018048364802302;1.9182044791290536;-1.8017864234039558;2.9361896454960106
1478633942956;17.39132210745903;-2.678750235528649;9.739184294216903;-2.000355487060547;1.3691840744018553;1.223885961151123
1478633942989;17.42401783178216;-2.489179371413325;9.77737985269598;0.09217676391601562;0.31932665555649437;-4.606892906951904
1478633943023;17.498802709613024;-2.1422024771051125;10.23802093812744;0.45400048980712887;-0.6151602255890145;-4.192845657348633
1478633943056;17.602481387700642;-2.803342971639137;10.402428133444394;-0.36391865234375;-1.6949450647216289;-1.4698901817321777
1478633943090;17.640548322635755;-2.4499131302216046;10.354781122755277;4.818181203460693;2.9330468174256383;-14.244452414703368
1478633943123;17.64938993126248;-2.6060252832879907;10.187685553560021;-0.6576572685241698;-4.6896424287658185;0.9446616080135106
1478633943156;17.752808124380905;-2.716686761011907;9.883020249524193;1.6846201408441526;-2.2164322964875027;-12.912228828430175
1478633943190;17.773924969691645;-2.4959704970432814;10.175291698380363;-1.7699135772705077;-1.382651385674998;-2.0274398933410644
