sep=;
timestamp;gyro-alpha;gyro-beta;gyro-gamma;accel-x;accel-y;accel-z
1478633723135;23.47628501923029;-2.434763470141576;-0.5936221405221226;-0.26156652223891574;0.5422866760253906;-9.79408071099765
1478633723169;23.49115093301943;-2.4744955753235787;-0.24459765246880188;-0.14709375992927234;0.5508160011733881;-9.774627454613999
1478633723203;23.507682221548144;-2.5174636243513806;0.1520860247482614;-0.00613514175415039;0.601992079925537;-9.794978309575693
1478633723237;23.530441812612153;-2.5553197701290804;0.5956526365794986;0.1879448303222656;0.5734113067405764;-9.802909235148407
1478633723271;23.58387987594322;-2.567767335405921;1.4610982480430865;0.5352537086486816;0.38411971971816383;-9.804854239157027
1478633723304;23.61139985376484;-2.557232122197681;1.8430960120277615;0.6979097839355468;0.34057517702407203;-9.788393965175313
1478633723338;23.63364371580914;-2.5563025775516004;2.118460471341157;0.8532336166381835;0.3004723266159184;-9.784952332825702
1478633723372;23.649276851822847;-2.5600520227048333;2.3177246133091876;0.9190741622924804;0.2802712501083501;-9.7970729673138
1478633723406;23.68380738086105;-2.5671092680315275;2.4134067914340256;0.9466074813842773;0.30960019304580055;-9.789441810567066
1478633723439;23.737991668921484;-2.547925779178625;2.5301292907805526;0.8448539108276367;0.3489549102340825;-9.790938259955311
1478633723473;23.803804119911906;-2.5299184127255745;2.5797073120973972;0.20006545796049757;0.371699794039526;-9.766397199177543
1478633723506;23.918941172679023;-2.511567150676607;2.601417841604782;0.5855319617782719;0.6223427757705562;-9.829993744747735
1478633723540;23.99219487804009;-2.512729841072315;2.5136702838232607;0.6147112945114263;0.4643254684835323;-9.824756120372179
1478633723573;24.118719057568132;-2.510463572435889;2.1737941859194923;0.8750807067871094;0.47165772705078124;-9.8614173173103
1478633723607;24.191776491699105;-2.5392087168730706;1.8567561936080372;0.43739072492294945;0.4756979560520267;-9.840468130415747
1478633723640;24.263400175784227;-2.5447359758900734;1.5589670870634624;0.43245267486572264;0.44427405298343214;-9.793182364660415
1478633723673;24.325355398792052;-2.544859884281564;1.264354504838346;0.3886088569641113;0.4580407142417971;-9.783605819295794
1478633723707;24.408946070655897;-2.555052338659808;0.774130317145678;0.16325462341861566;0.4216787685366638;-9.834931438611935
1478633723743;24.447745840116145;-2.5536464701672505;0.6284480923755126;0.09023147278385003;0.3929483520397218;-9.852439074784447
1478633723777;24.486898539412287;-2.532770828718274;0.2124127107852678;-0.21487959443244617;0.3525461944580078;-9.780762508461537
1478633723811;24.46419965301375;-2.5142598625150137;0.10408398063373452;-0.18749592321920788;0.31483752744370136;-9.763105167328252
1478633723845;24.43670199048121;-2.468148772059632;0.033504224583749104;-0.25258827742977297;0.2678513289962895;-9.847500965361716
1478633723879;24.40118258297903;-2.4088535613729034;-0.035467437159657556;-0.23238719978056033;0.2582744858230464;-9.802011492865883
1478633723913;24.339093700360365;-2.3427756087874636;-0.07952822024107628;-0.23268648183794574;0.2952350013511721;-9.811887489661528
1478633723947;24.309534346623472;-2.343926074531245;-0.08584380075557395;-0.2611176242690126;0.44367548144797325;-9.767744070042122
1478633723982;24.271974958957916;-2.3745396925860836;0.02757478793255567;-0.10609306220731814;0.4730044609180418;-9.808744852245756
1478633724016;24.265628833144433;-2.4130312965695855;0.13047771730753807;-0.1143231269891723;0.47764323120117186;-9.806201177949443
1478633724049;24.26926434664557;-2.447559200969763;0.2674082220851367;-0.03366845627937;0.4584896316196536;-9.818172077223192
1478633724082;24.27657210399118;-2.478843803212368;0.4499530054778136;0.09546879234037478;0.40596681329202255;-9.803507594908845
1478633724116;24.30515448521875;-2.5108823599081456;0.7799718963958413;0.2237082176208496;0.4147954319138487;-9.805153340834611
1478633724149;24.341847453828954;-2.561070642352578;1.1231906702092975;0.35030163040161133;0.45878888856086414;-9.788394267711057
1478633724182;24.362395462457954;-2.6162296979177238;1.3434848011735967;0.27234044797592794;0.5246294387817383;-9.79138721500743
1478633724215;24.368610767445038;-2.682996866281216;1.5528565474771205;0.2781763099559815;0.5343558693263912;-9.837175879370747
1478633724248;24.382939664474602;-2.81358969375549;1.8433606644310931;0.4996399589538574;0.9460089309692382;-9.698761433819682
1478633724282;24.450295605662344;-2.845581953076926;1.9922188042951459;-0.9624691404480487;0.3435679290992673;-9.125799122088775
1478633724315;24.46198212457926;-2.926018839151226;2.184211736333862;0.8295908752441405;0.6513724982994142;-9.909750482520414
1478633724348;24.471724864945124;-2.954671945536796;2.3816475006198106;0.9117419197082519;0.45010990297622044;-10.477026610974221
1478633724382;24.484948440739707;-2.9663645194795087;2.3416320324430964;0.42003276060352795;0.34611177749633787;-10.932972097369284
1478633724416;24.53255364875054;-2.9010203545671223;2.2488277885282035;0.9629179801940917;0.2174234199966304;-11.89469326899424
1478633724449;24.546173502964304;-2.901323214253893;2.4029584740162107;0.6549637916564941;0.20635023731840774;-13.281684072113036
1478633724482;24.565576358222533;-2.908611707005068;2.6646627689167937;0.7511807708740234;0.2121861403976567;-13.437905438177287
1478633724515;24.58867103268851;-2.8741835404505958;2.970766361947883;0.8438064476013183;0.4026747825843747;-14.01700354924947
1478633724549;24.625422396197045;-2.7768828318782806;3.5381584773632313;0.1632546257019043;0.7333739142929203;-13.054234622137248
1478633724583;24.632786800062814;-2.7206081918674614;4.108991315896515;0.8623614922012202;0.5083189536716556;-13.267019294683635
1478633724616;24.630860651234894;-2.673894624715691;4.732083688172698;1.2789525993347166;0.5092167564613279;-13.22197866821289
1478633724649;24.61881486202738;-2.585341276459459;5.175526678897466;1.234061281674169;0.7202057686294429;-12.54202510446757
1478633724683;24.617548350793932;-2.536230710674032;5.755012849404189;1.2159551681518554;0.8176198669433593;-12.520776856994628
1478633724716;24.606606156363007;-2.3997416116867405;6.6597393899939545;1.7401357306549325;0.6905775596176273;-12.133814159802347
1478633724749;24.582214991582198;-2.319140164380343;7.209145688962486;1.8168998579163103;0.7332242584228515;-11.53107389185801
1478633724782;24.553643882333798;-2.235589058656243;7.735615652652382;1.9083283242156728;0.5292682136314455;-10.638185944897309
1478633724815;24.510829352139776;-2.1482454209212354;8.418849515116637;1.7739537560394032;0.4923077163696289;-9.505429394033737
1478633724848;24.47586414753422;-2.1138189550897115;8.81605792862045;1.4414590096183586;0.33219548719654557;-8.345588144628703
1478633724882;24.43269932337344;-2.0934592588107512;9.118977623141417;1.2424409874847158;0.22071545641249976;-7.616254902295022
1478633724915;24.38928009390265;-2.0892136707990465;9.394441278513451;1.1016320754120126;0.2352303313766606;-6.932111339513957
1478633724948;24.31094472892047;-2.0982076658664095;9.993961185732251;0.670975015258789;0.117465518951416;-4.713584518432617
1478633724982;24.289301586282676;-2.117210495073641;10.213999560554818;0.6551134292602538;0.12210430293427779;-4.415656049346923
1478633725016;24.237629998375066;-2.19169914489771;10.860143963966749;0.32396541213989255;0.10384847874296828;-3.3156700241088863
1478633725050;24.203093522381444;-2.258116177714522;11.32078702737305;0.25303718795776364;0.10489596023559569;-3.106626291656494
1478633725082;24.12068725113922;-2.3253639909456156;11.805221918937594;0.8158242156982422;0.14095864100800826;-3.014599165344238
1478633725115;24.03154741933066;-2.4493430520065393;12.436949441912514;2.0398598327194337;0.232985730787646;-3.4497453170776367
1478633725148;23.981282836046898;-2.6220764622084825;13.172195957113395;2.907309003448486;0.21083938369750976;-5.6061725325986735
1478633725182;24.006214744310594;-2.8746777208390046;14.210182124536875;2.4389433059637082;0.5829881225143559;-10.335618783160298
1478633725215;23.994325319700835;-2.9929701569202742;15.121581894506502;2.17707749710083;0.8252513847351074;-12.746879276275633
1478633725248;23.956983671511463;-3.0421088679475203;16.376475285054816;2.033126049218699;0.7003040038620121;-12.972083869934082
1478633725282;23.892802642291397;-3.0418316228256606;17.72444878063335;3.5013702173095194;0.1240495735168457;-11.225812887927145
1478633725315;23.929626892123082;-3.0888903131698595;19.41448340900977;3.5853170591492205;0.20769699401855468;-8.727313927548192
1478633725348;23.966412976440843;-3.1586404570985773;20.4333001652841;3.0084639870574694;0.17073650588989256;-8.309376355975493
1478633725382;24.031326900166448;-3.2256169590189527;21.277733952199377;2.7775733471192416;0.1623568000793457;-8.044367940521239
1478633725415;24.110926360293966;-3.2596644220269226;21.610427870926518;2.397792889581248;0.5044283668407471;-7.6050322281435125
1478633725449;24.2261856055129;-3.2908149529321697;21.581270865524857;2.6800095564026383;0.613214891074365;-7.004835361071676
1478633725482;24.53176619813881;-3.2251260220100115;20.633102346774315;1.372027188873291;0.4924573676731204;-4.590881391088664
1478633725515;24.533173079804488;-3.2533628013600526;20.845599488243117;1.7440262718200683;0.30092122116088865;-3.8142625198364257
1478633725548;24.506305819715728;-3.305025697353584;20.945459155090987;1.2955622272215783;0.06688800888061523;-3.084779201507568
1478633725582;24.4961872497101;-3.455281957949939;21.159144269636357;1.8511667961120604;0.349254185441602;-4.89329957280904
1478633725616;24.489264067888037;-3.4958547401397455;21.2325497400811;1.7721581413269043;0.4242226066589355;-5.673060833740234
1478633725649;24.4746836359255;-3.56825438588447;21.333030725336123;2.851344539642334;0.5469254463085206;-7.696011745098978
1478633725682;24.4585751885276;-3.557277851596247;21.374916322328527;3.4317888228927735;0.7233481674415525;-8.975562547788861
1478633725715;24.4522041195644;-3.5484524097132755;21.38311311015653;3.606266220927599;0.8538321670532226;-9.152583915235056
1478633725748;24.45046721881726;-3.5178228507642837;21.345268727475826;3.8633436538696286;0.8131307570968754;-10.1180457072936
1478633725782;24.443671283661693;-3.4611893278813537;21.272144182537147;3.9854479750702154;0.6717232124107424;-9.734973514733836
1478633725816;24.45448442764016;-3.428742883871135;21.144481733117747;4.131943189151026;0.671274281333154;-10.400262227984518
1478633725849;24.452066120078538;-3.4154722546709833;21.060966610054663;4.182670300292968;0.7187094108581542;-10.519224561364949
1478633725884;24.46200125470275;-3.368634620239513;20.795862016377203;4.463091242804006;0.8405144020522944;-10.859200612585246
1478633725915;24.466849947972587;-3.346508188972933;20.70283496652527;4.320636244024708;0.7266402038574218;-10.693701568957417
1478633725949;24.487495508320592;-3.306413451360595;20.415605217631924;4.343231302996725;0.6865373077834956;-10.644321159716695
1478633725982;24.528939218260852;-3.2926460743189763;20.24679374777559;4.119971998187154;0.5445312366568541;-10.442609815979003
1478633726015;24.53928075932255;-3.3016336787206417;20.209682373325194;4.227860783563181;0.5767033226068481;-10.510245866747946
1478633726048;24.585228861726076;-3.2922000366267103;20.136460045206793;4.156034660693257;0.42018240049057637;-9.720907653045654
1478633726082;24.59334088273604;-3.4725681502305936;19.936045064089164;4.367921580682322;0.536450814045337;-10.4789718998231
1478633726115;24.622034724602976;-2.3975234053943577;19.465067969231765;5.6513635273255405;-6.942885356582514;-11.867758646447957
1478633726148;24.54273063205484;-2.741909786322233;15.256475572002147;-4.070292752130329;-0.9012673239776864;-2.3198317710876464
1478633726182;24.569517255448986;-2.90222215826702;14.708864203027561;0.7936777042113244;0.6584054748092778;-2.3120506156921383
1478633726215;24.54512960446022;-2.8147583674846546;14.443540664484118;5.4501008041381835;4.7240591141631825;-26.013300312805175
1478633726248;24.60402824346358;-2.9098509672003776;13.842263649457411;0.8054992210388183;0.2790741310119629;-0.8942343200683593
1478633726282;24.601628071080142;-2.832730543183814;13.441181049646032;8.235754143469036;1.623568000793457;-26.24000069797933
1478633726315;24.63074012765105;-2.7763557545665125;12.98235465163952;0.6771101570129394;0.4580407005420653;-2.6493337745666503
1478633726349;24.631141148008997;-2.8801486556701534;12.472904867374995;3.5104981842041014;1.185578734588623;-16.74115583343506
1478633726382;24.64136153385974;-2.7828826732233383;11.983190239278434;0.838120145593211;-0.07257423782348632;-5.014805014801025
1478633726415;24.652340099226688;-2.83708267649458;11.528152541617263;2.479794406039454;0.9576806640625;-13.684807776641845
1478633726448;24.648001942372666;-2.8173477915476384;11.125159781239459;1.3320740217346698;0.3173813393081538;-7.008277464349567
