sep=;
timestamp;gyro-alpha;gyro-beta;gyro-gamma;accel-x;accel-y;accel-z
1478633922274;18.357351669056236;-2.5842374067662552;15.7760867614608;2.746747790682176;0.4598363597786927;-9.428665557463543
1478633922307;18.359019613247185;-2.5802355475853007;15.817909396922655;2.7462990011684827;0.42033203124447027;-9.39484725508762
1478633922340;18.36213171469581;-2.568059235401648;15.889240313973122;2.783558796470705;0.4273649803548702;-9.420285703952763
1478633922374;18.365630668903595;-2.5607869642659034;15.950386745371256;2.809446138453763;0.4261678818080807;-9.408314453337976
1478633922407;18.371626708142802;-2.553319002997368;16.001962704490136;2.831143335270602;0.43335049306759316;-9.3762924753492
1478633922440;18.37730132269256;-2.562162091143925;16.007090681953546;2.792836364436429;0.45983637462006877;-9.384372711872693
1478633922473;18.378935697289332;-2.563961124437516;15.989751591064305;2.7781716874717266;0.45370122487440817;-9.40606999773779
1478633922507;18.379726108196525;-2.5640807288800005;15.918753829529214;2.7316344109687485;0.40297408519135786;-9.416544542379771
1478633922540;18.377655785492504;-2.5618791779371235;15.847334986172154;2.656965416797629;0.43080664752463343;-9.415497502418082
1478633922574;18.372622991859647;-2.5579353616727394;15.76493314243045;2.614917052636668;0.4284124698390078;-9.468917937447364
1478633922607;18.366389104718287;-2.545169477118522;15.683186475113175;2.5659856475387697;0.38726212766342794;-9.438691282480963
1478633922641;18.361083438375204;-2.537148696185684;15.605468764406636;2.4862287682021966;0.4258686305750918;-9.459341251821035
1478633922673;18.358541809506413;-2.529447833950634;15.553269057869208;2.470965878749173;0.40880994032154555;-9.453804582850111
1478633922706;18.363086485683144;-2.5449466720406946;15.48841510451119;2.3335983758346175;0.40940848617000736;-9.49824691691743
1478633922740;18.369483207177524;-2.545507565784501;15.528612750004191;2.5085247985618655;0.33967735140151345;-9.471761154666787
1478633922773;18.375151333547752;-2.561743894053813;15.619517155950135;2.8652606906615197;0.2983773727638181;-9.505578999671457
1478633922806;18.360911708994895;-2.62729656885077;15.23984710782201;2.886808651733398;0.2527379127502441;-9.521291226627444
1478633922839;18.347444596575993;-2.712399668019953;15.280676319951597;2.2752398016998545;0.5012859634620603;-9.28112297305772
1478633922873;18.342810012095093;-2.7461651009622674;15.83514181129426;3.3803133958678693;-0.14814119118954985;-12.187832896368205
1478633922906;18.39697934172264;-2.8336966124481218;16.186375445234898;4.950909757995605;0.7410054138183594;-11.18615921519175
1478633922939;18.403410528057556;-2.9312794269015785;16.426754468368326;5.149329220581055;0.7941267631530762;-11.614122908075153
1478633922973;18.468048992246885;-2.995989428403636;17.012340628758174;3.781491811547801;1.034893667602539;-11.80535961954966
1478633923007;18.555725187203333;-3.007282264026903;17.558162162263667;4.015375313159078;0.9044096771240234;-12.610260144042968
1478633923040;18.62296061404349;-3.0222847865483167;18.25913272676263;3.4054525132995095;0.8536825294494629;-11.943624327032268
1478633923073;18.74635425622066;-3.0666531502794476;19.31829053551991;4.837783729553222;0.6127659782630857;-12.657994539642333
1478633923106;18.83391166155829;-3.112014666202975;19.915096972826177;5.581931386920064;0.8399158699035644;-13.397204302215576
1478633923140;18.941845275728117;-3.181031946042645;20.594005733248537;5.47778376083374;1.0369885940551757;-13.07443599090576
1478633923173;19.041055500475398;-3.251730421742532;21.203859397241004;5.302258705493062;0.8728361427307129;-12.475885575866698
1478633923206;19.149516053690267;-3.3216364291315763;21.74659325000949;4.830601270703226;0.8485948509216308;-12.15266805948466
1478633923240;19.30187004590378;-3.4380377552284753;22.5311216602371;4.988917563220113;0.773776030775439;-11.996596623285114
1478633923273;19.397527988737902;-3.4930584987136086;22.95139036076875;4.555716773400828;0.6365583800937747;-11.263371926470846
1478633923306;19.4963290935344;-3.55716618857616;23.29961258189566;4.0860043717315415;0.5767033203235594;-10.348038850402832
1478633923340;19.619538859058046;-3.6273850000263743;23.651380683887307;3.2674867887634784;0.8557774741684087;-8.701875699305813
1478633923373;19.684197341491128;-3.652467547564438;23.67079212959599;2.8488007003784177;0.4327519318069331;-7.374589879962056
1478633923407;19.748696803011764;-3.67539534108802;23.661830230880586;1.9876361446104942;0.5437830703292973;-5.825990172521769
1478633923440;19.793408747160104;-3.68501201540425;23.538666166844685;1.5423146358214317;0.2862567725250497;-4.389619398553669
1478633923473;19.82312002799016;-3.7190599807922613;23.25365296221454;0.8658031753540039;0.1701379554748535;-3.113659259033203
1478633923506;19.859600683240227;-3.7658201175139463;23.087034954381608;0.54902036819458;0.16160861206054686;-2.4187422271728516
1478633923540;19.873171939850902;-3.828562302845878;22.98689934919354;0.1236006607055664;0.3719991194793954;-2.3609821121215817
1478633923573;19.78850864812182;-3.8993367430321784;23.944338387261144;3.055300739697367;-0.015113397979736327;-3.3452982696533202
1478633923606;19.812964605163437;-3.9897581889324196;25.449137630440458;6.55682052154541;0.21338322296142576;-1.5140332748413086
1478633923640;20.02246824412352;-4.09296300738404;26.203543497518847;4.0300399992569345;0.2410661796569824;-4.501398104040325
1478633923673;20.124151515391407;-4.220805020577657;26.409539681303823;1.0938508834838867;0.7631518157074227;-7.874977953869476
1478633923706;20.165238644510822;-4.263769485598355;26.675842116896348;2.666541952868551;1.04701431350708;-12.483517385919392
1478633923740;20.184516198989662;-4.235395205079593;27.374342250616664;2.6645968101501465;1.259799022586085;-12.308291167394817
1478633923773;20.07588034537483;-4.092622199274565;28.644114090020782;4.204367679772898;0.7164648547932679;-7.596203390325978
1478633923807;20.025544832666544;-4.013782643092256;29.432189092271148;5.816263947473094;0.47554830474853516;-6.110301619665324
1478633923840;20.09211215991645;-3.9821573703115787;30.068351368636673;5.854720957769826;0.49754505076752975;-6.752696290997416
1478633923873;20.16605506069382;-3.9435837559901206;30.41907335031564;5.4035633632384235;0.6186018219768302;-8.277054341302438
1478633923907;20.197138655073932;-3.89217706383425;30.627267532141897;4.846762122776126;0.5901707411945565;-8.830264489337056
1478633923940;20.19686713533027;-3.8098619186749216;30.94601526152656;4.3022305265013125;0.6567594160729698;-8.673444390194677
1478633923973;20.182433544078055;-3.7842849472498616;30.94961186984608;4.093935420459136;0.5719149398361333;-8.289474317213427
1478633924007;20.12669072567778;-3.688921387464245;30.792519505175115;3.6721067962646483;0.34177232351992276;-6.883479118292033
1478633924040;20.068012576045515;-3.654843849135223;30.539324374408324;3.3563715984620153;0.3015197350433096;-5.93747047958374
1478633924073;20.002330059038925;-3.6135793397247835;30.121993898779788;3.413533309228718;0.4032733421325683;-5.605873841913044
1478633924106;19.881350043834075;-3.5546935070362204;29.005955190504896;2.868403226470947;0.3012204963684082;-4.689942069299518
1478633924140;19.83865797271279;-3.542314566098269;28.67180728295461;2.8104934738159177;0.31154550929414104;-4.6481928855896
1478633924173;19.731700106297794;-3.523257685715546;27.77110630676678;3.0771478298462926;0.3851671920776367;-5.367501139123737
1478633924207;19.644525427314225;-3.5018763200526584;26.97995416548797;3.2652420785766094;0.37768531188964843;-5.966200899505615
1478633924240;19.55847813407862;-3.4605312995096775;26.259841144044078;3.3517327596802264;0.321720829817187;-6.293009426116943
1478633924273;19.465008244664123;-3.4649199247636835;25.451401833163768;3.281402939782664;0.397736750793457;-6.927024099377542
1478633924306;19.327421755588606;-3.482608650665348;24.402669239506622;4.053682628769835;0.6781576293724123;-8.723423569046147
1478633924340;19.220510747118375;-3.553047413079394;23.634269548538576;4.200327427938767;0.7638999489272944;-9.429114398779348
1478633924373;19.075457496469152;-3.494768350833292;22.658560116530733;4.491671805926412;0.9932944137573242;-9.84735135515742
1478633924407;18.996870755479353;-3.466222438750534;22.047294851653646;4.247912258999608;1.0488099647521971;-10.056544798278807
1478633924440;18.952589930691214;-3.4449897100671696;21.7732133480027;4.431966621221974;1.0535983680725096;-10.632200659942626
1478633924473;18.82361603394774;-3.3238689605089595;21.022025661137473;4.648492087731882;0.8991723609924316;-10.787075579833983
1478633924507;18.746265112464435;-3.244762635430536;20.57636081031023;4.474164352416992;0.9395745140075683;-10.734104160363971
1478633924540;18.676539454061405;-3.15768664674893;20.215011088931472;5.293130957794189;0.8295908935104497;-11.463437402697652
1478633924573;18.63331100440303;-3.05349242734517;19.90758749153291;4.469824788842723;0.8016086433410644;-11.034426392718403
1478633924606;18.564679988605363;-2.8779632872249077;19.570433283932594;4.0798691934447735;0.3998316681129392;-9.995792223413288
1478633924640;18.52387847215373;-3.1468627889910357;19.395872540078226;28.00946682374328;2.987065882785059;-65.64272298856079
1478633924673;18.583323027020057;-2.650693204617497;17.93330546862417;-4.426729524286091;-0.6965630089690908;12.831872266167402
1478633924706;18.39076154668799;-2.874892884381831;15.577780673186284;-2.123357597351074;0.680551803633105;-4.386177441406249
1478633924740;18.433789982417924;-2.8064292338411736;14.85145446104793;2.473509676913894;4.898237321472168;-25.55077047958374
1478633924773;18.467608491771376;-2.4496531229300134;14.972415553197584;0.24001871643066405;-1.3136685599396005;1.6394295867919921
1478633924806;18.546461358592012;-2.5786213571083154;14.897579573024828;1.452981132507324;-0.48677112503051756;-10.857554745074362
1478633924840;18.52202873069798;-2.5932719077805158;14.693248370812457;3.1389480140686032;-0.48138420782778407;-4.590283425195515
1478633924873;18.56729322272618;-2.597416759230728;14.453225918534923;2.8969840818542987;-0.22834698333740233;-13.475315131378172
1478633924906;18.620741215717153;-2.670671694487159;14.08965212348579;4.121019607543945;1.4739304335663095;-12.567463789367675
1478633924939;18.631417790266646;-2.5659667880868966;14.125549534003138;1.9455881971497087;-0.4644751220703125;-6.4369608009338375
1478633924973;18.678362197753486;-2.639353211285394;13.945146681610984;2.805106520080566;1.1375451003143564;-12.501623243713379
1478633925007;18.685260654868195;-2.6340498959903824;14.022955006175993;2.349310356195434;0.1044470474243164;-7.420379425103962
