sep=,
timestamp,gyro-alpha,gyro-beta,gyro-gamma,accel-x,accel-y,accel-z
1478633700501,23.244023575571354,-2.2317205544094043,1.164143728762844,0.20844517861242057,0.39249942324542203,-9.793930590763754
1478633700535,23.23964677966588,-2.230290237596895,1.0845403570316714,0.1874959239327356,0.3898059486610349,-9.796325181867328
1478633700569,23.236415814016727,-2.2298028994263555,0.9990519683629724,0.13332711179981707,0.3848679254324495,-9.790938028201516
1478633700609,23.23019120934339,-2.222610577713656,0.8832572850354711,0.10175356599006335,0.3645172187418095,-9.802011027931236
1478633700644,23.226859301597354,-2.222004527687284,0.8228812944855836,0.06703764191779774,0.39369652407550015,-9.791536456460612
1478633700678,23.222376972711725,-2.2212395243582868,0.7748059417426862,0.07092822418212891,0.38382045706873175,-9.799317728375193
1478633700712,23.218348994260946,-2.223565622755137,0.7453818194627829,0.036361937713623046,0.3901052455597964,-9.790189951493037
1478633700746,23.213859155907674,-2.2210821845576585,0.7365524877257695,0.05162497329711914,0.3730465347566525,-9.803058431792051
1478633700780,23.213308814500152,-2.218188445320503,0.7566974283469591,0.06599018325805664,0.3694552413995727,-9.799167849884483
1478633700814,23.212360563467136,-2.213751920114781,0.7945138405792728,0.06958148118171374,0.34027590638312977,-9.783456226216163
1478633700848,23.216805127767188,-2.206326434149969,0.9349412792979717,0.10863689576301258,0.3416226493835449,-9.788544061149267
1478633700882,23.21182686183556,-2.205380902672259,1.117845531298184,0.33698388366699217,0.3977367370937252,-9.804405652856023
1478633700915,23.21109787478487,-2.2138555660316572,1.2761245233348348,0.5542577025924809,0.40940847018698695,-9.78704775703526
1478633700948,23.218324416303428,-2.2189881170806336,1.3342253542676856,0.46507367248535153,0.393397268275934,-9.813383585996268
1478633700981,23.22304764776294,-2.2238416052380847,1.294834952451839,0.21921909778497792,0.3679588790617068,-9.839570555954937
1478633701015,23.221415098542465,-2.2165883159001516,1.2387167395194154,0.1640028137207031,0.3639186546270386,-9.775675141602603
1478633701048,23.219130969338835,-2.2040102112886304,1.191165840983875,0.12180500946044921,0.3247135864589596,-9.811887429154378
1478633701082,23.218787041131982,-2.1933193976951735,1.1908732956967116,0.19407998120957054,0.3610755424388917,-9.802609983915419
1478633701116,23.22152211384524,-2.1916134606581896,1.2045707931375331,0.17732055817203363,0.37529110075741196,-9.810540584547619
1478633701149,23.2253719697331,-2.20537670999979,1.235680672958849,0.1514332550048828,0.41045595624619163,-9.789741190520452
1478633701183,23.2322536747786,-2.2227534279215084,1.2711279148958796,0.08454523699111305,0.3787327628432904,-9.769090851858444
1478633701215,23.23530709582592,-2.2456222459168598,1.3247466682700173,0.1001075569152832,0.3690063240217161,-9.842263845592946
1478633701248,23.237797033554685,-2.2717942966578275,1.4080994781363327,0.0965162452918943,0.3670610374561278,-9.79812047306637
1478633701282,23.231688632078956,-2.3334617652252203,1.6145517334248913,0.22206220397949217,0.3268085266113281,-9.8186210448334
1478633701315,23.23447273615235,-2.3973005585385008,1.7960852971316361,0.45385084307021456,0.3151367843849119,-9.873537862750142
1478633701349,23.209023567232514,-2.510108242492834,2.032085565201592,0.5997475158691405,0.853532891845703,-9.768492516072536
1478633701382,23.147696476468774,-2.7157349717781645,2.02124572631688,1.3615525566101074,0.3329436683654785,-10.930428550366312
1478633701415,23.126364318059075,-2.8155572344456585,2.155441561801503,1.0158896919250489,0.7040449439560063,-12.3341787651062
1478633701448,23.14270714425377,-2.820603801367898,2.351270829459143,0.4358943283357541,0.5523124091770267,-12.824541484887897
1478633701481,23.12390514836874,-2.836646016162689,2.657490007027115,0.43544542579927364,0.2632125450134277,-12.066327600506693
1478633701515,23.129462461877843,-2.91349674091566,3.083668700102128,0.4771943046901608,0.5249287162725464,-12.362460564477741
1478633701548,23.12679254046474,-3.0281250943505134,4.146414056977836,0.6916250365436776,0.8372223930358886,-13.392864811706541
1478633701582,23.139131141598877,-3.0936796179482884,5.07738695273819,0.9911994781715329,0.8215104629074222,-13.028497538812458
1478633701615,23.155032390013435,-3.1654234721664722,6.160968603664511,1.1783960930755362,0.8520365158081055,-13.073088960210978
1478633701648,23.186363461580676,-3.2362653348419355,7.380914957795353,1.4905401162520981,0.8824129493713379,-13.08790337524414
1478633701682,23.214920387345742,-3.2855787829965397,9.302947464353114,2.1582231955597178,0.8345289161682128,-12.204892167718707
1478633701715,23.22990889594469,-3.331904381738898,10.537211352085016,2.7207109115600585,0.9400234268188477,-12.030863342285155
1478633701748,23.26634216678128,-3.352544296233628,11.68908560319007,2.6427497200012207,0.9891045608520507,-11.315445666448772
1478633701782,23.279834822279962,-3.3882423481120547,12.760792256865502,2.7437551390716806,0.9168295982360839,-10.63923333505839
1478633701815,23.29848607258616,-3.420389605817918,13.778845195162699,2.785503957455419,0.7956231209243647,-9.968108864858932
1478633701848,23.323924536555328,-3.4871362082494213,14.787205974482958,2.8986298762999474,0.8545803733383305,-9.801113481726125
1478633701882,23.35390873681134,-3.5268340322854645,16.197857611488416,2.6705823234336914,0.6485293792614014,-8.497171037237345
1478633701915,23.365818195755256,-3.5460821321710063,17.10672838227573,2.2093992925781754,0.5404910202136961,-7.589918245641886
1478633701948,23.38512398290604,-3.5617093335052985,17.994200270548166,1.9399019682068377,0.39279870986938475,-6.297349208886921
1478633701982,23.397582972470246,-3.586746067280474,18.88265007074017,1.5155296508789062,0.26665420989990235,-4.913201081848144
1478633702016,23.41897558665694,-3.650749198264902,20.158717274243454,1.0302550480164587,0.1913864952087402,-3.3741783271789547
1478633702049,23.43601083280276,-3.7098147576953804,20.973297093267202,0.85547818069458,0.12315174789428711,-2.9510031837463377
1478633702083,23.46269027291202,-3.8424285455917864,22.15076902189406,0.8020575561523438,0.20051438903808594,-3.4585739356994627
1478633702117,23.48181308572616,-3.962488954731334,22.921456014950046,1.0316016403198243,0.32441428841855374,-4.815039106042683
1478633702151,23.460595894864458,-4.09625148529697,23.657167010012127,1.8614917907714843,0.45893853073120117,-6.584952537182718
1478633702185,23.384366997044314,-4.241034785379292,24.391217393148864,3.944147905100975,0.683843817216088,-8.38374598931577
1478633702217,23.31698648302377,-4.370558706566624,25.091136726871145,6.662464669799804,0.5258265396118164,-9.578303308923543
1478633702250,23.338405829617752,-4.438944855634095,25.720312125229306,7.702894928741455,0.47255553440703074,-10.407145557757467
1478633702284,23.453270494695875,-4.409488480001478,26.332121371912102,5.186588910852,0.22954408416748046,-9.568427227075398
1478633702317,23.471456687112838,-4.350535264594142,26.46801366966669,3.5550901901245116,0.15771803436279297,-7.35289242741689
1478633702353,23.51539869096666,-4.309693583444306,26.42296398598376,2.6363153030395505,0.20575170516967772,-5.082291866357624
1478633702386,23.472651300295595,-4.357286036219886,26.490018040307593,2.476652125958353,0.20560203103329985,-3.7620389961242675
1478633702419,23.472816670866,-4.415205513739958,26.435700047916903,1.8830396057128904,0.2328361114501953,-3.4275989517211913
1478633702453,23.4584246249006,-4.487615453570784,26.318305395603907,2.2798783847533164,0.3350385582854971,-3.6789901260375975
1478633702487,23.434076930498765,-4.584278391072924,26.14520724050177,2.0548235748291015,0.479438882446289,-4.6167689888000485
1478633702520,23.427821625210154,-4.6488028236242425,25.920812422612595,2.7928362365722657,1.0462661437545901,-6.800879307147115
1478633702554,23.388403097836385,-4.672429949137967,25.66980328922296,3.297264525781199,1.069908830349706,-7.628824168749898
1478633702588,23.37484889188193,-4.679872204831606,25.4409048559441,3.5568858413696285,1.3793594314575195,-9.090633846813812
1478633702623,23.34373761295346,-4.610224317324874,25.247780946728685,4.0830115648574195,1.2147580673217773,-9.324068654809519
1478633702656,23.32269179197844,-4.490249268524237,25.035477544953178,4.3118074975387195,1.198896444790624,-9.956736735766754
1478633702690,23.333988915322635,-4.371808939835256,24.944592723338907,4.254795652704639,1.144577994625829,-9.997288087994232
1478633702724,23.348217618509224,-4.2712268269605955,24.87465686239154,4.525489977441356,1.0808323754241689,-10.353575441741942
1478633702758,23.39473783140749,-4.083553788750484,24.86011626310156,4.60449885142222,0.9669582137619145,-10.368090435437113
1478633702792,23.437209668842392,-3.967601275950374,24.916860645124967,4.627094093057327,0.8638578499725088,-10.34115537449941
1478633702827,23.4975132815853,-3.863967095495163,25.03391853262327,4.678419608483836,0.7824550391929689,-10.270975484466552
1478633702861,23.562463499768587,-3.769579041045483,25.190013107262516,4.619761667810008,0.7006032288371817,-10.056694216686859
1478633702896,23.679764086248635,-3.669004674204728,25.450512374495094,4.648492087731882,0.745644179534912,-10.005518229266256
1478633702930,23.76043092736749,-3.6217618937661102,25.632568441436952,4.6639048339843745,0.6265326612126926,-9.83597882420644
1478633702964,23.9007304822671,-3.584481855426813,25.89473687002018,4.6640545446533705,0.7085340264030267,-9.788992616625874
1478633702998,24.001632904569224,-3.569501910755566,26.03858295692957,4.594024091294873,0.6331166923744138,-9.557952375616505
1478633703032,24.155916927430837,-3.6062906311414245,26.227930989217008,4.229057993991114,0.5874772460605716,-8.799887971292145
1478633703066,24.264058179371645,-3.6555602902201145,26.336411562921086,3.9305309379577635,0.6097732113465143,-8.23156450975947
1478633703099,24.364937713071203,-4.000765930074618,25.803020051712362,15.34533655782491,2.066046322045848,-34.27718778708577
1478633703132,24.616989522367085,-2.344554277951726,25.59752354440598,0.0004489128112792969,1.1423334305694326,-1.783829874420166
1478633703166,24.984610067931914,-2.6524698918861045,23.09047902878885,2.573617147064209,3.6662710027832537,0.6162076522827148
1478633703198,25.013304567670385,-2.915346805081508,23.22367693291495,3.4385223871978,1.5779284951141104,-4.192546089880168
1478633703231,25.243097411221303,-2.63856320239732,23.514692444774205,11.40597641672343,0.688781871839892,-22.489184522137045
1478633703265,25.31497778438716,-2.5805080673493324,23.64129814241559,0.1919850456237793,-0.7003039855957031,0.6913257293701172
1478633703299,25.372823687107815,-2.9075774355818225,23.8980297043089,5.500678460339456,1.4206594100952148,-15.183278740692138
1478633703333,25.541834412074426,-2.7797830441024414,24.347202977278815,2.5212439857482907,0.2533364448989741,-3.127725193786621
1478633703366,25.586917305049692,-2.832817939941179,24.6918498044061,9.352649217931926,1.0905588562011719,-14.938321983337401
1478633703399,25.67519347932211,-2.781817104990685,25.10523765529135,2.8999767608642575,0.1892915687561035,-6.11015227432251
1478633703432,25.753588535233202,-2.800259652662855,25.21943754857885,5.395183657427877,0.7933785751342773,-11.35794303817749
