sep=;
timestamp;gyro-alpha;gyro-beta;gyro-gamma;accel-x;accel-y;accel-z
1478633445302;31.646453380353197;-2.448034421888344;-5.203570590092033;-0.83692314979441;0.4026747894342406;-9.763853866232882
1478633445336;31.651298542118404;-2.446237302532913;-5.197805598249385;-0.9377788673290284;0.4044704395377135;-9.748590682806446
1478633445369;31.653200666498897;-2.443344870138089;-5.201885253954119;-0.9900023956077638;0.38082769700202623;-9.740061448989994
1478633445403;31.65437906670585;-2.4423472036219915;-5.197102603807858;-0.9837176345161628;0.4390367202979978;-9.755623643618701
1478633445438;31.654924168129554;-2.4465835713737794;-5.14544685101179;-0.8783727375661099;0.43439796713953255;-9.737217985175398
1478633445472;31.656088133937498;-2.4497847126702186;-5.04972021189092;-0.7453449225937016;0.4164414578278825;-9.775974467042472
1478633445507;31.66045830647615;-2.45727263357006;-4.904157065796543;-0.6367080039978027;0.4291606407331419;-9.787646266351103
1478633445541;31.66788166550659;-2.4680470436318256;-4.8344795755300245;-0.7685387420433107;0.4542997809976688;-9.779715363753983
1478633445574;31.67219843935156;-2.4773445345768588;-4.839034702719406;-0.8429085991458733;0.45609543452607465;-9.752780243450776
1478633445608;31.692680774000003;-2.531317172894714;-4.874827333360545;-0.8954313889323966;0.15158287434233353;-9.888501906253909
1478633445642;31.675365407299704;-2.5824067367065466;-4.86037754278817;-0.8307879904874782;0.14544775085449219;-10.061632202812005
1478633445677;31.64614853200854;-2.7201400747986866;-4.8423118045777676;-0.043245267486572266;0.2614168937683105;-10.29416902078837
1478633445711;31.663213525054175;-2.8641228078697165;-5.029856749505818;0.15113397979736326;0.7517793212890624;-11.571027132061868
1478633445745;31.6731029259167;-2.881953867200797;-5.159339642130089;-0.9133879173665889;0.835726016998291;-12.269834303228556
1478633445779;31.664207356582803;-2.9388886187009193;-5.534168634075361;-1.2726678199768067;1.0956465347290039;-12.66936670526713
1478633445813;31.70595632021936;-3.008572885521069;-5.456403379294625;-0.9029132988031371;0.9430161788940429;-13.132794364111124
1478633445846;31.746413580059983;-3.072762635508177;-5.2800700104499425;-1.6207248863220214;0.9593266777038574;-12.818107067926228
1478633445880;31.804563221346672;-3.120021597758507;-4.961947226549332;-1.4065934388091788;0.8430582595825195;-12.66293287282735
1478633445913;31.88523282404234;-3.185198452754197;-4.455844957970533;-1.3331213753631337;1.02142628326416;-12.790423818969726
1478633445947;31.985003380738974;-3.264103417723457;-4.278711095820224;-1.2618938759734852;0.8749310691833495;-12.488006514032184
1478633445980;32.05123391277727;-3.3144593285172785;-4.306046323808605;-0.9904512992858886;0.7640496047973633;-12.343157021331786
1478633446014;32.13263886509511;-3.3777853601665555;-4.203014761208017;-1.3991115951538085;0.6643909606933593;-11.783213254193216
1478633446047;32.19570724943292;-3.4370937961235146;-4.101300181682504;-1.23091896506045;0.4888660606163088;-11.46598138809204
1478633446080;32.26659372088494;-3.489998964087649;-3.9635451061539864;-1.3223475044250488;0.7829039428710937;-11.548880766705423
1478633446113;32.32836266454493;-3.5209600359336584;-3.837304010981012;-1.170166024868749;0.6334159835649538;-10.779893194049224
1478633446147;32.41795349441716;-3.545775314547777;-3.717446312754181;-1.015590380184911;0.4456207657302729;-8.766369086401165
1478633446180;32.44831587149811;-3.559908113568848;-3.627968556143267;-0.9759364517211914;0.3993827461685054;-8.395417905072122
1478633446213;32.536957771549076;-3.554017936799121;-3.5004054210288253;-0.44158056869506834;0.3221697791610844;-5.529558371734619
1478633446247;32.634757009822685;-3.5227075610185534;-3.66390251023592;-0.23747484063412994;0.08589198455810547;-3.461566687774658
1478633446280;32.76429447169615;-3.589335618235633;-3.942545850564804;-0.6126163771919441;0.14395133828427642;-2.3090578636169434
1478633446313;32.74918018797415;-3.6792185897762764;-3.9753877481628304;-1.078288609225489;0.23986904229428618;-2.6042928558349607
1478633446346;32.413627040458884;-3.8191307420860476;-3.1875207176710254;3.0171431142060086;0.38157590785371137;-4.489876300811767
1478633446380;32.46845238494112;-3.869857199240227;-2.9265785318411526;5.202151185110397;0.41479541935576125;-5.131522053472698
1478633446413;32.74052503889975;-3.949976875620175;-2.9400463182785153;1.770212779412791;1.1013327636718748;-6.2992939132139085
1478633446447;32.825148809577904;-4.051396305470417;-2.4481269905828826;-1.033696566772461;0.71736264959143;-10.187328210095316
1478633446480;32.93497117508302;-4.110526996422647;-1.8290093302387649;-2.403030315310694;0.8342296318275387;-11.750591964312642
1478633446513;32.981738911777775;-4.089995136449694;-1.2881056508347046;-2.034921810061671;0.7709329665363533;-11.203816452435403
1478633446547;33.056505570712936;-3.9982362143860617;-0.24512202513299297;-1.2744634118564193;0.5089175086532719;-8.558073615032807
1478633446580;33.14598124494972;-3.9309613436196145;0.7600744828451411;-0.10609307019882835;0.42616791377412155;-6.395660822296143
1478633446613;33.22604508088846;-3.913308928968572;1.3613869187366199;0.11552022096938452;0.4156932632446289;-6.263680163519084
1478633446647;33.32977206590066;-3.86640303856745;1.8521894256031586;0.3576338729858398;0.3516483688354492;-6.230909528295696
1478633446682;33.38128298949669;-3.8295026496872246;2.288840861315937;0.5240308974998538;0.2684498246124014;-6.194996795654297
1478633446714;33.41238674511065;-3.809546328481031;2.7027757675960093;0.5138555404441897;0.2603694670746103;-7.113921028082072
1478633446747;33.40691995492535;-3.7547337641514873;2.981057942781705;0.6055833915489259;0.20575174170229582;-7.349749891607463
1478633446780;33.41148862681912;-3.696345708892189;3.097732322339461;0.27667994761811565;0.2540846146514639;-7.338826492663473
1478633446814;33.39709311549883;-3.6446137649018233;3.3295272728435146;0.7567173622131347;0.3259107192550786;-7.660547340746969
1478633446848;33.371151086744106;-3.5848800609320506;3.429972008852372;0.6950666694641113;0.4343979271819815;-8.391976240185647
1478633446881;33.34258948262783;-3.546549555797142;3.4842651024498403;0.5864297799801425;0.4332008628845215;-9.049483944171294
1478633446914;33.31466558173151;-3.482487673067285;3.5882273954223978;0.8176198852096683;0.5955576585578336;-9.323170792654343
1478633446950;33.27077232144862;-3.327108290536707;3.5982433763637225;0.5949591148321167;0.552462030797766;-9.338284592492878
1478633446983;33.22691522595626;-3.330287767606528;3.6279329460385767;0.8491933648040517;0.7649474304199219;-9.792434637705377
1478633447016;33.18183169076266;-3.2716191154069767;3.4750297183164784;1.036090768432617;0.6174047668125248;-10.049063045954982
1478633447049;33.127260915238594;-3.239153864679564;3.390796630446408;0.8387187508071772;0.6091746940391604;-10.233865249136276
1478633447083;33.08380885559824;-3.2332026675478205;3.3218569784821157;0.49200845029526385;0.9029133010864258;-10.632948628765716
1478633447116;32.998551927364765;-3.1405570397645124;3.1754781504543588;0.5231330718772951;0.922515827178955;-11.143362568255514
1478633447149;32.940208917721286;-3.0779483791046953;3.1130802448144532;0.30750527572631836;0.6485293655616696;-11.311555381011962
1478633447183;32.889850782347736;-2.994612571619723;3.1748803429944816;0.385616104888916;0.7812579109634272;-11.660061067907511
1478633447217;32.79563096482356;-3.074306105576963;2.2034032343944294;2.3093571753570807;9.90271748774424;-68.2718597782731
1478633447250;32.898678196999974;-2.6785226664353368;2.055168393697357;-1.883937431335449;-4.429871585171483;13.344533034735917
