sep=,
timestamp,gyro-alpha,gyro-beta,gyro-gamma,accel-x,accel-y,accel-z
1478633441000,31.686970072319664,-2.5026865421956836,-2.3054905294410073,-0.417937829584314,0.41674073332081313,-9.774028988680639
1478633441033,31.694214281196263,-2.4930277428306327,-2.2968859387810965,-0.37125090634442165,0.4052186469644657,-9.771933925230684
1478633441067,31.697200278962757,-2.4890803623313276,-2.289947947203947,-0.399382780988657,0.4240729612063711,-9.79228497983743
1478633441100,31.699590129432273,-2.4855152210241993,-2.280144013931961,-0.39025487142602555,0.4025251541137695,-9.75158318828647
1478633441133,31.70037793857553,-2.4787857751086126,-2.2681550714957073,-0.3676595970043214,0.4094085010113835,-9.816226959620963
1478633441166,31.70106125751292,-2.4792646086179415,-2.251890263034329,-0.33907882381936066,0.42706572798023695,-9.792434242696443
1478633441200,31.70002852720585,-2.486566641561313,-2.2476939562992984,-0.381875165365744,0.47330372699240686,-9.77253265488388
1478633441233,31.695630249172243,-2.4954353077012974,-2.2427638994685886,-0.3520972793634399,0.4783914009536616,-9.787945491611685
1478633441266,31.692621640489104,-2.495294208536108,-2.2442608498659538,-0.3848678988892192,0.39863457413272696,-9.77372953651825
1478633441300,31.689798772202106,-2.4837923461570313,-2.241451597391312,-0.36152445068359373,0.3734954681175295,-9.796325198278465
1478633441333,31.685493619295162,-2.46974092102638,-2.242851490401882,-0.38890814016314107,0.41374796868753033,-9.80650017744986
1478633441366,31.682553948545678,-2.4693626256042513,-2.2457250472093073,-0.39369654234180923,0.41180266842221025,-9.78285752396243
1478633441400,31.68112200033224,-2.4735511691423286,-2.249526493578838,-0.45609539799345655,0.43260231703605967,-9.771634973108506
1478633441433,31.684527523971877,-2.48774009767373,-2.251267807675502,-0.4762965019004885,0.4463689765819581,-9.784503626652043
1478633441466,31.69288924183399,-2.507619165400037,-2.2403809773333627,-0.5294178603683598,0.3371335030044429,-9.806799437816004
1478633441500,31.70902647941304,-2.4950244009496165,-2.1829309602189744,-0.4327519637729739,-0.2132336218902841,-10.087220653180033
1478633441533,31.68579545672605,-2.6202141768229077,-2.0741902119367905,-0.49096096880263645,0.23732523956298826,-11.319486466272174
1478633441567,31.66495666572631,-2.7924049938451643,-1.780073213595137,0.6938695869003422,0.3275567054969724,-10.253767086968942
1478633441600,31.65637484576266,-2.8605061442696855,-1.573183845834715,0.01915361328125,0.971746598815918,-12.151321905572711
1478633441635,31.696535908413978,-2.938985214944549,-1.0277880645106579,0.053121349334716794,1.353621800143458,-12.830077491705119
1478633441668,31.726490339876126,-2.9564881140651647,-0.8416404310203308,0.397736750793457,0.8364742050170898,-13.421445594024657
1478633441702,31.82179646519489,-3.111322652863825,-0.03738161630334674,0.6754641513630922,0.7142202644790522,-13.283928636169433
1478633441735,31.877420420178062,-3.1893207490320563,0.32248449627238956,0.4487631873752689,0.8459013923202641,-13.264924368230998
1478633441769,31.935000091392144,-3.2759194708164325,0.6480995995499079,0.11342530336449126,0.7948749329055659,-12.265794380187987
1478633441803,31.974708518924675,-3.383412286183019,0.67367605095461,-0.22176293790512716,0.8514379653930664,-12.154464002990721
1478633441836,32.02319045401413,-3.505672462050023,0.9723799617297725,-0.1948281418289058,0.7809586540222168,-12.101941204071045
1478633441870,32.108629847273505,-3.7118823448687133,1.3489328218984884,0.07766192548447289,0.7329249466827139,-12.176310947009176
1478633441903,32.16981584623633,-3.8485897971656886,1.3406601705856633,-0.15996259841918944,0.7839513695647939,-12.161048349817097
1478633441937,32.241034430354716,-3.9394741613546533,1.208611531264484,-0.5704185272659175,0.8233060684867668,-11.43500655024424
1478633441971,32.29122785273331,-4.0472260001245175,1.0923398088300507,-0.3678092117751948,1.0411784834930673,-11.174636973571777
1478633442005,32.347953405557085,-4.197004817797553,0.6055454250812756,-0.23882163386689498,0.9147346717834473,-9.976338969598338
1478633442039,32.37355720962925,-4.294453597476585,0.14339950481296837,-0.21622633514957268,0.7047930977254756,-9.556156833969242
1478633442073,32.41636110495458,-4.338189868476592,-0.10695364710982322,-0.39519290125474216,0.7841010711006354,-8.591143744659423
1478633442107,32.475871000505336,-4.368141669805063,-0.547297770960022,-0.5707178298729005,0.5163994071075693,-6.124367554418742
1478633442141,32.48744743986383,-4.392848715484225,-0.7137968443934233,-0.8231564856819342,0.41584290084838865,-5.853972696685791
1478633442175,32.51116560970785,-4.422600469493924,-1.0764309524875895,-0.7887397911514155,0.39429504937436427,-5.355679183904826
1478633442209,32.50925710743005,-4.448998726403007,-1.425890391224957,-0.8942342835357412,0.37184944534301756,-5.0291702247619625
1478633442243,32.26252428932172,-4.4903556520311465,-1.8212533559251953,3.270628995779343,0.39803602600097654,-4.225466654968262
1478633442278,32.17493583409311,-4.476962481535653,-1.85200922896081,5.364507985189743,0.14036007232666015,-4.410718008422851
1478633442312,32.318202011696414,-4.487951572996476,-2.1243993778380066,1.9924247305938974,-0.20081366424560546,-4.678120406341552
1478633442347,32.35929224379037,-4.5607355728692545,-2.4848123715410657,0.575206948852539,0.14125789794921875,-6.477063678741454
1478633442382,32.35941236018172,-4.670687777357616,-2.7531165535283217,-1.5064017570495605,0.5569511794601567,-8.772653865759073
1478633442415,32.276694262743405,-4.598055268176472,-2.6070456111557156,-0.6621463966369628,0.6566097687652335,-7.834126814977824
1478633442448,32.26862203177681,-4.564317024000519,-2.489575414999275,-0.6591536628280766,0.9249100471054204,-7.893084176989644
1478633442482,32.25733665001551,-4.475541016570192,-2.3479490375727643,-0.1671452033996582,0.5753565864562988,-7.152827389581501
1478633442515,32.26322803273754,-4.38853464064967,-2.1886727519051394,-0.17268179473876952,0.5231330992767587,-7.316231068365275
1478633442548,32.2587918832103,-4.351583569423942,-2.1613488221439785,-0.38516719550256967,0.6221931746994145,-7.582586295318603
1478633442582,32.24294617484806,-4.263322253833776,-2.01672203709618,0.11821370697021484,0.5514145698547362,-8.029553671618551
1478633442615,32.224152842410156,-4.172629821792604,-1.9910998806858216,-0.02693476867675781,0.6998550933340215,-8.506149731854348
1478633442649,32.19292704753211,-3.992776700378315,-2.158263638148783,0.2873042357513681,0.47973817592011764,-8.181136564227193
1478633442682,32.172375021047436,-3.9007376256898376,-2.2291948977342484,-0.0962169792175293,0.5126584487472661,-8.293215421704202
1478633442717,32.13588541927068,-3.8260398298121134,-2.306832225532101,-0.38995557713164014,0.7157166816158452,-8.557325792340189
1478633442750,32.09566273358495,-3.7675512888328173,-2.520879152624367,-0.6151602073227055,0.7016507559955818,-9.621398719610646
1478633442783,32.08043461624544,-3.6925564102599266,-2.432205162196718,-0.272938998390967,0.6368576307559415,-9.689932815197855
1478633442816,32.066790413336165,-3.628478446506915,-2.3704593514418044,-0.6379050865615717,0.8234557334899902,-10.535385349505766
1478633442850,32.05203087338523,-3.5968160227085546,-2.418289252883577,-0.754622435760498,0.9736918876647949,-10.773458338696136
1478633442883,32.02101544737181,-3.5182203015737383,-2.37841049739555,-0.5928642043625004,1.0152911415100097,-11.145457786969095
1478633442916,31.9721550331558,-3.3777138067203785,-2.35222118854854,-0.5331587821960448,1.0209773704528808,-12.062736151885986
1478633442949,31.941171951028647,-3.2550870659106974,-2.319452560698843,-0.4671685806716792,0.9771335525512694,-12.121992642974853
1478633442984,31.898938285480188,-3.3585997015046107,-2.4676651766483966,-1.316960550689697,-0.6386532563140616,-30.13222557841837
1478633443017,32.04804530437329,-2.5624539099074215,-4.12444589549686,-0.47749359359741206,-5.8229979319032275,7.3478048950195305
1478633443051,31.82196963326247,-2.6418071866565045,-4.812957159546246,1.0667665502686052,1.4332289688110351,-9.542389900428708
1478633443085,31.83284922805666,-2.7146034058660478,-4.754269827655228,0.2964320930480957,-1.040729570681788,-1.029207438659668
1478633443119,31.72877123868437,-2.5137690441905374,-4.8386814366748245,-1.3416507553100585,7.142053116784617,-35.79017301417887
1478633443152,31.684913247498987,-2.7060188110027354,-4.963437621633741,-1.0667665137359872,-1.3123217484405263,2.0542250244140625
1478633443186,31.672019531189832,-2.6610172234276823,-5.224368915677466,1.4832079284667967,2.310703877258301,-17.60097350463867
1478633443220,31.66142803101054,-2.691160523658746,-5.55820917265184,-1.207276187133789,0.6287772292648441,-10.346991569839604
