sep=;
timestamp;gyro-alpha;gyro-beta;gyro-gamma;accel-x;accel-y;accel-z
1478633384070;33.695318674978196;-2.5666668748727752;15.688165865846592;2.754379408938624;0.4285621085844119;-9.407566700285662
1478633384104;33.703918036496724;-2.578610588587488;15.711096073994785;2.7477954274384304;0.4730044814676395;-9.395745423203474
1478633384138;33.70760269102577;-2.5890740245846584;15.713883133959325;2.753930331730563;0.43978492544146136;-9.43105975024028
1478633384172;33.70517569567226;-2.585845541027422;15.668319239913144;2.6693851267054907;0.43783961062017623;-9.40846462408963
1478633384206;33.70107182274036;-2.5931407763206424;15.605944991745561;2.612672673526651;0.47554829104880336;-9.448717104110035
1478633384239;33.69307484775263;-2.5960580099345645;15.550872235350425;2.6396073348888427;0.43439796942282116;-9.444676811176707
1478633384273;33.68581315401418;-2.600625014938309;15.502762231841796;2.6457425428583634;0.4448726092939938;-9.429114048294542
1478633384308;33.67763876694182;-2.5985853074854566;15.448470269576013;2.607285541694786;0.40447043382949194;-9.451410236771949
1478633384342;33.67081337536488;-2.599511243601283;15.378324144246148;2.458246581964893;0.44771571415956274;-9.460687949155679
1478633384376;33.66487799171655;-2.6158238419791693;15.3168051949744;2.4754548789978026;0.49066171642800327;-9.467122201720567
1478633384410;33.64447917895192;-2.6695039596774257;15.21305388361906;2.836530416870117;0.2723404388427734;-9.529072222192747
1478633384444;33.60488399319084;-2.784253090089316;14.967506038645253;1.8272247064452618;0.16684592819213867;-9.636212714518699
1478633384478;33.57364380949952;-2.943646283730002;15.029649556826874;3.9076363845825193;0.26710314097749066;-11.326818270464987
1478633384512;33.5535079299726;-3.060910440463942;15.191719231662265;3.647566083117574;0.7773673697982915;-11.299434881237893
1478633384547;33.52562551776429;-3.1027608286664616;15.507288872266466;3.2224457604339345;0.7603086829696781;-11.737274509838969
1478633384580;33.48808800866308;-3.1539399052722636;16.02159480761784;3.996670904950052;1.6856675698211416;-13.03762514038086
1478633384614;33.49767461825882;-3.1839599830215954;16.597280204013856;3.6345476846557108;0.9077017044067383;-12.501922518920898
1478633384647;33.54984362272141;-3.190597738820705;17.46724060901808;4.07148941456899;0.953191535949707;-13.258639881134032
1478633384680;33.59179027200792;-3.1667821875140647;17.91891569639847;3.5908536139557135;1.0438719238281249;-13.11364104309082
1478633384714;33.65086220399069;-3.16250328294958;18.503069988173092;3.6538508990081024;0.835127484849561;-12.783241213989257
1478633384747;33.68096477476809;-3.142552603707935;19.301315076343343;3.852569673333689;0.6789058265243657;-12.818406050872802
1478633384780;33.732653040898164;-3.1280724827689923;19.949044350349677;4.107252947998047;0.6072294143234379;-12.501772881317137
1478633384813;33.788559735554635;-3.1154961434859363;20.50907184148688;3.971980627264455;0.8614636848449706;-11.68310555114746
1478633384847;33.82315216038983;-3.1083232950134136;20.873174627544504;4.320187404278665;0.7962216896057128;-11.649586727905273
1478633384880;33.85655707127868;-3.0708485079493317;21.02901453956525;4.032134870910644;0.886752439880371;-10.74293234059438
1478633384913;33.910238623539314;-2.9874167104679414;21.23627959995258;3.3466449350219216;0.63206923828125;-9.050381486666062
1478633384946;33.94468651427841;-2.8564329815906033;21.18587937519835;2.5664344690185037;0.5906196129066403;-7.262062401934712
1478633384980;33.98444035857288;-2.685676029381324;21.099164698744698;1.7805379932679235;0.21338324122773483;-4.890306820733845
1478633385013;34.03463336996383;-2.55100792757036;20.872491315551382;1.1022305892944335;0.08364742050170898;-3.46007031173706
1478633385046;34.064072119660935;-2.421820450529871;20.511312369355053;0.8230068206787109;-0.002992752075195312;-2.4595932929992674
1478633385080;34.074006235261464;-2.3333844427227106;20.009592079248545;0.38456864166259763;0.13347674255371092;-2.471414663696289
1478633385113;33.81219690416694;-2.452195346866897;20.31885507881557;3.579780467810109;0.2995745009933598;-0.9286509689331054
1478633385147;33.7208134435638;-2.3907824457628415;20.381739796336408;5.932532438659668;-0.06898293533325195;-0.757166275024414
1478633385180;33.890002782304805;-2.3772100571478787;20.0438888233763;3.0859763388702643;0.21682488784790038;-5.989993278503418
1478633385213;33.95217484573247;-2.4485909629277054;19.998125227908787;1.8224365223206578;0.3833715362659422;-8.819789930139109
1478633385247;33.94161106697841;-2.4679514448862307;20.352377973742666;1.9253871937073765;0.34057518615722654;-10.415226280621438
1478633385280;33.92549041729675;-2.4351556242504997;20.725409117462593;1.6083049652099608;0.18794484858857466;-9.280524285645363
1478633385313;33.91384226500811;-2.4238631082949014;21.127991506499324;2.3813329723633823;0.18390461502075195;-8.409334056091309
1478633385346;33.917878765219605;-2.3837112983177753;21.520564310244204;2.2520459365844725;0.22505495605468748;-7.1754222293578085
1478633385380;33.90205066071363;-2.3842059509080644;21.770239164102936;2.2390273189269005;0.28954875414199194;-6.113444301605225
1478633385414;33.87583227067886;-2.3824340767751;21.995503090015866;2.205059729003906;0.24869769744873046;-5.258864238794148
1478633385447;33.84737726028831;-2.4591470910008133;22.13767541503408;2.4167969383239747;0.36541502381477037;-5.928491931097209
1478633385481;33.8068446857917;-2.496947502800953;22.150990945961837;2.642300734124705;0.2850596534286626;-6.118382342529297
1478633385514;33.74125007231507;-2.5850783167693314;22.078034650030855;3.002328808770701;0.32396542127304706;-6.914005335589498
1478633385547;33.69649642599424;-2.644750083144962;21.940730036753273;3.066523377316259;0.6343138206039555;-7.9228623523987824
1478633385580;33.63354083687097;-2.6671173047262435;21.782791171038298;3.42355888255015;0.5834369987930171;-8.2029840197023
1478633385614;33.58095784109344;-2.6850987513709494;21.56016238403416;3.3502364384415557;0.5442319648742675;-8.17365461097397
1478633385647;33.521659624910946;-2.7124549351097835;21.297686890275347;3.3668461028610355;0.5166986503490479;-8.39033022654429
1478633385680;33.431602671676565;-2.79158198659657;20.847380012294785;3.4633624600340727;0.5979518646240234;-9.28441460761479
1478633385713;33.37355459174083;-2.82978919417018;20.621329033209527;3.8003462226867675;0.5246294524814701;-9.719710442617721
1478633385747;33.32746194847447;-2.8507771336345424;20.431293020546068;3.8287772212706503;0.5847837554931641;-10.078541745227202
1478633385780;33.28615036562613;-2.852496755381865;20.31339545333663;3.9041947196960445;0.5250783630094608;-10.30105256975703
1478633385814;33.23567504863019;-2.853866827951113;20.228443002981066;4.004601478753611;0.5422866897251224;-10.719888149615377
1478633385847;33.22393234242189;-2.8471476920439502;20.23253288202679;4.011484735461324;0.517297200764087;-10.907234429522603
1478633385880;33.17381591057511;-2.818183239871551;20.305513951146324;4.223072599438578;0.4682160678725282;-10.80712687260732
1478633385914;33.1438181915275;-2.797253916913219;20.47263873046992;4.143914233984425;0.5820902786254882;-11.076624489239602
1478633385947;33.13095853776579;-2.77012017786006;20.566768907655952;4.2130468069214375;0.39100304949111303;-10.588805754852295
1478633385980;33.322751761921545;-2.6465389686782865;20.080059413289874;34.34063383881897;4.067748511007614;-60.01605273459553
1478633386014;33.306050267100474;-2.986646289963595;18.64327391173629;-0.44277766952514647;-3.159298874310404;-1.1954548164367675
1478633386047;33.342785461171545;-2.585787883346612;18.811636905612037;-0.13168109130859373;-0.040102877807617184;-1.2630910133361815
1478633386080;33.23629844734164;-3.0044159835041744;19.405150182044267;4.439448574475199;3.9733272561004385;-23.894881340900064
1478633386113;33.37604557010298;-2.619057685035128;19.482849609510748;-0.8702923034667969;1.4137761168548837;0.4412812934875488
1478633386146;33.33697750103863;-2.7165160960427723;19.520816534213893;-1.0422259101867675;-0.9217677122253924;-0.5493196434020996
1478633386180;33.43735835874027;-2.7329970871857463;19.45722410373333;6.936750397491455;1.6096517036437987;-13.814693508966267
1478633386213;33.46725873221734;-2.7108038570143895;19.31105922453331;2.5995044525146485;-0.8203134168762714;-7.064840186309814
1478633386247;33.51370877288919;-2.7361946991703463;19.128939307689976;4.003105102716013;-0.010025719451904296;-11.093234117126464
1478633386280;33.550234506146275;-2.7315820902470467;19.004248753894398;2.731784130770899;0.21862053909301757;-8.368333133465423
1478633386314;33.61473456646562;-2.7614063957974624;18.832560114850203;3.8385037385802714;0.5689221694946289;-9.455749545188713
1478633386347;33.649469368350026;-2.771023462968496;18.679766306522385;3.053504924055468;0.25468320159912106;-8.022670487976074
