sep=,
timestamp,gyro-alpha,gyro-beta,gyro-gamma,accel-x,accel-y,accel-z
1478633820957,25.868940261639985,-1.8711281802745514,14.812136121885004,2.5851393247521015,0.298078113539319,-9.455749652503279
1478633820990,25.869168621853927,-1.8688070972397088,14.860206169723293,2.5909752278313505,0.3031657806507079,-9.464428530202534
1478633821023,25.870420428789078,-1.8662839212782427,14.888368965399103,2.596362071968848,0.3082534591785399,-9.44946505580846
1478633821057,25.86753642242898,-1.8610340311488822,14.908456871403066,2.5932195681254613,0.2941875289916992,-9.438840909239103
1478633821090,25.86565131919727,-1.8503307728703893,14.921929707166882,2.5623943450485354,0.24899698635598178,-9.4422824690943
1478633821123,25.864911456812337,-1.827748595222827,14.93772557884508,2.610876901267236,0.2038064254539553,-9.439738622980517
1478633821156,25.8632890194147,-1.8038743481634325,14.950518167092087,2.6129718277198726,0.24750059205207506,-9.457545189583964
1478633821190,25.862171122724025,-1.7989919555011717,14.940173026416083,2.5918730580204863,0.2747346405029297,-9.459790180615336
1478633821223,25.861352355010016,-1.7953254357287622,14.903187598242148,2.5751136281330838,0.27293897099150344,-9.444976135474931
1478633821256,25.861083436864998,-1.7942537235410791,14.871958477005888,2.554014502240671,0.27638065871086437,-9.464278939406192
1478633821290,25.863023883481883,-1.7968822344102957,14.833062555167771,2.4902689732289116,0.2802712455417728,-9.492111695248179
1478633821323,25.86619321005477,-1.8424035287627638,14.76557407487701,2.41320573629844,0.379032045756909,-9.508571781429403
1478633821356,25.876383422080263,-1.907650419375385,14.748974019955012,2.558503657752927,0.34820668568266555,-9.531915249899216
1478633821390,25.88528478380787,-2.1270839629352425,14.512724407229586,1.655291099725291,0.7945756759643554,-9.49824661780662
1478633821423,25.801058938953965,-2.3454307003004247,13.819313185469767,-0.9147346717834473,-0.1274912384033203,-8.946533309317193
1478633821456,25.841580790998457,-2.4930261014976036,13.833003162053753,3.6632781776428223,0.3850175590404542,-13.067702298736572
1478633821490,25.86823837089391,-2.47811646540141,13.701415696699648,3.361608841528371,0.6898293715988285,-12.878710005187987
1478633821523,25.950427563718026,-2.548788501375962,14.04961781314416,3.2324715164184568,0.7348702537978999,-12.980613213348388
1478633821556,26.03952616079977,-2.6087266498860022,14.682778796791252,3.4286464149475098,0.4607341728431638,-13.265373865564166
1478633821590,26.13114865924975,-2.630120436729743,15.208971264168817,3.611653204345703,0.5158008155933348,-13.435511528778076
1478633821623,26.297750048669666,-2.720216943699455,16.18918275827352,3.5470098325867205,0.8421604339599609,-12.690765174865723
1478633821656,26.41967485426488,-2.814050117706873,16.907429205480977,3.6043208886962383,0.8698433906555175,-12.756904995727538
1478633821690,26.541741253469574,-2.872846729746538,17.61394363700335,3.6876689609251914,0.8794201972961425,-12.700042706298827
1478633821723,26.6613285579672,-2.9145241830681474,18.160416545105264,2.9709050215790045,0.6640916672195307,-11.513117087145893
1478633821756,26.78623092859217,-2.955968288825918,18.79097754268091,3.555239754663035,0.6525695991294924,-11.436801909228414
1478633821790,26.904198144150286,-3.0008714461511596,19.405884060488848,4.91409876134023,0.803703551527392,-11.972953589630126
1478633821823,27.017306130749333,-3.0012312926755635,19.82547147085147,3.336619423349283,0.806995597076416,-9.76654697606191
1478633821857,27.18149265399648,-2.9855802549841814,20.24582537814527,2.468272274017334,0.4475660819786135,-7.064840478570759
1478633821890,27.3240839677363,-2.9152190226994406,20.42696305038873,1.1978491642273963,0.23373395533906294,-4.594772261047363
1478633821925,27.414766997598168,-2.8795757148981544,20.556678493452626,0.5928641860961914,0.08544307174682617,-3.1242835289001465
1478633821960,27.498574599457232,-2.8581745684307536,20.709075598851218,0.4472667976379394,0.08858546142578125,-2.6418518943786617
1478633821992,27.585499973285106,-2.8495446946031633,20.980089990241048,0.2973299186706543,0.17372925796508787,-2.7629087158203123
1478633822026,27.681441293172202,-2.850745180345069,21.560652477972297,0.13108254089355467,0.387561412004102,-3.8703766212463377
1478633822059,27.614721125876542,-2.810134132423935,22.20259477467493,2.606986186572164,0.32067340312348674,-4.620210945947468
1478633822094,27.458003547398295,-2.7615327696006866,22.688239121633444,6.142474142865091,-0.1427542739868164,-3.41562794342041
1478633822127,27.578436692386653,-2.7442402670765067,23.22533618892724,8.514978204345702,-0.7261912545135244,-2.8321909263610836
1478633822161,27.897831362174088,-2.813778308854478,23.544382656539845,3.5748423903534188,0.16594810256958006,-10.052504656042531
1478633822194,27.93928323602404,-2.7853766812058525,23.858690941708378,3.318513138580322,0.11477204208374023,-11.576862560217082
1478633822228,27.955658082614583,-2.71076338242887,24.111742566883574,4.384082478420995,0.1761234778915532,-11.901426815032957
1478633822262,27.960558139586077,-2.5831953967265835,24.614982513893736,3.144933518218994,0.11103110198974608,-8.192359822900594
1478633822297,27.97961123839428,-2.4954990637515015,25.003452837626934,2.59696046712026,0.16265607528686524,-6.504148377282917
1478633822329,27.994891233380823,-2.4388593720789773,25.434623829190986,2.913444291333109,0.1207575279678218,-5.490054044342041
1478633822364,27.986987304711345,-2.457171930086411,25.165476251210503,2.532466659899801,0.10384849700927734,-4.263025985772908
1478633822397,27.9884348530704,-2.494835620758472,24.92681694494494,1.874660046032816,0.1825578948532231,-4.572775825555622
1478633822430,27.979017017418148,-2.581915525014631,24.857342330520066,2.651279063415527,0.34940381391220726,-5.677101341302692
1478633822464,27.9564327365394,-2.6407651567738695,24.847753236020665,2.7442040153503418,0.39758711775627453,-6.424091967010497
1478633822498,27.948321606497927,-2.685851746502942,24.864438149397444,3.376572601904347,0.38352117843627925,-7.535600087738037
1478633822531,27.90927462590043,-2.7563155093416385,24.622001661402194,3.201795880712941,0.726490547987353,-7.876624332837015
1478633822565,27.852789283938996,-2.8036090803345215,24.542210431348437,3.4349310481749473,0.7815572044372558,-8.689455686862207
1478633822598,27.81810708483127,-2.812368978030679,24.408256730488123,3.7792472109587862,0.8023568313598632,-9.29369255003985
1478633822631,27.770733514312973,-2.7890072689529806,24.419195054454747,4.123264226399269,0.879120922088623,-9.814132099383697
1478633822664,27.688916263694214,-2.700830859405989,24.57269104840033,3.675548534216359,0.5175964759716065,-9.27334147060234
1478633822699,27.66103905344784,-2.6627066937441297,24.583679852666535,4.1066543359342145,0.39279872356911655,-9.35923338209521
1478633822733,27.603679106000655,-2.6189971402278203,24.728546427694845,4.346972279623337,0.22535421299589797,-9.364171678747608
1478633822766,27.524563479896475,-2.561732880828529,24.893356000717255,4.748599644647165,0.2916436988609377,-9.61421626076065
1478633822800,27.44431031119603,-2.527968352959309,24.97413397871484,4.824016996942087,0.49096097336921374,-9.488370743737741
1478633822834,27.39338233755473,-2.5070474514537135,24.954277970157218,5.025878270544484,0.5594950187240727,-9.630377121966704
1478633822868,27.34845640634923,-2.4832328717848444,24.876802595396228,5.147683206939697,0.6482300994873047,-9.825055352197214
1478633822902,27.303257456660127,-2.4456013961923135,24.734648679665327,5.253925832543894,0.7731774986267089,-10.181193214471637
1478633822937,27.257985881046555,-2.402464300974513,24.52659205502924,5.305999937848002,0.6355109214340336,-10.23401499633789
1478633822970,27.217032579483803,-2.3486912884938453,24.290149607313275,5.21861135805659,0.6386532928466796,-10.446201118469238
1478633823004,27.16643114858817,-2.2744919746101337,24.014791549559362,4.9076645635742695,0.4429273071289062,-9.824756296185404
1478633823038,26.978337189271798,-1.440772200850125,23.78549418561936,22.70975151912272,6.500257562123146,-37.5150450881958
1478633823073,26.87983432170364,-1.92494157156512,19.939315781919255,-2.305316923522949,2.1027076810974625,1.2327139952510595
1478633823106,26.84804145412494,-2.1426796375258275,20.284028613998068,4.35804564496465,-0.648080498416163,-6.530334373418986
1478633823139,26.859901568621492,-1.6191216073225265,20.20022268069497,2.994547616842575,-1.8263269173553212,-7.54472783543691
