sep=;
timestamp;gyro-alpha;gyro-beta;gyro-gamma;accel-x;accel-y;accel-z
1478633153782;34.27108903158797;1.5173792455668111;6.813774174272662;1.0880150306369876;-0.2275987953186035;-9.751283969019521
1478633153815;34.27758541924271;1.4796979006488165;6.775424033128068;1.0893617827705573;-0.21248538820571264;-9.76026243188273
1478633153848;34.28450746330982;1.4292034525360215;6.761515886150285;1.1956044860065682;-0.21113866803818382;-9.761309600564813
1478633153883;34.301704509526324;1.2964108943621382;6.764960428785726;1.3688847626617178;-0.18644846113453387;-9.981576377061474
1478633153916;34.317954012115194;1.1847654470388373;6.605307820388986;2.58558815536499;0.5315127502883784;-9.7185135313006
1478633153950;34.37177765505479;1.0740002833817492;5.751957686936492;0.10639233627319335;-0.3007715926902834;-9.63845748863765
1478633153984;34.39316063910693;0.947982257875061;5.897771733382487;1.7839795120239257;-0.27293898925781246;-11.922824992370606
1478633154017;34.426792002638074;0.8406036053086494;5.940071044384923;1.8020856620788572;-0.2032078659057617;-13.854796094512938
1478633154051;34.46577141578875;0.774391368608589;5.741760674877285;1.7302596122741698;-0.16879121704101563;-13.204620998437703
1478633154084;34.531867658521094;0.6368759496385995;5.758991374657408;1.435922482211329;-0.13437457045955817;-13.660566777093708
1478633154118;34.56237018601612;0.5848122923013784;5.743949765066381;1.5270517829010262;0.24331073458022437;-13.955801769311725
1478633154151;34.67932942874682;0.4045752862157025;5.339857942956051;1.5548843406677244;-0.07122750010317613;-14.5307091506958
1478633154185;34.73850947686234;0.31374739906250937;5.325566514676522;1.664419066619873;-0.6579565482982667;-14.904503884887694
1478633154218;34.824324561530645;0.2268167577435146;5.0970450805231655;0.781407530300878;0.05850830307006836;-14.239065460968018
1478633154252;34.903304809576085;0.13724141729539238;4.873772332340521;0.5597943121979013;-0.2647089119178708;-14.009671306665242
1478633154285;34.97687239112329;0.06783379746145524;4.739597741608659;0.6582557824065909;-0.15756840132561045;-13.81529176712036
1478633154319;35.05863508383788;0.0067245885636284634;4.568675819800125;0.1441010124206543;-0.24944587640572752;-12.787580996759235
1478633154352;35.17498482964155;-0.049190446830298246;4.597686211156491;0.010773907470703125;-0.004339490509033203;-10.382306044326908
1478633154386;35.20253017122656;-0.04869234819635585;4.7320871886962586;0.4082114195892587;-0.42856211029687835;-8.414122313281148
1478633154420;35.2909277985635;-0.10212107875910617;6.070111245342024;0.710629016787745;-0.05416881027774652;-4.376750272369384
1478633154453;35.35660774566448;-0.158638478943545;6.749647544412027;0.7918821990966797;-0.03800794907169183;-2.7084406280517577
1478633154486;35.43742426140855;-0.22922518703398043;7.169156329767982;-0.31094686754755674;-0.1005564697265625;-1.6519991455078125
1478633154520;35.49928562610019;-0.3162660205584287;8.032920703553108;-0.553509496307373;-0.017357962036132813;-1.3883376876831053
1478633154553;35.53914879566065;-0.47695053873866283;10.424893882612562;-0.5274725532531738;-0.05521627578735351;-2.136675344085693
1478633154587;35.1345276293804;-0.7046919332748457;13.367990615744652;11.31245320663452;-0.5172971687980461;-3.877409588623047
1478633154621;35.26147272612314;-0.7573274733717721;13.48494536043383;10.937910284423827;-0.17642273483276366;-5.04682775426656
1478633154655;35.5766679544208;-0.8898919848329451;13.21554381949731;1.3172597528319805;0.2599205177307129;-6.080225045831501
1478633154689;35.67453302175102;-1.0127812600381976;14.453500789039799;-1.1291655041016637;0.09501986925429665;-10.018985869332962
1478633154723;35.67266704596782;-1.0187054394810413;14.919452251268153;-0.7957727767944336;0.16909048825278003;-9.73661941877734
1478633154757;35.66495609404001;-1.0448078408940882;15.400156998186617;0.36915596847534177;-0.11731588134765625;-9.397540544725627
1478633154791;35.644879630319785;-1.0424985662701498;15.570543320527499;1.653944288226217;-0.163404245039355;-10.013898263870365
1478633154824;35.65152883579646;-1.0057702510146882;15.419377819603822;2.340781163478177;-0.13108254089355467;-9.338733021246968
1478633154859;35.668308858688455;-0.9880491268338998;15.181794454498156;2.4579472336921375;-0.18270749592436478;-9.41220552308443
1478633154893;35.70201314006306;-0.9122094247429663;14.559427666254036;1.7145477369446307;-0.15233108062744138;-8.921992267376556
1478633154927;35.69603462115262;-0.8196644917668338;13.870688841478529;3.1000423101563004;-0.088435832955176;-7.966855661773681
1478633154961;35.708230230304075;-0.757665171674954;13.224993407313246;2.9830255578856915;-0.008978256225585938;-6.510432864379882
1478633154995;35.76948405492514;-0.5842139834695587;10.473569980011215;1.7383399972114246;0.11312602615909417;-3.384054409027099
1478633155029;35.78565033922476;-0.552846506895437;9.60044080258192;0.3526958320617676;0.10025719166493217;-3.2218472465515133
1478633155063;35.757166807525856;-0.5563274014416675;9.437185918505255;1.7814357092926278;-0.06973113248520531;-7.029974624633788
1478633155097;35.744800444847705;-0.5384086741652693;9.286278248699714;0.9262567672729491;-0.03621230010986328;-7.687182834216207
1478633155130;35.729971516172455;-0.5263853991847242;9.282800818051085;1.5671545636688766;-0.032172084808349606;-8.123226957702636
1478633155163;35.697814478218625;-0.520755690641794;9.01537395397755;1.1915642387390135;-0.02633621826171875;-8.668506166607514
1478633155197;35.66831501222431;-0.5035075760930074;8.837471307064948;1.6117466666290536;-0.019901801300048826;-9.749338948457059
1478633155230;35.64300426497234;-0.5153690269305138;8.610761672301088;0.7300817956786603;0.0728735084644286;-9.306860513040236
1478633155263;35.61940214232127;-0.5541971273721719;8.676390170961664;1.503259358237451;0.3085527298194822;-10.658536951269582
1478633155297;35.603261175566544;-0.5684127810420835;8.478988819853573;2.04075771314092;0.2759317413330078;-11.286116696111858
1478633155330;35.5949167030447;-0.5606345193880158;8.223746247087108;1.4648024621051503;0.21906945190429686;-11.179126393945515
1478633155364;35.571672393042626;-0.5415865562772922;8.156159229076595;1.9912275566985829;0.30780455093383785;-11.739967986706644
1478633155397;35.544540527595444;-0.5006499220244233;8.230105849807268;1.485452455990575;0.39010522386855445;-11.751041023254395
1478633155430;35.51974681295376;-0.4426228345017198;8.248230740649019;1.9334675147125497;0.24181436310920398;-12.420818937683105
1478633155464;35.480390511557324;-0.27711897241715144;8.091188726610762;1.934515014471486;0.0037409400939941405;-12.416629084777831
1478633155497;35.38381731623221;0.8594579615109348;8.01793995414243;7.233182344409078;-1.1338041419540532;-38.802078118133544
1478633155532;35.52927316971769;2.0926877542193614;7.6691459887613265;0.31184476623535157;-0.7092822418212891;-3.3529297874450683
1478633155564;35.56012626939214;1.908510843134552;4.011187383432798;-4.885817254229635;1.096095411007665;7.933635529217123
1478633155597;35.577762500604415;1.4308233087255189;2.6532977920804077;-1.5254058057922868;1.5435118645156733;-5.031713771764934
1478633155630;35.53608812913271;0.7272234702783923;2.0291767219151375;3.69814388544932;-6.025307844322268;-31.036186342731117
1478633155663;35.580147677233356;2.0309477385321766;1.9348382463452367;-0.3097498032500967;-0.9232640151977538;1.8056769645690918
