sep=;
timestamp;gyro-alpha;gyro-beta;gyro-gamma;accel-x;accel-y;accel-z
1478633131405;34.06614786925858;1.5356393523796716;10.617877620742924;2.065298243624903;-0.23672669828110374;-9.651925001981837
1478633131440;34.06543208456032;1.522392025100234;10.778899319795162;2.075473527615331;-0.20231004028320312;-9.64489147976599
1478633131474;34.06488865106216;1.4973336962720933;10.897617727244935;2.029983696072362;-0.1714846939086914;-9.62678565053095
1478633131509;34.06492487854495;1.476739769593919;10.98132954904334;2.006191344474023;-0.2105400993568357;-9.643544788139568
1478633131542;34.05917237814288;1.4520431383731531;11.042247859854303;2.0054430925231426;-0.23448213422470723;-9.67152744473433
1478633131576;34.05545866808683;1.4434805019972432;11.04565972269556;1.9705776039123535;-0.23942016944055794;-9.65910760810395
1478633131611;34.04783297146548;1.453099927330047;11.026942795687406;1.9394529549308586;-0.27742812422047136;-9.634267208757402
1478633131645;34.039753485170394;1.4580061524431303;10.97001857222188;1.8775029493000532;-0.2536357397998581;-9.654319113452091
1478633131679;34.03461286139204;1.4667321226679975;10.92170769678396;1.8510171071343064;-0.2855085456903442;-9.63037697012801
1478633131712;34.0335118048927;1.4811908126676339;10.854771339851409;1.8273743634569748;-0.28924949720078147;-9.655964894198009
1478633131746;34.03958187017801;1.4802104340416302;10.815029108104602;1.74357734074248;-0.23403320543040754;-9.670479675547336
1478633131779;34.053941835915005;1.4430395412786516;10.773065576171145;1.585859361178614;-0.22310966263923326;-9.686939697796479
1478633131812;34.070058669798286;1.3200175110817156;10.7464159066655;1.6826748360122552;-0.19153613509578862;-9.89613326878203
1478633131846;34.07436420035218;1.203245969921637;10.335884630919127;3.3391631278991696;-0.4421791191101074;-16.77063444137573
1478633131879;34.07269793962986;1.0229316483785724;10.41701729110587;0.3687070556640625;-0.23104045563850084;-12.370091790008544
1478633131912;34.150406999208414;0.9815193232305862;10.212645755559452;3.8344635963439937;-0.4800374328613281;-15.499163722229003
1478633131946;34.15568778889623;0.9169774731912489;10.599748709754559;2.4001871643066406;-0.16235679094619115;-14.026280496160686
1478633131979;34.19561946024087;0.8468499845677788;10.947517053315206;2.3605331627776844;-0.35194764404296874;-13.744363835199177
1478633132013;34.21406991746919;0.771043559479854;11.320344607078157;2.8715456892151385;-0.20664953535881359;-13.878438835906982
1478633132046;34.27597128006585;0.6525280259556379;11.494470875486689;3.2130186279296873;-0.3103483901977539;-14.136264427185058
1478633132079;34.32932656691046;0.5889763403016653;11.372031480741505;2.781463705621287;-0.42108022611313495;-13.51631583480835
1478633132113;34.37020528488044;0.5052100035148057;11.513074717337048;2.505681638424657;-0.29822774429321286;-13.209110126550495
1478633132147;34.43143745989201;0.4262038358833169;11.49466757368159;2.0922329483695794;-0.1657984649658203;-13.129801904296874
1478633132181;34.49773789892678;0.37244928288044665;11.313594807639873;2.0127753899062983;-0.15367782362785656;-12.292878786468505
1478633132213;34.558181412213784;0.3381007147368001;11.408483403815215;2.216581879292335;-0.21263503494262695;-11.336993919781595
1478633132246;34.64202244468169;0.3215573352224933;11.209634493901623;1.328632320315577;-0.05880757827758789;-9.654917378456052
1478633132280;34.75780887623308;0.35340148053046294;11.10576808877963;0.9232640151977538;-0.09935936889648436;-6.896348536737263
1478633132313;34.83245357037832;0.38731249494336684;10.981184191614755;0.42497079467773435;-0.08813654633121332;-4.64101028060913
1478633132346;34.90752662767693;0.4046549465693959;11.021060386174899;-0.18405425262451172;-0.049380411524011285;-2.9038673385620117
1478633132379;34.95324834947361;0.3936698172521138;11.858130981307326;-1.0398318546570837;-0.01631049880981445;-1.8825906929016112
1478633132413;34.75644341109065;0.312884760995938;15.540243609060248;2.3801358532669954;0.13572130204353014;0.05970540390014648
1478633132446;34.557850597191106;0.24342198133392037;16.910527037944927;7.045985848236084;0.5764040268497308;-0.8346785537719726
1478633132479;34.65136459335373;0.13750039183196397;19.83425071693467;5.934178452301025;0.784849229436682;-2.4703672004699704
1478633132512;34.7680773746977;0.14941140472617948;19.662522095208526;1.8523637508116662;-0.35090018081665036;-6.618920127105713
1478633132546;34.78728719438324;0.155146203629493;19.156912101768086;1.6698060203552245;-0.41943419877204574;-6.977152550506592
1478633132579;34.75047296941884;0.1522821244109841;19.371633772945934;2.241421593652293;-0.24465748214721678;-8.099583997112884
1478633132612;34.72713183009819;0.12749574451664322;19.810297049830844;1.7515081520080564;-0.12689269027156988;-8.4708349651061
1478633132646;34.67132874152028;0.1811072429432765;20.636675279269454;3.260154418315086;-0.05297171173095703;-9.104700069261598
1478633132679;34.652954210741875;0.21925504115948086;20.810526055161642;2.3110032985962925;0.03860650405330816;-7.726238541058451
1478633132712;34.6355962504918;0.3622896356066962;20.572132347509623;1.9930232444763183;-0.1131260284423828;-5.957222643280029
1478633132746;34.632355820268636;0.3952801218156102;20.482397354688995;2.0567688636779784;-0.25034370195693334;-5.719298853302002
1478633132779;34.616907013097496;0.48882211575186474;19.959122119796636;2.1607669982910154;-0.11522095717830816;-5.5361424263000485
1478633132813;34.602709678547505;0.5136907437674114;19.360355868526767;2.219574722699076;-0.17971476211547852;-6.442347754669189
1478633132846;34.59483879595813;0.5032102230993206;19.284262492203883;2.343324728747457;-0.1693897674560547;-6.862829275103658
1478633132879;34.57225080600631;0.49738616917873585;19.125626697364936;2.7941829384734853;-0.09412205333571473;-7.979275729016214
1478633132913;34.54950254037263;0.5078257843612135;18.448303097872866;2.815880391018651;-0.12419920883731683;-8.191760687963663
1478633132946;34.528000268700104;0.46976479286453277;18.148593209722648;2.587533517279103;-0.06703764990930794;-8.53817232518941
1478633132979;34.50531667549135;0.43307033889715824;17.85343848318652;3.629310368524119;0.04668693237304687;-10.022128222479298
1478633133013;34.4957033694062;0.4190543551969868;17.314177344562115;3.086126013006642;0.043245267486572266;-10.231770578411966
1478633133046;34.4670718455773;0.39039562503031183;16.848909386309963;3.584868073272705;-0.08020575789852301;-11.842319961547851
1478633133079;34.43070974570835;0.4379142412765357;16.22638627537193;3.0306102610823697;-0.1370680450439453;-11.146056337384135
1478633133113;34.39721493577331;0.4426915442936844;16.06428053609561;3.1358057339875027;-0.03785831146793207;-11.95409954381734
1478633133146;34.35377296898436;0.49395096136921596;15.894180994786856;3.593696691894531;-0.052373156749340705;-12.311583486938476
1478633133180;34.29636026354876;0.5293473084980803;15.921533028290163;3.888482917431742;-0.18255787658691405;-12.550106119592487
1478633133213;34.14192886736877;2.024896849311585;15.839928473972488;30.24879385626912;4.804414470849559;-52.92233190623819
1478633133246;34.289952895371606;1.97400835764808;15.225138575629314;-1.0672153900146484;-0.256029958299268;2.873640542602539
1478633133279;34.216798425232845;1.6069980590112118;14.492350339902774;-0.20919337005615232;-0.29927520980281985;-7.1742251285277305
1478633133312;34.21818988153894;1.6247757995645633;14.219126594077993;0.1370680450439453;-1.0330980346237308;-1.381005445098877
1478633133346;34.02713168090129;1.7481867617550522;14.577398829850921;3.168576259613037;-4.201973569444287;-7.592462231036275
1478633133379;34.033434322245704;1.5876978434549578;14.554111491436716;2.2131401230743153;0.0846949019943364;-4.521599472808838
1478633133412;33.90844461859951;1.5641672830825313;14.764710735083959;9.861716638183593;0.7751227692092768;-20.62784295349121
1478633133446;33.92337039229443;1.5764589993258327;14.883849136546043;4.324227473449707;0.1364695128952153;-5.638644477136433
