sep=,
timestamp,gyro-alpha,gyro-beta,gyro-gamma,accel-x,accel-y,accel-z
1478633740500,24.646040562688412,-2.14247955598604,31.36065585156619,5.185242227217089,0.3235164810623042,-8.345737855297699
1478633740534,24.64786607617868,-2.134735461972387,31.36282832088375,5.156362256456422,0.35134909134464104,-8.35277116402606
1478633740567,24.654834114160536,-2.12289413301666,31.35325028817831,5.124339969082037,0.3435679473655764,-8.377311463327068
1478633740600,24.65795998210372,-2.127507018134094,31.334830237832726,5.1385552126456515,0.3727472852361301,-8.325237594914157
1478633740635,24.66394038037751,-2.138737718113183,31.313314601232605,5.128080438818572,0.42272623518791513,-8.378209608610035
1478633740668,24.6680246331103,-2.146181910461486,31.271990321174666,5.026775936336838,0.4161421714893309,-8.397812090749259
1478633740701,24.666105319404966,-2.167339552035412,31.22652768773387,5.052214203395124,0.36840777075256625,-8.406341036871343
1478633740735,24.665690310769097,-2.1558303353446093,31.214196239342517,5.045181738341913,0.3161842567443848,-8.399158435315806
1478633740768,24.663506223578743,-2.143035356823255,31.211418132961807,5.07301399128958,0.3076549270298099,-8.402750063174672
1478633740802,24.659127135865084,-2.1340655237270414,31.222612880252438,5.076006602371702,0.31289224772797897,-8.373271415847269
1478633740835,24.657275389107717,-2.119333040632873,31.233008745400557,5.065532411354046,0.34281974564704576,-8.382848342645959
1478633740868,24.651337335110554,-2.1114709601172357,31.255613626749724,5.074360845029494,0.3702034402639925,-8.3818004481635
1478633740902,24.648408644566217,-2.116134165333041,31.275142261747387,5.0819921259300465,0.3917512329433346,-8.417115426115947
1478633740935,24.644866302617544,-2.121823150930613,31.32253613283155,5.100098266851823,0.3944447394937626,-8.372672601783746
1478633740969,24.643714660525035,-2.1254936667382798,31.367872495629147,5.1164092114737425,0.38830956805686,-8.364442524657862
1478633741003,24.642822341772895,-2.1298864128781325,31.393079084071562,5.1363109545499315,0.39324763866368445,-8.36414354799033
1478633741037,24.64216970284288,-2.1259802499078373,31.470750287583034,5.183746138873859,0.35703534026628764,-8.3313728987818
1478633741070,24.642970419478385,-2.1207538149839786,31.533902680638754,5.1906291489864,0.35359365597185966,-8.311919875579001
1478633741105,24.64379210054708,-2.1208556390697964,31.542396007161027,5.18913299214451,0.35733460634065267,-8.320598808648006
1478633741139,24.642837116829178,-2.110832019011276,31.570981476105825,5.231779476320604,0.3305494552888791,-8.28977358785437
1478633741172,24.645274166756924,-2.1051473069066864,31.55236204894999,5.197811986862309,0.3321954803466797,-8.292317454517748
1478633741205,24.64502007040484,-2.1016826691358133,31.537355280931223,5.186439474177639,0.3582324306788614,-8.340949615232523
1478633741239,24.647086751049866,-2.110961098612155,31.453625230773163,5.095459678660961,0.38262336651345247,-8.376563374060503
1478633741276,24.64752303595482,-2.1342865862895626,31.385450358652296,5.024381766642723,0.3854664490188472,-8.385841139530692
1478633741310,24.651845412584866,-2.173523170284309,31.33261378749771,5.012261020273482,0.39384616396254857,-8.448988249416509
1478633741344,24.659849383078328,-2.226306182296644,31.296293722817907,5.012261349067045,0.38696285302673056,-8.437914765344187
1478633741378,24.68988978973612,-2.297341085936941,31.263355635899824,5.246294387817382,0.3694552505327272,-8.552088074349797
1478633741412,24.628236224412333,-2.4766478138913324,31.2177278038596,4.1900028351381415,0.9216180015563964,-9.186701407623291
1478633741447,24.678808791799263,-2.6482319072216107,31.492780163430073,5.052663524915068,0.28730419921875,-8.601767850129585
1478633741481,24.669711984704445,-2.7157098137415736,31.64886762753482,5.471498725747503,0.7725789482116698,-9.876680544690043
1478633741516,24.572799920656188,-2.765807974041218,33.32546458566619,6.576273702295124,0.7844003189086913,-10.7667251579836
1478633741549,24.575232030128863,-2.7790116418223745,34.52190369383635,6.902483386230468,0.7606079581771977,-11.116727220916747
1478633741582,24.572448284010218,-2.794408214039101,34.918895610954685,7.480832870892435,0.6667851440872066,-11.1245086685732
1478633741615,24.631871838096345,-2.835077087673822,36.679412238257854,7.84669666595459,0.7022492927108891,-11.363779196985066
1478633741648,24.661673972048266,-2.853983141225734,38.10136946404727,8.006060567828268,0.5348048004039796,-10.40639751586914
1478633741682,24.68144171130586,-2.8582260338127967,38.473619992193164,8.041075913238524,0.5238812690292485,-10.222342970983684
1478633741715,24.688004776815724,-2.8703386615822906,39.888885080217904,8.194005836541951,0.6233902481300291,-9.375993122509866
1478633741748,24.690047251185423,-2.920596396413675,40.834582197759254,8.39571703414917,0.6133645286781247,-9.053224811200051
1478633741782,24.727894496848393,-2.9496268520459172,41.34896951260016,8.799888348034768,0.5012859740222703,-8.872013380786031
1478633741815,24.718520027725205,-2.970938429859106,41.76379482715039,8.273313766534626,0.5969043922645505,-8.37895754946284
1478633741848,24.69711784602878,-3.0046992317019745,41.98293676016386,7.636006919860839,0.5469254280422116,-7.613860554504394
1478633741882,24.633396247882985,-3.0950044839238395,42.187798265522495,6.997054242208786,0.33848027797089886,-6.775291240371577
1478633741915,24.56861402942487,-3.2602249765688507,42.1995105661378,6.45461803817749,0.3752911102294922,-6.428731024987996
1478633741948,24.546201979490544,-3.295894768817439,42.09478190641216,5.999121391528472,0.5144540680263424,-6.268019727093353
1478633741981,24.499711787528813,-3.364450630663963,41.95235570427165,5.373935263824462,0.5195417693870608,-5.68398452494517
1478633742015,24.435218905247403,-3.4510381173742006,41.932390524375,4.106504759979248,0.438587816619873,-4.498405351965129
1478633742050,24.398955084613984,-3.489390808442607,41.89984242404935,3.3315316101074215,0.414346524810791,-3.8497269241884347
1478633742084,24.357275771383208,-3.499247318768311,41.797173749098604,2.640954361017048,0.38202480239868164,-3.1718679946348067
1478633742118,24.288133232781025,-3.5318367085508946,41.6024696042145,2.2095485648557545,0.37035305103911087,-2.7070941818788645
1478633742151,24.258578224398835,-3.5480287650212032,41.57843229556701,2.2610241928100585,0.347308878326416,-2.6874913635253903
1478633742184,24.12084575583322,-3.6357207051463787,41.64564212300896,4.08750093043223,0.37948094486845657,-2.806453550775349
1478633742217,24.040974128268807,-3.7097698495573352,41.67424308314259,6.230311471071,0.28730419921875,-4.336347827093303
1478633742251,24.003094839308805,-3.7502533108914107,41.591279396292755,7.883358171136677,0.28176764441225677,-6.647949749169871
1478633742284,24.013078816624994,-3.7421025688340586,41.69358760058042,7.853430358123779,0.5292682136314455,-8.912864592742919
1478633742319,24.009290816156664,-3.6823416326091736,42.13007507793826,7.460781505053863,0.23253683624267577,-8.87889671055898
1478633742353,24.02841139029212,-3.6198628819103793,42.7787475967549,6.399102267986908,0.16519991455078123,-7.706037428018264
1478633742387,24.048058802070962,-3.568028147360854,43.42614950771261,5.713313129955902,0.04129997863769531,-6.37605815007314
1478633742421,24.103873947136538,-3.516994907281558,43.86532759239886,4.791246580914407,0.07781155395507812,-4.802020634515583
1478633742455,24.169368416768375,-3.4867791705138824,44.16672668140834,3.8236896888732907,0.19482816009521484,-3.1191958503723143
1478633742489,24.23417794828201,-3.496430813934131,44.530631526579576,3.381360932159424,0.24510639495849607,-2.861519896697998
1478633742522,24.338536237224655,-3.535752166781868,45.016386932943256,3.1061776711061597,0.06643909606933593,-2.437447219903767
1478633742555,24.468753617164804,-3.673605364873727,45.418307765754655,4.364330351257324,0.5014355919326655,-4.3053731353759765
1478633742589,24.542286167982162,-3.7019260663279785,45.61595140091694,5.463268913269043,0.5934627182449214,-5.19377188115865
1478633742623,24.628985063567754,-3.664312503740048,45.69826445303318,5.861753925146535,0.5044283622741699,-6.035183761773631
1478633742657,24.701725461322567,-3.594016945757333,45.85019591611878,5.998821750994772,0.2653074714660644,-5.503222299603372
1478633742690,24.799843064088126,-3.564062242801879,45.977419191320806,6.562656680352985,0.4873696663124021,-6.297049604885839
1478633742724,24.889716579888994,-3.507531006517192,45.98205161228171,6.945129847573675,0.6624456718444823,-6.839037069635792
1478633742758,24.97361016755681,-3.4147987778176003,45.96079072076777,7.002441237043333,0.6100724968288326,-6.861183243195992
1478633742792,25.06784265343148,-3.335140325902113,45.948273407507415,7.318924636564496,0.6129156158668454,-7.216722390658594
1478633742825,25.2446243722874,-3.1167478658446135,45.86115110819598,8.07160191134028,0.814028582719434,-8.147019628961385
1478633742860,25.33607015213012,-2.9967618336242268,46.00307985189295,8.348730826568604,0.6976105087280273,-8.306532876177876
1478633742894,25.389046816274664,-2.9202725325430805,46.05306122348325,8.290671582440286,0.7231985389709472,-8.34424169845581
1478633742927,25.522050892417433,-2.660118973817448,46.16302719228241,7.486818265444971,0.6144120010375976,-7.702296597522124
1478633742962,25.604668395799433,-2.4829256609333994,46.37834581716104,6.814945406297315,0.5060743759155273,-6.972364384648297
1478633742996,25.4522287199397,-2.9036642543458457,46.26768409205708,27.73308529281616,5.439775955609232,-32.57775235214233
1478633743030,25.54970780171859,-0.556861433321656,45.772989688757576,-11.304522998157143,-4.260781248186575,2.971204260253906
1478633743064,25.44676700162547,-1.53792885454255,44.38317498921914,0.29179332733154295,-1.0748469626053236,1.753004528045654
1478633743098,25.430826667316463,-1.916298944092224,44.775678939127474,7.0804022779051214,0.5334580574035644,-5.851279219818115
1478633743131,25.57865052847528,-1.6436271075643856,44.70670715688786,-5.143492769512534,4.575768303636182,3.7596442099422216
1478633743165,25.527493477749523,-1.7700442670559886,44.87772678980534,13.609091149139404,1.405845305589307,-15.874305194854735
1478633743198,25.51390477372576,-1.6903796572298697,44.99107572166111,9.34950682825297,1.54560679096831,-8.64112241205424
1478633743232,25.523918473712296,-1.690318806790474,45.13748519692073,9.402029919433593,0.5181950218200684,-9.979631362207233
1478633743266,25.527511666425575,-1.6827046086033104,45.331889978706684,5.067028392382711,0.685639482160937,-4.887613343866169
1478633743298,25.494639894455304,-1.682149615036027,45.422344419299165,8.425195642089843,0.3076549087635008,-8.314463669177144
1478633743332,25.454002303334214,-1.6824411110502104,45.54608696852627,7.173477031840477,0.2943371757286135,-7.137414588530082
1478633743366,25.46256038859138,-1.5868784301671317,45.603455172649205,6.753294750080909,-0.06239888076782226,-6.4502788399294015
1478633743399,25.44570917459287,-1.6183319028673562,45.66690910614187,7.170634227896295,0.4795885200500488,-7.0437410467176695
