sep=,
timestamp,gyro-alpha,gyro-beta,gyro-gamma,accel-x,accel-y,accel-z
1478633121848,32.77054565261877,1.2409965560508716,4.865898486715341,0.8023568541927496,-0.2030582208813139,-9.765948465889833
1478633121880,32.76916858814576,1.2398296492662366,4.878981376146785,0.8173205917358398,-0.1862988189641968,-9.77043755961059
1478633121914,32.762447114159755,1.2353335810119443,4.909122726561193,0.8336310951122315,-0.19886837996330578,-9.777919710796398
1478633121947,32.75670310114517,1.2325962762406943,4.944592254192294,0.8143278076946037,-0.19527707747307138,-9.828646622721408
1478633121980,32.74985490628035,1.232217920615066,4.974340956475318,0.8276456092281499,-0.23822306061896958,-9.75502522534899
1478633122014,32.74198195755452,1.2278530078198417,5.04945393148935,0.8692448448070558,-0.2448071243175538,-9.76759461709933
1478633122047,32.73738817565661,1.212645682033328,5.107508213569125,0.9247603866687742,-0.23762451705379642,-9.795726477758423
1478633122081,32.731695044891104,1.1865468332700044,5.175027947221749,1.0434230292831548,-0.26964696197509763,-9.80455507811394
1478633122114,32.73047010989561,1.1397832439577524,5.312298328599207,1.1100117812225594,-0.4348468765258789,-9.803806853562524
1478633122147,32.721521143262756,1.0405526265318485,5.293310599438851,1.0087070778114255,-0.16355390205106812,-10.284143447466938
1478633122180,32.73389902576308,0.9462339146794896,5.25816845903946,1.4954782485077156,-1.236754813340772,-11.733234148406982
1478633122214,32.73963529601048,0.8171178479452603,5.214948878014029,1.9779098464965819,0.1406593566673342,-12.753463038580119
1478633122247,32.7800079283665,0.7345500323582259,5.245855761833131,1.1050737402984872,-0.3336918472511228,-13.101370467321575
1478633122280,32.82318012657124,0.5964239775713632,5.246964254886961,1.767070462799072,0.27667992935180663,-12.754361448724568
1478633122313,32.86738218896322,0.48348623615936814,5.197554384777607,1.5690999130249021,-0.4376899909973144,-12.855965381677448
1478633122347,32.9181095859874,0.3495213077689373,5.298265020596434,0.03890577697753906,0.04369418029785156,-12.933776351110636
1478633122380,33.017483142009524,0.17796014308398336,5.0146799671802,1.354070639889501,0.011222820281982421,-13.64874511413574
1478633122413,33.10069580921538,0.09120755708151645,4.766098667577205,0.897975251029199,-0.09681552963256836,-13.255347561590373
1478633122447,33.20252937373452,0.0062509997877254735,4.46755885693762,0.9900023682083002,0.023193828154647052,-13.194445349121093
1478633122480,33.2919840336463,-0.049952786462235825,4.264724415247283,0.8336311088119633,-0.03516483631272276,-12.91192926096171
1478633122513,33.389528252722705,-0.09665170004274895,4.313955577819567,-0.7299323042053729,-0.09920973243436892,-11.72410640070811
1478633122547,33.54921591091693,-0.1493601400785634,4.4741865487303,0.05850830307006836,-0.135272400648694,-11.122114174652099
1478633122580,33.64731051465837,-0.16004407006054022,4.7996875676217465,0.26216508178710934,-0.217124156205554,-10.013299311596526
1478633122613,33.74947917447193,-0.11291835943919319,5.087010350882764,0.1671452033996582,-0.11656769332885741,-8.43806432988271
1478633122647,33.90302964638686,-0.09569988057551919,6.013385561732453,-0.07481880187988281,-0.1225532020458253,-6.327575712585449
1478633122680,33.99832866648379,-0.08812790619085475,6.744713965149079,-0.1418563752990216,-0.1970727298598329,-4.945971717071533
1478633122713,34.08828166529448,-0.09662147756318928,7.552859559330609,-0.39594109954833984,-0.16714520796623544,-3.8878842208862303
1478633122747,34.16934248170206,-0.13007885704401143,8.732769696802848,-0.5804442649841308,-0.1592144035505247,-3.207482036590576
1478633122780,34.25836089492642,-0.21618587012229848,11.126044880823672,0.23837270278930664,-0.18031330339736304,-3.7490205245971677
1478633122814,34.22365285528013,-0.2909707166537837,12.645639400473588,1.2996026617188006,-0.04638765716552734,-3.6450223899841308
1478633122847,34.029568596923696,-0.4041948841392718,14.00396904089279,7.391349145452677,-0.06958149031486828,-4.8268604767397045
1478633122880,34.080433785502244,-0.47591400147656615,14.62553950559233,8.837746807916462,-0.136918398307031,-4.7752352111816405
1478633122913,34.31413265399685,-0.5413445094310668,14.819135852967086,3.663577598980814,-0.000748188018798828,-8.227973426464944
1478633122947,34.39800002916852,-0.5339755789921611,15.12832905117215,2.437446891110204,-0.18420389022827147,-7.458088101251423
1478633122980,34.4254612816462,-0.543938510825962,15.5203097575871,1.1472713618956505,-0.23642743220673873,-7.309347738592326
1478633123013,34.48825562362234,-0.5447342772652207,16.342581986526017,1.383399646759033,0.04204816208991687,-7.901164753723144
1478633123047,34.525661833310295,-0.48118447392451663,16.753763943766607,1.9060838697571307,-0.09846154327392577,-6.71304188760966
1478633123080,34.564469419919156,-0.37168004242198066,17.013006729752018,1.6252140144348144,-0.07392097625732422,-5.021538706970214
1478633123113,34.59556679567983,-0.3448420882013514,17.106944410404292,1.1234789828978478,-0.018255792225268668,-5.117905031530559
1478633123147,34.61431493484428,-0.3034432987296831,17.154886180310918,1.24498486328125,0.0047884033203125,-5.106832141113281
1478633123180,34.66171809293679,-0.2695832019436759,17.404112066786453,1.7937060293335467,-0.0703296783336671,-6.654833152008056
1478633123213,34.70648720426522,-0.2682793687536825,17.465086817404465,2.3048680107116697,-0.06913257750358898,-8.233509871673583
1478633123247,34.7399865197072,-0.24419579455964843,17.353809295549542,2.5719712064880875,-0.009726444244384765,-9.197475242028757
1478633123280,34.782397658639525,-0.20571334234875724,17.18907296490458,2.5429412921629844,0.05596446380615234,-9.830292741394043
1478633123313,34.851235691331794,-0.11698852574042244,16.913604629051573,2.424278928109817,0.10025719451904297,-9.845106754568405
1478633123347,34.9146236090473,-0.02220540462287441,16.598545927197364,2.72385327383955,0.06404489526541292,-10.579827352496237
1478633123380,34.96366035919644,0.0605481881100024,16.324644291182963,2.872892263252195,-0.0005985504150390625,-11.252448673657327
1478633123414,34.9834182067761,0.11047862494121442,16.193394223620956,2.820519293732522,0.04144961509981076,-11.42034177281484
1478633123447,35.02570243120741,0.22320193379444214,15.912555983034538,2.936937285525538,0.07960720291690668,-11.894992690332232
1478633123480,35.08643668923697,0.4223058920156443,15.53474864460605,3.05919113473203,0.001945288848876953,-12.5640221244812
1478633123514,35.11615043289404,0.5738533660063421,15.323472604736184,2.920776387786865,-0.0468365745433839,-12.601431817682087
1478633123547,34.95855329152281,1.447309217198221,15.500889067480252,-1.817647972869873,8.334814748614653,5.211728685870766
1478633123580,34.990135995378054,1.0624117980294014,14.824664573350187,-2.0973206542968748,0.9922469687973149,-0.3574842353820801
1478633123613,34.98411735160932,1.460921776967741,14.840806093337735,-0.18121113815307616,-1.8971055952652356,-2.446874096679687
1478633123647,34.918666168084194,0.7133565086191868,14.66075222300336,10.448146699579059,-4.201674266837304,-26.913670359149574
