sep=,
timestamp,gyro-alpha,gyro-beta,gyro-gamma,accel-x,accel-y,accel-z
1478633917673,18.695083619747123,-2.877987825872572,8.42496298581179,1.56805252286382,0.35568857500380835,-9.705794357813906
1478633917706,18.709206062293898,-2.8381480602157856,8.473971558570147,1.5459060844421386,0.3666121383445803,-9.678260829230377
1478633917740,18.723421328962754,-2.792144411759164,8.49721866888058,1.5132851461880141,0.36212300109863277,-9.689932506668478
1478633917773,18.73724736047462,-2.731825767377407,8.455589471192042,1.4401122972104434,0.3802291328872554,-9.68708967860706
1478633917806,18.740144823388956,-2.7192672326299347,8.43251074425903,1.411381942594191,0.3745429130775388,-9.707589916585833
1478633917840,18.74339426455646,-2.6971610228514344,8.386929597063626,1.413327216601692,0.39698854450834914,-9.701604185248224
1478633917873,18.741409405203196,-2.680327312638953,8.32921769247022,1.3374608384727034,0.4225765930175781,-9.723601205261854
1478633917907,18.738064245412303,-2.6688963426904713,8.273001782266832,1.3335702653415267,0.41748890535659156,-9.706093293953064
1478633917940,18.726892402929522,-2.6512222933426095,8.204116942455684,1.3069348312377929,0.4236240516773192,-9.683348406722686
1478633917973,18.72410762363151,-2.7116580969712674,8.16828116117109,1.239148960202001,0.5674258025901857,-9.772981301692035
1478633918006,18.741264982263274,-2.791654037690657,8.15818530716053,1.8019360610077158,0.37140052339858376,-10.179696801901422
1478633918040,18.693753332097042,-3.003988028337699,8.273137105697492,2.2276549341063947,0.46731824110832526,-16.678308039855956
1478633918073,18.658101190373866,-3.1945435202063126,8.287469140872659,2.0253449668884276,0.6407482192993164,-11.239130780792236
1478633918106,18.689321246816437,-3.2332373855483807,8.775164547603309,4.1926958736144,0.9133879333496093,-15.069254886627196
1478633918140,18.732746524426847,-3.231957528326376,9.341206795987489,2.8637644607543944,0.9264064048767089,-13.017573993737996
1478633918173,18.739827966128928,-3.3067216577095544,9.84151774135369,2.245162570278905,0.8969277969360351,-11.92836187597066
1478633918207,18.82489551250669,-3.450336737390699,10.820504068430624,2.7727847976684568,0.919971987915039,-13.393314016778767
1478633918240,18.906146055146806,-3.5531643065578318,11.610243057746144,2.1320365783691404,0.934037922668457,-12.329689929254352
1478633918273,18.958090757819516,-3.6789441646577514,12.429551389925985,1.8423381774902343,0.8879495589767582,-12.252326703588663
1478633918306,19.034162860823663,-3.8138041635139217,13.101012931545652,2.2481553451869867,1.0327987411499022,-12.360514691106975
1478633918339,19.135466090575118,-4.015141511377345,13.946726331341429,2.6020482917785643,1.223736287014745,-12.619537383215128
1478633918373,19.188686150617716,-4.126304431364823,14.309951123635638,3.388992449951172,0.9760860893249511,-12.492346004541217
1478633918406,19.242342790826687,-4.245668851286618,14.611942370591736,2.94696304151006,1.0013748260940425,-12.216563608551025
1478633918440,19.32032893259345,-4.365607776786714,14.965790655327547,2.427570836661523,0.9298480697631836,-10.938508834838867
1478633918473,19.36609385465092,-4.426054991659391,15.149561728956945,1.970876915652491,0.8493430663398932,-9.084349067455902
1478633918506,19.394468644338613,-4.463097481916669,15.219451116087539,1.921346978405863,0.6880336883876705,-8.261043190765381
1478633918539,19.41825857389753,-4.4538091815537975,15.129552294654694,1.5218145033020525,0.43619361495971676,-6.382642643029987
1478633918573,19.373513095108454,-4.457295841905631,13.895039245515036,0.6836942115783691,0.21054010848999022,-3.4970307998657226
1478633918606,19.337136458239538,-4.478406162085663,13.165008883556734,0.2985270195007324,0.22221180505063384,-2.8727427169799804
1478633918640,19.29476900786311,-4.562061089356237,12.093475990458515,-0.3338414939880371,0.3528454696655273,-2.3502082046508788
1478633918675,19.308729757454074,-4.636137312453734,12.115400383964015,0.03965396499633789,0.16849194183349608,-3.2139164535522458
1478633918707,19.262313122014607,-4.690860104230022,12.454715823569245,0.17687164764404295,0.19318218298647552,-3.370287749481201
1478633918740,19.21338775315115,-4.769256287860752,12.89081252179093,3.077147756781056,0.3024176337311044,-4.574870459747314
1478633918773,19.108910229190464,-4.864142315362188,12.870373479263776,5.315576598358154,-0.03232172241210937,-5.196913686315715
1478633918807,19.258486596704024,-4.985506508483431,13.073276561841386,4.730942626599222,0.9301473449707031,-7.934982852172851
1478633918840,19.38319516201938,-5.166524243770937,13.411156987085128,0.15652093353271485,1.1454758385146968,-12.073809626825152
1478633918873,19.373894807645105,-5.145061613527879,13.738417750512895,0.7674912696838379,1.0377368003402836,-12.866738704626261
1478633918907,19.34263362022018,-5.085563664314437,14.326833209956801,1.4529812055725604,0.9953893128104973,-11.322927838897705
1478633918940,19.341547995974828,-5.013187677944901,15.092173892709464,1.9449896832672877,0.9292495513141853,-8.965537029266358
1478633918973,19.339417522028278,-4.9955414310218,15.985944561668397,2.4057237008468246,0.9552864532691892,-7.10703813670054
1478633919006,19.323157600924464,-5.014711679004385,16.41600549489409,2.301276598623581,0.988356372833252,-6.795641844885051
1478633919039,19.296517107031395,-5.065667625943889,16.668797499910212,2.5201964129241183,0.9350853995945071,-7.788038433019817
1478633919073,19.282455654743103,-5.100355077139239,17.015705505479463,2.70095872959746,1.128117894744873,-8.980351078973337
1478633919106,19.257139334240044,-5.076633778973517,17.347117481790196,2.6752209886855445,0.9349357528575928,-9.02703792001484
1478633919139,19.1928314081591,-5.016339256365847,17.653219413035007,3.156006573033053,0.7433996154785156,-9.16096384024131
1478633919173,19.124290643862818,-4.936558125171085,17.66151072979821,2.565686280999705,0.6967126831054687,-7.892036713763326
1478633919206,19.041803498104805,-4.8139958385188235,17.48291751048885,2.149693888678029,0.46462479620669034,-6.28866993560791
1478633919240,18.918024738916476,-4.651839607959288,17.051666068977944,2.019209752069041,0.40581718139648437,-5.111620252172648
1478633919274,18.832547838716046,-4.571463258905218,16.688092347252965,1.9611505079407243,0.3124433166503906,-5.446659139251708
1478633919307,18.748127027018814,-4.492321040365584,16.321065002191318,2.2016180275848134,0.4091092452118173,-6.5960255737304685
1478633919341,18.645183189583598,-4.384291551490851,15.642543133751321,2.1836614786010236,0.672920304107666,-7.204302433013916
1478633919374,18.552741073102794,-4.249891745668849,15.23966831060577,2.186953542416356,0.5455786850417964,-7.3916485667906695
1478633919408,18.440680549386528,-4.076411286162709,14.797444713860711,2.4533085684402844,0.6028899329475592,-8.655338568933308
1478633919441,18.350457974987847,-3.912476089598368,14.30962257519164,2.23468797454834,0.5734113250068854,-9.291597404391505
1478633919475,18.256326620147917,-3.8110414416594156,13.640668763245682,2.2209212693366687,0.8514379471267574,-9.794379734758008
1478633919508,18.150873864065776,-3.5927136094009997,13.230750505878794,2.3249194496154786,0.7872434516464359,-10.438120614800974
1478633919542,18.08314267840787,-3.4549587922880365,12.980138885522399,2.2312463324947513,0.7894879791702143,-10.252420713861286
1478633919575,18.013634311651803,-3.2954115023278554,12.729496022562035,2.801066377844289,0.7531260597229004,-10.828973962756246
1478633919608,17.954374203442292,-3.143780170274279,12.568613186813645,2.3102548913817853,0.6718728317481931,-10.47702646484375
1478633919642,17.88483597879611,-2.8861603879449893,12.640659673913818,2.6218004920074716,0.6531681404113769,-10.825682227734475
1478633919674,17.843287948159446,-2.7390767801403944,12.591281385182434,2.571971096890233,0.7004536049331538,-11.014524591418356
1478633919709,17.803209346127705,-2.564499668943445,12.698717382697993,2.749740606689453,0.532709860251611,-10.88074886591807
1478633919741,17.76670997847545,-2.3849036169684608,12.851377300322499,2.700659436123632,0.3772363967950805,-9.510816553265066
1478633919775,17.76483749543741,-3.6618452832107344,13.238750941670338,16.94990029067993,-0.31438860549926756,-46.57006423546672
1478633919808,17.672298152855088,-3.0167807776728592,13.075977126197088,-4.500201295471191,-6.43381866698321,6.644059244537353
1478633919841,17.674788229263342,-2.8934291614803955,13.55160918947864,1.9083283607482908,2.9626749533722174,0.09382277755737305
1478633919874,17.70606673056945,-2.731808315747864,14.322264231720885,-0.5325603779114783,-0.8126818625519052,-1.2328642173767088
1478633919908,17.87156044764,-2.6431069046399567,14.736404476327374,15.113547617340087,11.644349338708444,-47.023915672191976
1478633919941,17.827051667113246,-2.9760830922136354,14.30294795021285,-1.6543932010374962,-0.35179800643920894,2.290951129040122
1478633919974,17.82184424397206,-2.8058058491058255,14.107318768784902,0.8303390632629394,1.130661770541407,-16.26740317993164
1478633920009,17.89087495945652,-2.8866368212881257,13.694302487612518,0.6395511184692383,0.7683890953063964,-9.579051474109454
1478633920042,17.97557289301526,-2.7962864209199596,13.294410773068346,1.4799159742493182,1.8359037970611825,-8.281393758746237
