sep=,
timestamp,gyro-alpha,gyro-beta,gyro-gamma,accel-x,accel-y,accel-z
1478633656732,34.83989474390663,-0.7142836147532696,72.74739913459769,9.645939213562011,0.027234043884277342,-2.2975356585295867
1478633656766,34.7440429430965,-0.694681093609848,73.31187138722247,9.570072802325338,0.036062662506103516,-2.4503159076966345
1478633656798,34.65378450083364,-0.6804146286711886,73.75857360925498,9.466074631179682,0.0770633659362793,-2.599953255728073
1478633656831,34.62610556157415,-0.6734201227277277,73.90155967799818,9.467421744072857,0.0962169803591736,-2.606537292027194
1478633656865,34.54883732060704,-0.6485089578836394,74.38158359971233,9.533411488939496,0.11312602401851109,-2.407519498222414
1478633656898,34.5163520488703,-0.6338629584227294,74.69017493618897,9.544784467415045,0.09172785338802496,-2.365321602630615
1478633656931,34.49178883114649,-0.6274545545534997,74.93247157984148,9.511714410853665,0.10414776793563069,-2.3542482920882293
1478633656965,34.47335337452383,-0.626864607482411,75.11135615895562,9.500192463777925,0.12539630852575065,-2.4455274450108173
1478633656998,34.45714244715694,-0.6214967698386863,75.26670504114992,9.511265514025405,0.1104325492914184,-2.420089052371657
1478633657031,34.433375414699185,-0.6106778710693639,75.4779015278058,9.482235548326308,0.11911153030948479,-2.380734358016262
1478633657065,34.42028070467011,-0.6053210969064957,75.60287272972676,9.505579028783385,0.09097966194429317,-2.399738315427443
1478633657099,34.410521441181864,-0.595292536020019,75.71414132729113,9.530269350422289,0.07407061386108398,-2.3741502577850593
1478633657132,34.39586408700765,-0.5600175783771526,75.83183071068696,9.538649097332032,0.041748891448974604,-2.3855227362203992
1478633657165,34.38788599340265,-0.5225619365454286,75.87565586016667,9.486126510758197,0.02753331452521961,-2.368763322316017
1478633657198,34.38384435333084,-0.4884290038560577,75.92113194311963,9.523984367851691,0.04189852905273437,-2.339733586087427
1478633657232,34.38066772485487,-0.46800960131369257,75.97643914367595,9.528623586801038,0.05297171173095703,-2.2970868370498527
1478633657266,34.381735917394444,-0.4472444275513686,76.06656991561786,9.537751431539677,0.0474351203918457,-2.295590474711987
1478633657299,34.385917932688926,-0.44064557685441225,76.10396521529945,9.557652833264216,0.02633621826171875,-2.2782325172424316
1478633657333,34.39164301094394,-0.4405309618139976,76.12257461485213,9.557952090205426,0.07601590435107464,-2.2925976815375964
1478633657367,34.395335155046084,-0.44173645198770656,76.11591478998677,9.552715043501893,0.05731120338163455,-2.2843676361636955
1478633657400,34.406546549186004,-0.4546998852699,76.05020614673896,9.48388194898509,0.06883330229606945,-2.3991397467460946
1478633657433,34.4155048648581,-0.4785550425428572,75.97631344503536,9.455151328133814,0.08948328533587337,-2.5424924889495593
1478633657471,34.41941777586884,-0.5003375198144564,75.91113376949963,9.47221009259424,0.09292495079317013,-2.5594016112396494
1478633657504,34.414449717744276,-0.5262244126745829,75.89829409432417,9.498845258411562,0.059705408466723744,-2.4245780982860596
1478633657538,34.402604122009535,-0.5578062664655751,75.94077090998636,9.612719491997407,0.06973111878547351,-2.1715409057617188
1478633657572,34.40045312877661,-0.6266993603960785,75.99461223045776,9.666738557356828,0.07137713927669682,-2.111236933180224
1478633657606,34.409392917423055,-0.7312380964178244,76.01338049716045,9.372102645276811,0.20829554443359374,-2.463483934629103
1478633657641,34.40118155014362,-0.8394652324661632,76.04371661430584,9.228151297859382,-0.42452187273330055,-2.418143722423585
1478633657675,34.373924785215664,-0.9771413229268129,76.14328496370817,9.872939202737248,-0.1767220100402832,-2.729090544305369
1478633657709,34.32981948930843,-1.0604410832119957,78.0799953731613,10.46325965916738,0.22415713499870615,-3.2077813117980956
1478633657744,34.372562816834495,-0.7736143050733256,79.36632183323728,13.220482292175292,0.9234136802009772,-3.0021791711669414
1478633657778,34.31614301491557,-1.0352385913010755,80.41427313708232,14.103344446618854,0.6359598342453129,-3.073855656433105
1478633657812,34.29821553885015,-0.9859903128582511,81.12010787427889,12.824990397699176,0.39010523300170896,-2.1172225286621598
1478633657846,34.33616155449747,-0.9749045861512246,81.92774583666505,12.731017690277099,0.23852234039306638,-1.848922268588282
1478633657880,34.282518301733944,-0.8967998643423002,83.24721644773948,12.403161408178507,0.07571663663559593,-1.9743185440063475
1478633657914,34.24136688822639,-0.8115592676956688,83.76820978136861,12.332981956537067,0.2328361114501953,-1.559822418124415
1478633657948,34.193967500945874,-0.6483113999865472,86.08528462670479,12.210728034265339,0.22595278167724608,-0.8901940682342275
1478633657981,34.14012400763245,-0.5899769463853096,87.94980917960692,12.019940089471637,0.25468319246596655,-0.3143885872329585
1478633658015,34.13988491770672,-0.5828806442303097,88.47594190342352,11.309161033221333,0.08185176697330317,0.0005985504150390625
1478633658048,34.07082159551232,-0.5399414870518183,89.73009607831379,11.873444583129881,0.213233585357666,0.11806407393303234
1478633658082,214.041699276483,-179.4760300110507,-89.40087042817184,11.854739736529439,0.22954408416748046,0.18435352783203124
1478633658115,214.0067946227292,-179.47867500549174,-88.61882072287813,10.98025758015737,0.1264437774602906,0.5111620544433594
1478633658148,213.9602372302767,-179.48472694420045,-87.82242588946956,10.019584529345854,0.031124621582031248,0.7164648468017578
1478633658182,213.88249530412335,-179.46291935772174,-86.61630681807029,9.840917061493336,0.11806406708316644,0.7263409103835933
1478633658215,213.8575812043668,-179.44969067917745,-86.24052980714274,9.525032084523048,0.08664017428937076,0.682646734652319
1478633658248,213.7837888245923,-179.46724078181285,-85.25202022271007,8.671199935736134,0.04534019393920898,0.589272883605957
1478633658282,213.7293678082688,-179.46592325503119,-84.21376065000574,7.6099699768066404,0.08873510273988504,0.407912071316503
1478633658316,213.70762623971922,-179.47200701416114,-83.85091481709458,7.441328543499857,0.11941081008358159,0.3547907585144043
1478633658349,213.66563425500686,-179.49680942118684,-83.02544808895311,6.5252466948911545,0.16519991455078123,0.3085527389526367
1478633658383,213.62328427690582,-179.54253973527244,-82.11472637230702,5.572654293878376,0.14933832398566882,0.2501941465515643
1478633658417,213.55739754209006,-179.61464560667136,-80.64379422621171,4.407575618743897,0.09801263046264648,0.060902504730224606
1478633658449,213.4929242667808,-179.69768395423318,-79.02844343032031,4.066252244567871,0.04204816437320551,-0.016759411621093748
1478633658483,213.47705422878275,-179.72003387767012,-78.463662848639,4.218134412384033,0.06673837013521115,-0.059256491088867186
1478633658517,213.37434661061704,-179.76743248587775,-76.74760980641057,5.0580502822875975,0.13332710494995118,0.31319150466918944
1478633658550,213.26188682930282,-179.75035353976514,-75.58191116079965,6.69373922124654,-0.06254851380500477,2.2813749617203136
1478633658585,213.1671134226165,-179.6658423675001,-74.44355799760874,8.923040059396438,-0.22909516222304663,4.637568615722656
1478633658618,213.1369291124279,-179.6183253415564,-73.40413240789407,11.306168573407083,-0.30151977157592774,5.525218881225586
1478633658652,213.12681493530346,-179.6475062953084,-72.34559374148554,13.363386203765868,-0.1551741905322997,4.264821490887552
1478633658685,213.02062782608172,-179.7575403575321,-71.33463371777539,11.669488675335794,-0.0579097526550293,3.314921927421633
1478633658719,212.8604650904342,-179.9022988616109,-69.94257152038,9.217377229987651,-0.06958148803157964,3.2592566383583
1478633658752,212.67445044750258,179.91057581365845,-69.33648941241916,7.792378215789794,-0.09217676505765994,2.7928363096375017
1478633658786,212.6245825043821,179.8405133546632,-69.3791305796733,7.672219219970703,-0.06209960556030273,2.5204956515990196
1478633658819,212.51028945817444,179.86966605140054,-69.02748367896955,7.929745389910787,-0.012569557574175995,1.8376994117736816
1478633658852,212.4307241002036,179.9552347255108,-68.73593179524909,8.003965787506104,-0.013916297149658202,1.9888333915710448
1478633658886,212.34887419249105,179.98879474738197,-68.66127651655698,7.558943407794088,-0.03396773491182248,1.7410333736144006
1478633658919,212.22319118461766,179.8964666817777,-69.00874127065647,6.842777982330322,-0.0383072265625,1.7527052528381346
1478633658953,212.0560562839716,179.5998729536865,-69.65838269481793,5.867290735681355,-0.026485855865478514,1.564760422515869
1478633658986,211.80372670274318,179.09922238998632,-70.9438173833531,4.881926822662353,-0.13527239037389516,1.7072152751646934
1478633659020,211.7017291690905,179.12969918409794,-72.00723407934609,5.710021029607951,-0.12060790406379382,1.7536030784606933
1478633659053,211.64788625531125,179.2374783888488,-72.39510708445208,6.231508078710735,-0.08888473663330078,1.9874867992676792
1478633659087,211.58776224487397,179.41883131237114,-73.1003354680807,8.041225550842285,-0.04055178605231922,2.7662006791709457
1478633659121,211.57852507731184,179.5561586276932,-73.61430809094253,9.183409234210103,0.03890578154411632,2.7829602985713047
1478633659155,211.55822697800625,179.6102765148629,-74.20188150383224,9.348459849083842,0.0101753524890868,2.9828758472166954
1478633659188,211.54380643680497,179.65487299377975,-74.83775912429492,9.837774731179884,-0.06404489498000185,3.0202852846892547
1478633659222,211.53013834592903,179.61059683319837,-75.63718410575906,9.617358486042823,0.008828618621826172,2.756623863397166
1478633659256,211.53698707926833,179.64842711992634,-76.79372701866535,10.466552124841511,-0.03725976333618164,2.7052982383728024
1478633659289,211.56207391308328,179.67844809455275,-77.58635422652262,11.214440430041401,-0.061501052861975034,2.7099369675567373
1478633659323,211.58070417029498,179.62620478529948,-78.31436924707651,10.972177441815287,-0.0770633659362793,2.489071937472559
1478633659356,211.60117788322708,179.52271010663696,-79.16644845269299,10.813860783972219,-0.11043255385799565,2.2379799652984365
1478633659389,211.6109445519158,179.46988486883112,-79.4947924323136,10.867131697845458,-0.12195464934749761,2.2230162779876963
1478633659423,211.62698150804798,179.4193894007214,-79.65653781249652,10.806229120049997,-0.13108254089355467,2.022950765228271
1478633659457,211.63285143094265,179.36285734654933,-79.68132658257065,10.784232611493021,-0.1352723983654054,2.150741315371729
1478633659492,211.64654580049847,179.32298079212754,-79.51627297433824,10.803386078643799,-0.14514847336368403,2.0177134125640617
1478633659526,211.65573921971475,179.27865171509686,-79.23753183762646,10.762983998693898,-0.21966800231933592,1.949777976989746
1478633659561,211.66610012508002,179.20123210812483,-78.94869150315225,10.281150914587453,-0.16220716247558592,1.8795979830806342
1478633659594,211.80519052633426,179.9405022545674,-75.81447002513208,22.85070955734253,-0.3856160980390501,20.142417982372642
1478633659629,211.8524447237662,178.43571654224695,-72.07176901584454,-9.820267606464029,6.829759565602149,-1.0940005210876464
1478633659662,211.6895264368086,178.6558377916105,-72.67796344561948,-0.330699104309082,-0.5431845016479492,1.0546459774293004
1478633659696,211.95942627477544,178.83158954524103,-72.26010359174957,3.5359365768432616,0.44577042160034175,0.4150947128295898
1478633659730,212.01209665605825,178.72720343280648,-71.81942766067867,12.149226394598186,-1.9422960420028306,4.727351324108988
1478633659764,211.78098165431817,178.24084283436008,-72.2482287741843,-0.9543892213016748,0.4321534179245122,-1.1095628318786621
1478633659798,211.75762496836745,178.3156844407314,-72.67739238416287,1.1317091972351074,0.643441659634374,0.7616552570067345
1478633659832,211.80431314423504,178.50904431579812,-72.74717439093185,11.594669727325439,-0.3688566932678222,3.8172551988463845
1478633659865,211.80872409739564,178.47506441939896,-72.73397015493394,19.235015553173422,-0.831835421034228,5.606322462463378
1478633659899,211.88710106462528,178.43549883004917,-72.94737908384005,14.195072297723591,-0.8041525008712894,4.408622935839742
1478633659932,211.92798060594453,178.4193961818803,-73.07662800573056,6.285377908325195,-0.12389993591308593,1.6246154640197752
1478633659965,211.97648556843137,178.41815405970067,-73.18616910706425,11.633426012829691,-0.6778583632980473,3.495684134497121
1478633659999,211.99341450404998,178.41062754217654,-73.24398354556344,8.134898544665425,-0.011372457885742187,2.0093336702208964
