sep=,
timestamp,gyro-alpha,gyro-beta,gyro-gamma,accel-x,accel-y,accel-z
1478633879940,21.47693237585504,-2.681596193046636,-6.1751996765240875,-0.8227075454711914,0.46477438643221103,-9.752630843309033
1478633879973,21.47443114775048,-2.703102597722403,-5.944490941350525,-0.7490858626876957,0.5137058800075436,-9.792733944878936
1478633880006,21.470873345358942,-2.7209703962737932,-5.826717202274813,-0.8895955726181156,0.4779425178251345,-9.737816889500175
1478633880040,21.466830031314924,-2.7206733350369925,-5.716241569040593,-0.6756137444427237,0.4647744151873772,-9.8228107516082
1478633880073,21.45584509996335,-2.7367287238361024,-5.732257246578446,-0.987308922165021,0.5141548065185546,-9.731531764224037
1478633880106,21.454083330582304,-2.7535900523345225,-5.661163858439606,-0.9144354285419686,0.5500678314208984,-9.737367794025806
1478633880140,21.453543104107283,-2.7718578027163683,-5.639619848046065,-0.9196726898746331,0.5366004653488285,-9.715820081832387
1478633880173,21.454849636270666,-2.7813827821051658,-5.632646755806743,-0.916231015855004,0.5071218208755366,-9.74470023382909
1478633880206,21.455839787500775,-2.7481816879824796,-5.665403419081282,-0.9528922596005431,0.34880526349716817,-9.732429595554818
1478633880240,21.45546805729868,-2.7416607294868425,-5.68021823738928,-0.9106944519153563,0.4014776726211421,-9.73676927101023
1478633880273,21.460603616062745,-2.7157475101944923,-5.755220122276025,-1.0290578284553717,0.41090487362404815,-9.731831282601796
1478633880307,21.465667660384415,-2.7119414543847133,-5.85862485098115,-1.2473790649414063,0.42227732237663584,-9.696516550102876
1478633880340,21.46695376781924,-2.7065992318634033,-5.897106966942136,-1.2355576759780755,0.3953425445667235,-9.736320224055744
1478633880375,21.495278749355666,-2.701725479783575,-5.910395292461959,-1.3218985550811513,0.08768763580322265,-9.800664281220477
1478633880409,21.46984005940906,-2.785967943912984,-5.754037834787399,-1.5997756217956542,-0.5011362984588369,-9.608530004418315
1478633880443,21.476554801455183,-3.15004943444128,-5.471454646471343,-0.5304653053283691,0.5994482452281983,-11.736376538085937
1478633880476,21.51006065160524,-3.24621307984424,-5.221730189821631,-1.233462767791748,1.0863690032958984,-14.513500826263426
1478633880510,21.621396640046484,-3.3191451704044135,-4.335496680629305,-2.148347077178955,0.6935702934265137,-12.491896799468993
1478633880544,21.652379103019783,-3.354330919782445,-3.9653384454595493,-1.4223054237365722,-0.0234931037902832,-13.010839717046915
1478633880577,21.797708313091665,-3.5231861286715436,-2.765270941914958,-2.048688469607569,1.2820949890136717,-12.498181578826904
1478633880610,21.95458372334653,-3.7245707814804003,-1.3037931101826803,-0.6401496871505864,1.1303624588012695,-13.045107312829792
1478633880644,21.99912898956884,-3.781780530971456,-0.8207898738091514,-0.3919008842468262,1.1788450424194334,-13.0880530128479
1478633880678,22.137618326718137,-3.943747318227272,0.2431119669974326,-0.022146365356445312,1.18617732153628,-12.727426387786865
1478633880711,22.34619215699229,-4.175081946127325,2.1407094141463223,2.4739585760254412,1.3473369842529297,-14.661043795831501
1478633880745,22.529659551981748,-4.360772062505059,3.4787530086333645,1.055244381713867,1.1080664558410644,-12.506561284637451
1478633880778,22.641124058709174,-4.473038729372459,3.9986240832188087,0.5853823150413576,1.0359411125625484,-11.580454154968262
1478633880812,22.76709935130912,-4.536783357532301,4.837410155801311,0.7549217201011721,0.8846574951614252,-10.479420739569141
1478633880845,22.894656053303063,-4.5669538518283535,5.6357403998578715,0.4216787308624014,0.9015665626525878,-8.984541078009084
1478633880878,23.037362301499975,-4.553771299631048,6.460164879775119,0.3072060005187988,0.6524199432594235,-7.410203775787353
1478633880912,23.149384490432244,-4.532317895700167,7.3188344417711795,-0.056413376617431635,0.5532102576324716,-5.185391590826213
1478633880946,23.244818738442092,-4.534623789404192,7.860269691700762,-0.3184288208007812,0.4682160256316885,-4.065055143737792
1478633880980,23.32011878754018,-4.545706500290474,8.357062282637783,-0.2910451393127441,0.5259762137481943,-3.918709567260742
1478633881014,23.399373204094804,-4.56360787212035,9.024331469302927,-0.14469956283569335,0.6642413413559086,-4.886565588378906
1478633881048,23.352331177707477,-4.495439351169993,10.838802744839235,2.55775563413091,0.19856910018920898,-4.8460140900209545
1478633881082,23.17392263918581,-4.423094016343953,11.785603994575919,8.278550936535746,-0.07122749938964844,-4.386775991821289
1478633881115,23.326082114827095,-4.4161789711237525,12.64813907579803,8.467842213030904,0.09247603912353515,-6.370970909936726
1478633881149,23.503176201643743,-4.433337170969945,12.747670227874439,0.8303390632629394,0.13213000411987305,-6.756885705511271
1478633881183,23.55404294182175,-4.42651488537361,13.186445076563963,1.2825439748901872,0.1901894309112802,-8.060079888916015
1478633881217,23.578472981325046,-4.418343644776642,13.943615918168687,1.8127098588805646,0.5294178238357417,-10.074501347262599
1478633881251,23.606363607282123,-4.3840351668775055,14.466013406116778,1.4484920774597674,0.4789899513687007,-9.911995055709966
1478633881285,23.566365977123425,-4.334587005466645,14.902717639692481,1.8891748205322771,0.4688146125793457,-8.905682170425541
1478633881320,23.51332122335922,-4.244591979310959,15.266357342983593,1.0399814922608435,0.730830023084188,-6.739378690393269
1478633881354,23.501376810850743,-4.164725003046981,15.550316290048695,1.3141174362182617,0.5458779602493159,-5.967846913146972
1478633881388,23.457909712595857,-4.10725945581825,15.873005565563213,1.429338391113281,0.7715315215179697,-5.373785918481648
1478633881422,23.389424538793207,-4.054998434882228,16.15670547413908,1.5283984117370097,0.43739069752348586,-5.8536734214782715
1478633881456,23.316756310219443,-3.9998799315374893,16.173566778217477,1.8822913446288554,0.5533598678367678,-7.325060125378519
1478633881489,23.267642439339077,-3.965308605375885,16.03091479100667,1.7170916492737829,0.5301660575203132,-7.908646341650187
1478633881523,23.16638831537417,-3.950383094988947,15.759000317884604,1.745522647857666,1.0372878327300772,-8.866028095831348
1478633881556,23.0811057985576,-3.9035129969773767,15.619123865894554,0.8049006706237792,0.960224503326416,-7.769483954675495
1478633881590,23.029306696127495,-3.881619936323803,15.389603655890966,1.9410990690369159,0.7181108650096925,-9.642048745462112
1478633881623,22.900581859085147,-3.9036459722424,14.777695043809814,2.9718028472015634,0.8197148025291505,-10.664222814886271
1478633881656,22.814746891135005,-3.9235909282261363,14.286270106356062,3.4178724344115703,1.2177508193969726,-11.274594746752827
1478633881689,22.730765781812156,-3.8569108889930286,13.728492357776643,3.554192364501953,1.3329717742919922,-12.185438986968993
1478633881723,22.658621371198254,-3.7835295985536823,13.439243216927423,3.8147114326477047,0.8717886612380854,-12.21312194366455
1478633881756,22.57703281361994,-3.7057306144901263,12.952689105441296,3.9203555809020996,0.7854477821350098,-13.0620160697937
1478633881789,22.464417422904845,-3.596090882910555,12.222007511701596,2.760664151763916,0.8071452529464848,-12.09849953918457
1478633881823,22.388014549331047,-3.5174378016538492,11.631075043351727,2.460491118621826,0.576254414362146,-11.635371155548095
1478633881857,22.322261897515187,-3.434539521901226,11.130516680614,3.520224628448486,0.7194575897437986,-12.15266805948466
1478633881890,22.261795522370043,-3.381642194306778,10.54070547178061,2.283170594699122,0.51250878831062,-10.44575235178843
1478633881923,22.301287111520367,-3.0458082247395386,9.738241807121325,12.273724588665365,1.329979058749415,-56.39377350681722
1478633881956,22.145266986908414,-2.5610213110587776,7.007561521344412,1.1734580590013297,-0.11162965240478515,-7.2566753020688886
1478633881989,21.989929725966103,-2.7884942173016127,6.235738717509172,-0.5388449380736797,-1.8257283669402822,-3.4364275703430174
1478633882023,22.042756119163144,-2.8135333210575615,7.0282909044790856,3.4344822814941405,1.5034090415069832,-5.261557423400879
