sep=,
timestamp,gyro-alpha,gyro-beta,gyro-gamma,accel-x,accel-y,accel-z
1478633514783,28.329939548963203,-3.0319232933171913,19.563010649524262,3.2469862932012066,0.5351040573451901,-9.226804490213357
1478633514816,28.327026907660247,-3.029888821080634,19.561095594890332,3.2661399704145384,0.4991910438592895,-9.23413662962148
1478633514850,28.325397992876447,-3.0254840885648195,19.566382479192,3.2842461218965253,0.49649755785845917,-9.246107329678296
1478633514884,28.323741406802014,-3.021394184954006,19.579847942003518,3.2885855698793076,0.4894645859151729,-9.232939548770178
1478633514917,28.32214343295778,-3.019064293878033,19.60144114710108,3.3038485278309904,0.5096656824015168,-9.23832664007367
1478633514951,28.320122778595163,-3.015838184381234,19.644220216930414,3.3225533356155266,0.5213374023658689,-9.221267983926747
1478633514984,28.318270679373168,-3.0128431048091597,19.684456856226813,3.360860534778563,0.5235819584307552,-9.223662090116898
1478633515018,28.3184877581418,-3.009328410359766,19.71107653551927,3.3821092571755402,0.49739541088048134,-9.216180063513026
1478633515051,28.31854065854694,-3.0044890310875942,19.724465721359046,3.398569274858106,0.49993923758630987,-9.197325702606408
1478633515084,28.317558980944508,-2.997004271318483,19.705304229112755,3.255216445889673,0.48362872621840797,-9.2365306577517
1478633515117,28.315273164453263,-3.0027148336943923,19.692485850183076,3.3415573067264397,0.5594950004577637,-9.255235311414255
1478633515151,28.310309837982782,-3.0048343729493463,19.648981268452474,3.3771710335883776,0.5020341743137454,-9.256432656556216
1478633515185,28.30419333438106,-2.9962977226513106,19.585968143509714,3.3146225700157226,0.4779425223917118,-9.214533779301965
1478633515219,28.3001659748309,-2.9812479565025365,19.509029614690068,3.2905310505244296,0.44412440795898434,-9.25358966081579
1478633515252,28.29275811300606,-2.9667964340250554,19.42153532551893,3.292476243475184,0.46881462627907744,-9.260622653308673
1478633515286,28.28540412081362,-2.9666976041265984,19.324218636728386,3.2128690748076068,0.5186439243565488,-9.233986985738676
1478633515320,28.28078443621388,-2.966989972883856,19.223113339552917,3.1808464015574427,0.513256973475308,-9.273042464822879
1478633515353,28.27115055632145,-2.9727654929648604,19.086335273423842,3.1162029978324193,0.5342062591220951,-9.287257959548244
1478633515386,28.26007908068034,-2.987157418622689,18.981844315097238,3.059191216930421,0.5674257980236085,-9.321076085397415
1478633515420,28.255243318493267,-2.9971960542410674,18.949847400553402,3.0909143432617188,0.5741595038925297,-9.287407745565764
1478633515453,28.246196850637265,-3.0283256567507526,18.91244314296018,2.951302331089694,0.6160580238121096,-9.271695623641053
1478633515487,28.246537999356704,-3.0314760125722944,18.948894499713358,2.967912196438573,0.4658218696373049,-9.299079334811843
1478633515520,28.24942224778095,-2.992864241869672,19.030184290603884,3.1720179496156864,0.3130418487991206,-9.258228228207319
1478633515554,28.24706000873362,-2.974326076341204,19.11211341915316,3.100790370310936,0.27623099827421826,-9.354894110781885
1478633515587,28.249202999621083,-2.957102250820281,19.231650656985035,2.9973909687760285,0.23882159733427688,-9.371952852409425
1478633515621,28.213813611300296,-2.959168022347817,19.384209991346705,3.016694219661038,0.5771522468345706,-9.243114509675264
1478633515655,28.17271828538099,-3.0349702528129354,18.94415012825192,2.8841152661972678,0.5755062377597904,-9.078513383572362
1478633515688,28.181000029477428,-3.1994839000857356,19.553269916819833,3.9659949769835916,1.0091559997558592,-10.26169787996821
1478633515722,28.18016978789982,-3.2767896121491846,19.85119096405786,4.434061547674611,0.7498340141738764,-11.423633800097555
1478633515755,28.200452195992924,-3.29860365767686,20.412395088852968,4.855740095873922,1.0696095916748045,-11.973103227233887
1478633515789,28.19730193712675,-3.3953897455694704,21.548647969588064,4.647295206097513,0.6643909606933593,-11.650185570581257
1478633515823,28.18397499576508,-3.4688003923806168,22.555415423999374,4.2009261975495145,0.8258499351501465,-11.68953996810913
1478633515856,28.231726695908634,-3.4886856253886394,23.640275813039796,4.255693523992971,0.587776495581094,-11.555763658086954
1478633515890,28.29049502458996,-3.483584269530293,24.89275959657967,4.804115195642039,0.7202057777625974,-11.931354628045856
1478633515924,28.40273441051437,-3.4417446990997544,26.53013008847689,4.680065731723047,0.8099883308853022,-10.580725616510211
1478633515958,28.493804836578875,-3.424446649104806,28.43465784354875,6.288969210815429,0.862511148071289,-10.86832894480601
1478633515991,28.5630641568383,-3.4323684891150874,29.64964706261986,6.307973186492919,1.0717045181274414,-10.636689788055419
1478633516025,28.667684015280805,-3.4002938237456473,30.954699149722234,6.370820980072021,0.9207201759338378,-10.013449022265522
1478633516059,28.71995110224468,-3.375621900712989,31.82319932803285,6.576123918560892,0.6199486060764408,-9.536554052148386
1478633516093,28.791263061178224,-3.366633325924934,32.396273988454894,6.342539546026662,0.9394248764038086,-9.138518245343118
1478633516127,28.841573437307876,-3.332700080799369,33.05490029516169,6.189310785907134,0.7206547088401858,-8.604910404205322
1478633516161,28.902083774083316,-3.2627185656557125,33.6700817169949,6.045658467102051,0.6605004012619144,-7.815571971307322
1478633516195,28.945537865511085,-3.218675183303059,33.990820599242156,5.41254195282415,0.7239467452560551,-7.3581300358094275
1478633516229,28.964065799444935,-3.200147150008835,34.02025775058263,4.886116712100245,0.6163572716201655,-6.485892005102336
1478633516263,29.01578293126659,-3.1449845482924936,34.447156131644974,4.536713016919046,0.6619967499000485,-6.2356980777464805
1478633516297,29.059370177720847,-3.1013432200168403,34.75346954440634,4.472069206768647,0.3784335090416018,-5.722440950720012
1478633516331,29.124642659047026,-3.039083038900097,35.08630128059699,2.9007246566221117,0.1788169364929199,-4.220678251647949
1478633516365,29.201474280045286,-3.0113678765624234,35.85596371897705,2.6913816489621993,0.314089312025439,-4.065803331756592
1478633516398,29.256256055010194,-2.977153043006407,36.3072994592234,2.969857814081013,0.2781763053894043,-4.243872080230712
1478633516431,29.294439639485866,-2.9599352495207665,36.52574552005422,2.7070941818788645,0.23672667088164015,-3.994575832366943
1478633516465,29.406448143110424,-2.9448749311351365,37.260634372553746,2.4670754654482008,0.2596212242568843,-4.34128616027832
1478633516498,29.486078743011987,-2.9879630025170285,38.26836506331736,3.5977369071960448,0.44876317824211437,-5.766284768621623
1478633516531,29.47616337176459,-3.005773967843874,38.594475404077485,4.770745936938375,0.4204816756980959,-5.509506786700338
1478633516565,29.441527885809275,-3.1003482539722373,39.70222345715493,7.958326172228902,0.40192660369873046,-5.64507874796763
1478633516598,29.571632426986127,-3.1882105942461743,40.86207655993442,7.852831661578267,0.6425438888107426,-8.087613134942575
1478633516632,29.618099338443706,-3.247041484143946,41.60636370771043,7.324910195513814,0.5298667663297733,-8.860790414373577
1478633516665,29.630569033740457,-3.289231506626267,42.40789353501468,7.02309129486084,0.6052841117748292,-8.793453931073099
1478633516698,29.62290986741992,-3.3140257079749897,42.793581104518815,6.940641066520754,0.563086302947998,-8.56600448109731
1478633516732,29.598888492100066,-3.3603185211640967,44.06617128220194,6.662464724598731,0.411802685546875,-6.601263072525151
1478633516765,29.65264744253062,-3.409241086414179,44.82247050474472,6.679074242887738,0.2650081962585449,-5.985504004260152
1478633516798,29.713606774267724,-3.407503937385288,44.912166833709115,6.227019462054595,0.347308878326416,-5.656301714380085
1478633516832,29.796943798185964,-3.4938323938268945,45.25652718687781,5.874922034277394,0.5814917430518253,-6.1159880678039045
1478633516865,29.83167694105703,-3.495794113717506,45.2502727782275,5.86953493441157,0.4572925079566892,-6.219088595990091
1478633516898,29.851568244201513,-3.5726095121903994,45.257205586719465,5.692813143566996,0.4955997345191892,-6.264877775805815
1478633516931,29.87855212154309,-3.5520848673825967,44.94100945677722,5.267842495019734,0.4097077408279292,-5.462820000457763
1478633516965,29.944413898250694,-3.4776085415049858,44.37142594352324,4.765358983203023,0.11387421646118163,-4.29355147241801
1478633516999,30.461151375999073,-2.9931529666026364,41.31707765266159,4.030339365795999,0.2328361114501953,-3.0389898024961353
1478633517032,30.435849406079225,-3.028981227929511,40.204099792057036,2.137423532104492,0.2929904281616211,-2.739415904290974
1478633517066,30.350316673410518,-3.2316936182371685,39.372649814332604,5.733514279528707,0.6226420875106938,-6.7363855729918924
1478633517098,30.30946910945672,-3.2415323721691127,38.90345019777514,5.516838883154094,0.6476315308059565,-6.5997667330201715
1478633517132,30.278229034364323,-3.2563653480066947,38.51519762229176,5.956175234852638,0.4701613327468745,-7.144597211776859
1478633517165,30.241644313232715,-3.24003681100712,38.049218159217375,6.200982025810052,0.4601356406944338,-7.446565676968358
1478633517199,30.231529344541006,-3.2091638189846914,37.629512472200794,6.006902208997262,0.6224924225074704,-7.299022816998138
1478633517232,30.212501275999607,-3.1639030724511357,37.16133208294686,6.379050938680954,0.4499602836387697,-7.705139456265233
1478633517266,30.200905936608915,-3.1155610668428966,36.75629646056995,6.396259336178563,0.577750769850146,-8.031050486047565
1478633517299,30.20295130693268,-3.0515060524780773,36.40847867931978,6.512228807885944,0.637755467224121,-8.298751647717133
1478633517332,30.205115266864635,-2.9626709289144424,36.065092655386636,6.222679935012944,0.5000888637736265,-8.147168809907416
1478633517366,30.225354448666316,-2.8351381738477857,35.726485870762566,6.191854369442724,0.5816413475478999,-8.386290084308014
1478633517399,30.245021172680165,-2.707123411005938,35.43331007887902,6.307972967297211,0.5126584213478025,-8.827870360742136
1478633517433,30.26345609766843,-2.628839328926517,35.26365720274342,6.296301234203949,0.4073135437343502,-8.91226604232788
1478633517467,30.27121205048191,-2.556776801420841,35.15884318523734,6.121076002060063,0.5475239830238279,-8.92408726689443
1478633517500,30.284866106192045,-2.5324494299785227,35.1763351291085,5.9320836719788606,0.5587468215721193,-8.885181855243072
1478633517535,30.299698901376146,-2.4930243149679083,35.42901646476169,6.104316553906351,0.6391021873916499,-9.026589463861287
1478633517567,30.319932511737935,-2.491430738612598,35.69553751059567,5.4417208425993095,0.4967968627487309,-8.55508126481641
1478633517600,30.32454156419699,-2.4865191178963313,36.23468079807437,5.705981316629937,0.4601356361278565,-8.556427893652394
1478633517634,30.344978223251758,-2.4694040447613936,36.62398158896074,5.719598183308448,0.4260182459167874,-8.32553681532275
1478633517668,29.266070210878013,-2.330099847207629,38.14808555036056,0.36975451889038086,-1.535431415646337,4.451569658771157
1478633517702,29.46788973220606,-2.619862397108971,38.39476276685694,-2.668038475036621,3.178901363870315,-1.5572785423278808
1478633517735,29.546639800039255,-2.6693479460938576,40.07222567687524,2.7545290100097652,0.5728127563255373,-5.9564744552612305
1478633517768,29.59439449066603,-2.3887072577707547,40.40539289370511,8.885032290704547,-0.28969836434628815,-9.648333415222167
1478633517802,29.631159733148927,-2.4514617318684655,40.84424575235009,1.329230834197998,0.9458592933654785,3.195360806164145
1478633517835,29.674788617406985,-2.40536923726378,40.916520714332364,11.302277849578857,2.1703437683990225,-12.322507032012938
1478633517869,29.722702864800052,-2.410421827456335,41.21086505696585,4.204218115234375,-0.2510918991088867,-4.744858777618408
1478633517902,29.662653449149662,-2.40748286128918,41.61418426641281,10.215160950525105,0.6133645378112793,-8.792855234527588
1478633517936,29.661793207700416,-2.406072915974193,42.04811001774345,7.264606168133392,0.27608136980361303,-7.549366783816553
1478633517969,29.7115445714284,-2.339797493824564,42.322306960153966,5.956474528326466,0.7779659019470214,-6.960393303282279
1478633518002,29.68107178731372,-2.3465956525697633,42.61556398880917,7.47365019284673,0.08858546142578125,-7.328351960864989
1478633518035,29.675738621068323,-2.344250485038198,43.03521455760216,7.442675208868458,0.2280477081298828,-7.225251455511688
