sep=,
timestamp,gyro-alpha,gyro-beta,gyro-gamma,accel-x,accel-y,accel-z
1478633459014,31.522840086488397,-2.3246254958556025,15.403970743679364,2.8655601667984385,0.34401686474343296,-9.31359393121479
1478633459048,31.665917829469066,-2.3116309526193444,14.422057921473522,2.7852047187805176,0.3645172073253663,-9.380182929749367
1478633459081,31.73476319406741,-2.308828889189523,14.19601389229519,2.724152539913915,0.4417302199985599,-9.355941254347796
1478633459115,31.93148830337112,-2.285845753007445,12.924510788236738,2.2566847479667977,0.30047229921645485,-9.299528434852789
1478633459148,32.114581328925475,-2.270834844902353,11.038576935982414,2.001402913754247,0.330100572160352,-9.524583299575932
1478633459181,32.181713150140176,-2.2727365331269627,10.39683651311346,1.9770120574066414,0.27084406280517576,-9.61421629272669
1478633459214,32.30171706668568,-2.273621886949264,9.108887365138461,1.438017381264502,0.41105450437794205,-9.680355931496239
1478633459247,32.466716860420284,-2.276946768533207,7.2164247534023405,0.727238790805079,0.5819406410217285,-9.742904474413173
1478633459282,32.57281167361465,-2.270214670273181,5.500737963596077,0.367809266574122,0.44756606371230445,-9.726294668429798
1478633459314,32.61316982334033,-2.2606320268939517,4.4717403313083635,0.2736872138092294,0.40297407149162606,-9.772233199867381
1478633459349,32.638770615579354,-2.254195343032052,3.5365628725733655,-0.02289455337524414,0.455347232807544,-9.76609825390523
1478633459382,32.64427745095217,-2.245102842704799,2.7174890692139697,-0.2109890213012695,0.45774144360085484,-9.769838993069826
1478633459415,32.635056727142924,-2.2364401623383117,2.033152776155563,-0.4804863456726074,0.41958383180922826,-9.761309803777502
1478633459448,32.61659927490528,-2.220668963502444,1.5045967138198375,-0.6989572288955561,0.39145197942705706,-9.725845525006367
1478633459482,32.587127710903104,-2.2162358566846687,1.1608016904499734,-0.8360252922058105,0.40432080992546393,-9.774028931598423
1478633459516,32.55374912710925,-2.2160063186289753,0.9963292376407807,-0.8038531708648428,0.35075053179644744,-9.730783976922392
1478633459550,32.51460906158146,-2.2265316727007303,1.040911475552003,-0.7010521553481929,0.3311480034206295,-9.732728877612203
1478633459582,32.474746020017854,-2.246632129072648,0.832483173558794,-0.318877724478906,0.4300584732055664,-9.805752438097278
1478633459616,32.46918611809377,-2.260421563468974,1.0138844076478337,-0.2454056701660156,0.36526540447731964,-9.78809514947963
1478633459650,32.485872708315995,-2.274653063892388,1.4926143713449602,0.10369885940551757,0.3066074409706052,-9.79437957821003
1478633459683,32.51176605915493,-2.287514891344654,1.9978074884932873,0.40192659456557595,0.443525852977368,-9.779266432676394
1478633459716,32.54794913816689,-2.32500991254804,2.4655787774247444,0.5222352462547365,0.34386720887336414,-9.859472124359547
1478633459750,32.600199739570826,-2.347312362970882,2.8883805090849903,1.2403460975646972,0.3058592620849609,-9.836128868235578
1478633459783,32.63595032546358,-2.400952648878633,2.58008415332809,1.0513538040161132,0.4323030555282719,-9.923816042814495
1478633459816,32.7288322280245,-2.496307588843952,2.685407799368033,0.5192424667800777,0.6567594246353022,-9.774178437913086
1478633459849,32.79085251686036,-2.638714614835388,2.8542341611496083,-0.17821838607788085,0.5844844802856445,-9.4238769730499
1478633459883,32.890378940246066,-2.771295036746101,3.230695513951041,1.6793827904632315,0.48198272056856073,-11.195137179156392
1478633459916,32.979877284550234,-2.844550639149998,3.879053911222953,2.3249194496154786,0.719457580610644,-13.831302990722655
1478633459949,33.113603435979634,-2.899467621399376,4.297799445093613,1.0887632414886728,1.1839327209472656,-13.424886966650186
1478633459983,33.237084132458136,-2.939276798125969,4.830095753124195,1.6352397338867186,1.2268786766937,-13.348123168182372
1478633460016,33.36931843542749,-3.0537538615827398,5.282133153037213,1.5930419296264648,1.0449193870544433,-13.679869735717773
1478633460049,33.50076968781011,-3.1356359980503155,5.681762501140417,0.8384194573333487,1.0966939979553223,-13.341539113616943
1478633460082,33.69273381013293,-3.2382661939230584,6.304264205690919,1.3093290694305673,1.0790367607116698,-12.987047922571003
1478633460115,33.80064783511518,-3.351308648718742,6.675782453630812,0.4038718925476074,1.2141595169067383,-12.82244655843526
1478633460150,33.89868855703069,-3.432343595098825,6.953547923552773,0.9130886946747079,1.183034895324707,-13.507337870843708
1478633460183,34.02399319227985,-3.4891434991306136,7.0942253025948725,1.0538976250137202,0.9313444458007812,-12.644826430511474
1478633460217,34.10340084610777,-3.518742579824945,7.244524199334637,0.9545382743835449,0.848445195051562,-12.661735479736327
1478633460250,34.16216167101008,-3.5054983682443175,7.453579674552949,0.39698848970942197,0.9416694404602051,-11.916240791674703
1478633460283,34.20896189805108,-3.4672962595134162,7.510200618446111,0.2677016731262207,0.9105448188781737,-10.900351318945363
1478633460316,34.22960392409312,-3.3862412120931786,7.5323173086488575,0.3139396196227521,0.6714239098037593,-9.25358930690605
1478633460350,34.24668272390325,-3.290972855368681,7.51533835567441,0.136619132232666,0.5161000999340088,-7.268946023968606
1478633460383,34.24956116310818,-3.1895489162004487,7.309816352997867,0.29358897857666016,0.11222820281982421,-5.153369435882568
1478633460417,34.2370191842083,-3.1009877007454274,7.063822830732249,0.03336918563842773,0.023343466186523436,-3.1172505615234374
1478633460450,34.14535288156452,-3.0127140528099132,5.719919337496937,0.1031003089904785,0.06763619689941405,-1.8625392539978027
1478633460484,34.02376877132916,-2.9333599693962262,4.855901847953172,0.21263503494262695,-0.03725976333618164,-0.5825391914367676
1478633460518,33.885489536428416,-3.0100867668512734,5.002613458851923,5.286846251501515,0.2365770698104985,-2.358438272857666
1478633460553,33.90325360658523,-3.057284524008244,4.527082479063453,3.9927802541870623,-0.03426701126098632,-5.400870032501221
1478633460586,33.98402012944088,-3.0933354132159065,4.1368136701070375,1.2319663917541503,0.08559270935058594,-6.785017867279052
1478633460619,34.01988381802263,-3.084951183227566,4.16766177129197,0.2914940521240234,0.1876455551147461,-8.144924556378275
1478633460653,33.995970828305765,-3.048140414077677,4.285518550239048,-0.14050970993041992,0.3408744613647461,-8.566902525915577
1478633460687,33.96874082733506,-3.0000627036126457,4.544476126536832,-0.01945288848876953,0.1345242057800293,-8.309675265856832
1478633460721,33.912236313177594,-2.917981033499036,4.7717645684987575,0.7543231925190194,0.23882161560058593,-7.741202009173482
1478633460755,33.8404038103486,-2.795189676861115,5.152131549702765,0.184503165435791,0.22670095142973587,-5.54766452178955
1478633460789,33.83694688814569,-2.757026595727903,5.338971166575834,0.4101566719055176,0.46028527030668337,-6.483049182891845
1478633460823,33.76311512055862,-2.6877752546780465,5.674977875731994,0.8533832725082524,0.2371756019592285,-7.51943908040151
1478633460857,33.73462134010354,-2.687102376387318,5.705387210848879,0.8710404823524411,0.3146878807067871,-8.067412423761189
1478633460891,33.62635884505154,-2.568517321694899,5.78454470951535,1.003020836310467,0.09053075027465819,-8.592640266827493
1478633460924,33.545328710812036,-2.5275675342280426,5.7150944236878605,0.9120411949157714,0.24465748214721678,-8.547150581414996
1478633460958,33.434803926642054,-2.525170869868873,5.832525921536168,0.7549216927017085,0.465522571596899,-9.202862013101019
1478633460992,33.34995546273364,-2.558736399111023,5.926082211221571,1.1635819885696284,0.4686649795421632,-9.745148705965663
1478633461026,33.22807932058102,-2.6337970735744736,6.031301065411505,1.2580033530746586,0.5813420814735349,-9.991003290370013
1478633461059,33.09000247305818,-2.708655898947067,6.044602590231397,1.548898836517334,0.7826046676635742,-10.888380091448873
1478633461092,33.04150042466655,-2.709678736836044,5.942766431666863,1.5119383483886717,0.8111854499816894,-10.784980434185638
1478633461126,32.881679324237986,-2.7368076815776985,5.574404050332658,1.3917793891021981,0.9756371765136718,-11.291204520770162
1478633461158,32.7634497481512,-2.7477817260268016,5.278353461012173,1.319055477142334,0.978031378173828,-11.682656784466653
1478633461192,32.65131797701495,-2.7566059435940167,5.028470331507222,1.0191816826751454,0.8655039001464844,-11.89319674682617
1478633461225,32.52500593775176,-2.713375815973021,4.865479891438298,1.317708738708496,0.7698854530776851,-11.376647884777933
1478633461258,32.37582904148361,-1.850608253148421,4.909773224992736,-1.9493290641784666,6.189759223794378,-21.50277343815267
1478633461291,32.255409351949304,-2.9704045763069766,2.6273945177609637,3.1784524145264177,7.813327662979252,-2.819322092437744
1478633461324,32.1813946160612,-2.486933200495129,3.0216054476375307,0.4604349204685306,-0.864306762783788,-1.9403508079528808
1478633461358,32.004969100722846,-2.856201759555499,2.8077492633273273,-0.5979518646240234,0.7832031998123041,-16.35808356781006
1478633461391,31.987892192094193,-2.400258496181881,2.8332970058810294,-0.015113397979736327,-1.8984522789001463,-2.5200468849182127
1478633461424,31.708756767106703,-2.7349902382914597,3.0112774848523274,1.907580136196874,-0.9428665047576651,-8.65339291475825
1478633461457,31.67108126146846,-2.528369880861459,3.1186772670172185,4.959738303552196,0.969801309967041,-13.606696655218302
1478633461491,31.444912167782977,-2.6218365661084,3.373211696081287,1.4698901451995596,0.3839700775478268,-11.613224936322123
1478633461524,31.311838493891276,-2.6572474989128487,3.627674471306755,2.542043539605662,0.2073977005447261,-9.687389067265483
1478633461557,31.259639786590746,-2.6251015612954522,3.605715740916222,0.1406593475341797,0.2919429649353027,-9.56318981961226
1478633461590,31.119565306361867,-2.6594447714033387,3.713287236945207,1.3652934967041015,0.6079775932090822,-10.994174242633209
1478633461623,31.058484189937825,-2.6518657515157935,3.6658357525140013,0.8949825080871582,0.3736451148544438,-9.487173441978264
1478633461656,31.028936701665923,-2.6496503076410804,3.6487552136065022,0.4284124960968271,0.5312134842140134,-9.832986163462792
