sep=,
timestamp,gyro-alpha,gyro-beta,gyro-gamma,accel-x,accel-y,accel-z
1478634097225,16.679987617797394,-2.481913858289094,6.80037201379762,1.214159548872779,0.3791816833606688,-9.705944118715252
1478634097259,16.677555049034382,-2.4750329954253423,6.785660187355917,1.100883855427173,0.39519291609611823,-9.73841513452536
1478634097292,16.667830394554386,-2.4689103672118584,6.7777412402337065,1.1350011925517813,0.40895958705845986,-9.753080000432195
1478634097326,16.663867405404858,-2.4624714756004114,6.808545190954731,1.216703369870386,0.4008791496055666,-9.702801411659177
1478634097359,16.665694431004457,-2.467124016913341,6.852349785142372,1.23914902870066,0.4236240516773192,-9.739013867032668
1478634097392,16.67325460222755,-2.472285201616655,6.867163489021486,1.1142016249946785,0.4257189738487897,-9.720907875095474
1478634097426,16.675780924289867,-2.470860628954379,6.877553599290781,1.0651204818283206,0.42003274604756297,-9.739462850625895
1478634097460,16.67467788427001,-2.469242920439133,6.965940208398443,1.2469301749630133,0.4281131786484679,-9.700556996016541
1478634097494,16.683451025427612,-2.463136773460202,7.10500422076737,1.389834063720703,0.41344870489645397,-9.721506033997864
1478634097527,16.693932301382766,-2.4620521640813307,7.14721556894996,1.282543915524683,0.40087913818912346,-9.702951190826832
1478634097560,16.697291541015897,-2.461891629103908,7.15131735829883,1.2538134864696533,0.39399582439919467,-9.742605352185992
1478634097594,16.701874947399578,-2.475166265732554,7.159153366273538,1.212513471870162,0.4153939994535525,-9.72419972285462
1478634097627,16.707254617201635,-2.505900412854417,7.16451732152389,1.1754033866661135,0.43514616314984156,-9.727641182530528
1478634097660,16.72243147124154,-2.5855440627336748,7.126403228670537,0.8699930282592773,0.3606266067947261,-9.796025524637079
1478634097695,16.70316592955055,-2.76970969049087,7.0200525595522505,0.6111199737548828,0.9406219772338866,-9.911546106366067
1478634097729,16.704828212527513,-2.899964039417266,7.495603780535997,2.9768904891967773,0.8532336166381835,-10.33891088350825
1478634097763,16.73161944991878,-3.013261102411279,7.732867812958028,1.5072996557373552,0.6073790336608886,-12.266093947656453
1478634097797,16.803472232087547,-3.0350006834785326,8.240563515199938,0.9045593147277832,0.8234557334899902,-12.287342195129394
1478634097831,16.84498203039903,-3.0315670935124697,8.602880216524397,1.2810474892547354,0.6757634185791015,-11.784859413965046
1478634097864,16.90120667046457,-3.0823468303904162,8.874511328695252,1.5502456023506355,0.9744400756835937,-12.43653088607788
1478634097898,16.95300180240507,-3.1710925380315533,8.847577288875181,3.10917013092041,0.8366238608871586,-13.769053455297648
1478634097932,16.98047952106767,-3.239929334954894,8.871490276064653,2.4990976203918454,0.8456020988464354,-12.770970930480956
1478634097966,17.035944180068192,-3.3630659849414304,9.03804462368199,4.189254354858398,0.8324339897155761,-14.376732056427
1478634098000,17.071010500567503,-3.4789906518333646,8.966855684897677,2.459892495141551,1.0277110626220702,-13.60789434057027
1478634098034,17.115970412216697,-3.619630593279098,8.70688625649669,3.7675755874633787,0.7172130256874021,-14.172027814483641
1478634098068,17.139821806034867,-3.672631964743826,8.607658431268877,0.945560018157959,0.6525696128292242,-12.22629005279541
1478634098102,17.20045701517555,-3.814539488940886,8.53173524949422,3.272574394226074,0.8840589995453134,-13.059771505737304
1478634098136,17.247687554307657,-3.89556064663525,8.097194526077594,1.112705239823926,0.8463502503326162,-10.439018586554004
1478634098171,17.264476006031135,-3.9177897347179065,7.8447695880821255,3.339462403106689,0.7820061172485351,-11.101464331463724
1478634098205,17.29819563952032,-3.9357634852680476,7.4516641076107835,0.8590695197174325,0.5512649048515129,-7.573009342547506
1478634098239,17.318710230709495,-3.912655794028042,7.176728105630308,1.0996867500305174,0.28042090597841884,-6.046705930328369
1478634098273,17.34182049936524,-3.8782353592307626,6.402166663244837,0.6260837341308594,0.0761655768463388,-2.6542718154907226
1478634098306,17.378083247442028,-3.8834086135276507,6.388418241159063,-0.8901941778320819,0.33877949837949123,-1.2771569480895995
1478634098340,17.439607955176974,-3.895966814130492,6.993573449527673,-0.8509889795165508,0.29403792792055755,-1.175852290344238
1478634098373,17.331479046894202,-3.9738023770469297,7.948392761880356,1.7962498320648446,0.28311434631347654,-2.1646575759887696
1478634098407,17.208112287948744,-4.0937416677059,8.20232519613728,5.236867072650045,0.06105214233398437,-3.9363668045043942
1478634098440,17.392188186622004,-4.225135016548018,7.933257125274234,1.6787843496460466,0.7113771568574826,-8.308179035949706
1478634098474,17.551254733949996,-4.324859102614036,8.233413862252856,-0.5038298118591308,1.192611701965332,-12.61145753713399
1478634098507,17.564062084845357,-4.273544116974072,8.888250877761626,-2.333299301556498,1.226579474551417,-13.983185450799763
1478634098541,17.501889092235004,-4.1539983333587625,9.325474395789223,-0.4128501487731933,0.8432079063194338,-10.597334806005657
1478634098576,17.360946643581826,-4.060578460304333,9.833132207517243,2.6123732864379883,0.6678326232965454,-8.338705399377643
1478634098607,17.369247488152403,-4.01436068191963,10.357711929602694,3.397072880554199,0.49829323878632853,-6.854150147955119
1478634098642,17.477701423231732,-4.047132011278784,10.54013794155468,1.1760018548827618,0.8031050193786621,-8.407687969384714
1478634098676,17.514757731937213,-4.065791352520133,10.775700504482659,0.4595370811462402,0.9135375892196781,-9.656712901837006
1478634098708,17.50988182758935,-4.065089982694304,11.006046518559536,0.5116109672546386,0.9252093040466308,-10.334421901525928
1478634098741,17.459804001075714,-4.0555031099110135,11.158238638829156,1.0805331367492674,0.6962637985498862,-10.40310519632548
1478634098774,17.387176476006513,-4.015530426528662,11.302051773407461,2.415749511630274,0.4542997650146484,-9.53999601842896
1478634098810,17.348310284620148,-3.985489051670845,11.132673944151282,2.6229975563049317,0.22101470422055572,-8.453028090258687
1478634098843,17.328004526468057,-3.9795155533665487,10.850920243077006,2.300229281527735,0.16953940505981444,-7.955932116699218
1478634098877,17.306979822122916,-3.997323897189319,10.274512658925847,1.819294000210962,0.29403789138793945,-7.686135370989889
1478634098910,17.263405118689246,-3.9779347916640635,9.718705206916148,1.107617506497167,0.2989759323120117,-6.611437954656779
1478634098943,17.236071439831356,-4.00242992029719,9.132914919020825,1.0941502317566425,0.3719991194793954,-6.709001672308147
1478634098976,17.15878310422469,-4.012767914527786,8.30825385514346,0.9624690673828125,0.18884269247744231,-5.703287629699707
1478634099010,17.089391061883774,-4.065307004222396,7.763849991120317,0.7971195152282714,0.2524386375427246,-5.644330121557414
1478634099043,17.059425356196726,-4.144942024667182,7.391735472979282,0.9398737526824698,0.4387374724899418,-6.684760672760009
1478634099076,16.984981279695845,-4.217683187076633,6.783151549037029,0.7444470421722158,0.5053261696304194,-7.642591120556742
1478634099111,16.92912221915287,-4.258762198290444,6.5602935361747114,1.0543465789241948,0.6370072518058586,-8.050653012140094
1478634099145,16.875692826835966,-4.310278842980404,6.3761450199511485,0.9888053130439948,0.7519289566095336,-8.861239546380563
1478634099178,16.859357461854415,-4.355314129842735,6.450678989237265,1.130961036615772,0.8310872878143564,-9.188796187945455
1478634099212,16.836665985257092,-4.347419214598272,6.523760929132866,1.4344260696411133,0.8251017653976567,-9.083152331952006
1478634099246,16.816740272368822,-4.4022790218807115,6.668251742094008,1.3513772360870613,0.9416694769928231,-9.682301384171074
1478634099280,16.814815555902694,-4.464904184495242,6.770267800973546,1.4085387824569828,1.0033201514755374,-9.926958596890232
1478634099315,16.780679755762204,-4.469397006742354,6.458937813674144,0.8544306992019526,0.9021650948013179,-10.342501966802775
1478634099347,16.754599435392862,-4.409619774683707,6.2439467352938,1.7546505416870115,0.7641992561008548,-10.666617089611664
1478634099382,16.75131930972708,-4.353743788353543,6.08781445741315,1.137395435311133,0.8357260443977546,-10.674398245007172
1478634099416,16.738874206952843,-4.308420448264707,5.796317179224979,1.3027450148651376,0.8710404914855957,-11.324872981616108
1478634099450,16.726987034552725,-4.214015430667759,5.343292219574618,1.171512799835205,0.9706991538559087,-11.391012948608397
1478634099484,16.722454959017092,-4.147365776306489,5.1318477328497805,1.113603083712794,0.9109937682220712,-11.249904834393412
1478634099519,16.72378559635806,-4.097601292980966,4.957301412046299,1.0435726303542963,0.9855132766281254,-11.558756848553568
1478634099553,16.719429601550356,-3.9996128580259303,4.5257355415394676,4.000411698913574,0.9584288703476078,-19.303699797821043
1478634099587,16.744166922960044,-2.5247409197000663,3.1414528132895345,1.833509595401026,-8.453177581731975,-0.6057330200195312
1478634099621,16.711039934411566,-2.4283390799624893,3.1329179773771654,0.48123453825798346,-0.38531686621401456,-0.8662520881652832
1478634099655,16.686708163072755,-2.7731281919385244,4.298837214030254,0.12764083947446198,3.161543219171092,-7.260117259216308
1478634099689,16.729401664190483,-3.2619383558567576,4.739367307082295,4.321833271789551,2.9976901161193847,-51.60447469896972
1478634099723,16.785377950144785,-2.2902030875383446,5.015230030155202,-0.8132803764343262,-1.2503717439513653,1.3181570669978857
1478634099756,16.72552212250112,-2.726091667118535,4.444677090852821,6.294056670147553,-1.0601824957031756,-5.119551045171916
