sep=,
timestamp,gyro-alpha,gyro-beta,gyro-gamma,accel-x,accel-y,accel-z
1478633205949,34.8838042132336,2.163952621512528,0.7065277032756163,0.15577274779720462,-0.4192845840011723,-9.828347436562145
1478633205983,34.88290007129953,2.170873265022177,0.6768017814641822,0.13272855339326778,-0.41479543305549305,-9.799616804722543
1478633206017,34.88419647174231,2.1693343786623256,0.6422563915677653,0.1128267540910965,-0.35598784107817333,-9.82565408984192
1478633206050,34.88674941419707,2.1529847438062486,0.5902859015166962,0.06793546982364496,-0.3345896957065677,-9.833285555118032
1478633206084,34.887786366012676,2.1498776526854333,0.5705645668174181,0.05072714310798328,-0.32950200804558116,-9.829095928258331
1478633206117,34.89118974659782,2.135129451114067,0.5004838108318226,0.016609774017333982,-0.3769371375705814,-9.829993692232097
1478633206150,34.892746947023795,2.1357783972077122,0.46845337687463834,-0.009277531433105468,-0.3919008888134034,-9.82191316344766
1478633206184,34.89533319579336,2.1382690089194254,0.4496728401826076,-0.011821370697021483,-0.37214870228422803,-9.786299509650958
1478633206217,34.89546440573355,2.1387756404014677,0.44806360017187186,-0.024390929412841794,-0.3766378315386653,-9.821763532693765
1478633206251,34.88967214939437,2.133210424218785,0.47919586474269915,-0.013617021942138671,-0.34476503677921133,-9.786449045648373
1478633206285,34.88727522081631,2.132248947101643,0.5080514558827005,0.0020949264526367185,-0.3450643279697513,-9.792135429854872
1478633206320,34.87666274824275,2.110951084210797,0.5969967689923801,0.03232172241210937,-0.3509001899498049,-9.847650465968158
1478633206353,34.86855031833585,2.0421631012028847,0.6680027836964958,0.20096330184936523,-0.46462475967407224,-9.921272495811525
1478633206388,34.85363276031026,1.8966859165293657,0.7550020937006201,-0.9717465714164544,-0.4789899696350097,-9.708936927872664
1478633206422,34.78659712665118,1.7880248156148937,1.1712312705134496,-0.39384615482939406,-0.131531453704834,-11.877784219769389
1478633206455,34.7716283875006,1.5657064340413784,1.2279617635986937,-0.33324294357299805,-1.8161515602996572,-12.316671457727253
1478633206489,34.75194927453796,1.5266207084770906,2.057726578367477,0.7387608497619629,-0.02663549346923828,-14.157512966918944
1478633206523,34.73355289182869,1.488471700797438,2.3964571283100913,1.012448027038574,-0.8285434302841312,-13.403189806365965
1478633206557,34.74414225504358,1.398123157715064,2.7332544807547614,1.152359186553955,-0.5014356101989745,-13.695881251581012
1478633206592,34.75350839666224,1.3125251443924548,3.198892421524331,1.2629413757324217,-0.6046855567932129,-14.01056854776591
1478633206626,34.771913400506115,1.2417067861907993,3.546578066205624,0.6344634467912721,-0.48991351470947264,-13.475913681793212
1478633206661,34.79874197875704,1.1372386419192908,3.992974340616353,0.8462006857940927,-0.37334582138061523,-13.635876280212402
1478633206695,34.834506874314904,1.0432691386397852,4.337987388326841,0.7863456260238774,-0.36750995483398435,-13.725059999792277
1478633206729,34.906215618281806,0.9133697129593538,4.959794106044719,0.6711246528625487,-0.12749124753647484,-13.417106103515625
1478633206764,34.99365032627625,0.8529392789312102,5.486862158866064,0.5626374266693368,-0.043245267486572266,-12.222100199890136
1478633206797,35.058446725800565,0.8581805046683392,5.87692341020279,0.4008791770050302,0.0032920272827148436,-10.537629548235982
1478633206830,35.15455513166001,0.8968166976847548,6.473286803499633,-0.23986907882690428,0.055365913391113276,-7.144297461645305
1478633206864,35.17893038056341,0.930248531436065,6.82069520038413,-0.3591302490234375,0.1105821891784668,-6.388628147180378
1478633206897,35.22671335368914,1.0963381678409396,9.430221573478377,-0.15696984634399413,-0.012868833923339843,-3.4659061782836913
1478633206930,35.26174076782523,1.1654974137784406,10.371641612891763,0.21891981430053709,-0.06314706878662109,-3.0174422798156737
1478633206964,35.31409581656284,1.2363753093866168,10.86386235908992,-0.44966099929809566,-0.061052151467138896,-2.814832964324951
1478633206997,35.295709659575195,1.3153259631240735,11.452299793855664,-0.5553051475524902,0.043544542694091797,-2.55386498336792
1478633207031,35.05875361806446,1.3296066692282802,12.890661340056553,4.386476716613769,0.02693476867675781,-1.4832079284667967
1478633207064,35.111549731073445,1.320276108628362,13.05008561437111,11.169549441174418,-0.4339490509033203,-4.137330106353759
1478633207097,35.43925248749223,1.31140822230383,12.597144435642534,4.065204781341553,-0.5409399558578618,-5.8277861160278315
1478633207130,35.59112314952586,1.306252525677449,12.678732256410692,2.2219687142966777,-0.5524620330810547,-9.225457473931833
1478633207163,35.693095609638135,1.3167196459290926,13.176164088342267,1.0076596237182616,-0.6652887863159179,-10.76717348627299
1478633207197,35.7312889488873,1.3457933868516554,13.428462442114537,0.715716658782959,-0.7531260779892094,-9.785550970005708
1478633207230,35.734553604250685,1.3584084655341355,13.77381014293251,1.4015057237487285,-0.625634803053271,-9.182661374984868
1478633207263,35.766919135197035,1.3741394029012501,14.001137980770803,1.4709377180237322,-0.4508581001281738,-6.770203744506835
1478633207297,35.80285738274181,1.363390242735312,13.943864221280807,1.2330139280457049,-0.32097266006469727,-5.4625207252502435
1478633207330,35.84667365700688,1.3163832188432363,13.797423551480279,1.3392565536499024,-0.26695348510742184,-5.726181890814006
1478633207364,35.88684626309177,1.2667852991126038,13.462056915230752,0.9663596450805664,-0.23358429376077255,-5.665279386083782
1478633207397,35.94215563528028,1.1984271049520958,12.86472716994154,0.9126397453308105,-0.2551321144104004,-6.048651219177246
1478633207430,35.97627039827282,1.1178079080925913,12.427845447292551,0.9344867624145,-0.20874445381994008,-6.764667153167724
1478633207464,36.01279758207145,1.01666488515342,12.095180195977902,0.809539436340332,-0.0383072265625,-7.3623198887147
1478633207497,36.02882731079919,0.9368491507086856,11.849242737407382,1.223137700067088,-0.0053869537353515625,-8.22857183074951
1478633207531,36.032101977191935,0.8729268469681282,11.532781348301818,1.4206593735625968,0.02184709014892578,-9.157821240499802
1478633207565,36.03160700059795,0.797904575092618,10.742009167592439,1.6303016929626464,-0.028880057525634766,-9.418489763586223
1478633207598,36.04114590528445,0.7429312698274138,10.056111976337316,1.4303858360732904,-0.023792378997802732,-9.870395838397368
1478633207632,36.04125286342975,0.7002167114437263,9.388601721064587,1.3729250327621585,-0.009277531433105468,-10.724975974273681
1478633207667,36.01733005346183,0.7181061560680412,8.96748667569345,1.4510358527916016,-0.019303250885009764,-10.980557147625833
1478633207699,35.99869112212623,0.7584064221463201,8.414470013994674,1.7326538139343262,-0.03755903854370117,-10.875211982318014
1478633207733,35.984437618640484,0.7921862892529207,7.633118224052517,1.504755706875585,-0.022296002960205077,-11.211447531835734
1478633207766,35.9597665609025,0.8449879285137277,7.066640849556161,1.6949451377868652,-0.029478607940673827,-12.234969033813476
1478633207801,35.88197508889524,1.010043584871681,6.39734493660411,1.615188258450292,-0.09472060317993164,-11.974001052856444
1478633207833,35.82231635691853,1.21848119174442,5.404792344258789,0.7872434516464359,-0.2612672515979735,-11.697320977374165
1478633207866,35.75509391837327,1.3796487306649259,5.068903634446904,0.984166529061133,-0.4595370811462402,-11.465532183019816
1478633207900,35.68524690870914,1.5412357211870324,4.635215344738352,0.9512462288345209,-0.4026748008506838,-11.102212519482523
1478633207933,35.51925193354153,1.6197860939457915,3.7466349488656308,8.70606549741216,-1.2252327178512699,-28.90803917301595
1478633207967,35.53036063835327,2.1298732467538746,5.099841879181038,1.3287819213867187,-6.413168348870799,16.73457177886963
1478633208001,35.425601612310956,1.6098412391848507,5.321209395424623,-1.1751041023254394,1.8200422110626473,-5.919513967132568
1478633208034,35.2892937251661,2.018554010874402,5.520378626978366,-3.5788825691223143,-1.9642928245544433,-12.933477660425007
1478633208068,35.05884845966792,1.7562702571916966,6.176411339008829,0.7574655319656245,0.07751229701386764,-20.72331232921183
1478633208101,35.0600707296272,1.9516400559193694,6.197569850810396,-0.5271732780456543,-0.36736032864666773,-2.7347768463134763
1478633208135,34.93002001846995,1.84371789054042,6.384872048219894,2.4296657722473145,-0.205901351906592,-16.450260331726074
1478633208168,34.89692547301216,1.8890861724503167,6.312339000046179,0.913537534420751,-0.3661632072669919,-5.727528921508789
1478633208202,34.841550213594594,1.9507107474912275,6.039170087932381,1.5517419509887695,-0.8240542839050292,-6.932410906982422
1478633208235,34.81262782688202,1.9156964124464457,5.845248385816563,2.2863129478454587,-0.12419922938691451,-12.88020608896464
1478633208269,34.83459117637177,1.9237716637034854,5.64119457388111,1.2702736183166503,-0.23747488629990257,-10.280701709515228
