sep=,
timestamp,gyro-alpha,gyro-beta,gyro-gamma,accel-x,accel-y,accel-z
1478633213440,34.81198350003489,2.1396360079092256,8.875683982567793,1.483656891510426,-0.32471361842500046,-9.71537093384238
1478633213474,34.81056847168986,2.136787750381716,8.862373220011394,1.4963759690989973,-0.36616323430969167,-9.674669360630896
1478633213508,34.81034490999727,2.1406023270934083,8.856362279037118,1.450137990636425,-0.39220017087078884,-9.693673513263255
1478633213543,34.8082596482247,2.1550287809949724,8.861788837589671,1.4499883210666245,-0.4321533905250486,-9.713724933900753
1478633213577,34.80276835214312,2.1614219190370956,8.9183442475151,1.5605705239448229,-0.3592798706441768,-9.687837668978688
1478633213611,34.797527121659876,2.1483686597096407,8.97540582562837,1.618180992259178,-0.33219547806339106,-9.68933386634895
1478633213645,34.79732749272935,2.1343572406612084,9.031216825856037,1.597980020782887,-0.31379004595107396,-9.686341264399982
1478633213679,34.79438992054777,2.128863527696738,9.101872520733982,1.670105332095362,-0.36317047923768003,-9.699359675990754
1478633213713,34.79319824955323,2.1328802477102426,9.154401700380172,1.6994343024322762,-0.38576573335952125,-9.69098035148941
1478633213747,34.795824577709446,2.132899922857121,9.153959622712323,1.6534955580780282,-0.3700537809689907,-9.649081607807544
1478633213780,34.799756522502015,2.137322611294394,9.135574921996518,1.6392799400550777,-0.3709516328493686,-9.684096604445463
1478633213813,34.8111320277968,2.132458179478825,9.051865367748924,1.5783774992569348,-0.3676595855878782,-9.717465928793676
1478633213847,34.82776000768186,2.0975459607786315,8.951202068929428,1.3916296875663567,-0.3794809631347656,-9.701155233621037
1478633213880,34.836597933755634,2.024612469213573,8.753903828190591,1.426495262942114,-0.4510077468650881,-9.795277350318012
1478633213913,34.859771990330174,1.884746535573115,8.47521341976519,1.9737199935913086,-0.4008791496055666,-10.434230256298928
1478633213946,34.83975809291098,1.779968798901876,7.905036567925517,1.3560159572794859,-0.875978550675977,-12.48142216720581
1478633213980,34.84164067398385,1.600467882502527,7.885115394058769,2.7814637786865233,-1.162534507077001,-12.495189119012654
1478633214013,34.85312002432027,1.5852044086336226,8.277717399443121,0.7728782964844256,-1.0257657737731933,-12.220753753717243
1478633214047,34.84960892707368,1.439478905651456,8.425877831590633,1.8167502203125505,-0.5644330413818359,-12.788029909570515
1478633214080,34.87125384008048,1.2614487539394315,8.651748231171338,2.2924480895996093,-0.28850129548225084,-13.663559236907957
1478633214115,34.88043752194283,1.152131862263578,8.946553581766283,2.3943512246947734,-0.22520458909187,-13.469329627227783
1478633214147,34.91696561942961,1.0217770738053165,9.02336636339616,1.7387889374221674,-0.13497310945815405,-13.357849612426756
1478633214180,34.94653712088986,0.8919428270281378,9.19047322718242,1.6722002037490717,-0.18166005096435545,-13.429825007574259
1478633214213,34.97744566631275,0.7713254331707121,9.527065980036609,1.909375769175682,-0.08649053953972179,-13.680916906683146
1478633214247,35.0183985091075,0.679139949433068,9.705560476889483,1.4272435011932625,-0.058957215881347655,-13.034033837890624
1478633214280,35.08412881834013,0.5604134465360395,10.155362252641503,1.7781437094093766,-0.09576807052687245,-12.758401371765135
1478633214313,35.13254872564787,0.5398520707619696,10.371391143225155,1.7600375296716926,-0.04923076707038562,-11.975048662213235
1478633214347,35.191109845110695,0.5666483171319217,10.591004438095215,1.2387000473907217,-0.05357025757941883,-10.080785797826945
1478633214380,35.27586568759056,0.6486957586383517,10.822345326520988,0.8370726823668927,-0.0857423469543457,-6.392967345428467
1478633214413,35.305094131984795,0.6879202545283506,10.834508402907817,0.6479307512145489,-0.08813654861450194,-5.578339938299358
1478633214446,35.39267861144449,0.779467062389771,10.806811168247656,-0.03561374969482422,-0.07362170561638194,-2.3542484199523925
1478633214481,35.43993239694037,0.7986389691432034,11.086772687705786,-0.015861585998535155,-0.06928220597419421,-1.9020435813903807
1478633214513,35.46572857231746,0.7897770723433153,11.83684622744044,-0.642244595336914,-0.01092354507446289,-2.2571336151123047
1478633214547,35.287538043487224,0.7335548135298766,14.323188871566193,3.3821091201782223,-0.14380173835477908,-4.1277532997131345
1478633214581,35.04791245571134,0.7180959680738268,16.21582496886506,11.69298134073466,-0.29658172151870094,-4.330961165618897
1478633214616,35.20392163857528,0.6860254704363246,15.952873367666621,5.783343747711181,-0.01092354507446289,-5.689820245361328
1478633214648,35.32379062198511,0.6326163838711308,16.180488467912042,3.4340334417480975,-0.2753331817848142,-10.3650972449705
1478633214682,35.37506931418196,0.6189451040908948,16.50007750522671,1.9813515113830564,-0.37843349990844727,-11.981183950097858
1478633214715,35.3453361654465,0.6693185546060625,16.535214211275726,1.3567642994202673,-0.4547486869590822,-10.272472006634622
1478633214748,35.307568925692614,0.6942799774874213,16.625279793502056,1.3820529083251953,-0.3446154014587402,-8.741379752703756
1478633214783,35.27073976286022,0.7042556073790804,16.937916721507474,1.879149101080373,-0.10339958191470941,-8.206425611523539
1478633214815,35.22226653428051,0.7327732808257502,17.209926740842057,1.795800882720947,-0.09965864638729253,-7.20789373550415
1478633214849,35.173729149975564,0.7457825380426464,17.605900258238023,2.648286384405568,-0.26665420989990235,-7.498041341455281
1478633214882,35.129749151147266,0.7938175768129906,17.87310282620952,2.375646670355275,-0.08020576018181164,-7.2411131374083455
1478633214916,35.07934219337449,0.8593300840334245,17.97427345916782,1.8715174371581524,-0.1406593498174683,-6.32667788696289
1478633214949,35.016906512319125,0.9844175232500968,17.81431629975012,1.4287399868287145,-0.1481412300054566,-5.205293684387207
1478633214982,34.93285127382393,1.0552649865425707,18.137447367006935,0.7959225605286657,-0.1741781690639007,-5.431845308740437
1478633215017,34.85532355422565,1.0829890587092161,18.34039360468983,1.8520644756041467,-0.16924012985229492,-6.84726740270406
1478633215050,34.77132060196585,1.1201649140956176,18.61302804538059,2.693925890084915,-0.31573535306626,-7.732224191339314
1478633215083,34.69790562627135,1.1659877917418981,18.673813778718486,2.428618309020996,-0.17732056045532227,-8.041973592730612
1478633215117,34.63674831405563,1.203291658544145,18.551415735289762,2.908206865603663,-0.14065935210075695,-8.884583231762797
1478633215150,34.51599851543296,1.2811465269904756,18.4028731027006,3.081187997198745,-0.047285482788085934,-9.556755347851663
1478633215184,34.47569379216001,1.3232051047115552,18.3177004771127,3.2182560445259787,-0.07152677459716797,-9.577105915832519
1478633215218,34.41415497506781,1.4185131436436689,17.801402525545022,3.283647668235842,-0.07107786178588867,-9.5367040002794
1478633215251,34.317760689119496,1.567402373526569,17.118000372504262,3.261950160891749,-0.11656769332885741,-10.337564291204885
1478633215284,34.20305205408315,1.7865962788575298,16.612834085816036,3.411587728118896,-0.1978209030372556,-10.525509340722857
1478633215318,34.17076692258972,1.8630417993450827,16.338306106603252,3.4479496658325193,-0.18764557338105514,-10.690858892877399
1478633215351,34.07844557494065,2.1338225547185328,15.475207305580621,3.151368081311136,-0.3621230022402771,-11.439794807434081
1478633215386,34.007097119953904,2.3351500493602013,14.939537209252642,3.0416834985595194,-0.4607341728431638,-11.639859991399943
1478633215418,33.93424817080132,2.5449729552311076,14.361999116663284,2.8619688460418953,-0.7251438278198242,-11.540201639556884
1478633215452,33.83164849931094,2.5540897663153816,14.070424532280557,1.2701239807128906,-0.10549451065063475,0.3975876977115869
1478633215485,33.769375697542905,1.1741791334791458,11.708614495861884,9.017611061505228,-5.673210654007084,-35.95597031010091
1478633215519,33.72396050559769,2.0090431958384536,13.951249415096816,0.9822212310791015,-3.096899737814255,4.85184966430664
1478633215552,33.56118818550209,2.2498945574166305,16.07477771808116,-0.20739771881103514,-0.41105449981136477,-6.044012453460693
1478633215586,33.40323438916596,1.92526198628755,17.45765274548671,3.8064814375061538,-1.6686089925903826,-7.271489570971578
1478633215620,33.50662818266406,2.02253886053966,17.744697587150057,-1.6531962463378904,1.399859710107371,2.364872105297446
1478633215653,33.49360302239409,2.0068843473642017,17.73551317566411,2.703352839926071,-0.5648819359268061,-3.0373440811157226
1478633215687,33.500866112475464,1.912876863860604,17.803673053061033,9.721805186407268,-0.3441664806559507,-18.682703742218017
