sep=,
timestamp,gyro-alpha,gyro-beta,gyro-gamma,accel-x,accel-y,accel-z
1478633913206,19.47942435789282,-2.737143478277309,5.877023375069521,0.9955389783845427,0.5729623847961426,-9.626336577871628
1478633913239,19.489070986694305,-2.8054693860609397,5.881824173906834,0.9126397361976559,0.6329670639038085,-9.659256887231393
1478633913273,19.5040070946714,-2.8597830606745696,5.889432701035061,0.9723451469476684,0.625335536978906,-9.777171314427513
1478633913306,19.50625383030732,-2.8895689365299835,5.8846062709528075,0.9509469855930422,0.5936123741149902,-9.742605222854637
1478633913340,19.499909674366084,-2.9108538923953304,5.876073009239974,1.1519102372100576,0.5624877525329589,-9.807697595657059
1478633913374,19.478483153792723,-2.8728160807613152,5.788944600654743,0.9091981078437995,0.3634697577987797,-9.816077100538205
1478633913408,19.464099599160914,-2.8087380900758254,5.777949253287072,0.9487024238199344,0.2608183433532715,-9.70310058183542
1478633913441,19.447451649808027,-2.7486874194646513,5.8082457272677015,0.9947907626808693,0.26455926518095657,-9.74604674921417
1478633913476,19.437163528312098,-2.7050825483026277,5.883167073164822,1.0278606796762324,0.3061585190261714,-9.777021491877374
1478633913509,19.432552669136996,-2.6844590833548465,5.986761506582863,1.0860697554878425,0.40087912220610306,-9.741408141829412
1478633913543,19.430299540014715,-2.7219744167675244,6.104834838577819,1.193210234114062,0.5134066093666013,-9.784353901141673
1478633913576,19.436514975524407,-2.790524409800236,6.120164395698447,1.0342951423036748,0.5333084152332274,-9.73617068606045
1478633913610,19.452857228787657,-2.8675834467511385,6.03854098474912,1.2014403205871582,0.4103063095092773,-9.854534197599905
1478633913643,19.42862640546649,-3.010561796015278,5.938967090157302,1.143829870539112,0.6066308456420898,-10.092607570382766
1478633913676,19.458431453766877,-3.2626586659478174,6.466662602552917,-0.1475426773071289,0.37439326634062453,-10.89765776901245
1478633913710,19.52396863082606,-3.2933107952381806,7.002980344166049,2.9821277322631325,0.08200140686035155,-14.844948118591308
1478633913744,19.571950672209223,-3.277359878344891,7.303716201430719,3.2697312797546383,0.8866028022766113,-14.699949280548095
1478633913777,19.662657288544384,-3.297072009435244,7.755708023582896,2.0280384437561034,0.7112275398033205,-12.82873075327128
1478633913810,19.748674176947205,-3.347662695701418,8.351579874272792,1.5789760131393558,1.1665747589111328,-13.000365669305621
1478633913844,19.85402233328898,-3.390501016725733,8.957203126590361,2.1095909378051756,1.1942577156066894,-13.380893511144816
1478633913877,20.019600205037715,-3.426889509316612,9.767313142890954,1.879448248423729,0.7941267814193852,-12.546364887237548
1478633913911,20.11971567674951,-3.4855586097352735,10.227681441412173,2.3759458724975584,0.4664204109191894,-12.607417029571533
1478633913945,20.218178935584643,-3.5735372064361917,10.412032950239492,1.9604022651229984,0.9980828170776367,-12.54247460180074
1478633913978,20.38479480840921,-3.6360321682482564,10.814896650788603,2.5116671060424296,0.7225999520232901,-12.18454086908549
1478633914011,20.42983315497672,-3.686170852047841,10.873422980355139,2.1070470254760236,0.6016928252676152,-11.704803003692627
1478633914045,20.60425390762358,-3.8340384227359814,10.812072343454817,1.7126024389625991,0.6459855445640627,-10.322600165502726
1478633914079,20.665922394399118,-3.880981979617153,10.745807901273656,1.5358803101913072,0.5214870491027832,-9.003994112628325
1478633914112,20.71999795229136,-3.929761831928133,10.55907364302911,1.1888707253387196,0.5318120163627434,-7.438485575158894
1478633914147,20.749666544113158,-3.990660794976169,10.155076278819214,0.5497686292786151,0.42541970748901364,-5.8828527542114255
1478633914181,20.777565225775554,-4.056620271829315,9.84469911109361,0.3275567146301269,0.29703064346313474,-4.719869297790527
1478633914215,20.80686939737347,-4.191058071124499,9.388537710474553,0.016759411621093748,0.3802291876861825,-4.357147746276855
1478633914249,20.802731303098973,-4.23419322322465,9.346247486307934,0.042646717071533204,0.5174468703338876,-4.640262092590332
1478633914283,20.721009579791012,-4.277145760313539,9.48572757055635,1.3199533392975107,0.2977787949493155,-3.976170407104492
1478633914317,20.594327807892423,-4.338638214370734,9.68139165125346,4.45605820236206,0.8257003066795412,-3.833715408325195
1478633914351,20.63427518957866,-4.351710713234819,9.590451437784228,3.6783915756225585,0.5416881438766605,-4.4583027664184565
1478633914385,20.65182293934636,-4.497970710667931,9.084397631323181,0.320374036584422,0.5779004622528329,-6.293458338928223
1478633914419,20.666633682646008,-4.591716513858767,9.0886570789068,0.03007715835571289,0.6784568680473138,-8.49702191109024
1478633914453,20.642807516222557,-4.676229327607432,9.35687026882913,0.4183868131775409,0.8050503093691833,-10.234314344610645
1478633914487,20.602737246326065,-4.679705350301222,9.517079074249464,0.5665279678344726,0.8051999760848731,-10.298209601416065
1478633914521,20.566142013688346,-4.6149779302138745,9.712352300300138,0.7471404825072735,0.4848257996490225,-8.507047338281199
1478633914555,20.517443437563575,-4.587624556740799,9.94470899296205,0.9337386474609375,0.41270054770205167,-6.907720410101115
1478633914590,20.450493187009155,-4.587946318011998,10.171580834624324,1.1903670648436993,0.5545569595336913,-6.440103190612793
1478633914623,20.39826816049469,-4.594107630098324,10.02416089309893,1.2572551833221688,0.5152022880111821,-6.501304970550537
1478633914656,20.339946986095452,-4.615621358702763,9.709463094494811,1.1801917443206533,0.6004957221542485,-7.089081185857951
1478633914690,20.264124585145286,-4.612193998467201,9.460182208880733,1.470339112809766,0.6727706573707517,-7.853281012780964
1478633914723,20.145502913334134,-4.609755484882926,8.859132437946487,1.6035165710228028,0.8508393967117183,-8.715193391241506
1478633914756,20.071487552423164,-4.580490153418079,8.400569545634314,1.3233949767845217,1.0094552384307607,-9.125798975958302
1478633914790,19.98737518527559,-4.574052380104489,7.926235716393722,1.7194856682708486,0.8834604308639652,-9.291597221728415
1478633914823,19.903112144586192,-4.59279663579639,7.377703880068442,1.3581108551910146,0.9243115149566903,-9.459640122886467
1478633914856,19.817014621752122,-4.585486775850115,6.823618475433139,1.0589853218078613,0.9828197997604496,-9.542689413098245
1478633914889,19.741573322130726,-4.530603710338174,6.3352874510094175,1.0108020316635258,0.8978256590912118,-9.996989196379202
1478633914923,19.630393875161932,-4.47652183201661,5.708786338659061,0.9329904457424069,0.9593266959701664,-10.329633571270852
1478633914956,19.571237353344493,-4.404935999951492,5.450134512728603,0.8417115576812997,0.9916483818496576,-10.582521194690093
1478633914989,19.521038662472126,-4.322393977823439,5.327296477204398,0.9094973338179079,1.0676643393585459,-11.224316804150492
1478633915023,19.47796554472299,-4.222254286466326,5.300090520876951,1.0206781043785158,0.8665513451064937,-11.266214894811808
1478633915056,19.441482368068954,-4.081335693729615,5.507401951867685,0.858620533840917,0.9638158058166504,-11.61322479019165
1478633915090,19.416244759603835,-3.9744497080881636,5.760659871184754,0.8755296013320796,0.7236474746151128,-11.546635910388082
1478633915123,19.397160558184613,-3.8896965590642996,6.126594912553947,0.9956886062843259,0.7583633575881831,-11.629235721533
1478633915156,19.3992131690691,-3.905289047275293,6.510560426538689,0.9974842849289066,0.9024644065414554,-31.484052275305984
1478633915189,19.368509958443266,-2.917130067615704,6.535357683980581,0.9325415831634775,0.7462427116836421,1.9601029716491698
1478633915223,19.120344853550534,-3.109215714183609,5.296183696606345,-3.2064345733642576,0.521337417207245,0.22221184158325194
1478633915256,19.023676593321564,-3.1203813138195495,6.100080724690477,1.744175909423828,0.8328828842605464,-3.3783681800842285
1478633915290,18.98176457209092,-3.385124163450909,6.122843295113408,0.9454103622878901,0.1975216369628906,-10.002525440658442
1478633915323,18.966296614922655,-2.888893458032898,6.611824822742881,0.6943184449126943,-6.053140566485747,-8.363694879205525
1478633915356,18.71450610938719,-3.1884910694902677,6.663282104739008,-3.0494648000854996,1.8683750840118154,-22.65797573917806
1478633915389,18.75560896991966,-2.8859326195804944,7.006938208170759,0.24525603256225584,-0.5922656356811523,-1.579424907684326
1478633915423,18.679363771647708,-2.9893042382580366,7.630116795127142,4.032583637591451,1.3750199409484862,-17.21820051422119
1478633915456,18.62957521896669,-3.0210854235843683,7.86618386648488,0.5099649536132812,0.018854338073730468,-5.944802722167968
1478633915489,18.620385949126522,-2.9615011301274907,8.050495179779977,2.402431655297801,0.9021651130676269,-11.62863717111796
1478633915523,18.58703471090631,-3.0083339603608095,8.172011972623988,1.8809446427276357,0.33099837951660155,-8.926182412542774
1478633915556,18.59349396290873,-2.9577056604901073,8.194702797374765,2.046743071160838,0.4719570182413212,-9.128941292572021
