sep=,
timestamp,gyro-alpha,gyro-beta,gyro-gamma,accel-x,accel-y,accel-z
1478633843410,23.237062223215077,-2.4154428326389628,6.699774521346758,1.1552023021670348,0.522534503195947,-9.747842671742516
1478633843443,23.238269103542248,-2.4534059875967826,6.7186566949935544,1.1581950257011222,0.5318120346290525,-9.719111852245131
1478633843476,23.238031215345238,-2.5234342018864453,6.728214903693102,1.1578957744681333,0.5608417480247561,-9.72449912278678
1478633843510,23.243421872272783,-2.576227316761488,6.73395056791468,1.1037269379325676,0.6067804832458495,-9.730484423296366
1478633843543,23.24681242149139,-2.6289104764639313,6.759781542738796,1.1358990410072263,0.6057330017532222,-9.73946287345878
1478633843577,23.26165154120176,-2.687808395895527,6.84249276386577,1.208473269697558,0.513256980895996,-9.78330629178488
1478633843610,23.270763797321823,-2.6758390327179757,6.901771337769091,1.16178634759931,0.35134909362792965,-9.660155037080939
1478633843643,23.2784100392283,-2.645263747696984,6.9220983319437055,1.082777700805664,0.32231940763168965,-9.701903905697026
1478633843677,23.28655396416403,-2.5457586098316147,6.946689990638752,1.2240355759219965,0.05596446380615234,-9.76879173191455
1478633843710,23.302496944672615,-2.466463902105058,7.024061620701418,1.1314099311607424,-0.00029927520751953123,-9.68140333478623
1478633843743,23.31565003301382,-2.41124542003677,7.174335250951923,1.1139023223876952,0.3066074318374507,-9.68424615928001
1478633843776,23.29657385576441,-2.398323674557958,7.285124832525275,2.031330397973582,0.4944026336891111,-9.87503443971714
1478633843810,23.309388789796827,-2.3821860053738617,7.340864535161787,1.7405846434662118,0.335337874592212,-9.685294115696673
1478633843843,23.315585696277946,-2.396498431643981,7.20733611779684,1.456273178056348,0.3907037674337276,-9.744400962331914
1478633843877,23.301810538165753,-2.4035317815880006,6.991469223348647,1.154603766593372,0.4870703865383053,-9.752032064565132
1478633843910,23.290482476880175,-2.4178966487168174,6.905460885319336,0.9695020164932123,0.5196913795913569,-9.713575526909146
1478633843943,23.27101874164159,-2.43024377593854,6.869342304311442,1.0423755477905272,0.5780500633239746,-9.712527871886582
1478633843977,23.238690084954897,-2.4672238693995086,6.876837203716274,1.039083511374658,0.589272901872266,-9.718213936432672
1478633844010,23.202745199390193,-2.5409207188866203,6.926547323850939,0.9211691252777352,0.6394014991317876,-9.74933882972605
1478633844044,23.18914389211561,-2.62444922946432,6.935013406820732,0.8824129676376469,0.7148188331604004,-9.518747232099901
1478633844077,23.0696061367464,-2.768141555543261,6.416762248324361,1.464652865600586,1.1935095641205087,-8.205677131243794
1478633844110,23.044840003939857,-2.9960979464421746,6.684918615318988,2.8440122970581054,0.7550713485717773,-14.024634774780273
1478633844144,23.080875974451313,-3.0694878384624293,7.298522055944674,1.637484261410497,1.027262149810791,-13.79972974859029
1478633844177,23.096259077927584,-3.105846920407894,7.651936421330194,1.6692074334075673,0.8370727554321289,-13.423690158081055
1478633844210,23.123748122839732,-3.1484536179559113,8.046526209110398,1.9315221893310546,1.3711293997833505,-13.614777378082275
1478633844244,23.17972511308377,-3.1849224581545243,8.638260378834433,2.798821740722656,1.029207438659668,-14.924555323791504
1478633844277,23.220657143336297,-3.1898283560671508,9.272523042001708,2.1467010270049793,0.9419687156677246,-13.628843312835693
1478633844310,23.28560974901531,-3.1809552190793293,9.951257284864472,2.323273435974121,1.2195464341094717,-13.646949170629679
1478633844344,23.355988424815212,-3.1942222260201425,10.4780851034688,2.3433248748779296,1.2630910133361815,-13.46783354345113
1478633844377,23.416593924909503,-3.1382030031173582,11.12683396937994,2.567631642913818,1.323544605255127,-13.990816676330565
1478633844411,23.506267980625893,-3.039128827776949,11.986957669536764,2.2251111496414056,0.6027402862106449,-12.892177681787311
1478633844445,23.65896622312674,-2.8299481882972266,13.41708815780224,2.3472153795104473,0.4252700835849857,-11.594520235852151
1478633844478,23.70112818216373,-2.725305002938102,13.55994578976828,3.0514100158691404,0.25318682556152344,-10.895263567352295
1478633844511,23.746279012531723,-2.59344193898023,13.853111138404547,1.1348516599792986,0.2620154441833496,-7.399729289654642
1478633844545,23.76882151657609,-2.5300720868527824,13.994769532753333,1.0012252067565917,0.16669630885468795,-6.044311436407268
1478633844578,23.83925795334903,-2.350251169488406,14.634862768932505,0.11851298217773437,-0.023343466186523436,-2.546233465576172
1478633844611,23.8665791637339,-2.306496590008518,15.014703559516217,-0.06105214233398437,-0.041748891448974604,-1.904437783050537
1478633844645,23.897841457835685,-2.281247418602561,15.430783540563064,-0.015113397979736327,-0.07990648040771484,-1.9035399574279783
1478633844678,23.80437842999178,-2.273275806724273,16.36371953209223,1.656787621893361,-0.32022443551328034,-0.9753379013061523
1478633844712,23.652991674035267,-2.2970309971374285,16.87020360731965,7.969399793298542,-0.7164648833343759,-1.995716721343994
1478633844745,23.827480963645556,-2.326242068237221,16.997676039145837,5.11880300328359,-0.5029319862365722,-1.763928073120117
1478633844778,24.058344784854857,-2.4941455205793805,16.799967024653892,2.531419379336573,-0.26979663611147553,-7.270891458947956
1478633844811,24.121124614266844,-2.545116706845076,16.77123503096908,1.5263035583496092,0.043245267486572266,-8.410531303051858
1478633844845,24.176959493533964,-2.622116937817766,17.004086521248453,1.5517419509887695,0.5988497085128911,-10.66527027811259
1478633844878,24.16098989218762,-2.584613049274407,17.251649572684506,1.052999963787943,0.49036242752075193,-9.838971539749018
1478633844912,24.14630103377091,-2.5503020499527764,17.46967728302368,1.7158944753784686,0.2829647269760258,-8.4216041204039
1478633844945,24.115648571658962,-2.5436554751212204,17.579408321083555,2.132934330926463,0.4785410750900395,-7.370699302264303
1478633844979,24.081544133301442,-2.496153280463379,17.54594504007672,2.0033480930052696,0.3259107009887695,-5.802347723388672
1478633845012,24.08070500371859,-2.4958273735602834,17.377374070009513,1.748964458874613,0.2680009666000493,-4.708497132165729
1478633845046,24.058909420103998,-2.5477241462747813,17.27649356663219,1.8359038335938005,0.5006874313133303,-5.7923217116758225
1478633845079,24.024056912739894,-2.549845705620384,17.12526657256123,2.0334253244262186,0.44996028706370267,-7.5127053882323205
1478633845112,23.983855190862506,-2.498927579609976,16.886959645665232,1.9202995151795446,0.42018240791126443,-7.386261613055318
1478633845146,23.931643085480985,-2.4924988785869857,16.490986446140045,2.3400328841278326,0.5231330627441406,-8.55478202614151
1478633845180,23.882914780207514,-2.439507334126318,16.190830942827763,2.416946539395116,0.5291185577613767,-9.25568458041856
1478633845214,23.833125840155265,-2.440953082217371,15.942916910695176,2.866757322427444,0.8574234695434569,-10.131363600158691
1478633845248,23.77088472629228,-2.4332258351658567,15.715300615937144,3.2981624975342303,0.8933364944458008,-10.386794916711375
1478633845281,23.721974758012557,-2.3040753870042217,15.239658187955625,3.1316157714843746,0.6367080039978027,-10.499023265661672
1478633845315,23.65469915417726,-2.0916088870233773,14.664723918703512,3.1160535337585955,0.428562101734546,-10.678139185101166
1478633845349,23.59349654906282,-1.8630634739987348,13.990471540611237,3.189076611328125,0.47554830474853516,-11.373804624176024
1478633845383,23.56075280895065,-1.6961871020202617,13.52488747457512,2.92631290606074,0.33429041136589366,-11.341931814575196
1478633845417,23.535323235572797,-1.5440546685018584,13.130540640715962,3.033902489294484,0.3003226707458496,-11.66739331049174
1478633845451,23.512536567578888,-1.3894383693822758,12.756201405214174,3.1598973516602067,0.3773860366821289,-12.06662672958374
1478633845485,23.496816920024553,-1.2108536217901738,12.37453841439516,3.1794997316222635,0.28161797484245615,-11.936741435650735
1478633845518,23.491895209323673,-0.9968406989420473,11.962426665206161,2.8411691095214335,0.23927053297844247,-10.733655247552692
1478633845553,23.407527084232605,-1.850472017820432,8.824239372181417,1.9859903136322274,-1.5420155432770029,-8.058284237670899
1478633845587,23.243762137099118,-3.1786119167759774,8.136660948806547,-1.2663830406188965,1.3364134026458485,-5.3999719146177165
1478633845621,23.229058113134307,-2.6173119622280705,7.768749031826316,-3.341257908221334,-1.8830396787781267,5.443067252239585
1478633845655,23.142682666752194,-2.473088596694002,7.669507522529954,-1.5360298564635215,3.457077669259719,-5.201702674157917
1478633845690,23.16290121076651,-2.581010470982883,7.749762087570176,1.7220294710021464,1.6259622024536131,-4.018068936157226
1478633845723,23.116946941355813,-2.484549544427033,7.584247686474434,10.965593387249857,12.238859611511229,-50.789544801762695
1478633845757,23.002727141351333,-2.5505336939275063,7.9057101191955645,-1.950975077819824,1.2605472106048836,-0.483928010559082
1478633845790,22.920774726556836,-2.399270235603038,7.597852711516315,2.2529438352722675,-0.3821744400024414,-11.24900686264038
1478633845824,22.901169333620423,-2.5856343794247385,7.519590739616862,-0.1806125877380371,0.34596213075942356,-4.141819234466553
1478633845859,22.84532611843363,-2.4314701354606045,7.406829263538493,0.19871866472773253,0.1955763298477046,-1.4794669883728027
1478633845891,22.788219843680125,-2.5283970929172477,7.402459029339734,2.314893730163574,1.3326725356170908,-17.4796174079895
1478633845925,22.754402050815987,-2.4768079129747305,7.433410994820522,0.04249707946777344,0.17567454681396483,-4.74366167678833
1478633845958,22.730865888766033,-2.4817341003481963,7.604904588945936,1.4757260117461903,0.6814496657882817,-11.519102737426756
1478633845991,22.711120342928606,-2.5383317193895887,7.701629541669077,1.2071265769294928,0.2537853759765625,-9.633968081963644
1478633846024,22.693887480551545,-2.523889121425404,7.975024941820295,0.8563760063171386,0.517746109008789,-9.62917972887568
1478633846060,22.682820589959857,-2.5123595720491108,8.198832976749467,1.3955203369022913,0.3154360595924314,-9.017611061505228
