sep=;
timestamp;gyro-alpha;gyro-beta;gyro-gamma;accel-x;accel-y;accel-z
1478632339837;63.46809981544148;0.03302547988508575;41.38498098053398;6.649146977864112;0.07915828896398307;-7.393893128563778
1478632339871;63.472752467091006;0.05340106097706268;40.84983123767652;6.508487365468452;0.011821369555377168;-7.601739981665089
1478632339905;63.47535975879552;0.07853159846218082;40.606261085602895;6.491578352776216;-0.001496376037597656;-7.677307135960552
1478632339939;63.48189928116049;0.1043017757725194;40.50242025612061;6.418555366538232;-0.02558803024291992;-7.6846393054795445
1478632339971;63.4933735332756;0.13064307522121815;40.56838219140701;6.455964740078709;-0.028431144714355466;-7.581090101944096
1478632340006;63.512938516880524;0.1846891912252631;40.93716729841834;6.60994199874429;-0.04833294715604861;-7.405265908964039
1478632340037;63.53051576472547;0.22829268515167317;41.25898699622944;6.768258638321049;-0.06359598159790039;-7.280318061729241
1478632340071;63.54912675494927;0.2806021321545777;41.426566090049405;6.715586128732375;-0.06688800773897091;-7.176619549383595
1478632340104;63.5650666328352;0.3326094890152904;41.306276019846806;6.6207154860898845;-0.05102642174043576;-7.113771500076167
1478632340137;63.58891589992235;0.3999168060205583;40.86840428382125;6.471527096535498;-0.017208324432373044;-7.168538771720696
1478632340171;63.60123969665207;0.42512950761017854;40.38599117510345;6.6240077143019995;0.03127425918579101;-7.244105962548777
1478632340204;63.6102297898942;0.45773073699654365;39.574705091173584;6.52120688144844;0.053121349334716794;-7.093121437692083
1478632340237;63.61184784210288;0.5239615768163562;38.22282861062825;6.500108161981403;0.08230068206787108;-6.911162440313771
1478632340271;63.60257915349252;0.6342692588753921;35.098440388537576;6.627898602527007;0.036361937713623046;-7.231087564086914
1478632340304;63.58918107924083;0.75122972240846;32.09591010087078;6.577320873260498;-0.07197569197502453;-7.867645820883102
1478632340337;63.567811765723356;0.9103454309491078;28.338649960184206;6.290764862060547;-0.17761983337955314;-8.743624398958543
1478632340371;63.554105183947065;1.0903956551991976;24.34105311459422;4.693233877386525;-0.31932665555649437;-9.748590682806446
1478632340404;63.55667074949823;1.180569188551047;21.694640919084563;3.1506196375640108;-0.25528174288100564;-11.605443634796142
1478632340437;63.54557364803926;1.18478948503697;21.046897023650487;4.030788132476807;-0.05746083984375;-14.015506588689982
1478632340471;63.58542774973906;1.1627280546118064;21.98831223917328;4.281131843566894;-0.07885901718139648;-14.241310025024413
1478632340505;63.69299249936705;0.9926985439095801;26.267817705639526;5.533598660101369;-0.4896142395019531;-13.09044692224711
1478632340538;63.752390302854565;0.9175167813200183;27.731837146334573;4.493467731166165;-0.14350245743903797;-12.02502718347758
1478632340571;63.80503744182836;0.8269171863404651;29.63607287320556;4.726602980826562;0.06509236676865257;-11.07437948679179
1478632340604;63.87923821905271;0.7148499626650174;31.495732067091545;4.491672244317829;0.17298106081313452;-10.232219491223246
1478632340638;63.955798349764564;0.5140665223871294;34.24094976389925;5.14379248311147;0.027533319091796873;-9.429413747052102
1478632340671;63.97822532933981;0.4500556328642812;35.01335312441268;5.297769467782415;0.014814122772216796;-9.180267136792093
1478632340704;64.00818170998554;0.32584856724043204;36.222258724277964;5.23581953635849;-0.042497081751062066;-8.394968773065134
1478632340737;64.0405964459818;0.19165617858209447;37.40213312367807;5.866991259544435;-0.05521627578735351;-8.269722317913919
1478632340771;64.06001117536249;0.037235407973473536;37.879733340404265;5.894225266896095;-0.03381809902052919;-7.625681961734034
1478632340806;64.0758229104039;-0.11114570578948112;38.046886146731204;5.750423292220942;0.09277531318941036;-6.923881636633351
1478632340838;64.07241643149463;-0.2017490294619485;37.697022880693545;5.495441071142628;0.1538274520984618;-6.527192276000976
1478632340871;64.06832536389778;-0.2822680001453342;36.866973822662644;4.89329957280904;0.16594810256958006;-6.430227401025593
1478632340904;64.04642318133551;-0.3566970072742271;35.64978713579319;4.6399625251218675;0.1279401512145996;-6.153995946093648
1478632340937;64.01162218267415;-0.415631864560688;33.910630104398784;4.041861169024557;0.016909049224853513;-5.9497409092225135
1478632340971;63.976416018042826;-0.48140001161001084;31.988541826103752;3.7578492893494664;-0.044292730712890624;-5.963806990106404
1478632341004;63.92582801723143;-0.5510226918850037;30.109390158149697;3.866934664098918;-0.04115034103393554;-5.964255610656738
1478632341038;63.876130098857374;-0.5816220050056811;27.922044501980437;3.5598786665100604;-0.04219780426025391;-5.485265348760783
1478632341071;63.78721255050318;-0.63226897710846;25.340531368584916;2.297535768127441;-0.2244563965064939;-3.333177623748779
1478632341104;63.74915213942183;-0.7262579122359022;25.523639428450068;3.210774063873291;-0.10624268953627906;-2.93065246963501
1478632341137;63.72411294809138;-0.7978753871094134;26.033198708530165;4.0194156380584465;-0.02977787401503883;-2.680608033752441
1478632341170;63.69092179147996;-0.8911449785167127;25.616302553443514;3.172466910376027;-0.0076315177917480465;-4.552873731994628
1478632341204;63.67601502701155;-0.973870928282447;26.392010944199683;3.5465607005797324;-0.028880057525634766;-7.250390961102396
1478632341238;63.655864702755714;-0.9989625790754286;27.448897476623333;5.7867852664671835;0.32620997619628905;-8.435221361541748
1478632341271;63.596338572831876;-0.9155150686705719;26.2205750872236;5.394136340332031;0.3103483901977539;-8.665962436941452
1478632341304;63.51608471461491;-0.7472587992374331;24.09467637677817;3.2692824400085954;0.25034371109008785;-7.202656419372558
1478632341337;63.430468333166374;-0.620620109537773;23.036771345518503;2.2698528114318846;-0.0037409400939941405;-7.327005414227396
1478632341371;63.370181846161145;-0.5795525428034332;23.588540450894566;2.608482562609762;-0.013018471527099609;-7.297526660156249
1478632341404;63.32432883509996;-0.5399555742137406;24.69180622642238;3.045125163445994;-0.028131869506835935;-7.773822860662639
1478632341438;63.258330031771;-0.4800558881830507;25.57852200255651;3.8549639845917;-0.05820902786254883;-7.582436511584371
1478632341471;63.15616098945294;-0.3269232227639638;26.40701668029502;3.540425851086527;-0.045938744354248044;-7.32595751260966
1478632341505;63.09456890731578;-0.2210847116252887;26.676657806395813;3.538929328918457;-0.060453589635656675;-7.075464456176757
1478632341537;63.03099509051738;-0.13675266350188603;27.564530699450607;3.4127849020142107;0.1825578743036254;-7.521982773534953
1478632341570;62.96949364753309;-0.028734400904829923;27.998394592150067;4.329464935711771;0.24660277213773804;-8.13968691145312
1478632341604;62.858773391017436;0.18259972923739146;27.791076575618412;3.6186860255919395;0.22969372633781748;-8.661772590886045
1478632341637;62.76793564781102;0.31307142470733634;27.36006402831115;4.517559176450577;0.14006079255256335;-8.978106606248486
1478632341670;62.68017271483152;0.5173397325496433;26.309519415357205;3.5730468487061557;0.025737667846679687;-8.965985832479783
1478632341704;62.607686335517705;0.6916257314222147;24.927293875080245;2.9824270805358886;-0.0704793113708496;-9.32511608150322
1478632341738;62.49595059120996;0.8763124525454097;23.988351628079197;2.774281100640818;-0.40880993347167965;-11.255591063336283
1478632341771;62.4660232985667;0.9229308541284691;24.77348179208154;4.770746083068848;-0.2871545524818357;-13.459902458190918
1478632341804;62.43601437453653;0.9925123319239594;25.061368033788593;5.3194671029906715;-0.4746504791259765;-13.888913468170164
1478632341837;62.408175923056326;1.0437096337238425;25.66309417302752;5.766135423278809;-0.5876268882309086;-13.735983837127685
1478632341870;62.43386187351163;1.071485851858793;26.945489425746707;6.027402679443359;-0.29433716659545894;-12.611157677404583
1478632341904;62.368907050118864;0.9228931306955671;28.67311112810459;10.868179161071776;0.17926586757050825;-13.395109668023883
1478632341937;62.504243415619676;1.0132330489364236;29.65754804676044;8.431480421447754;0.8243535956451669;-12.624774991607666
1478632341971;62.595959770257345;1.0869023908652482;30.916341346670052;3.698592652130127;0.10489596023559569;-7.180061433465778
1478632342004;62.645073049057956;0.9839890626134284;32.820826490834676;4.243123819146677;-0.03935469892197288;-6.642563014630228
1478632342038;62.65791520205552;0.8522375877367451;34.30946128413227;5.95602576164566;0.17402852403945288;-7.250241104302927
1478632342071;62.7374180548197;0.7556931349023703;35.70895129174162;7.418284352520853;0.18480244064331053;-7.970596509394486
1478632342104;62.7656451251992;0.7386207190351394;36.27565284837481;7.328501936395466;-0.0655412750133546;-7.879317421545624
1478632342138;62.812236404026045;0.7378133248390624;35.83672623833717;6.2753521158080545;-0.17597382202148437;-7.98750581548931
1478632342171;62.847690672392616;0.7387765636268295;35.25592371370255;6.167463513095118;-0.12210428409714659;-8.392574790600687
1478632342204;62.86223463073203;0.7580405101768213;34.605555867378925;5.777806955442671;-0.21592706222534178;-8.098386978481198
1478632342237;62.90032179440129;0.7659187022278026;34.17501227521295;5.340266985641605;-0.08319850769042968;-8.208819877115776
