sep=,
timestamp,gyro-alpha,gyro-beta,gyro-gamma,accel-x,accel-y,accel-z
1478632835141,36.542885702627764,0.45107415511809723,3.9238660874570246,0.6717231895065033,-0.02349309922370594,-9.770138324217918
1478632835174,36.47818077035339,0.45211324409049286,3.766978412252661,0.7287351303100585,-0.033818103016284295,-9.82086580068604
1478632835207,36.38615038002782,0.4565322172426681,3.576738134774989,0.6983586967468262,-0.0326209976196289,-9.934590288211917
1478632835240,36.332533091497204,0.4570447289431564,3.540847089417078,0.730979694366455,-0.04129997635440668,-9.979930399952735
1478632835273,36.28220787344604,0.46349749546762925,3.4999459694191817,0.6848913215416017,-0.05087678299503168,-9.94985309546655
1478632835307,36.23516874748982,0.4742662718021252,3.4844342842164,0.6759130379165522,-0.0613514175415039,-9.849446327275828
1478632835340,36.19224303628392,0.47671887692359455,3.5238711677895855,0.7196072456138674,-0.05401917495727539,-9.763703825057856
1478632835374,36.15512142349665,0.47436949734318024,3.5789096932946562,0.7742249435867182,-0.04144961167487781,-9.772383138294419
1478632835407,36.12273817102764,0.47052139362333817,3.563215317799019,0.7224503692184574,-0.0282815071105957,-9.749637926837057
1478632835441,36.079901861264794,0.47152591291951823,3.3097118122700735,0.6142623634338379,-0.0324713645824464,-9.673173156981589
1478632835474,36.04452374224721,0.46882955954100614,2.961483167134883,0.49395374485236243,-0.0320224517711671,-9.754576123024755
1478632835507,36.020878129938666,0.4670199536310759,2.712833503004237,0.551564189192187,-0.033219548034667964,-9.860220234746532
1478632835541,36.001172400879675,0.479360726096567,2.3226031264238047,0.7392097625732421,-0.03651157075080555,-9.912892945264606
1478632835575,35.98950595801843,0.506458200105908,1.6173929263082558,0.6534674156188964,-0.045190551768871955,-9.817573740295641
1478632835608,35.98666040153126,0.5505221841622437,0.6302214620248824,0.48751930391616183,-0.07826046904964605,-9.867851958034256
1478632835642,35.9919653455754,0.6257459678119542,-0.8119771666900386,0.5913678191917482,-0.10908581399710238,-9.919776119773928
1478632835676,36.00815490745909,0.7215274191423307,-2.810295812788116,0.5530605834960938,-0.17717092741813975,-10.121487481777928
1478632835710,36.039945614963166,0.8455492607204597,-5.415705794064308,0.877175633239746,-0.18435352783203124,-10.613495959472656
1478632835744,36.167000984783236,1.148880161768188,-11.615062407131978,-0.0076315177917480465,-0.16130933000316144,-11.25933156503886
1478632835777,36.39980864526787,1.554655178855725,-19.720291603091482,-4.151844807787985,-0.2831143428885436,-11.445031977435201
1478632835811,36.54005219265288,1.7231631289893083,-23.989660415475687,-7.012467024993896,-0.18121113815307616,-12.989292194366454
1478632835845,36.66443379763589,1.7936210652212856,-25.427390590746672,-9.532364564569294,-0.1879448211891111,-14.011466665649413
1478632835880,36.69979139161188,1.8065958962918736,-24.721219341019104,-8.405293840789794,-0.05252278065336868,-14.914828879547118
1478632835915,36.722056686010255,1.8745622437692249,-24.43092041186762,-7.870040132141113,-0.09591770401000976,-14.178911144256592
1478632835949,36.75568746457521,1.987963135760416,-24.911665256978043,-7.54008921585083,-0.11432312927246092,-13.308768478393555
1478632835983,36.78414383493191,2.128190739399962,-25.84543641069221,-7.599345706939697,-0.2813187042015139,-11.712584451349079
1478632836017,36.80407566278302,2.26608368147931,-26.58306805066529,-6.530334519549458,-0.2156277687515132,-10.683675995635985
1478632836052,36.85685318852422,2.562368773663513,-29.468125789231568,-5.747131374536082,-0.3817255317577393,-8.928127847522124
1478632836086,36.93159154646301,2.8132182107987145,-32.64610172887051,-5.741893948806636,-0.37020342256850564,-7.434594559069723
1478632836120,37.020448481402454,3.082237674201072,-36.23995056069974,-5.665878393156547,-0.5888239707946777,-5.953332065582275
1478632836154,37.229718353775965,3.6145824753644207,-43.97003046365287,-5.537489310864359,-0.5225344940627925,-4.088398609924316
1478632836187,37.32740936445607,3.8445439526461214,-47.34258529237771,-6.248566765539348,-0.6338648689767694,-3.502567391204834
1478632836221,37.374560505554534,4.017234755690824,-49.40651503935806,-6.405836179351806,-0.4345476195846684,-3.724031044769287
1478632836254,37.38517783933748,4.2026954097134785,-50.82130371995814,-5.573701610974222,-0.20904376898501068,-4.192246960803121
1478632836287,37.408138087676804,4.314845705663673,-52.02393073006786,-5.007472772216796,0.00718260498046875,-4.04455449976176
1478632836321,37.47214342788479,4.430617287081059,-53.86398377611395,-4.329464789581299,-0.004638765716552734,-3.3776199920654295
1478632836354,37.552542330233706,4.508967221298569,-56.00277352462237,-4.258836132867634,-0.011222820281982421,-2.671031227111816
1478632836387,37.621774138283534,4.5369057863740725,-57.5654855245523,-4.484339709472656,-0.13587094421386717,-2.386569850103557
1478632836420,37.65967804661449,4.494510421678983,-58.5868958400778,-5.218162518310547,-0.6364087561897468,-3.0111576465882357
1478632836454,37.643798023792016,4.447528454518718,-58.37444447157346,-6.611288755444437,-1.1911152893951162,-3.78268869318217
1478632836487,37.544904800250634,4.399596988329264,-56.61574961201935,-7.212383009747415,-1.4339771568298338,-4.987271841839701
1478632836521,37.39592991983038,4.369986712991409,-53.528930359805095,-5.980117196655273,-1.1707646118164061,-5.963357848966261
1478632836554,37.252547063126315,4.410040050850169,-50.89402685566617,-5.462221303912252,-1.1044751168182119,-7.180360197216644
1478632836588,37.22261022777326,4.46123551723303,-50.78961161889204,-7.47843834957187,-0.9524433661972171,-7.632116342163085
1478632836621,37.17505556587988,4.486749209505366,-49.92545750459895,-8.387486965942383,-0.968454535000585,-7.763946924944967
1478632836654,37.08000476400514,4.506711027568798,-48.34268189603821,-6.375609529522806,-0.9331400970458984,-8.350526331683248
1478632836688,37.08065175914986,4.5209146252169905,-48.49288779155603,-6.257994519098102,-0.9923965698684565,-8.209268872125445
1478632836721,37.07359801679703,4.645095325592103,-48.7072518999484,-6.448183913476765,-1.083974765103124,-6.796390580893121
1478632836755,37.06699468545525,4.672280321983153,-48.97922799372373,-5.45892942276001,-0.8877999031066894,-5.84439599964302
1478632836788,37.03820046192286,4.62774512046777,-48.407788242383965,-5.613056008502095,-1.0851719024658202,-5.205143900652975
1478632836821,37.01718691601772,4.631913538464702,-48.80212318454806,-4.297891255187988,-0.6388029487167485,-4.478802972003073
1478632836856,37.05768222197522,4.655779825624039,-50.3669886609667,-5.037849498040974,-0.8363245719799073,-4.172045884295553
1478632836889,37.090952346615204,4.68952575241233,-51.77213076549407,-5.121796193750202,-0.4445732842376455,-3.799148975726217
1478632836923,37.10155703759244,4.717488327066346,-52.64946958029769,-4.594472985839843,-0.4674678376128897,-3.6352960918702184
1478632836956,37.08976520023998,4.673194488865137,-52.31164103626813,-5.808483011273294,-0.37918165139462795,-3.753509798840433
1478632836990,37.02929778397433,4.57502312392978,-50.39496550376647,-6.360046853405609,-0.5946598008086904,-4.237437809399515
1478632837024,36.93118993641629,4.481635197195734,-48.43428583897193,-5.391592647198587,-0.4294598862579092,-4.842272711535543
1478632837057,36.88790563617448,4.360218681970135,-47.15165842496904,-6.275352481134235,-0.5077203530242667,-5.247641126251221
1478632837091,36.84663460463554,4.20047891687407,-46.465835830111516,-6.1727007926940916,-0.3091512528350577,-5.623081801019236
1478632837124,36.823664333931085,3.9931212270270833,-46.568604010798396,-8.350376840209961,-0.48138418956147505,-5.788581356103718
1478632837157,36.787112009659744,3.9147863252320785,-45.67463514992932,-8.32867909540385,-0.5126584487472661,-5.606172970990091
1478632837190,36.6373973505414,3.5969908760965543,-43.42405503141437,-7.30815118575152,-0.425868638566602,-6.914753560140915
1478632837223,36.57681164705579,3.417984157798108,-42.31341843023186,-6.278494797747954,-0.18555062866210936,-6.8568438440185036
1478632837257,36.556300737289966,3.1433189568549453,-42.75278750717373,-6.368576215086225,-0.15248071823120116,-6.605452852365188
1478632837290,36.52857506077884,2.786803142812297,-43.38325800098651,-7.666084297412261,-0.053420624542236325,-7.166294595823366
1478632837324,36.51747920609579,2.5499280344191617,-43.2394688451519,-7.470807297571003,-0.049829322052001954,-7.373243397256545
1478632837358,36.51350644684293,2.2202773350486202,-44.49852817627475,-8.584410198620706,0.052073886108398436,-7.9444099481444805
1478632837391,36.48412134768213,1.9829124169274148,-45.20777306293141,-9.8864071350649,-0.032920272827148434,-8.372822334643454
1478632837425,36.40634883680008,1.5115851479996762,-43.43915065532167,-8.227973280334473,-0.20006547166022937,-9.336338865252584
1478632837458,36.39301264168485,1.3773092285736654,-43.32466301399775,-8.592790050561726,-0.2350806766482361,-9.185055686242878
1478632837491,36.38889895290242,1.0011258356741706,-43.51828742043727,-10.081235295160115,-0.38845921936035155,-8.224232486370951
1478632837524,36.291327013830056,0.7133690482123479,-41.40677520817064,-10.180744009399413,-0.39264907226562495,-8.078784589385986
1478632837558,36.1322112524759,0.3819662723510966,-37.33566354216874,-8.713098099462687,-0.4795885291832033,-8.386888342462107
1478632837592,35.762262244709525,-0.20907949458410194,-29.73613827864429,-6.350171136883646,-0.74115503315581,-12.066477384240924
1478632837626,35.63431090546826,-0.41311699725050927,-26.98830492333566,-5.259163294805958,-0.10953472595214843,-14.462923316192626
1478632837659,35.55409925742995,-0.5794515544746575,-22.28597029993315,-3.7053263465826047,-0.48228199691772455,-13.721618627166746
1478632837693,35.394949792265315,-0.7723297073140222,-16.882735507624574,-4.579808500671386,0.04863222122192382,-8.370578208978474
1478632837727,35.17523344988591,-1.087655820292527,-9.789878491637378,-1.7589900413291994,0.34117373657226563,-8.31566120839864
1478632837760,35.04404062675141,-1.3024946795476584,-5.154158629959713,-1.5927426544189451,0.43454760131835934,-8.51318284536153
1478632837794,34.95188955059514,-1.643247917302732,1.7970745317541263,0.4354454178077634,0.7191583054031245,-9.107543042169139
1478632837828,34.90835698465321,-1.9818041255852994,9.125508815067148,2.3699604414124043,0.6593032821655274,-9.928904141467436
1478632837861,34.87920815202762,-2.233562895465265,14.761110171832108,4.554220324297994,0.6253355278457514,-10.656441732555999
1478632837895,34.87517642227696,-2.3260391597644445,17.692203003438582,4.489427241870016,0.38037877962416966,-10.191667700604349
1478632837930,34.86514849964231,-2.3212924085391187,18.899544239278455,3.971082801641896,0.19333180232392622,-9.459939854751713
1478632837964,34.85880629602719,-2.281147256535716,19.3164059049512,3.3075897350697545,0.0809539436340332,-9.007435393922309
1478632837998,34.85412129386071,-2.2096415527364446,20.131351066157986,3.312976501575438,0.12764087600708007,-8.993668770909029
1478632838033,34.8566533800025,-2.1943770306621975,20.395055582910864,3.431489539693744,0.13347672428740187,-9.114575982146384
1478632838067,34.86323300624275,-2.095152843792521,20.452861444984002,3.965396609231643,0.2753332091842778,-9.435997929481696
1478632838101,34.865553773081,-1.9845372490701605,19.706505264509367,3.6231752633025867,0.2807201492198976,-9.475651620483397
1478632838135,34.874144895155126,-1.8312041557018606,18.77733313902152,3.2772130868773908,0.2271498825073242,-9.49660099460762
1478632838169,34.88610680553687,-1.7022786827738476,17.85705882705074,3.000533109576523,0.17567455594711937,-9.53101775307022
