sep=;
timestamp;gyro-alpha;gyro-beta;gyro-gamma;accel-x;accel-y;accel-z
1478632724687;36.90259041355151;0.2455711322028966;-4.656666180605036;-0.5225344940627925;-0.03755903854370117;-9.741856887889268
1478632724721;36.90149544252491;0.2634828304237154;-4.914900396937946;-0.7650970954231452;-0.04653729633904804;-9.748291188403218
1478632724754;36.903035914851074;0.2695081923265376;-5.115545583983053;-0.9810241485153325;-0.029927521893597438;-9.760262359959137
1478632724787;36.902193530607825;0.26718563400358125;-5.228617157594243;-1.0151414673736319;-0.029029696271038845;-9.735571871069341
1478632724821;36.90263977982664;0.2514645404665694;-5.3034147922738875;-0.9804255798339843;-0.020201076507568357;-9.789740918809105
1478632724854;36.90003532958454;0.23473482688848846;-5.410401805662498;-1.0529998085243162;-0.02603694419584353;-9.832238007410034
1478632724888;36.898554054412394;0.21320041400474246;-5.4299960805769665;-1.0308534888336434;-0.03097498454909364;-9.80395674689461
1478632724921;36.89693582427178;0.19405104956508717;-5.381499415156364;-0.8927379371808958;-0.03740940065453033;-9.736469808573043
1478632724954;36.89698811875569;0.1823345866699144;-5.348330151637617;-0.847996305073169;-0.0526724365234375;-9.643844524571392
1478632724988;36.89731912024598;0.18319191628369214;-5.32642887319867;-0.8258499077506829;-0.11162965468807379;-9.607781423673872
1478632725021;36.91026749454169;0.21524717816466035;-5.3063871544845185;-0.6540659660339355;-0.14589666138248283;-9.765799172491834
1478632725054;36.92778296919952;0.24735300866337984;-5.376476352440519;-0.6964133896316401;-0.16669628602180164;-9.870096170464205
1478632725087;36.94805481268181;0.2928869023853587;-5.5416412236410215;-0.721552561862208;-0.14095862730827646;-9.865158440067386
1478632725121;36.97500143463448;0.33176767502816085;-5.798952995183392;-0.8381202095252926;-0.105344873046875;-9.851691092261625
1478632725154;37.00736130113617;0.36326493863937437;-6.13212757962527;-0.8436568282638676;-0.04309563216610113;-9.875632999265333
1478632725188;37.046822960642764;0.3892644352148125;-6.498215638604439;-1.024867984683253;-0.019303250885009764;-9.886107531063816
1478632725221;37.089279702419034;0.40998569933982176;-6.872890731423736;-1.1246762344249757;-0.0008978256225585938;-9.929203361876029
1478632725255;37.15882616401289;0.46113398481445683;-7.57144563491346;-1.26982477400403;-0.0026934768676757813;-9.982773258695843
1478632725288;37.20816020128124;0.5015819061770287;-8.071339462094695;-1.3413514755359617;-0.0016460136413574218;-9.936086728181596
1478632725322;37.28458909495776;0.5859198044510554;-8.95578899633204;-1.0746972336700185;-0.015861585998535155;-9.63576366927668
1478632725355;37.34838027066474;0.6752245376388103;-9.966619825826939;-1.1435305313995108;-0.029478607940673827;-9.608080648649041
1478632725389;37.42456701030869;0.7958204813152289;-11.456533968371474;-1.500416325964406;-0.043544542694091797;-9.747543091715965
1478632725422;37.4651702073016;0.8656507076690023;-12.314962422858313;-1.5851111366271973;-0.058957215881347655;-9.861417362976074
1478632725455;37.61164956244553;1.0926840167517202;-15.24841056443754;-2.009034431545995;-0.1545756446838379;-11.109245194598287
1478632725488;37.726190355025764;1.2670877358911699;-17.529193533261413;-3.3430536325316873;-0.1919850547569338;-11.915044129236042
1478632725521;37.80385673889138;1.3556276537766487;-18.754737793189037;-4.337993986865133;-0.30032267531242685;-13.829208064270018
1478632725554;37.93118904393413;1.4273667845941385;-18.99079873215904;-4.8786347953796385;0.0282815071105957;-17.112706003570555
1478632725588;38.05371873467038;1.6307428399859518;-20.620126340608618;-5.542876118469238;0.035613731428515163;-16.60992365493774
1478632725621;38.216329248583214;1.8632550075722032;-22.70420647817242;-8.180687797546387;-0.28580782546444095;-14.884751721191405
1478632725654;38.33970001008254;2.0778278619312474;-23.537518968623935;-9.327061187689006;-0.6049848137344234;-12.575245237024127
1478632725687;38.44738837278059;2.3465623653026033;-23.524537765229898;-7.5996449821472165;-0.6183025787353515;-9.293093597766012
1478632725720;38.50026928085099;2.5230481403153635;-23.875564588605695;-6.228066852215677;-0.44996028021383677;-9.048436051686712
1478632725754;38.55499829327119;2.717514195201658;-24.84406411376311;-5.835567271423339;-0.3209726509315427;-9.381828769860789
1478632725787;38.63121203863041;2.986636339075172;-26.433250418893888;-4.801421901437454;-0.24061726684570311;-8.957456470799166
1478632725821;38.732653757118;3.3185413119809715;-29.487605864507103;-4.17937834607549;-0.14021043472290037;-8.18203424371928
1478632725854;38.97560734416558;3.887221431711295;-35.52833243288168;-4.832097646740824;-0.14649525061342863;-6.776039611053466
1478632725887;39.186492032631506;4.2932695623814245;-40.14016446622197;-4.589983565466106;-0.11133037719726561;-5.432892333575338
1478632725921;39.41157566630903;4.674096148957884;-45.114291963740776;-4.562450392504781;-0.1279401512145996;-4.483740866796672
1478632725954;39.677561507738076;5.039362828808365;-50.11287891013123;-4.381239108221233;-0.13691840744018555;-3.068319065093994
1478632725988;39.944250420732104;5.361063760594856;-54.99119770879962;-3.8902784225463867;-0.07122749938964844;-1.9235916885927318
1478632726021;40.29297225085537;5.687634609482286;-60.818225656034;-3.331980522918701;-0.18255787658691405;-1.0287585258483887
1478632726054;40.46400721394128;5.8035823940674245;-63.41295685206365;-2.6560674667358395;-0.42197807913515717;-1.1563994018554686
1478632726088;40.70506571723479;5.878839764877586;-67.10801801770145;-1.8981530036926269;-0.780210484269727;-1.2801497001647948
1478632726121;41.124119399412606;5.892588402922186;-73.62212187520662;-7.718307894189655;-1.1498153746895026;-2.2806266093047336
1478632726154;41.15904690354151;5.837144581232843;-73.82240102889502;-10.293271560491993;-1.3002011390686035;-2.986616988240089
1478632726188;40.94710027044933;5.707177121001796;-69.59407565555333;-8.985738233638088;-1.829020430755615;-4.376001938220114
1478632726221;40.691692008698666;5.545240504321129;-64.67715541315457;-7.460033243969828;-1.8330606460571288;-5.692364084625244
1478632726254;40.6072335205699;5.416908849706835;-62.725669201237736;-4.521150852258503;-1.6386813987731932;-7.042693820953369
1478632726287;40.80812902214055;5.375556762900681;-65.9234413383275;-7.160757744189351;-1.6023194610595701;-6.69688131866455
1478632726321;41.13884112763498;5.369638184712828;-70.94663725872634;-9.770886466570943;-1.5084966835021971;-3.803189410223439
1478632726356;41.11851167932571;5.278420293188861;-70.21225575982446;-6.9716159591674804;-1.1405377975906246;-3.413682745903078
1478632726388;41.046241054171944;5.173469924594437;-68.41118321303459;-4.566939959008992;-0.6726210471664555;-2.8803743078369646
1478632726421;41.03422814860967;5.064433721998558;-67.64889035596026;-2.4329577995300293;-0.2717419249603525;-2.386719779968262
1478632726454;41.143041122090196;4.978959582964327;-68.9700738323701;-1.947832688140869;-0.32187044915463775;-1.376216895648092
1478632726487;41.44319053794596;4.758245224941915;-72.73037100353021;-3.4190696083068848;-0.5033808990478515;-0.8795698348999023
1478632726521;41.62239707778663;4.51534441450283;-74.49889667749846;-6.171204124395549;-0.7884405113773187;-0.4287118809022009
1478632726554;41.61004200875593;4.300979509678064;-73.44430078974892;-5.488408322961628;-0.5741594490936026;-0.7344212131224572
1478632726587;41.630459498846875;4.106087027994308;-72.93956503437691;-6.663961338098347;-0.5978022178871091;-1.1667243965148926
1478632726621;41.70706967567327;3.8691566365020216;-73.14428835591015;-9.600299945344682;-0.46716859893798823;-1.2051811145506799
1478632726654;41.731021454233286;3.687582601083068;-72.75605272775537;-9.145251882713382;-0.49799394531249996;-1.4662990253724157
1478632726687;41.709087640667036;3.5154763671844083;-71.58382964686555;-11.56728589970693;-0.36526539077758785;-1.7067663623534142
1478632726721;41.62185754893361;3.3054000197621596;-69.24983098707713;-9.655217037256062;-0.3736450783218257;-2.256984050573781
1478632726754;41.56740069795359;3.151901192092525;-67.74810289844419;-11.396998306628316;-0.590021057925024;-2.770240885339305
1478632726787;41.3502506500935;2.6995863255010657;-63.17179171990742;-13.243975395965576;-0.7477391242538578;-5.275324082946777
1478632726821;41.230940036778314;2.5022627663537564;-60.76799362114207;-9.940276526287942;-0.15397707600248978;-7.052120989990234
1478632726854;41.34334370622814;2.4742941925845963;-62.97449796802424;-10.147823882702738;-0.203656778717041;-6.441150507708638
1478632726887;41.532391290522305;2.4531107711307345;-66.84664763489877;-13.60160897669047;-0.12659339451445265;-4.849754883984476
1478632726921;41.58506486767067;2.3752373426602476;-68.3459897942571;-14.15437057723999;-0.1649006393432617;-4.165162700653076
1478632726954;41.48191778902857;2.2453460908506626;-67.02507249395691;-11.959785772760211;-0.05416881256103515;-4.940584763336181
1478632726988;41.36734848876201;2.1569706105586954;-65.8924002322074;-11.537807437896728;-0.08155251231538131;-5.385457505444437
1478632727021;41.20377924680873;2.113840315461927;-64.31172425048692;-11.674576207733153;-0.7653963432312011;-5.307196819482371
1478632727054;41.051945861227196;2.0905102261452098;-62.314260146249595;-10.499172830200195;-0.819116242980957;-5.589712615380808
1478632727087;40.91995812918089;2.1131363832761068;-60.75119183381507;-8.975862023925782;-0.9490016830444336;-5.427655090508982
1478632727121;40.83612540326995;2.2194416772565178;-59.74902518985739;-8.910619919088669;-0.9407716148376464;-5.1975126020569355
1478632727154;40.74509806258585;2.2948653446178766;-58.72211118507734;-8.608202413221727;-0.7448959915161132;-5.273079811151326
1478632727187;40.60180403589895;2.3367638097761287;-57.331696303936596;-7.678504145459085;-0.3914519885602116;-6.5086369939390565
1478632727221;40.60082083182294;2.4281109702175896;-57.68083731364776;-8.666710990286433;-0.2596212607895024;-6.236147209753469
1478632727254;40.58991872175914;2.4151297589913474;-57.799557542066324;-8.156895363749657;0.014664485168457031;-5.68248818544019
1478632727287;40.61267001982422;2.4084510869932627;-59.13061689388356;-8.68257210136093;0.024091654205322263;-4.598214181662164
1478632727321;40.60053557770044;2.3553797736403554;-59.65343771619182;-8.901941230331547;-0.053420624542236325;-4.300734661920369
1478632727354;40.577826882718924;2.28649023686;-59.69559157350557;-8.570194461866746;-0.10339956593168899;-4.377498277725093
1478632727387;40.42422286629262;2.282296650407027;-58.65735214801793;-8.667009936700389;-0.289548772408301;-4.5365632697174325
1478632727421;40.30886635290022;2.2615810321456893;-57.614572016086676;-9.018508521801605;-0.3473088920261478;-4.872349760293401
1478632727454;40.15367370972383;2.227172885141144;-55.84207861814939;-8.989927885613962;-0.35179799730605443;-5.260809198849461
1478632727487;39.97941848894356;2.1828983550364245;-53.79448755544794;-8.48909075276479;-0.3528454696655273;-5.637896024256153
