sep=;
timestamp;gyro-alpha;gyro-beta;gyro-gamma;accel-x;accel-y;accel-z
1478631947079;81.61802404252508;0.8025006640072981;-12.942306741801273;-2.1917419374597475;-0.1616086143438355;-9.492560564676975
1478631947112;81.61184705794781;0.8021312967120501;-13.15023701919436;-2.467374503193702;-0.12419920883731683;-9.441534356424025
1478631947146;81.60365475157144;0.7954555994519619;-13.043488136440219;-2.3321021093948744;-0.12524667777185677;-9.462483712281939
1478631947179;81.58922626208062;0.7829331986085301;-12.694678020261765;-2.035969218489062;-0.13916297149658202;-9.557652889775609
1478631947212;81.57701912890961;0.7820483628394445;-12.714695891344835;-2.101360810232884;-0.1755249046436278;-9.528922787801676
1478631947246;81.56180252223015;0.7873944645040274;-12.765908315396393;-2.2236148192695806;-0.18914193115234373;-9.460987126181786
1478631947279;81.54359327218687;0.7837627194536875;-12.707726820473543;-2.263418467535451;-0.14918869094848633;-9.46368062131577
1478631947313;81.52319800290772;0.7612617744801943;-12.600710832174753;-2.176628520357469;-0.08409633331298827;-9.591321641170035
1478631947346;81.50067338445082;0.7409424059350507;-12.58589853614258;-2.0880431091640377;-0.10190320587711175;-9.64818352189008
1478631947379;81.47899997327093;0.7243852108439093;-12.674734691038637;-2.2029647660186513;-0.12554594627221594;-9.69726464679013
1478631947412;81.4435124977783;0.7063672509503572;-12.817778465382787;-2.244713725966285;-0.09576806412296136;-9.661651152823632
1478631947446;81.4053576790489;0.6905683483808484;-12.853739221057209;-2.253093386111059;-0.11537059706535656;-9.55286469880114
1478631947479;81.37805196294934;0.6754788951133953;-12.82288768799896;-2.263717633145116;-0.07721299897346179;-9.568277054040454
1478631947512;81.34852487832077;0.6593841512504729;-12.71190953857361;-2.197727513819141;-0.07945756759643555;-9.588029486023157
1478631947546;81.3324315088832;0.6503374324176338;-12.644841304184684;-2.1462521897919595;-0.059855036937328986;-9.626934950190153
1478631947579;81.28391223493999;0.6217167867840828;-12.561971053383829;-2.0630536202030023;-0.06045359191894531;-9.72479835860757
1478631947612;81.23815729326849;0.6184724697667661;-12.660039667383458;-2.179471655378502;-0.11701660385684808;-9.576507621145806
1478631947646;81.22208987297381;0.623888647480109;-12.6873706324052;-2.164956796397362;-0.12195464592256466;-9.577255526036815
1478631947679;81.17270518298156;0.6384113617671417;-12.744927706661318;-2.1990742933521745;-0.14200608368472895;-9.593416581322403
1478631947713;81.14179731820393;0.6535546598352818;-12.722310375039513;-2.1802199438620007;-0.14350245743903797;-9.581295979941991
1478631947746;81.11022079571643;0.661131563771707;-12.673121134083894;-2.155978584981315;-0.10130465888700564;-9.604040924254583
1478631947779;81.079598039163;0.6643420272150147;-12.647921719798202;-2.0759225089252693;-0.08529343414306641;-9.623792779706907
1478631947812;81.03905254824963;0.6635939771078754;-12.716518194922537;-2.1217116476417983;-0.08140285416202386;-9.595062378051342
1478631947846;81.02746220679482;0.6663852592953344;-12.752998437978789;-2.1294928030373064;-0.09367313767032465;-9.54852498167571
1478631947879;80.99375540724506;0.6700037698413622;-12.833001290090644;-2.178573830255413;-0.11417349455848834;-9.478045648613618
1478631947912;80.96372134694772;0.6861882971666532;-12.858577513260574;-2.1691466618607227;-0.15831658477783203;-9.656713303695804
1478631947946;80.95490475451714;0.692851387825553;-12.856590589582302;-2.194734780010255;-0.16415244675788562;-9.662249566241353
1478631947979;80.93173832567986;0.7215694175235091;-12.847490974524147;-2.200570596324536;-0.15966332549495854;-9.64354518543179
1478631948012;80.91785770741626;0.7317529911016809;-12.848976568365094;-2.177077538200025;-0.13332710666241765;-9.607631927634007
1478631948046;80.90316248079658;0.7354180284714041;-12.835297870520913;-2.09761992037124;-0.11177928772525629;-9.599850895536084
1478631948079;80.8852926281825;0.730063571690723;-12.803511900038433;-2.082805824998487;-0.10280103149967035;-9.553313298801877
1478631948112;80.87633155728109;0.721610799318174;-12.787319881897808;-2.060210546830762;-0.1039981346130371;-9.536703787933558
1478631948146;80.86829763620926;0.7107286609110479;-12.827200666984886;-2.039710222515138;-0.10519523430147092;-9.548375286989733
1478631948179;80.86284504731223;0.7051225787013254;-12.930789300500972;-2.0723312110016123;-0.13317746392125845;-9.551817316631567
1478631948212;80.85961099316567;0.698640730319229;-13.048639465968519;-2.0801123755302746;-0.1233013809314696;-9.572915909946907
1478631948246;80.86035151782393;0.695794572901759;-13.174417841611247;-2.1559785675712395;-0.13377602232780772;-9.583839642251037
1478631948279;80.8637575885241;0.6922908864176871;-13.27752617230209;-2.221819088109361;-0.1221042838117355;-9.597307069971901
1478631948313;80.87102141297875;0.6761009364980152;-13.380425201636914;-2.2165817970939443;-0.12704232787532965;-9.626336641803709
1478631948346;80.88302641887368;0.6572369503482131;-13.50514670522307;-2.278531842682301;-0.10863689747547904;-9.575010961980418
1478631948379;80.8933233671549;0.644129820440648;-13.578253596425492;-2.3300071897921035;-0.11641805344180901;-9.57022245134554
1478631948412;80.90699272347713;0.6308193240588204;-13.595905668712756;-2.320879260571784;-0.10684125308022775;-9.557802559916231
1478631948446;80.92190022465078;0.6183447297098572;-13.589967615075096;-2.2658125367648667;-0.12285246926183463;-9.53221492346925
1478631948479;80.93959131380832;0.6068518105951339;-13.572127694465266;-2.297236457243537;-0.11507132071619271;-9.52473270942165
1478631948512;80.95852424618988;0.6010267961536752;-13.550108304687733;-2.2848165912158147;-0.1345242057800293;-9.532962626984903
1478631948546;80.9781433520386;0.593138601403489;-13.55863593147975;-2.2272061126266607;-0.10923545359873969;-9.532813453909972
1478631948579;80.9997670044856;0.5773270454414832;-13.624080760196563;-2.240374134992552;-0.09038110924596549;-9.516352798685949
1478631948612;81.03986912455177;0.5520810181966022;-13.760250789090469;-2.3659201073798815;-0.08723871899618825;-9.511714558125782
1478631948646;81.06663229607923;0.5398737602279874;-13.830529601626454;-2.3642741142881216;-0.09935937060895084;-9.561094874893314
1478631948682;81.10991608739467;0.5359304824143799;-13.938105200577919;-2.4257752173824465;-0.12449848861141362;-9.590723097604862
1478631948715;81.14087258671962;0.5305601670337458;-13.98339759064383;-2.3939023301498032;-0.10459668845300911;-9.576207848181365
1478631948749;81.1713021002282;0.521107493051557;-13.990987331175486;-2.41799409395298;-0.08035539493146061;-9.590274075195728
1478631948782;81.20372647245478;0.5142631941832133;-13.966988763424382;-2.3950995040451173;-0.10459668845300911;-9.602095423059863
1478631948815;81.2370966018625;0.5156755407915181;-13.90108720868953;-2.4229320572452386;-0.1233013809314696;-9.585335984039306
1478631948849;81.27002928012868;0.5244788455551138;-13.786224871934689;-2.3979425682842033;-0.13003507310065907;-9.578452887161797
1478631948882;81.32024307797131;0.5265110772275107;-13.6008238368934;-2.2623709814762463;-0.08678981446183025;-9.550021261815186
1478631948915;81.35857618467922;0.5162020781077912;-13.520239780538718;-2.2632688002489387;-0.039354685222241094;-9.546280796645226
1478631948949;81.39610527103243;0.5022018437273459;-13.504505062461169;-2.284517297741986;-0.0330699104309082;-9.567379741016193
1478631948984;81.44857087786157;0.5009519429616612;-13.691032227858626;-2.335244476240943;-0.08334814358172297;-9.47475372636218
1478631949017;81.48369930430141;0.5000647099674593;-13.848936151806981;-2.436698785289796;-0.07272387771053472;-9.460089200094528
1478631949051;81.51612682758666;0.5030596354944896;-13.909395158092728;-2.457199082205957;-0.09307459410515148;-9.554959388362581
1478631949085;81.54801051724853;0.5106777943462536;-13.925720710191445;-2.369062599236003;-0.10010755919857182;-9.69816253634477
1478631949118;81.5807956242337;0.5236317137985882;-14.027632343372899;-2.436399468983081;-0.0936731436639573;-9.614066458760108
1478631949152;81.62691352716342;0.5390055808053;-14.240665543701601;-2.5516203645125963;-0.07751228331413586;-9.487323149222327
1478631949186;81.64072085581475;0.5450900567722984;-14.264452329029957;-2.5423429152778816;-0.08708908995476085;-9.46053805810688
1478631949220;81.67884598034091;0.5663767656262816;-14.22962313274534;-2.446874037314183;-0.10953472823543706;-9.46652344809284
1478631949254;81.70620863778677;0.5936134713661414;-14.177870378795072;-2.396296617433283;-0.14559738389167468;-9.434800321761541
1478631949289;81.720524592436;0.6062451905086378;-14.212989304483607;-2.4054244286361213;-0.10594342317650297;-9.458143911245651
1478631949323;81.73129151479455;0.6137565010431982;-14.285597185728088;-2.4690205122684827;-0.08708908082160632;-9.492710536782518
1478631949357;81.73971391784085;0.6222782204385797;-14.375698679799235;-2.512415303194383;-0.09801263046264648;-9.460089551720976
1478631949392;81.74425020586818;0.6313134119496616;-14.467926668645916;-2.602796443264745;-0.12225391884679557;-9.465476331926393
1478631949426;81.74306442755632;0.6363637208927773;-14.513333100885717;-2.626738624263089;-0.0962169792175293;-9.47595069019494
1478631949460;81.73760452573579;0.6309801901767152;-14.496797375921231;-2.5631426243988797;-0.06389525680541992;-9.494506018493455
1478631949494;81.72965832854476;0.6248585157681878;-14.490845465078623;-2.5417443465965333;-0.09307459182186284;-9.476549401581828
1478631949528;81.7075089158069;0.6279074805684923;-14.540608535879212;-2.516904463273217;-0.1125274785981659;-9.456498262930475
1478631949562;81.67488089433999;0.6391325905905989;-14.555901313126158;-2.4444798493537583;-0.11537058907384634;-9.457396065720147
1478631952279;78.12734489470549;-2.8523422904096436;-71.8405526048401;-9.641300447845458;0.4345476058849366;-3.1337106431380843
1478631952312;78.1761027107096;-2.8457396956076484;-72.13621965862586;-9.783456427145563;0.3987841957534663;-3.285293645344581
1478631952346;78.22925229762201;-2.782834811305154;-72.39037148445091;-9.465775419904244;0.26815056767119094;-3.2875382641999047
1478631952380;78.29997547945075;-2.5591805115497337;-73.02843379136156;-9.385868795649346;0.15622167659150435;-3.0542530024764125
1478631952412;78.37264957138079;-2.429140828061282;-73.89001595241419;-9.476998075789446;0.0900818374633789;-2.6833016270678374
1478631952445;78.49798722208544;-2.2524003713574117;-74.79781431717343;-9.739462880308647;0.08858546142578125;-2.2996306580474597
1478631952479;78.5881337511949;-2.0962850062272294;-75.12982417139504;-9.750236769513041;0.12898759617460892;-2.1728876441955567
1478631952512;78.6774554589595;-1.9704690632063302;-75.32216611630932;-9.925462293917871;0.2578255730117671;-2.150292292962596
1478631952545;78.82437157878012;-1.8432743367588387;-74.74452479999627;-10.091709562097117;0.3350386016679811;-2.302324171447754
1478631952579;78.92743922136881;-1.759949892246667;-73.89693949126672;-9.792733629785104;0.3586813407787354;-2.517054004978854
1478631952613;78.9815701987871;-1.7123331181722736;-73.31733667015801;-9.966013792275824;0.36421793211784675;-2.603843815159518
1478631952646;79.15386515113063;-1.5595586192806223;-69.90982423351849;-10.010007576574758;0.34072481919440906;-2.9216741403441873
1478631952679;79.32800543727787;-1.393381009512814;-64.23541736126417;-8.941146355581841;0.2893991211048094;-3.6876692166535183
1478631952713;79.43761301685959;-1.2799198905979383;-60.24097314729568;-8.38628965504975;0.3003226707458496;-4.484638984680175
1478631952746;79.54643255199576;-1.1657888429073138;-56.74568437656289;-7.522132995660603;0.3022679595947265;-5.339817634438909
1478631952779;79.65089206135043;-1.056841608990972;-54.79189484572762;-7.0524200460020445;0.31214404144287106;-5.972186257525533
1478631952813;79.75524201078981;-0.9604336131476403;-54.40335797057641;-7.369203145422413;0.19078794479370115;-6.036231115402095
1478631952847;79.85437700333324;-0.8489955916772979;-55.2692140737479;-7.701548409503325;0.12479775696906727;-5.777956684377975
1478631952881;79.95726160730356;-0.7178224168265519;-56.42658603991737;-7.905055258355662;0.050427872467041016;-5.2606594516478475
1478631952915;80.1062576269092;-0.5139950725929343;-57.915430928767776;-8.471433625118992;0.02424129180908203;-4.736030049398727
1478631952949;80.2020192140954;-0.38728976627081424;-58.2155546916145;-8.85585262917783;0.02873042220516363;-4.810250410461426
1478631952980;80.29725353739146;-0.24388328760486713;-58.16669975022293;-9.044695029394328;0.04908113403320312;-5.002385239819437
1478631953016;80.38677815290981;-0.11044099879143611;-58.080741032402614;-8.854056977932714;0.047285482788085934;-5.171625360538577
1478631953047;80.51697292713905;0.1034918461331264;-57.94593361972069;-8.517521988810692;0.04848258590145269;-5.123740943742963
1478631953080;80.60084759241579;0.23634829212302813;-57.851314293178106;-8.396914235443948;0.04728547822150867;-4.979789705923386
1478631953113;80.68129697726995;0.35990818945827263;-57.40992840073719;-8.208221080105565;0.03651157531738281;-4.90137956502065
1478631953146;80.75852039744733;0.4951981845139947;-56.496863000564915;-8.06412008595122;0.03486556167602539;-5.024232110772654
1478631953179;80.87046540235048;0.658391968515872;-54.52448865744337;-8.192359731569047;0.023792378997802732;-5.344905349499359
1478631953212;80.90435594769946;0.7211862940303471;-53.54560606928021;-8.522310227734222;0.030974983978271482;-5.471648838275298
1478631953246;81.03121730562812;0.9696031077283067;-46.79773831299375;-7.704391523974761;0.02079962692260742;-6.336554041876271
1478631953279;81.0769100385405;1.0942510643693846;-42.61386514009621;-7.359177352905273;0.03666121292114258;-6.88901618455518
1478631953313;81.11092350056978;1.2142596991629122;-37.830450806870964;-6.601412344802729;0.06973112335205078;-7.743147579794447
1478631953346;81.13765231411932;1.3385696905273945;-32.801776525289405;-5.564124840866215;0.0383072265625;-8.523956259641889
1478631953380;81.16302448192815;1.470999365495125;-27.995962780948048;-4.7764322206801735;-0.030526071166992186;-8.826673077248968
1478631953413;81.17854225364283;1.6090426273370426;-23.71296391540983;-3.6692636635269036;-0.2518400802778196;-8.679729151286278
