sep=;
timestamp;gyro-alpha;gyro-beta;gyro-gamma;accel-x;accel-y;accel-z
1478632699837;39.462496550063356;-1.2869614533852411;7.164043401060538;1.152957768935035;0.02424129180908203;-9.759663858634804
1478632699871;39.5908398299079;-1.299759695086345;7.134249592614512;1.0865186135001945;0.011222820281982421;-9.675866487718793
1478632699904;39.669120539595596;-1.2934239845093014;7.173928560727675;1.1025298919014166;0.04848258361816406;-9.712826945023057
1478632699938;39.742550082855026;-1.3301495851745044;7.299232535931789;1.215206927617418;0.07077858657836913;-9.748740487090277
1478632699971;39.836932999635216;-1.4188623600063313;7.455452143079047;1.1896189864227547;0.1541267410057131;-9.69232706709036
1478632700004;39.88905982624782;-1.5052623402228378;7.612578710030156;1.2467805601921398;0.22849661865787346;-9.77387926431191
1478632700038;39.93655958423467;-1.5890592429798436;7.754590478715476;1.407042388153076;0.2644096521225496;-9.8572276105355
1478632700071;39.979542285976024;-1.6589516256505343;7.739847158640653;1.2819453057441395;0.2735375453810731;-9.881618530815187
1478632700104;40.0149462727584;-1.7266842136933511;7.752463320549028;1.25366382146643;0.29837737790121754;-9.853636445042584
1478632700137;40.048314542171944;-1.7911409686409427;7.856544017568993;1.373224289703369;0.29583355975772135;-9.892392310421727
1478632700171;40.08193746813681;-1.8386819954927192;7.993250042300018;1.4194623412311775;0.2754828148219967;-9.821164829298388
1478632700205;40.13232758120763;-1.878414632305603;8.210852410140307;1.5744867936950175;0.2760813743701903;-9.77732102052993
1478632700238;40.166343085765114;-1.8945977243044343;8.264205924080187;1.5231611412711907;0.3000233886884642;-9.692775523814737
1478632700271;40.20228186608743;-1.9272375469577512;8.32004413741288;1.64197338952329;0.3758896469447994;-9.732878471833478
1478632700305;40.25387583765715;-1.9678701515403179;8.186065007154832;1.4404115463920402;0.3902548888717778;-9.732579148676898
1478632700340;40.301015743421374;-2.016234203505904;8.121234574704264;1.3813047240167404;0.37888240586986066;-9.747992132391408
1478632700373;40.331953122327306;-2.0449134821422086;8.136289696336574;1.3959691809295007;0.3730465598728275;-9.789142190297552
1478632700407;40.36115793380581;-2.0748656554737885;8.148411381759393;1.4401122803176751;0.39429507220725063;-9.80051492217793
1478632700442;40.38956259962899;-2.095945427224333;8.12575148617777;1.5165771597709972;0.4038718788478756;-9.742305784717528
1478632700475;40.416129543329376;-2.102529411422906;7.965660042717541;1.7163432785918935;0.402525144980615;-9.614964302648977
1478632700509;40.43558606926175;-2.0571734805125295;7.283898878986154;2.1728877172607928;0.40387189711418464;-9.469666025001462
1478632700543;40.44054316972896;-1.924666843131089;5.2967211185738865;2.673874341583252;0.45280337984389624;-9.399037423086725
1478632700576;40.455949223923426;-1.690412023227715;1.866110843600573;2.6803088316101578;0.36496611557006836;-9.474454629251174
1478632700610;40.52940414807476;-1.2381213161644;-4.681461117165437;1.4471452659606934;0.17462707902106922;-10.45862118571177
1478632700643;40.64276245875827;-0.9369525750997295;-9.005159269875492;-0.8806172981262207;0.19812018737792966;-11.628188696698098
1478632700677;40.71900146768705;-0.7103015454445872;-12.480295318579028;-2.4078187003646976;0.07287351759758312;-13.512125981903075
1478632700711;40.88347201876898;-0.5201157861201202;-16.008489921506158;-4.407725256347656;0.32561142578124996;-18.255189108276365
1478632700745;40.93991860443136;-0.4269063604638039;-17.248268291401423;-5.061641438647359;0.3960907371520996;-19.000534012603758
1478632700779;41.249950916286586;-0.05715994839857354;-21.32688675665381;-8.251017471313476;0.028730419921875;-15.983241370391845
1478632700813;41.472577054930056;0.11056464356320538;-23.025873218896862;-8.617479962921141;-0.010324994659423827;-13.803620034027098
1478632700847;41.6382377410104;0.2841659263842262;-24.482789784166126;-9.565882803289592;0.020949264526367185;-11.615618991851806
1478632700881;41.81115621398379;0.5362909516793524;-26.436665694562823;-8.004414700317382;0.03815758895874023;-9.238476164654642
1478632700916;41.89313725047059;0.6844510210901785;-27.081621791561325;-5.883451450756937;0.19422960054702124;-8.880392995265032
1478632700950;42.031206315017705;0.9079636894460723;-29.0714267059487;-5.278017559814453;0.2284966209411621;-7.837119640118256
1478632700984;42.200732514084066;1.162242352190652;-31.863747359194065;-5.62472788772583;0.1619078872680664;-6.752845928601175
1478632701018;42.36617016172923;1.3919185380716719;-34.3409727053455;-5.444863314476655;0.15427636947631834;-6.206967511694133
1478632701052;42.59368888167407;1.710067749806247;-37.573743231415044;-4.4078747478209435;0.2180219886779785;-5.288192916870117
1478632701087;42.677347165681496;1.8205588961626675;-38.67064316988545;-4.330362469073385;0.2241571304321289;-5.0151045822694895
1478632701120;43.10874252154618;2.400504875680767;-44.477218145959974;-3.0035259826660154;0.11207856521606445;-3.289184460504353
1478632701154;43.27117581293114;2.6352314352663733;-46.419844670665256;-1.8504186080932616;-0.0017956512451171875;-2.925564498846233
1478632701188;43.45510693298953;2.8644941876267374;-48.45503176113954;-1.2792518745422363;-0.10788871231079102;-3.0392890777036548
1478632701221;43.68178784308205;3.1001420251713196;-50.86501939836957;-2.6063877822875976;-0.6174047439796384;-3.2194530448913574
1478632701254;43.80237558488366;3.332287769617113;-51.84006632384607;-4.250007514245808;-1.665616130917333;-3.570203295843303
1478632701287;43.74776978945656;3.4894997558282723;-50.238779503304855;-2.9417256523132322;-1.2638392013549804;-5.674556990582123
1478632701321;43.68907839048074;3.621855327185952;-48.23806479331543;-3.355622972051799;-0.720804319044482;-8.611943079321087
1478632701354;43.721916301819896;3.9895797564552;-47.21980431140034;-3.7454292221069334;-0.3082534637451172;-9.883264453125
1478632701387;43.828961239608496;4.262675459852414;-47.93649901641925;-6.758083135134912;-0.2572270408630371;-8.168417660168558
1478632701421;43.86625806669346;4.5157066364547065;-46.78292414468628;-3.7970544876649974;-0.1379658706665039;-5.076904912622273
1478632701454;43.92174159345741;4.614537886589948;-46.32785912300781;-2.237082176208496;0.010474632263183592;-3.0660745010375976
1478632701489;43.99153796179177;4.666218590603608;-46.528087550267095;-1.6123451805114746;-0.5261257965530268;-1.5487491989135742
1478632701522;44.08304690919518;4.640464740247711;-46.87412367985687;-2.6213515426635743;-0.4917091842208989;-0.9735422500610351
1478632701555;44.1146274250304;4.562580569583971;-46.876688319764085;-4.18820689163208;-0.21143793411254883;-2.286163310241699
1478632701588;44.082948693304324;4.436072581649158;-45.618021162415964;-4.708646331378072;-0.299424845123291;-2.91134921875
1478632701622;43.98614008284246;4.177177276033162;-42.93521949655396;-5.087678235571086;-0.008080430603027343;-4.8117467864990235
1478632701655;43.956780762068995;4.035053151711457;-41.99520151517579;-5.563227051776274;-0.3387795349121094;-5.320215071813762
1478632701688;43.8807585235786;3.777954064608074;-40.40085219305443;-7.457190202563628;-0.6177040488699101;-5.81805981791392
1478632701721;43.74719852922429;3.539517855872408;-38.32606967902332;-7.136217396368458;-1.0503063407897948;-6.8049198147095735
1478632701754;43.58887806569359;3.314074232762344;-36.11292000587912;-6.770652876513823;-0.9353846611022949;-7.945906388114159
1478632701788;43.481508328630824;3.137566663700643;-35.542040443096646;-5.129876295559667;-0.7532756973266601;-9.374646091815084
1478632701821;43.473137618386644;3.097165831249287;-37.10359176926709;-7.218368221636861;-0.7936778503417968;-8.483853582763672
1478632701854;43.407576376920126;2.9471150080938653;-37.560026136097186;-7.866898034723103;-0.5457283272121334;-8.470984602709859
1478632701888;43.15652994489007;2.5582631080428553;-34.99148569670839;-6.935703080395609;-0.25647887111054735;-10.996867500305175
1478632701921;43.04258578454618;2.4555622169697267;-35.11059557072422;-7.260267042950541;-0.11626841812133788;-11.731288859558104
1478632701954;42.96735495828162;2.4122020295661932;-36.48445438522999;-8.383895663452147;-0.4124012243314126;-10.961702371160685
1478632701987;42.88354239067374;2.34606195073319;-37.13850091155501;-9.53745195083618;-0.725892015838623;-10.818050563812255
1478632702021;42.73452157028479;2.2659243724848603;-36.87673219509708;-8.352022561590372;-0.9819219558715819;-11.0447515335083
1478632702054;42.51601129484936;2.1669057696010103;-36.036429174794556;-8.604162216186523;-0.9917980377197265;-10.84079547958374
1478632702087;42.359639988927505;2.1302717454424562;-35.00401214948764;-6.798335687078907;-0.8592191207885742;-10.534038099615275
1478632702120;42.234068537645655;2.1728328156964185;-35.07713117856838;-7.18350295222178;-0.7221510757446289;-9.325864379119873
1478632702154;42.085239491963634;2.1725281596019843;-34.410756776436415;-7.306953683062642;-0.42960956496086433;-8.399158954763971
1478632702187;41.88258851776874;2.103935559941609;-32.72510170281843;-5.585971912748832;0.010324994659423827;-9.122955715356394
1478632702220;41.68775103723082;1.9139902910346915;-31.42329078624212;-4.288464305346832;0.19003975677490234;-9.234884569903462
1478632702254;41.592606644534314;1.9523735072338086;-31.94056834909768;-4.539256490856781;0.21472996139526365;-8.416217577660502
1478632702288;41.38123314467947;1.772959949329377;-33.28143566872992;-6.298097031579538;-0.020949264526367185;-7.517045024871826
1478632702321;41.195802957049295;1.6672558554182695;-32.06618112506785;-4.879233601523004;-0.15816694717407226;-7.99319169737231
1478632702355;41.03471998636458;1.5517801034348255;-30.97274719740653;-4.186560658795014;-0.2697965967247466;-8.5555300954293
1478632702390;40.91095032891481;1.4914462554375305;-30.252560718680925;-4.337545220184326;-0.4203320289611816;-8.634538412287737
1478632702423;40.82379154836528;1.4991969850797982;-29.899326170237114;-4.315698020437546;-0.5855319435119628;-8.580669249393557
