sep=;
timestamp;gyro-alpha;gyro-beta;gyro-gamma;accel-x;accel-y;accel-z
1478632464138;64.15665005917714;3.2950259806438624;-1.6556241673549885;-0.3488052589305909;-0.55470660741225;-9.679009251857083
1478632464171;64.10613655883144;3.239945398904352;-1.782344367619426;-0.34536358491096175;-0.5301660232709837;-9.799018255021032
1478632464205;64.04039374252802;3.1899322862654684;-2.0099244904440825;-0.5021837799514643;-0.5536591196405788;-9.842862437107181
1478632464238;63.99022180573194;3.1602489645410317;-2.088284191300336;-0.4798877769912593;-0.534655155950354;-9.8006646682379
1478632464271;63.93184276144779;3.129972815686126;-2.104045418382129;-0.4035726127735106;-0.5579986084371455;-9.80664986756926
1478632464304;63.870400293312436;3.1035500942340417;-2.117357476717367;-0.3613748266368602;-0.5478232696477906;-9.848548378355684
1478632464337;63.80467992663652;3.0740501966558957;-2.140257353299026;-0.332943659232324;-0.5123591449986387;-9.830741850568144
1478632464372;63.701937269725946;3.029970288407574;-2.197749463182151;-0.3366846130260499;-0.48288054048289775;-9.761758629823813
1478632464407;63.63172290298231;2.989311963282966;-2.2621497411806053;-0.4083610092439572;-0.4499602608058834;-9.768193120992363
1478632464440;63.55800373853146;2.9508133235003884;-2.334334444796551;-0.4234744049404049;-0.4541501182777341;-9.847500960795138
1478632464474;63.48131653762502;2.9018113727381256;-2.381705990628607;-0.44651860505256336;-0.43768997273100535;-9.8320883241405
1478632464507;63.40429344883057;2.8651213769515493;-2.372021332600486;-0.42302551610365624;-0.4406827248062007;-9.905261436606011
1478632464540;63.285811259733656;2.8185830206700473;-2.350333156192471;-0.38980594523610196;-0.43619362865944855;-9.909301432711818
1478632464574;63.20590830064752;2.7908334758569207;-2.3378182584223675;-0.3585316849086666;-0.41524433673361777;-9.875632990132178
1478632464607;63.1666132547419;2.780340173331932;-2.3376871629067795;-0.34641105727043464;-0.4502595679794438;-9.831041125775663
1478632464641;63.05098514263275;2.7668366290961517;-2.3384826517761175;-0.37813421328448454;-0.4656722080590145;-9.794828424377823
1478632464674;62.97105189717565;2.7593167502076246;-2.3021921262023213;-0.3356371497997315;-0.46791678296103195;-9.845406057175389
1478632464707;62.89393566293645;2.7473838446472083;-2.263135741109812;-0.2614169029014651;-0.42541970748901364;-9.876979774231788
1478632464741;62.7819354378293;2.7350737630683524;-2.3591469441380712;-0.2932897033691406;-0.43125556490248995;-9.81996794309744
1478632464774;62.708591858913685;2.741004541634349;-2.5866505598637164;-0.24914661026000975;-0.4266168174522463;-9.76370415385142
1478632464808;62.62456354535326;2.753775034456876;-2.9753427031524287;0.28490999755859375;-0.440233839394385;-9.859172853718604
1478632464841;62.54538433327041;2.7938152334943083;-4.153074752156788;1.1780967813353984;-0.41838675381203644;-10.38948839357905
1478632464875;62.49809266368349;2.8805033349751867;-6.745525455012939;1.3974657276429234;-0.45759180599709504;-11.101164910125732
1478632464909;62.4835905755117;3.0088688172681897;-10.38721020482302;-0.16475100173950194;-0.7520785782302729;-11.621155583190918
1478632464942;62.46567630411422;3.0760632296363886;-14.460789914649787;-3.3741783271789547;-0.44202948150634763;-13.825616761779784
1478632464976;62.47901546189753;3.0301722944118636;-14.99518408799029;-4.707150101470947;-0.18599954147338865;-16.670826159667968
1478632465010;62.446178851964596;2.998927875145815;-14.855042007729628;-5.964704523468018;0.052073886108398436;-17.77470276260376
1478632465043;62.42384851272784;3.0216353838892354;-14.338530287698143;-5.938218667602539;-0.1919850456237793;-15.806369722747801
1478632465077;62.44166297952563;3.081720456907646;-14.685901664794455;-5.233425553894043;-0.8438064476013183;-13.819481912286578
1478632465111;62.43870490020937;3.153345770254469;-16.129233432827114;-4.88387211151123;-1.0895113929748534;-12.233771932983398
1478632465144;62.50180465649279;3.345910008436177;-19.593743549702783;-4.67318236541748;-1.0742483573913573;-9.825803649813867
1478632465178;62.58046680429514;3.5063686743211373;-22.561943699729415;-4.595370738397166;-0.8848071692978031;-8.214805098138376
1478632465212;62.644678830405546;3.673157562445368;-26.163046230481573;-3.9311294153075664;-0.7245452500053216;-6.823923498126119
1478632465246;62.76342417605793;3.8671218119894033;-30.630284591957345;-3.7859809396605937;-0.34491467666625975;-5.531204093115031
1478632465279;62.89568539281007;4.058408244271946;-35.8307925847334;-4.296245095416158;-0.20216040267944335;-4.551526993560791
1478632465313;63.03771501567329;4.211125214520746;-40.70329350629213;-4.9398362830564375;-0.31708211889956145;-3.67120897064209
1478632465347;63.1492193728563;4.3031768384552045;-44.344360152804356;-5.096207871246338;-0.22071542901303617;-3.7427360375002023
1478632465380;63.25473463807271;4.386497597042838;-47.8113085908879;-4.42134198602885;-0.34222123633120205;-3.478924357549846
1478632465414;63.31784000341777;4.428709790776866;-49.57270808462097;-3.557484391784668;-0.44532150878906246;-2.873640250341594
1478632465448;63.36618176511486;4.4521490117043685;-51.156089881370555;-3.353827613067627;-0.43933604117128994;-2.9028198753356933
1478632465482;63.42586953226578;4.461850962224764;-53.03577588022468;-3.622427111816406;-0.3933972602844238;-3.415029393005371
1478632465516;63.45042832929743;4.465198008392873;-53.64344953459523;-3.75081588358134;-0.4165910888671875;-3.630207974950969
1478632465549;63.43503116634973;4.476967985429729;-53.92320228725466;-6.16087942199707;-1.315314573580958;-4.5344685259278865
1478632465583;63.33573343164296;4.441309281273885;-51.36472156688083;-5.448754211834818;-1.0772410729339346;-6.249913595304731
1478632465617;63.230385260098544;4.426054149063364;-48.86151051620922;-4.563348656518757;-0.8108862021736335;-7.897274322155862
1478632465652;63.217628063902886;4.468465383820373;-48.58730076758908;-5.039794348498433;-1.0293571127960457;-8.665663271331786
1478632465686;63.267655745622186;4.600181949466227;-50.52578395854348;-7.818115938435401;-1.1908160141875967;-7.944409875079244
1478632465720;63.27139888862005;4.677962643542974;-50.34415847596212;-6.108805682019144;-0.8430582732822512;-7.038653824847564
1478632465754;63.28335786704558;4.736972423282983;-50.63596127891661;-4.138078002111613;-0.7245452500053216;-5.525967142309621
1478632465787;63.32394344335202;4.769380255247677;-51.46610293585579;-3.693953886413574;-0.7255927406311035;-3.5378815734311937
1478632465821;63.348517531581834;4.7610881326002445;-51.430873848517216;-3.6565444854736326;-0.6416460083892569;-2.841019837243855
1478632465854;63.32379402559736;4.7565870393046525;-51.163878972706534;-3.1639374938964844;-0.8897452056552981;-2.594566411590576
1478632465889;63.267837091425406;4.659330751507923;-49.37868536981922;-4.639513904571533;-0.824203946624964;-2.9638723099306223
1478632465922;63.23200267146928;4.599979942537921;-47.94464889888672;-5.833621982574463;-0.5752069853851571;-3.445705101776123
1478632465956;63.043560643763314;4.396576392330782;-42.0059988044773;-3.557334461919963;-0.5351040527786128;-4.0013092322751875
1478632465989;62.99750362943346;4.200428768456942;-39.3214872042614;-3.365200363214314;-0.5277718101943842;-5.358821865844726
1478632466024;63.00158712131374;4.025575165419289;-38.38387886095964;-5.210231798376515;-0.5392938965507317;-6.579266308239847
1478632466058;63.0050115365892;3.755094247493202;-37.16320961441673;-6.783221996838226;-0.6907271561221918;-7.673416402999171
1478632466091;63.01049246780036;3.687118965088824;-36.68465235979841;-5.648220845385641;-0.7737760399085934;-7.635857574518025
1478632466125;63.044499253140074;3.580539716444151;-36.92156464088793;-7.299771516473591;-1.0295067138671874;-7.363067747939937
1478632466159;63.058783240050715;3.3692990511754703;-35.99741182285966;-7.666981757708639;-1.2547113075256346;-6.952911258697509
1478632466193;62.99947739731632;3.0202133510800393;-33.68182755452365;-8.188918158014118;-1.0206780952453613;-9.443778664752095
1478632466229;62.93501876191589;2.791419826488008;-32.268417877009334;-7.944110453741252;-0.6404489258254877;-11.10236201095581
1478632466263;62.90816243860286;2.6104576378552524;-31.263928242995227;-7.521085240173339;-0.5458779876487795;-11.778574342346191
1478632466296;62.884117295496594;2.4664390327297046;-31.287395541048017;-6.569988776806742;-0.21577742462158203;-12.08203911051005
1478632466330;62.89657686529231;2.3357518334311744;-31.737190260858785;-7.861061583654582;-0.05566518859863281;-10.948684484155475
1478632466363;62.86631833403504;2.176550556773206;-31.21513940624792;-7.241861617688089;-0.061949967956542965;-11.410914457647502
1478632466397;62.83908475577853;2.0435985775760654;-30.88624296641506;-6.546196251678467;-0.21083938369750976;-10.991929459381103
1478632466431;62.79707172225226;1.8760172058110498;-30.84566498555798;-7.172579261016845;-0.34446576157169184;-10.31242524683848
1478632466465;62.74237174145201;1.7561953807834148;-29.52032058774727;-6.4905309169493615;-0.5599439132690429;-10.07450131072998
1478632466499;62.651041010323084;1.58453015181074;-27.472094227576402;-4.609736149287503;-0.4604349067687988;-9.915287046460062
1478632466533;62.58002112804993;1.4714045568830891;-26.546033741511224;-4.09378552712705;-0.5294178421020508;-10.54092172164917
1478632466567;62.55997428879464;1.4039662198064458;-25.88470313214275;-3.572448079095408;-0.2940378959545167;-11.460893709564209
1478632466601;62.55578370161036;1.3869757230508797;-25.580742229650404;-3.6216788141997527;-0.18375497285041492;-9.90451291979365
1478632466635;62.57805409852363;1.3975980028499835;-25.86271039464173;-4.0037037627289065;-0.2063502487348509;-8.430582413162105
1478632466669;62.575232326186175;1.3722483914065124;-26.322759533118532;-4.818330877597071;-0.1506850761192385;-8.042722073010355
1478632466703;62.5572651581826;1.3388878399673374;-25.79741748335134;-5.493794984436035;-0.2581248596357298;-7.852083838885649
1478632466738;62.377126167271115;1.113402844990856;-19.504456437301275;-4.5775637904845174;-0.2723404388427734;-9.154678722956684
1478632466773;62.271014188706616;0.9269123421912984;-14.195035428235473;-3.611503493676707;-0.3506009056091308;-9.869348009844868
1478632466805;62.14876003487334;0.7043206588530518;-7.879151125620266;-2.2424691299438475;-0.4064157226783689;-10.476877046435698
1478632466838;62.0098079704605;0.3398887049039368;3.0136049862050487;0.8183680732284672;-0.07706336479463498;-10.097096789827104
1478632466871;61.976066488042264;0.13317588221528703;9.58329954680267;2.6665421720642595;0.048332948297692926;-9.506926098864897
