sep=;
timestamp;gyro-alpha;gyro-beta;gyro-gamma;accel-x;accel-y;accel-z
1478632587478;57.11081133154871;0.23310079000723888;7.140256472771875;1.2602479308307868;-0.056862287145422304;-9.74829110163825
1478632587512;57.07770618777688;0.20858968144277168;7.3092097974026045;1.3075334455849137;-0.0442927295712463;-9.799168028480466
1478632587546;57.008606922631806;0.1764480825950057;7.444201459368357;1.2913725135969114;-0.041299977496050994;-9.767594315990642
1478632587580;56.97246080592343;0.16080900252708807;7.531695313618634;1.3350667464104014;-0.03681084995408018;-9.816077095971629
1478632587614;56.935942847427306;0.15168812696393236;7.621366409992948;1.376067358509032;-0.03681085052490234;-9.869048688971576
1478632587648;56.899212630944504;0.14507987185808327;7.696435824186954;1.393724659684766;-0.037110125732421874;-9.954342497573979
1478632587682;56.86004411970146;0.14419804809830053;7.794245145384573;1.4269442077194339;-0.035314475628949;-10.013448876135051
1478632587717;56.820409817430125;0.1451348653902408;7.905967760617338;1.5032593308379874;-0.03277063636503299;-9.877877718585356
1478632587751;56.76365762661316;0.1711536645197482;7.948736177369881;1.4909890655959956;-0.030077159211946126;-9.321525107806547
1478632587785;56.7447431020383;0.18392038463873175;7.899839554706154;1.4642039984550792;-0.030675708199929794;-9.170690147488378
1478632587819;56.67898097219617;0.22250148693398658;7.66985017699504;1.7363947905609383;-0.028281505968951386;-8.406041736547648
1478632587854;56.5856230090694;0.3066520341350058;5.729764042635977;2.3370400955200195;0.05282207412719726;-9.663596295542037
1478632587888;56.5654321351928;0.34854544539375476;4.632960312834145;2.077867692742869;0.023044186412426643;-10.281898846877924
1478632587921;56.51679347568334;0.4673572126210513;1.7276916954848005;-0.7321767769302241;-0.24869768831557593;-13.15434217905253
1478632587955;56.45947465898739;0.44910094260542144;1.6604971947734104;-1.8677766249283216;-0.41210197902070356;-13.718027616937457
1478632587988;56.32802999151915;0.08549068860528057;6.5197198370724765;3.155108875274658;-0.04474164238252561;-15.27784970626831
1478632588021;56.313984970401876;-0.01514571896600861;7.989629611909205;3.478625374603271;-0.023343465901112356;-15.60914736099243
1478632588055;56.242187465487206;-0.07516906621512603;9.247800536790438;1.5734394009652357;-0.32606033174266336;-13.809156333105266
1478632588088;56.205048631670955;-0.06686064560767124;9.368204793079943;1.322347522691358;-0.3226186896890751;-13.476212957000731
1478632588121;56.10664990589358;-0.04024556016851135;9.380115082120609;0.4605846174377948;-0.4472668067710939;-11.6235496387206
1478632588155;56.00863456690943;-0.061212280600904896;10.257643128325968;1.0233716451782733;-0.28820202369966424;-10.55004990773946
1478632588188;55.960104789067266;-0.07869103922704755;10.530836997294921;0.8382697831969708;-0.18764555853967904;-10.008212144525348
1478632588221;55.875851063632666;-0.23977801213979966;12.812690379634986;0.6627449470520019;-0.024390929412841794;-9.337835131692326
1478632588256;55.813184618484804;-0.37900293508999267;14.621871920154002;2.4010851177933623;-0.04070142365607898;-9.51246243904226
1478632588288;55.75923646735605;-0.45359397265763884;15.463564366187558;2.543540043507423;-0.02124853973388672;-9.596408910989203
1478632588321;55.704367542035975;-0.4830730423203911;15.660703519390527;2.2307972872527313;-0.03067570877075195;-9.01611446627192
1478632588355;55.61882862414666;-0.528374601674726;15.987862537780478;2.383278115081787;0.00014963760375976562;-8.757391341632232
1478632588388;55.59352086167441;-0.5403703360408064;16.0008155300069;2.391957205697708;0.051325693523022346;-8.690503113555907
1478632588421;55.49760857637647;-0.5295376059794279;15.313760481641934;1.9563621776856481;0.2690484115600586;-7.937376907702535
1478632588455;55.382655613951115;-0.5565886590004266;14.533405268907908;1.1824361987791954;0.41255086443251926;-7.582735932922363
1478632588489;55.30623476799556;-0.6419833578124452;14.639775025992389;1.8490717965941874;0.5683236190795898;-8.105719358062744
1478632588522;55.26509737167437;-0.6790592997015498;14.580791067285137;2.0768202295165508;0.6214449866806157;-8.235455014391988
1478632588556;55.17835477653667;-0.7751287663146345;14.523354725577923;2.1826141432388684;0.7492354637588374;-8.68736057774648
1478632588590;54.98187429110421;-0.8853555931170408;13.083566888868662;3.1387983764648437;0.36930560607910157;-9.821613650778122
1478632588623;54.87375397448333;-0.8827768675861571;11.457157619537702;2.5362077461242674;0.08125321427497546;-10.03574498869311
1478632588657;54.750546463779784;-0.8947615107777176;10.21037400605091;2.5800515640258785;-0.03561374056166969;-10.172214812115579
1478632588691;54.62702747705936;-0.87780458353186;9.004140421646802;3.111564332580566;-0.11791443176269531;-9.343072557421774
1478632588725;54.49114041584588;-0.7471188550745956;7.048672675712362;3.1949124778747557;-0.19243394930190405;-6.780678669030964
1478632588758;54.36902126310718;-0.5369777488204177;4.0933986529226;2.5068787027221173;-0.2353799415809568;-3.483413777923584
1478632588792;54.21927326575282;-0.18366775142605166;-0.9482802428693154;1.017086811021436;-0.30361469346198716;-0.0005985504150390625
1478632588825;54.123111526687005;-0.03890988636590517;-3.4446892875704838;0.3721487570831552;-0.033069909860086046;0.3345896820068359
1478632588858;54.00632493875898;-0.008621503300097713;-4.982619622939364;-1.381005445098877;-0.41464578346446795;-3.1398458396911617
1478632588892;53.859117499124345;-0.1287327690507568;-3.8703210153737673;-1.6326958946228027;-0.04444236831665039;-6.182277599334716
1478632588925;53.6205686655847;-0.30052542945421723;-1.0441158632278968;0.9081505806853994;-0.13422493057250975;-8.343942715509236
1478632588958;53.45800854069552;-0.4082178218531727;0.7455491069362877;-0.5538087715148925;-0.08334814529418945;-9.47804589520879
1478632588992;53.29091312398304;-0.5035571974904066;3.1270194672258977;1.4463971144745125;0.005985504150390624;-10.590900827435403
1478632589025;53.16025703652378;-0.38545746078644166;3.0566201887062636;2.425775121484324;0.04504091873168945;-10.304793327187932
1478632589059;53.021882367808445;-0.1926873770180166;1.4824725563451537;0.6989572471618652;0.896778179881873;-9.815778134716295
1478632589093;52.92466158967207;0.1054588857875304;-0.7926891395969984;-0.27832594299316404;0.19692309339771744;-7.8733321594238275
1478632589127;52.81950313105016;0.2830850284693352;-2.484088505311761;-2.5564088226318358;0.24211364744987804;-8.462754826764018
1478632589160;52.64043056122263;0.35866606748153274;-2.2360028794780242;-0.40611645888729253;0.061650697315600696;-9.940874747909419
1478632589194;52.48892130143841;0.49783558000425365;-2.259328509504819;-0.11821370697021484;-0.09382277984066167;-10.296862716851756
1478632589227;52.4511805222042;0.5415312275361022;-2.4690688825759044;-0.40836102066040036;-0.1322796417236328;-10.77824710734263
1478632589261;52.32623598978256;0.7705313536787906;-3.660635559546149;-0.9811737678527831;-0.10534487533016362;-10.025569960431008
1478632589294;52.28306410863374;0.9497136126144314;-4.929047372162448;-0.9564835906318854;-0.40776247024536133;-10.595239952618256
1478632589328;52.262606101088934;1.1912786648866236;-7.09224938414977;-2.785504067053273;-0.2578256004112307;-10.061632403741404
1478632589362;52.22751250591035;1.328825740955443;-8.209642210817954;-2.5918730077881365;-0.01062426986694336;-11.59377190170288
1478632589395;52.2286603481674;1.5323876879110006;-9.64558698386567;-1.8510171219756826;-0.07826046676635742;-12.009614948681742
1478632589429;52.262704314374105;1.877220715913704;-13.166160197434227;-4.919934920147806;-0.7260416534423828;-11.999289807891845
1478632589463;52.23409860648321;1.969643013873704;-12.984623983072947;-4.394407509613037;-0.9507973708221689;-12.604872898046672
1478632589496;52.195398500899984;1.9854820400513113;-11.755686538577505;-3.5314474487304683;-0.9234136528015137;-13.066205922698973
1478632589530;52.13383276257618;1.9428714904624378;-9.40054521690841;-3.199251968383789;-0.8102876243591308;-13.341239838409424
1478632589564;52.038207615586494;1.893643897263181;-5.893691779529791;0.16849194183349608;-0.35733460234489756;-13.220931204986572
1478632589598;52.0335634135835;1.883565748138345;-3.7200365740212415;0.030526071166992186;-0.15292964930878952;-12.104634534808248
1478632589632;52.0576429527447;1.8728925755197943;-1.4836565032426885;1.532887631181348;-0.033668479112256317;-11.0707884765625
1478632589666;52.09175155742307;1.9585547753249977;-1.0498246494685815;0.6340145088638178;-0.08110358123779296;-9.260771802288666
1478632589701;52.137409079511876;2.0311957248991286;-0.7896182967048524;-1.0271124939407221;-0.12105680317534133;-7.938274733325094
