sep=;
timestamp;gyro-alpha;gyro-beta;gyro-gamma;accel-x;accel-y;accel-z
1478632389972;61.606051675581064;3.6567734126471714;11.668839112377674;1.2479776153564452;-0.5630862801151117;-8.806920950085297
1478632390005;61.66672593107027;3.6415629089460038;12.70520409820714;2.0938789254783186;-0.4706102364249993;-8.996512305505574
1478632390038;61.72550212259841;3.6103164035663844;13.502023086726581;2.398241939389845;-0.4336497939621098;-9.187000573232956
1478632390072;61.783882455506436;3.574003326546727;13.817124677108344;2.6783634331634265;-0.4016273284912109;-9.637709026624215
1478632390105;61.83830061107336;3.55487058780559;13.565479426780081;2.563292188937403;-0.4272153770004399;-9.76280636476148
1478632390140;61.91383053737055;3.5062836854071424;13.020726174977375;1.7438767072815446;-0.49470191802978514;-9.51695165620331
1478632390174;61.962676031710224;3.438313021803199;13.223707558041916;1.654094035427831;-0.502483091691602;-9.441085434479591
1478632390207;62.00546857562233;3.3430619256846916;13.947253971876075;1.8562544381072743;-0.48392802882539104;-9.429263958751294
1478632390241;62.04028649854708;3.232200331181592;14.924279167258547;2.4308629278763196;-0.45025955884628927;-9.614664735180511
1478632390274;62.0725661644688;3.137096696765063;15.776874745507708;2.790441907047946;-0.49440266108857467;-9.686042018304391
1478632390307;62.10060602606886;3.0608231999335596;16.431520559642664;2.99873763414463;-0.4970961014236323;-9.56543432886973
1478632390341;62.12279818159646;3.0009125057263546;16.782019833764092;3.0829834223982875;-0.484227301749622;-9.387664595308225
1478632390375;62.13989957859582;2.9469059423700097;16.88542319222065;2.8848632624198216;-0.4619312782398192;-9.100210963981691
1478632390408;62.16890561695594;2.831186737169579;17.36542139039959;2.866906786501268;-0.4188356437904294;-9.08165571845239
1478632390441;62.186760167129904;2.709225565651058;17.84717044463004;3.0342017645020034;-0.3716998077392578;-9.109189220207277
1478632390474;62.211683509086996;2.491064901718112;18.179402797330468;2.9831751909228736;-0.3253121414405759;-9.370755578049412
1478632390508;62.22130198174282;2.3684059104107633;18.231416306012846;2.953098164997902;-0.2831143280471675;-9.55391179498881
1478632390541;62.241604651900374;2.1592052166468907;18.970178796200365;3.3135752163872585;-0.18061256947172805;-9.650877144888229
1478632390575;62.24583593650676;1.9065679878433943;19.796777025162132;3.5190274180205536;-0.06778583450317383;-8.969128496153372
1478632390609;62.244720221641856;1.871529691414869;19.976836074356;3.556137598551903;-0.06569090805053711;-8.763227208178863
1478632390642;62.22480763484491;1.7991727062233038;20.31824707539847;3.8232408856598656;-0.06180031208647414;-7.311442665044963
1478632390675;62.20569937915048;1.76694506677231;20.217037663729958;4.458153128814697;-0.16998832700424826;-7.415291454315185
1478632390708;62.19169120524367;1.7251719893079793;19.535657214419242;5.50980620803833;-0.4342483261108398;-9.886556626538187
1478632390742;62.16228119122273;1.7702580460660664;17.532921607162123;6.140379070281982;-0.42721535873413086;-12.945149393518268
1478632390775;62.13546382637699;1.9429739980780971;14.042457441185404;2.4185925484698965;-0.4493617240905761;-13.680916906683146
1478632390809;62.1092327057718;1.9531805624599807;13.807787033375352;2.660406920712255;-0.2814683372386964;-14.597746797180175
1478632390843;62.094916454305064;1.9373598761375395;15.033416175973827;3.723881261035055;-0.06434415135039016;-15.202133078765868
1478632390876;62.062761714582685;1.9571261821505943;15.089428553911103;2.339733608920313;-0.03980362086640671;-13.804817427118122
1478632390909;62.005579041643465;2.004337855488383;14.439475253734125;1.108964281463623;-0.17088614349365233;-11.849053653717041
1478632390943;61.98979118355546;1.9821111087075456;14.33531404442065;0.814627114868164;-0.2201169151306152;-11.664251066943258
1478632390977;61.93623822503042;1.9408809815888841;14.951374091065643;0.7821559009827673;-0.8967781593322753;-11.202768550817668
1478632391011;61.89313199686954;1.5646507846990991;20.689440573381738;3.0758010548798365;-0.051774610900878905;-9.895235315295308
1478632391044;61.906273816420935;1.321701731127405;24.306244436350376;5.190928547491505;0.0837970763717778;-10.127024036584421
1478632391078;61.87880245150843;1.1590652462477309;25.57040873838105;5.035155655847117;-0.018255787658691406;-9.49106400140971
1478632391112;61.83468670359296;1.0411837833673603;25.439409866135733;4.385878056600876;-0.036361937713623046;-9.2025627378935
1478632391145;61.79011306840045;0.9335774063890938;24.684039823782037;3.5781343811035153;0.004638765716552734;-8.811560154193266
1478632391180;61.720880856374045;0.789416277447113;24.197739015311164;2.940827680560201;0.04967968444824218;-8.362198137841746
1478632391214;61.641261644441;0.49407352767802076;24.655176725382123;4.11847571576439;0.23717562022553756;-8.544905798162892
1478632391248;61.57909628528484;0.2940739886310869;24.368463290823033;3.8705263684479516;0.27638065871086437;-8.354117962967045
1478632391282;61.48506812255555;0.09817309708071371;23.861319971473556;4.226065278448536;0.11716624031896353;-8.356362490490824
1478632391316;61.396608549738005;-0.09740100327884704;23.114626380952085;3.7882257000798125;0.14245499992094118;-8.194005617346242
1478632391350;61.25408533003433;-0.3823692891393689;22.94353794238228;5.059546658325195;0.17283142777595203;-7.967603703662007
1478632391385;61.12715350574499;-0.41989484666625887;21.343584003999176;4.682310259246826;-0.21727380522575693;-6.174945356750488
1478632391419;60.9996505223667;-0.32552658853364036;18.05679370176398;2.4768015443664044;-0.6435913063712884;-3.4293946029663083
1478632391453;60.88470633253816;-0.17872594004734105;14.79154673734623;0.9446620464049279;-0.10743980178280034;-0.6367080039978027
1478632391487;60.65650136124278;0.08020781322242125;10.295955530208381;0.7885901718139648;0.019901802441693144;-1.4294880287170408
1478632391520;60.5325798612624;0.1282489448880422;9.650376729863057;0.42721535873413086;-0.04848258361816406;-3.8298248306274414
1478632391554;60.39533781630704;0.1585734651711215;10.844158239814657;2.292597690670751;-0.07227496033267816;-7.933486183874309
1478632391587;60.270972316102224;0.24496844712473576;11.399515909097678;1.868674464250612;0.0746691688427003;-8.872911425604299
1478632391621;60.12852947086309;0.3701088276171639;12.000051199721822;2.3268647384643555;0.20096330641594248;-9.393500521220359
1478632391654;59.99035891009252;0.5160236193482819;12.084078024253143;2.812438835730031;0.06628945846557617;-9.450662213720753
1478632391687;59.83512861454067;0.7120450214015037;11.314441457991403;1.884835261524585;-0.20245967788696287;-8.34738379587382
1478632391721;59.606320434695135;0.8982954150043535;11.742767121725281;1.8402432875702157;-0.2653074623329099;-8.328230620983987
1478632391754;59.44621365161115;0.965968186181839;12.146469374449662;2.0919336617456166;-0.1123778495567385;-8.839242891693115
1478632391787;59.27583049650189;1.082540469538244;12.253340977427234;1.695543615136668;-0.20859481279124736;-8.604910696466266
1478632391821;59.01209683700472;1.1993009129765664;12.08268726795512;1.6912041611602529;0.14395135655058547;-8.904335468524321
1478632391854;58.83909586591364;1.2642928938474876;12.099253704268094;1.9270331342834979;0.013168109130859374;-8.576180130413919
1478632391888;58.66176541576442;1.2744278109272553;12.27507412100139;1.3263877927917986;0.19213468322753904;-8.583213097790628
1478632391921;58.49540049100871;1.273202616651106;12.953376221690467;2.1181202355537097;0.08110358123779296;-8.790760308074951
1478632391954;58.32686646789763;1.25793143834107;13.121500468949693;2.6620530439514667;0.09801263046264648;-9.036913983596675
1478632391988;58.173767974920395;1.2933868975819058;12.620923351254886;2.8003181167602538;-0.03666121292114258;-9.14525208364278
1478632392021;57.940188477627025;1.3411487126976704;10.551321173158517;1.2707224945953115;-0.05491700057983398;-9.402927452795208
1478632392054;57.788833353268394;1.352728383061205;9.485206194387553;1.7634791603088378;-0.02693476867675781;-9.895833883976657
1478632392088;57.64619803035535;1.39049784765453;7.875612941887661;0.5913678100585937;-0.4041711677551269;-10.040383717877045
1478632392121;57.4667525022331;1.3395612171690015;7.7563418946389024;0.5509657301086932;-0.5333084197998047;-11.860875316675006
1478632392155;57.3559922428301;1.319559020323785;8.045218283983928;1.1534065767150372;-0.7986159095321781;-12.550554740142822
1478632392188;57.25592631778144;1.3029559294444901;7.888550454176743;0.09741408004760742;-0.7957727767944336;-13.210606210327148
1478632392221;57.16293641019384;1.2777612153065752;8.977133980260767;0.6465840858459472;-0.8526350844894536;-13.284676824188232
1478632392254;57.09048162865526;1.1858003374257078;11.282242775795064;2.135178894982859;-0.6793547210693359;-13.640814028875528
1478632392288;56.99036203091198;1.0799766498430428;14.07692588751292;5.221604183197021;-0.26500818712539037;-13.864522538757324
1478632392321;56.94869861880936;1.0280519553019818;16.160287129021444;7.43818600769043;0.050128597259521485;-13.236792790985106
1478632392354;56.99397529154317;1.089157426259337;18.049610851156338;3.808875493035838;0.21652561264038084;-10.188824732263386
1478632392388;57.000355442034014;1.102973119177777;19.535355375368564;3.242497174221568;0.3268085266113281;-8.321346852819621
1478632392421;57.01142465882807;1.092273305187008;20.285632553445815;3.1884780609130856;0.4113537910019047;-8.355165316595508
1478632392455;57.00832123834979;1.09683762109461;20.99322638533507;4.001159923464991;0.25917232971191406;-8.488342637811229
1478632392488;57.013587195156454;1.1139354000183574;21.23126527179647;4.229656580938771;0.19812020564423874;-8.807220261825435
1478632392521;57.02751967064312;1.122936365884763;21.298596911626245;4.362684191485494;0.18166005096435545;-9.517998952749558
1478632392554;57.04740965506969;1.142779081048131;21.280444213361285;4.98173525050059;0.06299743118286133;-10.21381413902603
1478632392587;57.08382572177824;1.2025142666272977;20.599467073521506;4.409371416119486;-0.04519055633544922;-10.017938150378317
1478632392621;57.163514730194535;1.2773715289799736;19.99754949257084;3.090465302586276;-0.2328361194417055;-9.07327635056856
1478632392654;57.237714154615766;1.273623691940599;20.553273822506828;3.346495489214407;-0.3500023460609373;-8.845228541973977
1478632392687;57.37343081885536;1.2488340932697348;21.74515313786337;3.6698622025254997;-0.31438860549926756;-8.617330398382618
1478632392721;57.4726581962919;1.232316013004155;22.366408343134072;3.7979521488907744;-0.3163338943481445;-8.582315308700688
1478632392754;57.572398603084245;1.2265977048934418;22.770934659893232;3.9930794197967274;-0.2374748748834594;-8.778789592035114
1478632392787;57.67387638178131;1.2365379816796724;22.8857521872587;4.269011343792826;-0.23852234724293228;-9.005041336109338
1478632392821;57.77601727356781;1.2585295001602839;22.719380422712728;4.381838023962453;-0.17462708358764648;-9.272593538311868
1478632392854;57.88682775498613;1.2945778161530617;22.468368012227355;4.267514712026902;-0.13093291242294944;-9.428515556103363
