sep=;
timestamp;gyro-alpha;gyro-beta;gyro-gamma;accel-x;accel-y;accel-z
1478632394788;60.362555299039464;0.46969237846027656;24.2639861703526;3.9490859642913563;-0.067636200324347;-8.978854597904462
1478632394821;60.36681024337704;0.4215053746680517;24.483403776870922;4.063109821567172;-0.061501054003619354;-8.902389812065975
1478632394854;60.36481434487228;0.38271172345797355;24.58513360930238;4.061015054017154;-0.05790975094256282;-8.804527040686086
1478632394888;60.36234683223299;0.34433900821031943;24.646613892076438;4.156334018099168;-0.057311203667045625;-8.875155800147738
1478632394921;60.3615014215826;0.3136807037809873;24.74828431409234;4.166359888248122;-0.0528220733423168;-8.932018107842758
1478632394954;60.35994669270152;0.2837892331343521;24.82119159017646;4.147954478968692;-0.04159925213274837;-8.987084725476754
1478632394987;60.34928348936385;0.2561157404781357;24.73532752166754;4.203170789005374;-0.044592005492293536;-9.100061143714841
1478632395021;60.3425775001179;0.251645081053058;24.625168324632824;4.179078997802734;-0.05042787018375238;-9.073724925453122
1478632395054;60.31602747541602;0.23626511714229906;24.240768738456502;3.9984663004668426;-0.03890577469425043;-9.028983555923588
1478632395087;60.3009263184911;0.22754481497027085;24.135220648047692;3.958513051129831;-0.038756137126167045;-9.034220497595845
1478632395121;60.2862062932154;0.21752748612755204;24.121091962978525;4.019415551293478;-0.04414309196748654;-9.016114607835817
1478632395154;60.27144814225556;0.21524067745919484;24.133845595156743;4.139873973017139;-0.05746083984375;-9.025541904736846
1478632395188;60.255978659451856;0.22005257443281936;24.05195831802277;4.1177274341307575;-0.06838438491821289;-8.974664948211878
1478632395221;60.236494801126476;0.23721938204643706;23.938979663940163;4.252102020573337;-0.07511807937069097;-8.842385372703616
1478632395254;60.21294860602098;0.2616883772438899;23.56511798037691;4.343829889944382;-0.06643909606933593;-8.805873468592669
1478632395287;60.18341487293683;0.3024002779870208;22.799123383810432;4.244919543457031;-0.06464344254093012;-8.621819307299702
1478632395321;60.150928730912945;0.35253197391882785;21.73487888273924;4.471321311010793;-0.04848258475980838;-8.640374698959477
1478632395354;60.098167615491505;0.4388541538356806;19.205593353413477;4.4086230089049785;0.06030394974860828;-9.377489407215919
1478632395387;60.076151027195436;0.4833093293110582;17.65228123615406;3.7535095796447244;0.09023146593398414;-10.612597987719624
1478632395421;60.04996227206738;0.4811517213906748;16.926231412035644;2.7169699349334464;-0.0935235012082092;-12.386402581079304
1478632395454;60.025578607028024;0.4194725690543936;18.219154989827352;3.231274506919924;-0.20994155807495116;-12.749123548071086
1478632395487;60.017507893582454;0.3313310881655472;20.14107190751385;4.551526993560791;-0.2186205345264403;-13.42264298711568
1478632395521;59.987630243211356;0.3053635423905897;21.134071281860358;4.500650208282471;-0.41329904788474087;-13.076979537908732
1478632395554;59.95569491442271;0.30424337715965055;21.572346968453797;3.5968392134334044;-0.2431611106761964;-12.388646852874755
1478632395588;59.9381893425225;0.2728764062876374;22.60026163573185;3.349039063616842;-0.27907413557854016;-11.738920377349853
1478632395621;59.91802075633824;0.1496194366895856;25.405305470805665;3.525910784326121;-0.09950900650024413;-10.59060125996694
1478632395654;59.92785555690746;0.005424501197456633;28.224960913915265;4.161721072299219;0.021248540233356105;-9.973047015380859
1478632395688;59.9405123689747;-0.13416447650470356;30.526808157024668;5.453542395959421;0.14829086760921636;-9.68409665639028
1478632395721;59.92069776145982;-0.2953014074107729;31.943354961354984;5.475987853860296;0.21981763535651844;-8.867823893206939
1478632395755;59.88286086956907;-0.3654601807033577;31.61450730493965;5.34954453534102;0.20829554443359374;-8.459163515140627
1478632395788;59.83896518289182;-0.4343055607612453;30.66451276904919;4.346223982006683;0.15188216324958484;-8.147318538842722
1478632395821;59.79693146258658;-0.5187119286312737;30.12416722053237;3.976319752447307;0.09696516723632811;-7.9316906422270455
1478632395855;59.76476604311111;-0.6435200675840106;30.026826228068458;4.020014005810395;0.0626981559753418;-7.8646532514709975
1478632395888;59.70445034156518;-0.8254031308399888;29.606199910485227;4.078373036602884;0.08753799819946288;-7.645733437170461
1478632395921;59.653590382059825;-0.9329697961415458;28.87805036183878;3.660135861029103;0.02409166333847679;-7.421576233673095
1478632395955;59.60648798959979;-1.052942632164197;28.18714857121427;3.524264916815236;-0.01840542526245117;-7.353490977831929
1478632395988;59.538678311878385;-1.2352018321227847;27.45879463400315;3.846584169183299;-0.0674865592956543;-7.335683956854045
1478632396021;59.499427153649584;-1.3320096041685874;26.71403713871101;4.356848352338327;-0.09202712631225586;-7.599645128277689
1478632396055;59.45111498911413;-1.3793166641326515;25.2348027937955;4.122965015123831;-0.06254851837158203;-7.67311726478897
1478632396088;59.4037708228116;-1.4085322528608455;23.653061228639046;3.626467473248392;-0.03800795135498047;-7.926303871154785
1478632396121;59.35739797446332;-1.4239369981886305;22.22525949236506;3.5936967832260764;-0.03127425918579101;-7.972542109912261
1478632396154;59.29998045393087;-1.4448353781036964;20.91970855285374;3.207482127922121;-0.047584757995605464;-8.209268506799265
1478632396187;59.23755676859572;-1.4582811334328036;20.128691032139926;3.147627104684524;-0.08304887008666992;-8.226027991485596
1478632396221;59.11722580684613;-1.4540532858426665;19.831945440459446;2.8351835323058068;-0.3350385765518062;-7.034164477539062
1478632396254;58.980439745253584;-1.4551877761455525;21.36267410560553;2.9937994288237766;0.07511807708740234;-5.2624552490234375
1478632396287;58.8799730549242;-1.440339980056757;22.21931905693914;3.9716811693938445;0.3286041778564453;-4.261379679870605
1478632396321;58.765584633833306;-1.4062233862612066;21.563304583134883;3.602076507731049;0.3115454818946775;-5.349394696807861
1478632396354;58.64744901015878;-1.3746187000578856;20.599740091039003;3.014150362130813;0.1493383376854006;-7.421875362750143
1478632396387;58.53289413309356;-1.3453457120114625;20.49336435890061;3.5504512965437955;0.3229179489135742;-8.29082114697881
1478632396421;58.41521585726651;-1.2953924351955228;20.172036073254116;4.029740669250488;0.17866729888916014;-8.53622674407959
1478632396454;58.228696403434995;-1.1620439323138583;18.79072608529429;2.505980950164795;0.3386298973083496;-7.71546419519633
1478632396488;58.11279700679449;-1.1388294479224417;18.62637844732831;2.467075246252492;0.3930979850769043;-8.04047765508443
1478632396521;57.99286014518271;-1.0823858074117678;18.65038241505998;2.4895207406859843;0.21293430101699196;-7.6714708858214316
1478632396555;57.88364516567682;-1.0745064286629444;19.011525223170512;1.8761562759399413;0.10743979036635719;-7.849689418029785
1478632396588;57.77274798870298;-1.0509629032367467;20.160042625465387;2.7700914303986353;0.20964228971729754;-8.252513847351073
1478632396621;57.6086064288992;-0.9446777377924891;20.460330924572116;2.770091247735545;0.060154307578271254;-8.796296716750971
1478632396654;57.50008035675237;-0.8513316158867519;20.60187258193725;2.4349030883789062;0.2380734275817871;-9.175029935110343
1478632396688;57.38176004433474;-0.7503699286152186;20.984494731194232;2.931101455511525;0.14275427170352778;-9.550171366351469
1478632396721;57.250722656499825;-0.6831874690976733;20.958376666026783;3.222296287226956;0.16744447404060045;-9.80096355186142
1478632396754;57.113759487868194;-0.5594263340846849;20.887416338375733;3.3228526656219732;-0.0053869537353515625;-9.06669193067695
1478632396787;56.89920500681765;-0.42528600084686585;20.942741117464575;2.299780332183838;-0.052073886108398436;-8.529942256982624
1478632396821;56.76464441854906;-0.33407875572344775;21.854685352511627;3.8557120812789534;-0.2958335563327884;-8.581118134805374
1478632396855;56.62392077383311;-0.2489995754295004;22.058279205349148;4.05547830056455;-0.05431845473137218;-8.525452727011032
1478632396888;56.40976557617844;-0.06910914616315633;21.09436929236654;2.874837643432617;-0.10833762626371463;-7.586776148223876
1478632396921;56.298314661614;0.03502844107701449;20.90167531252224;2.2819733842711893;-0.08963292008552234;-7.433846371050923
1478632396956;56.17652472373687;0.06713623324955635;21.004654707504088;2.2548891971863805;-0.4572925068150449;-7.975833771868794
1478632396988;56.03571128164602;0.12027466459835054;22.33288467233893;4.065653767218068;-0.10175357283992925;-9.28980189927686
1478632397021;55.99831890322036;0.15418618008479684;22.47521629879261;3.9567174638167955;-0.09576806640624999;-9.339331726925634
1478632397054;55.91045692412287;0.2248984680000897;22.401055639891215;3.6210803459831045;-0.06299742889957269;-9.802310363360494
1478632397087;55.85784571743143;0.28159296387928195;22.78686694319419;3.8658875250995854;0.11537059249877929;-10.559925551196187
1478632397121;55.797309601141464;0.3757511191792927;22.777907024869794;4.302380492898635;0.08095394820061046;-11.200524132891744
1478632397155;55.76706794778772;0.41166304071257703;23.04373270819315;4.921880135931447;0.1653495430213865;-11.81762975692749
1478632397188;55.77930583582613;0.44195788951078185;23.844546591003823;5.938966855621338;0.14859013596686999;-12.03520283279419
1478632397221;55.79739256997637;0.5103299377810708;23.98909730187556;5.845443499401957;-0.00852934341430664;-11.61621783452779
1478632397255;55.81226849800337;0.5822933429213502;23.53421430664696;5.801000838824361;-0.029927525318530386;-11.34522384185791
1478632397288;55.88696550290631;0.5800065569172425;23.88861822841907;6.289567615099996;-0.06374562148494878;-11.663652662658691
1478632397321;55.98968699503985;0.6253103084083952;24.535163198717406;6.361393664904684;-0.016609774017333982;-12.14279226989746
1478632397354;56.0912026488235;0.7132530985156534;24.671528162424305;4.297592053045705;-0.050128592692944215;-9.863512581689655
1478632397388;56.179318243641795;0.7872089047199237;24.542953903936432;3.1028852784972636;-0.1173158847725892;-8.865578991223824
1478632397421;56.33753312356658;0.8140984755236531;26.308621691741543;3.880402231100388;-0.21877017669677734;-8.382848419421538
1478632397455;56.46388415140268;0.8059174940692376;28.261055178542616;5.034257976355031;-0.16519991455078123;-8.194005617346242
