sep=;
timestamp;gyro-alpha;gyro-beta;gyro-gamma;accel-x;accel-y;accel-z
1478632709741;39.12078805591092;-1.1676740572828688;15.00536589540682;2.333897614509519;0.1611596946826903;-9.30895512896562
1478632709771;39.1130849484095;-1.1996440031161182;15.274422660576155;2.60130016312527;0.1822586013793945;-9.439439097752892
1478632709804;39.1041102417513;-1.212811367317278;15.499033645032778;2.7941830115387214;0.15876549758911132;-9.459191455528716
1478632709837;39.094007261727384;-1.217388532666547;15.570823308417465;2.6270377253698505;0.1646013595691649;-9.426869824448152
1478632709871;39.08139092489916;-1.2281794723907486;15.656591205560508;2.6216508110212278;0.18106149826602777;-9.40621979745504
1478632709905;39.057119342781235;-1.2322115414400192;15.681069682016728;2.5516204558441413;0.18540100019150413;-9.393350847083981
1478632709938;39.03723947525745;-1.2457423150713134;15.686979050556246;2.5944168698849386;0.21113865019999137;-9.383774122641748
1478632709971;39.00571146548028;-1.279734326418019;15.73314573562827;2.7154734721308804;0.23927053069515386;-9.39185434318222
1478632710005;38.98279144311428;-1.3006685778143063;15.691875598913207;2.7563245242575647;0.22924481752229328;-9.378835899054584
1478632710038;38.97168914970865;-1.3115711559488739;15.663372852216039;2.7606641243644523;0.23837270393095095;-9.380332466888428
1478632710072;38.92904889456361;-1.3674325303350043;15.477306876114966;2.7703907056061547;0.2795230392566649;-9.490914569301927
1478632710104;38.91914722366395;-1.3764941183396195;15.386699764666275;2.7256489981499032;0.27892448427504857;-9.516802112214384
1478632710138;38.89669599634508;-1.392992328731006;15.202036482315805;2.7006595913872586;0.26440964127692856;-9.52009390203508
1478632710171;38.871129070760865;-1.3937844599677343;14.927155444083406;2.5537153297811397;0.20470423281020483;-9.571868316573136
1478632710204;38.8493386900609;-1.3777471013145894;14.662676343716432;2.4178444472160656;0.17238252409782726;-9.577555047839507
1478632710238;38.828008112845474;-1.3640735349542799;14.46452227093394;2.3633763503143563;0.17881694105949716;-9.570521687737154
1478632710271;38.80582315483844;-1.3615110362795033;14.329449858589966;2.4600422377765874;0.242113650874811;-9.558401292994361
1478632710304;38.76915003316569;-1.36183367599387;13.933743368478611;2.397344042985339;0.2919429649353027;-9.50498044468984
1478632710337;38.74293620984967;-1.3724024713720875;13.58151263406626;2.323273422274389;0.3203741096496582;-9.452607648700102
1478632710370;38.71724707587291;-1.3908186972921128;13.262841386490662;2.2221184112659422;0.3242646873474121;-9.430910004358692
1478632710404;38.693838242172276;-1.4152399650865404;12.958378823687609;2.2671593345642087;0.32980128781967794;-9.531316902696865
1478632710438;38.667604626854505;-1.4168893174169102;12.410926110213879;2.410063319220021;0.2898480430492433;-9.560646007747808
1478632710471;38.608916136841316;-1.3104494323364921;10.183631630191497;3.1905729873657225;0.280271231842041;-9.639056165775209
1478632710505;38.562787084246;-1.119424326546406;6.644542740802901;4.003254667254537;0.25034370195693334;-9.816526182312844
1478632710538;38.57476587408003;-0.6024898541652054;-2.407350962258578;2.178873148345947;0.03396774062004406;-10.437672067315876
1478632710571;38.68507190220672;-0.22578569152057748;-9.623688290796727;-2.219724214172363;0.012569558715820313;-11.897835658673197
1478632710604;38.75951396725656;-0.008233844177591501;-14.74983716073792;-5.428552989196777;0.14544775042637556;-14.937124882507323
1478632710637;38.80842211665358;0.05586809033268509;-16.55712212890889;-5.179855145617574;0.3128922448738682;-17.48665037536621
1478632710670;38.880581454039394;0.19743178246031687;-18.519917497844194;-6.040121875762939;0.3504512543056393;-17.508347827911376
1478632710704;38.92908762293583;0.2842059101963427;-19.017295365379294;-8.089408859252929;0.11507131272468249;-15.966481958770752
1478632710737;38.97155004257406;0.3773532398648529;-18.78702219030247;-6.3718684432983395;-0.017357962036132813;-14.57589970703125
1478632710771;38.99400331290332;0.45201865231296395;-19.107378617781904;-5.959018294525146;-0.055066638183593745;-13.413964006097615
1478632710804;39.11981515483468;0.816606860074599;-21.61886569000139;-6.231658008575439;-0.0037409400939941405;-10.602123209325969
1478632710837;39.20040758438853;1.0781002506691335;-23.314709973509032;-5.221604037066549;0.02124853973388672;-9.683498471301421
1478632710871;39.3335316445382;1.405677060144167;-25.874453711572748;-4.533420934837404;0.007781155395507812;-8.381201967388764
1478632710904;39.60460509282245;2.0175015977167137;-31.403750395937394;-4.6914378973478446;0.004938040924072265;-6.034734629766643
1478632710937;39.81388328121909;2.4476819530154645;-35.488960244194956;-4.465335952990874;0.07032967376708985;-5.017199508722126
1478632710970;40.04965950677107;2.879352747018443;-39.73232995084114;-4.346074709729105;0.05282207412719726;-3.9686888191774483
1478632711004;40.28997160443856;3.2864946916703683;-43.721704009247546;-4.56738887182027;0.16295531396176666;-3.534889113616943
1478632711037;40.5171201269971;3.6778211201317657;-47.23045883019388;-4.179378273010253;0.02079962692260742;-3.042731034851074
1478632711071;40.7547064894732;4.04590507198668;-50.411985569065195;-3.8489784439086914;0.024690204620361325;-2.576610191400349
1478632711104;41.044937591098524;4.523971860883765;-53.90027126610385;-4.10485874633789;-0.14948796615600585;-2.466177347564697
1478632711138;41.164681106380634;4.774188688500714;-54.73261376354922;-3.9092823982238767;-0.32875381546020505;-3.0062194595336913
1478632711171;41.27208232851642;4.9947650598001925;-55.05663632979907;-4.255992726135253;-0.6190507484878413;-3.775955439404398
1478632711204;41.33668215843296;5.3107035370040805;-54.4193107590773;-4.835688510839641;-1.0604816613128407;-4.8376339458189905
1478632711238;41.30674883991431;5.437262756624086;-52.5187611524703;-4.351461517333984;-0.74818798226621;-6.402095020062103
1478632711271;41.31933389419123;5.585811007376833;-51.30585865668198;-4.219032238006592;-1.21939683303833;-7.485022577667236
1478632711304;41.39882653607783;5.749087994887377;-51.410340115339864;-5.181800288335979;-1.2795511314834467;-8.07279937749654
1478632711338;41.460598206743164;5.874456890429307;-51.232230238460886;-7.256226425790228;-1.3811551192352547;-8.049755186517537
1478632711371;41.486756835519515;6.04406987443971;-49.67851311759838;-4.377049255315959;-0.870890872148145;-7.400178348596394
1478632711404;41.62092013192058;6.203178062255564;-50.70527829357786;-2.827551868383586;-0.9955389549808343;-5.40116930770874
1478632711437;41.94240861877108;6.409650058345228;-54.54800537691975;-3.2644939636230466;-0.6371568802764639;-3.2525232475832104
1478632711470;42.0400000823166;6.465516288074629;-55.66864328133029;-3.47638051828593;-0.5708674583435058;-2.217479650115967
1478632711504;42.2298163564025;6.515729069218465;-57.24546176274655;-2.995445552062988;-0.5309142546722665;-1.2976570075437426
1478632711538;42.30089742878246;6.442823347645741;-57.293278118617515;-3.544016715185344;-0.3821744400024414;-1.9291279876708982
1478632711571;42.44064603686893;6.320371709417769;-57.88197123053576;-4.93504817199707;-0.7380126252105459;-2.2264576140806076
1478632711604;42.52033874710197;6.2176365572645045;-58.08995641846049;-7.24590168685913;-1.0055646835658931;-2.2610241928100585
1478632711637;42.498739471802104;6.029577160677129;-56.696049490268166;-9.165752362292633;-1.065419727353088;-3.622426819555461
1478632711670;42.460882904423805;5.9436010505015915;-55.41604506046922;-9.132233539050445;-1.2464812393188476;-4.4285249563355
1478632711704;42.390724423427685;5.724801621681315;-52.899461436929855;-7.609969940274022;-0.9469067223424673;-5.765237341927923
1478632711738;42.45313369267053;5.6377495476792845;-53.24197713699192;-8.25520732421875;-1.0030208534351317;-4.904671592303365
1478632711771;42.483099138177536;5.496033175665035;-52.72491918414927;-10.584017643792926;-0.9193734055339591;-4.991461475549266
1478632711804;42.353878637235454;5.260620917394849;-49.518623842268326;-9.438541494750975;-1.178545785478223;-5.1485809594970195
1478632711838;42.167947453570406;4.769196797267869;-45.826729738474846;-9.128941292572021;-0.2852093092987314;-7.245452920178324
1478632711871;42.109597006191095;4.49941368079817;-44.657692708142484;-10.283096130371094;-0.3815758530547842;-8.952967324420063
1478632711904;42.063104259998426;4.303996191050214;-44.70434664028202;-8.714145854949951;-0.3007715835571289;-10.269479108428955
1478632711937;42.09008738298545;4.1269182689372705;-45.74846072221294;-9.81263550415039;-0.6317699448074213;-9.41025998764038
1478632711971;42.05964705403957;3.9013076545214402;-45.75079014354284;-11.012879016168414;-0.6622960399489441;-9.793631820733845
1478632712006;41.94959462828219;3.673240991067291;-44.781407150946364;-7.827692471081391;-0.7722796456046868;-9.457545470428466
1478632712038;41.88971073529847;3.419018644278254;-44.23279124820851;-9.770287770025432;-0.9621697921752929;-9.41998672414571
1478632712071;41.74753659924638;3.1623984360981567;-42.519122134371784;-8.609250040844827;-1.0030208580017088;-9.72360112991333
1478632712104;41.554505367482626;2.7991188562622784;-40.49942764270778;-6.46449421135718;-0.7885901718139648;-10.738144375665485
1478632712138;41.49017454330663;2.6227911596446365;-39.78639378127054;-7.034314261273294;-0.7164648468017578;-8.672396817370503
1478632712171;41.454381860074164;2.565361446008486;-39.373629172746746;-6.422895140175055;-0.6437409713745117;-8.325237503582612
1478632712204;41.42321042473274;2.4659711891570026;-39.219555617906344;-5.760598612743988;-0.42122985329939033;-7.669376342961285
1478632712237;41.4000521946934;2.4133282563448435;-39.74546961830993;-6.632537075982615;-0.44247838975104964;-7.068132030929438
1478632712271;41.31413782770386;2.2211969281364485;-39.18442749430387;-5.5970451502259815;-0.20335748524321243;-7.443722736026858
1478632712304;41.26394494955298;2.1033897479821193;-38.93595489909114;-5.862651531573385;-0.2240074836952146;-7.6116162096437066
1478632712338;41.22399442119554;2.035782608799245;-38.86695883272846;-5.9316347774338904;-0.13901333389282225;-7.984213623809814
1478632712371;41.1679693513359;1.9026264305701095;-38.83376763268723;-6.0999771273293995;-0.11566988597260787;-7.940369550179876
1478632712404;41.12776885871707;1.8054321952127421;-38.79291945242473;-6.410475127731449;-0.1693897674560547;-7.519888139343261
1478632712438;41.07876991325583;1.696906360556835;-38.65473121703074;-6.370371975929197;-0.1592144012672361;-7.363666645414847
1478632712471;41.01665180286235;1.582007543259582;-38.554598705951314;-6.20262830431289;-0.07930792999267577;-7.4841248799088405
1478632712504;40.95804905243737;1.535191152641092;-38.61854887069501;-6.272359181069769;-0.06763619689941405;-7.6116157621191345
