sep=,
timestamp,gyro-alpha,gyro-beta,gyro-gamma,accel-x,accel-y,accel-z
1478632650987,45.07327753586187,0.356176095342253,12.7048485102682,2.1939865782917245,-0.04698620643892209,-9.533561172209028
1478632651021,45.100508732024444,0.38377974807042065,12.719235218356758,2.0807108528800775,-0.04504091873168945,-9.413252483987248
1478632651054,45.124393762752405,0.40290886899136674,12.613944128417192,2.1950339593196517,-0.05357026214599609,-9.622445917975483
1478632651087,45.132443394514674,0.41279674022372614,12.543517502018792,2.2198738974418957,-0.06299743346614996,-9.693523852826608
1478632651121,45.1572253256359,0.4498324612167459,12.147630900959197,1.9608511962005868,-0.04908113174991449,-9.606285351313662
1478632651154,45.174396941700024,0.4550708271412753,12.006412844706984,1.9343653038024902,-0.0430956298828125,-9.601346939355187
1478632651187,45.20024681059423,0.4418399616097368,12.074252789857473,2.11737211603357,-0.036062662506103516,-9.57875166347075
1478632651221,45.21036661937916,0.44076771398893855,12.114782123013455,2.1468507559402843,-0.04504091873168945,-9.56393762403857
1478632651254,45.229922208981705,0.43793716884117806,12.108458483245174,2.2089502610358873,-0.041150338750646914,-9.30910494923247
1478632651287,45.23313381065774,0.443277945176779,12.056026123766026,2.2608745552062985,-0.0377086738641723,-9.278429368325881
1478632651321,45.23998074932554,0.5162006629947408,11.244397333436162,3.224690361022949,-0.044292730712890624,-9.123105645221099
1478632651354,45.23997455201944,0.6475349044235319,9.095583494349937,3.3660978965759276,-0.05102642744865734,-10.222792029925435
1478632651388,45.24133985164422,0.8744589501641685,5.787520456465192,1.9699790534973143,-0.12015899353580316,-11.024400527136027
1478632651421,45.26886499703994,1.0637864103983687,3.187408381336986,-0.02633621826171875,-0.1922843276811647,-11.222820428112893
1478632651454,45.28754436513063,1.114295416315285,2.5507655165064764,-0.7350198731353506,-0.12464812849846202,-11.404180911608785
1478632651487,45.27014027408118,0.8538399767955941,4.9125384828777605,2.17288757113032,-0.0565630142211914,-14.845247393798827
1478632651521,45.27142520227609,0.8005076654000864,5.205014149967693,1.5518915885925293,-0.12060790977201541,-14.665233356475829
1478632651554,45.27012532115927,0.7747212563937954,5.080516322895217,0.26126729269716886,-0.33144729232788084,-13.885322457940875
1478632651587,45.25097164689442,0.7730890734805139,4.5427292463028515,-0.011222820281982421,-0.5258265487449709,-12.992135601098834
1478632651621,45.217815267240894,0.8103347193018612,3.179856236081568,-0.8147767159393057,-0.7598597701583989,-11.875689001055806
1478632651654,45.17607193177195,0.8086001627535273,2.2024106112046966,-2.2530932902129366,-0.799663381891651,-10.634445150933786
1478632651687,45.09697732174951,0.4728946345445971,5.244296285409889,-0.4390367294311523,-0.08798691158156434,-10.614992335510253
1478632651721,45.078827146353,0.31321744314251776,6.938462639002131,0.6857891014983877,-0.02124853973388672,-10.897508277539163
1478632651754,45.02262786985989,-0.0036616038700217793,9.654869144660356,1.574038013314479,-0.0019452887775241834,-10.479420374242961
1478632651787,44.982722456219676,-0.12950281202672556,10.354605164915572,1.796100155645178,-0.0017956512451171875,-10.044573680380173
1478632651821,44.90864025272279,-0.2309388611584081,10.013471776335832,1.0934019341399892,0.0020949287359253504,-9.414450004942434
1478632651854,44.85510367650237,-0.3013889583443979,9.867935962006202,0.5541079736571759,0.02424129180908203,-8.880991856207325
1478632651887,44.823118307600346,-0.35951947638342735,10.12111631609126,0.28057050704956055,0.09501987838745117,-8.49507647611089
1478632651921,44.737654552921605,-0.6365576491209355,12.2747373947867,1.1655272956848144,0.3453635803443845,-8.188169531603902
1478632651954,44.66730727369157,-0.8062288272533283,13.453282210680111,2.2041619033813475,0.3480570663452148,-8.363096109594776
1478632651987,44.594066285963116,-0.924896896107478,13.731467295487793,2.498798308651708,0.4783914192199707,-8.417414267498627
1478632652021,44.50803824644901,-0.9569577436838812,12.861155569722486,3.1344589590210465,0.39160160903930663,-8.70905795722641
1478632652054,44.37491299414929,-0.8391440084336931,9.649797922013855,1.8161515237670391,0.0999579238781007,-8.513332409900054
1478632652088,44.298188707834456,-0.7479792486077537,7.8630113398649755,1.4191630979896988,0.027682956695556638,-8.011746796771138
1478632652121,44.18169493291022,-0.583186300462891,5.761303270747728,0.9139864883312256,-0.21413142011337913,-5.61170941619873
1478632652154,44.10248008770084,-0.4847890660078132,5.1070760591254,0.8105868904334959,-0.2434603904502932,-3.7618893585205075
1478632652187,44.02530024044956,-0.4082923764293142,5.137778565379476,1.0959457916702142,-0.155473479439551,-2.0810101554870606
1478632652221,43.94172242530355,-0.3374617720814935,5.12958129092143,1.55129303817749,-0.01062426986694336,-1.9571102195739745
1478632652255,43.86919018402809,-0.29095064149979144,4.747171459135533,0.6000467910766601,-0.058358670032885855,-4.670039975738525
1478632652288,43.785700163596324,-0.3286569584429324,5.710863494525809,0.2545335639953613,-0.136619132232666,-8.270021300860494
1478632652321,43.65101783508227,-0.37705873015959995,8.845230030377923,3.768623050689697,-0.021996727752685546,-10.952724553326517
1478632652354,43.60132093092107,-0.29844638054925776,8.738043204981283,4.274398005267233,0.1978209167369874,-10.935216953686623
1478632652387,43.419073808484086,0.2941638790090261,4.920451988637411,0.580893141262792,-0.023642741394042967,-8.136843833514302
1478632652421,43.337334832695696,0.47434021137176585,4.295112658976688,0.2219125298431143,-0.011671737659838982,-8.057386265917867
1478632652454,43.24536308776887,0.5650944242086277,4.709111157432802,1.0962450851440428,-0.019003975677490233,-7.857321081952005
1478632652487,43.16701418244283,0.6719379465087013,4.932172604082849,1.152359186553955,0.02528875503540039,-7.336731420080364
1478632652521,43.08728201812728,0.7348442333055638,4.915211183438472,0.17073650588989256,-0.05731120223999023,-6.959495021001994
1478632652554,43.01348564525261,0.7706023679099173,5.538941261177394,0.3312976547241211,-0.1259948589407897,-6.977152550506592
1478632652587,42.942740336824734,0.7260843861199572,6.495366817562421,-0.012120645904541014,-0.04773439559936523,-7.676259581402689
1478632652620,42.870009727995395,0.6533444000402743,8.287674650241536,0.5345054475646466,-0.0781108245960204,-8.090755451556294
1478632652654,42.77946613084191,0.4599517504433246,11.72579777556429,1.2689269529480487,0.1680430381553713,-9.486724940158938
1478632652688,42.73636176638484,0.34479057289166687,14.130055093621202,3.3099837951660156,0.019901801300048826,-10.131662583105266
1478632652721,42.64422286255405,0.3595062088592669,15.080132833349591,2.3759457994323223,0.016759411621093748,-9.382427110213273
1478632652754,42.59277915114908,0.40182276295336944,14.973707133252127,2.8321910542252473,-0.2400187118640868,-9.400833051498955
1478632652788,42.52962165203153,0.5423167866642756,13.423766878817084,1.1815385192871093,-0.6200982299804687,-8.862137591198831
1478632652821,42.47849487064719,0.5717019423458142,12.851596737830098,0.3320458427429199,-0.6973112426536623,-10.02751499355156
1478632652855,42.44160001882069,0.5758592058890611,12.90908530194973,2.0781670410156248,-0.5699696509872563,-11.475408557128906
1478632652888,42.402953268764136,0.6229372016319144,12.329679200792782,1.8504186446258797,-0.35404257962875996,-12.076502519170939
1478632652921,42.39513208988216,0.6270023477329009,12.176709436996225,2.457498403079249,-0.06883329316291492,-12.802843447820841
1478632652955,42.39341370063127,0.7359967146684704,10.606162557018575,1.1704653366088866,-0.03725976333618164,-12.193369779968261
1478632652987,42.412929537850644,0.6795107882222674,10.948596515888578,0.8224082702636718,-0.02902969512939453,-12.674155108587444
1478632653021,42.394541285075974,0.39660342640253415,13.419771304061053,5.1322705337524415,0.08110358123779296,-13.537713719885051
1478632653054,42.401578836197274,0.2618082564379107,13.7933190423201,7.886350484820455,0.10594342346191406,-16.11522173690796
1478632653088,42.53825334497279,0.40861676703442174,13.796491590907713,4.065204781341553,-0.0429459899957641,-12.668468879644571
1478632653123,42.61183264657962,0.4306259415923033,12.833062828530778,1.2750620947021991,-0.03651157760067144,-8.578424694470316
1478632653156,42.68106997176218,0.36901839035971984,13.186726021734321,1.3416507553100585,-0.04668693123140256,-7.638850034332275
1478632653190,42.69201855226361,0.3060797069341712,13.617625877109356,2.2052094122734385,0.06509235306892078,-7.834875587518512
