sep=;
timestamp;gyro-alpha;gyro-beta;gyro-gamma;accel-x;accel-y;accel-z
1478632441460;61.19652989610688;0.08392255730193499;4.03835171611365;0.727687680783472;0.006135140612506074;-9.801861320401763
1478632441493;61.20622486510497;0.08029111029731595;4.017143406481166;0.692971737303253;0.006733693310833768;-9.702502118185349
1478632441527;61.21555632940351;0.07264248356566252;4.044512257665657;0.7441478217636235;-0.00987608184814453;-9.662698716514651
1478632441561;61.22522718435855;0.06610450147385558;4.0626051038495286;0.8372223747695796;-0.0077811551100967335;-9.742156398275517
1478632441594;61.2344642462388;0.06037208139355477;4.0047618193450125;0.7422025329147465;-0.00823006792137603;-9.765798974131135
1478632441628;61.24570772440004;0.04754008884410846;3.8883715524558857;0.7469908905692864;0.004339490509033203;-9.850044827458518
1478632441662;61.25265287325988;0.041827640508266414;3.7489953035611587;0.7062895217121345;-0.0008978256225585938;-9.863362377830315
1478632441695;61.25962880675916;0.03773144978885063;3.5863595303387843;0.609773271853663;-0.0029927517897842333;-9.841815019546635
1478632441729;61.26703266195104;0.03473746345554092;3.40544600169521;0.5922656174148433;-0.0026934768676757813;-9.759813146895402
1478632441764;61.271333329286456;0.029539256229541403;3.3199682733547613;0.6144120101707522;0.0008978256225585938;-9.81757326651325
1478632441798;61.27644677562973;0.027053657827016946;3.2148350832662005;0.5572504295515013;0.0037409398085830616;-9.832387407551774
1478632441832;61.28084429185936;0.018814292035253595;3.0564142595803188;0.5805939071544679;0.024390929127430717;-9.900772144096438
1478632441866;61.28357145134088;0.014526615159025914;2.9575830121570594;0.46447511293715793;0.030077157784890732;-9.89508564115893
1478632441900;61.28527979911443;0.0066880590106866795;2.9063851016234903;0.440982013713452;0.023942017172384658;-9.927407801962458
1478632441934;61.283858067482484;0.008856899611898027;2.9095221323563982;0.4390367157314205;-0.0047884033203125;-9.883713439001514
1478632441969;61.280904217050654;0.01737220165276929;3.0099391168817027;0.5071218322919798;-0.006584054565429687;-9.766547081093186
1478632442003;61.276176057338304;0.018014572247085317;3.0618837510363415;0.582838448377978;0.008080430317616264;-9.835080884419451
1478632442037;61.268761492957985;0.03716017701869211;2.751006473505641;0.9407716148376464;0.007032966805886826;-9.848997172435954
1478632442070;61.26457197947129;0.05971191261810885;2.338300020047991;1.2412439231872558;-0.003890577697753906;-9.839420479959761
1478632442104;61.246588383024566;0.13604574013271742;0.40030626486991155;2.400486416681274;-0.019452889059591687;-10.103381240391451
1478632442137;61.33428748961376;0.6592613215908492;-12.315224458810608;2.8143837592527268;-0.05282207412719726;-9.265560242141596
1478632442170;61.52041603807904;1.0133203030160307;-22.12977501250493;-1.5370774658203123;-0.5431845016479492;-8.459312869616598
1478632442204;61.68486500554725;1.1511426492855659;-29.061536477822795;-6.7182794960021965;-0.040402153015136714;-11.212345649719238
1478632442237;61.77490175160032;1.140775906176578;-30.883937900293;-8.22602828374654;0.12195464706420897;-14.097957200622558
1478632442270;61.83895600905055;1.1191143843387634;-31.42521239153228;-7.938723792266845;0.318578458404541;-15.73768606262207
1478632442303;61.95493126809184;1.182761052134767;-33.37395484238544;-9.980828170776366;0.28984805674897507;-14.316727377319335
1478632442337;62.10212239906047;1.2558251155892155;-35.27512109134948;-11.802366721343994;0.08289923248291015;-11.620557032775878
1478632442370;62.18113311002072;1.318254664075128;-36.155548109644954;-11.430666913604735;0.05940612869262695;-9.613019232995807
1478632442404;62.24465142823075;1.39877752892345;-36.09886431730151;-9.299976781408489;-0.03651157531738281;-7.075015397235005
1478632442437;62.24858433851918;1.410119885266559;-35.76936379277163;-8.42010796356201;-0.05551555099487304;-6.712293991851806
1478632442471;62.255803008734354;1.4370455883174935;-35.37507943576997;-7.810633711187541;-0.1271919723289553;-6.727556735174358
1478632442504;62.25042143977572;1.4596658469832526;-34.99887746548177;-6.840683055877685;0.014963760375976562;-7.168988104657084
1478632442537;62.270502759063014;1.5043015762819352;-34.88070514773462;-6.4357637001037595;0.03336918563842773;-7.376834809344634
1478632442571;62.29530075400981;1.5849984495061276;-35.37523682327319;-5.654206687462748;0.022146365356445312;-7.68493827015981
1478632442604;62.3957228953331;1.7664582502106019;-37.7065633314341;-5.446509245919622;0.0502782531295903;-7.645583744767773
1478632442637;62.44689709730798;1.8520759938589069;-38.80786705887314;-5.596296779544092;0.023792378997802732;-7.416488500346336
1478632442672;62.582338039317165;2.1152129956336023;-41.92994624350477;-5.537339307934418;0.04159925384521484;-6.4827498346190895
1478632442704;62.67039376919066;2.3092536297177375;-43.92437905650823;-4.926817957659811;0.015861585998535155;-5.988197481127828
1478632442738;62.7835056986994;2.5376970666267566;-46.12302073539212;-4.585045816802978;0.0017956512451171875;-5.178957319995016
1478632442771;62.891522525502815;2.78970394200938;-48.37157552572526;-3.453336619567871;0.022296002960205077;-4.355950499316305
1478632442804;63.119371236109565;3.207553216326588;-52.6977180047943;-1.530942324066162;-0.08245031967163086;-3.206734140832722
1478632442837;63.22838399803241;3.3578021240362554;-54.594563726544095;-1.6482582054138182;-0.25139117431640623;-2.94292275314331
1478632442871;63.4902148235524;3.8166953277512867;-59.51779082713811;-2.1315876655578614;-0.6754641091222525;-2.75033901097402
1478632442905;63.59874882323172;4.0697402325499334;-61.24076137495959;-2.664896085357666;1.0428244606018067;-4.558410186336422
1478632442938;63.670893925606826;4.292866969977537;-61.25179050315202;-6.307524419812113;-0.46028526916503903;-5.818359020056203
1478632442971;63.70476323194156;4.537752598273296;-60.08527249779704;-7.19008700678721;-0.4269161200592294;-6.955454951830953
1478632443004;63.825121311635364;4.991964349014202;-58.491647592428436;-8.911667382314986;-0.6985082978179677;-5.4700025323729955
1478632443038;63.84036506771083;5.211592254359476;-56.542161936061405;-6.022314708654582;-1.0052653946586418;-4.623053914288431
1478632443072;63.889424746937244;5.426015133804718;-55.57225556113347;-3.0385411819458006;-0.7589619445358402;-3.4144306964598594
1478632443105;63.9810375541833;5.618118806975523;-56.06690995355299;-2.8947394447326658;-1.2220903099060059;-2.495655955505371
1478632443140;64.066261862756;5.766632456033495;-55.8995451316981;-4.09842432937622;-1.069609619074268;-2.1698945998594166
1478632443173;64.08737210117512;5.917057991578042;-54.279093567847134;-3.527856438501179;-0.8031050559112801;-1.9051862633302807
1478632443207;64.07428823979701;5.987123824352465;-51.3306406290169;-3.5277065086364745;-0.6260837341308594;-2.0298338027402756
1478632443240;64.0156750964067;5.955842133741068;-46.80941731070104;-5.087529182489216;-0.4688146491119638;-3.047220162963867
1478632443274;63.947319342421025;5.861746047849236;-41.71071609124593;-4.4458828453063965;-0.479438882446289;-5.014805014801025
1478632443307;63.9320059302947;5.784935802275448;-37.66305903275819;-4.894945367254689;-0.669628240292333;-5.865644722039997
1478632443341;63.88335163674203;5.544293077907528;-33.041524798581044;-7.2052002586364745;-0.8737339729198487;-7.678653381204046
1478632443374;63.8375430823072;5.435365815921063;-31.188963255470075;-5.136011309449653;-0.8710405051853275;-8.889071994549408
1478632443408;63.826688791484116;5.2267004711089715;-29.756411240670772;-5.340117128842137;-0.9762357086624018;-8.616881531237112
1478632443441;63.82964481746427;5.063546301455566;-30.150713377053442;-8.67898131032735;-0.9549871963279787;-8.213159121029637
1478632443474;63.715683104509935;4.747783671649942;-27.385598331493128;-7.697507975006103;-0.5437830155303701;-9.726294825976714
1478632443507;63.57320470789529;4.431062467205616;-24.802578023071995;-6.063016283007711;-0.10788871231079102;-12.314426601409911
1478632443541;63.4544201762368;4.2024267922148475;-24.301652100564414;-6.074837799835205;-0.4966472068786621;-11.824662724304199
1478632443574;63.224108952268296;3.8129031736999157;-22.551188175128516;-7.0832456115722655;-0.907851342010498;-11.16102009776011
1478632443607;62.9938919759678;3.42908741383801;-18.905419118092173;-4.5943232021056115;-0.7064391090835445;-12.891279856164752
1478632443641;62.7827258486331;3.089964788393577;-15.363641578287838;-3.916315511731058;-0.7938275062118656;-12.769025933893024
1478632443674;62.45597723942213;2.5773303643221466;-9.334634289515703;-3.9740754806518552;-1.04057989654541;-11.806406790515034
1478632443708;62.19696377999512;2.122043817746682;-3.4213907346906933;-1.9123685395171865;-1.4196119468688964;-12.462568121393025
1478632443741;61.947512429462876;1.6178537828471313;4.359071646202779;1.8139070327758788;-0.9424176102126948;-15.680973410797119
1478632443774;61.87939115684083;1.2642902167199475;13.366026023424316;3.72193611831665;-0.9849146896804682;-13.083414247131348
1478632443807;61.75056456272636;1.0193318567066776;19.746723561387643;5.8177603965759275;-0.7680898200988769;-10.564415117700397
1478632443841;61.638994116993736;0.9619480143269383;21.508470562479975;4.894346743774414;-0.39324762268066404;-8.51213483414594
1478632443874;61.47921254621749;0.8939461763090017;22.659117089498345;2.103156666973978;-0.1363198593084351;-6.713640584155172
1478632443908;61.39932216473984;0.7561226474879931;25.202275231642545;3.396474403204396;-0.026485855865478514;-7.129333701269328
1478632443941;61.2619651191071;0.5866889741243746;27.890583970289565;6.1206270527161655;0.5509656479103024;-8.57273805453549
1478632443975;61.147127286516216;0.5541858167455207;27.627960368602405;6.076483813476562;0.77542207181626;-9.095871601336821
1478632444008;61.04548083100992;0.5678142607546909;26.59377107809676;5.149179436846822;0.7223007407478522;-9.163807036911138
1478632444041;60.94841202739908;0.5903456664099989;25.502267175108972;4.316745629794337;0.4290110008460935;-8.98903031571973
1478632444075;60.85182637120474;0.5990745649501004;24.66628551543454;3.7870283298216756;0.15726911241835914;-8.673593972999509
1478632444109;60.76739972970175;0.57927904060113;24.34258448719098;3.759943978340085;0.01705868682861328;-8.772205354806594
1478632444142;60.69849463778848;0.5407037207909581;24.546763431637757;4.160972747283103;-0.03067570877075195;-9.128642200027592
1478632444176;60.64063361540802;0.5136082833071983;24.894198886256373;4.733635811205953;-0.0661398208618164;-9.320178150177002
1478632444209;60.57795039700873;0.52552039036222;24.884711072844667;4.621108552374318;-0.14200609053459484;-9.127744447470269
