sep=;
timestamp;gyro-alpha;gyro-beta;gyro-gamma;accel-x;accel-y;accel-z
1478632331171;64.02894032765018;0.0005249745734181162;34.36931313674474;5.605873604451026;-0.011372457404110992;-8.028506354522705
1478632331204;64.01972883960636;0.007436835955942773;34.22225700829305;5.61634833717891;-0.007631517934453586;-8.110358097378771
1478632331238;64.00815691467105;0.023776900615664624;33.91134650122358;5.526416064254055;-0.011073182963633734;-8.291868628471438
1478632331273;64.00247040712681;0.03645402074398204;33.79276649847052;5.490353534178691;-0.010324994374012748;-8.289324533479194
1478632331304;64.0020345416186;0.05022373707000456;33.77817776327382;5.468656158123695;-0.02214636592726747;-8.283189400858198
1478632331338;64.00209028128613;0.061892584291898825;33.84272715129733;5.444564025569404;0.007032967376708984;-8.192509186509717
1478632331372;64.0030100093578;0.0649143698431229;33.99683392069521;5.508908672393427;0.027234043884277342;-8.133701650187557
1478632331405;64.00501114527188;0.06729804055691185;34.184395674114924;5.6510639507239215;0.04324526520328363;-8.09135435816436
1478632331438;64.00503340554113;0.07686618878252421;34.280405054271824;5.707926249285787;0.021847089007281464;-8.031499334926764
1478632331471;64.00491054669644;0.10657799921063627;34.15379456929161;5.575646945488872;-0.0073322425842285155;-7.935132617640774
1478632331504;64.00106393442692;0.14938795632448493;33.87732095894129;5.4955908229108195;-0.03890577697753906;-7.811681576272658
1478632331538;63.99403329182403;0.2093399414345484;33.4780612634017;5.401618426586818;-0.05835866546630859;-7.539939724377542
1478632331571;63.98534358119318;0.2771830843803615;32.71436617275476;5.54377387102656;-0.07855974425716558;-7.371148434271291
1478632331604;63.96448291435974;0.3591403836720631;31.078066746350473;5.980715674005076;-0.09247604140682378;-7.815422479834035
1478632331637;63.91237497367906;0.5088317230101211;26.909741921020967;5.997026392010599;-0.12823942642211913;-9.681702600860595
1478632331670;63.91871540606292;0.6045262082751243;25.084661258120995;5.205742670263723;-0.08200141142692882;-11.090839769335835
1478632331704;63.950515790799116;0.6531387503636117;24.80195164196574;5.132569662829488;-0.030974983978271482;-11.43784981084615
1478632331738;63.94593215074156;0.6112954743292893;24.742571507909357;6.493074756213277;0.25737666020048783;-12.512098168237507
1478632331771;64.01908932291481;0.5320102532832574;26.053911651778755;6.088604459381103;0.25588029329604467;-13.734038548278807
1478632331804;64.078812949816;0.453912964852824;27.302485155692217;5.3067481258668;0.09457096557617187;-13.484144042260944
1478632331838;64.1053803143747;0.36870871454762544;28.678707484142816;4.859481054234225;-0.04578910789213259;-12.809577432250975
1478632331871;64.13616289497904;0.24218676117465765;30.431241323305922;4.885817473425344;0.052073881541821174;-11.919383619745075
1478632331905;64.16898785671889;0.0833782398907348;32.79335560700699;6.023213045733794;0.07496843720035394;-11.337592031805217
1478632331937;64.1824898376399;-0.1002037704829905;34.86173115222804;6.904578458813577;0.17208325117359635;-10.382904119817912
1478632331970;64.16590389184664;-0.18524175462979162;35.12257438121215;5.712565024135494;0.09322422714233398;-9.49405719187632
1478632332004;64.13997570863863;-0.28485402256238906;35.41853956141809;5.591807751895999;-0.021697452545166016;-8.634688506549224
1478632332037;64.07316730050533;-0.4075358007875022;34.90329164679588;5.641786834849347;-0.049530046844482416;-8.178443452685698
1478632332071;64.00784832298618;-0.4464591365671574;33.57868031328622;4.671685697118938;-0.05162497329711914;-7.65351455603335
1478632332104;63.93981804658735;-0.4677627138081707;32.02143179113356;4.226214916052297;-0.06988076095581054;-7.2304887214109295
1478632332137;63.866260454303074;-0.4738837392855797;30.208253148963916;3.938312020288035;-0.05940612869262695;-7.092074084063619
1478632332171;63.80675047796658;-0.46146312509726795;28.169573264931493;3.3089364780701693;-0.06075286712646484;-6.840234289196879
1478632332204;63.72306058628104;-0.4622356718436186;25.657185245160246;3.2754175086975095;-0.07092822418212891;-6.728903619738668
1478632332238;63.694687582353474;-0.4629052256152547;24.841484151666336;3.384353757299855;-0.08783727340698241;-6.758831432751566
1478632332271;63.60790974404622;-0.41273782349877225;22.027813455485724;3.183839331729151;-0.0613514175415039;-5.6160491989687085
1478632332304;63.54361421204681;-0.3347375947497939;20.039552138603618;2.685994987487793;-0.17552491377678234;-4.004751189422607
1478632332338;63.4862901955579;-0.2586126392312333;18.563186653822996;1.9422960237365214;-0.2533364631652832;-2.3478140029907224
1478632332371;63.43577194042175;-0.21551775123887873;18.329858566982963;2.088192687402293;-0.16460136185245355;-0.8864531646728515
1478632332404;63.358330751607134;-0.22551297011464871;18.97462124655508;2.5176526832580564;0.4622305625804933;-2.8444612098693844
1478632332438;63.327621631593416;-0.25951372957003843;19.362909181776214;2.0054430194579065;0.5330091491588624;-5.481823976135254
1478632332471;63.27792532855547;-0.2579347029939478;20.19810308528753;3.7544074783325194;0.5614402984397951;-6.771250915472209
1478632332504;63.22687469267777;-0.2252579291155267;19.694259041804045;3.755754180233739;0.33354220964736303;-7.881113168688863
1478632332537;63.18743335678074;-0.17638782744462636;19.149331360972297;3.1742624109240944;0.2437596656578127;-7.979425074359029
1478632332571;63.09757307513179;-0.10434629991631214;19.8403290021345;2.2765866497315463;0.02154781465599517;-8.245930011981352
1478632332604;63.04424281175358;-0.020619500742879177;21.16944191037657;4.296843865026906;-0.06988075867252191;-8.474276556927338
1478632332638;62.96663990496476;0.10328664765579759;21.00571932636072;3.4271499293120575;-0.03591302490234375;-7.8350250789918
1478632332671;62.848855019012206;0.35094540323576645;20.250777584199128;2.386719926098734;-0.12330138549804687;-7.253383859308063
1478632332705;62.72709337364263;0.5651683486660585;20.11228366677467;1.4079402137756347;-0.4773439742599614;-7.128436021777242
1478632332738;62.66235820079347;0.653005048978649;21.0557495733032;1.6888101421631871;-0.2798223098976072;-7.708730795288085
1478632332771;62.57494345254905;0.7003614451707204;22.252544417225856;2.4539070640563962;-0.17238251953125;-8.095993059948832
1478632332805;62.52017643333442;0.7573399096072286;23.299069449313603;2.3605331993103027;-0.2769792045593262;-8.649951322937012
1478632332839;62.443600999051206;0.786271825299371;23.94434430779337;2.546831869860738;-0.25917232971191406;-9.01476778263701
1478632332872;62.38176460538355;0.7758624004271719;24.886022625455766;2.699761647033691;-0.1656488250787719;-10.036194230297951
1478632332905;62.3236682623481;0.7654337969231477;25.56574862539844;4.0197148219344205;-0.13617021599645376;-10.939256730596721
1478632332939;62.20187868344327;0.7665216565201604;25.290784326877816;4.315698120902246;-0.05746083527717273;-12.460323265075683
1478632332973;62.14832105070365;0.7840312675551154;25.98191303672289;5.575497262219339;-0.042646717071533204;-12.560281184387206
1478632333006;62.11097485210722;0.7920494591166268;26.719477533601154;5.759850643920898;0.012419921112060545;-12.653355481664835
1478632333039;62.061761600918096;0.7597163656726464;28.259200777880267;6.281636822100729;0.051774610900878905;-12.25187808303833
1478632333072;61.87367857275197;0.3906399435279289;29.844123030843583;13.04570586324483;0.8984241638404782;-17.194557772827146
1478632333105;61.903933931252105;0.6167761306689372;29.82891485111629;12.159102768707275;0.8857050040535163;-16.44517265319824
1478632333138;61.92088350034244;0.8111189765603672;29.89957591783776;2.305915473937988;0.049530046844482416;-8.263138391212653
1478632333172;61.88481034036382;0.7794744925555381;31.30654954069827;4.19299514882192;-0.05192424850463867;-7.150582241003215
1478632333205;61.83898529639265;0.7317984382709404;33.230415421069885;5.877166744464263;-0.07272387086066882;-6.353462871905416
1478632333240;61.859420737388724;0.715439372654286;33.769735820288155;5.820902603591792;-0.032920272827148434;-6.160580439050495
1478632333272;61.858387007182934;0.6901537939237713;34.95055167903341;6.132298566613718;-0.08514379425601801;-6.584952391052246
1478632333305;61.90614935063355;0.643022968105484;36.64634962925695;8.00905317377299;0.015263035583496093;-8.740182724938913
1478632333339;61.91723148565478;0.7850647642401718;35.41894039579038;6.902034546484425;-0.04683656997680664;-8.770259883294626
1478632333373;61.91787488953142;0.9220125886937609;33.895671591620804;5.372738318258011;-0.06763618776625953;-7.998578733306052
1478632333406;61.922912736849206;1.0193012841837914;32.877125849230325;4.632480644933879;-0.06733691255874;-7.62747743031606
1478632333439;61.964897111151;1.05476540078203;32.7975731172749;4.7198690420622;-0.05761048658066429;-7.6451349232880395
