sep=,
timestamp,gyro-alpha,gyro-beta,gyro-gamma,accel-x,accel-y,accel-z
1478632491035,61.1611894945981,-0.047454167283111415,-1.235805869438312,-0.23104045563850084,-0.012719196890402235,-9.902567777075246
1478632491069,61.17266617430459,-0.014250603475241123,-1.2955756998723136,-0.321421563742822,-0.01975216369628906,-9.888950956062507
1478632491104,61.20001208595409,0.042973912655814066,-1.285970648928367,-0.26021978837165516,-0.013766659545898436,-9.944616053329593
1478632491138,61.21464110725915,0.07860090150274122,-1.306394271757656,-0.1999158409063355,-0.01945288848876953,-9.816825161834485
1478632491171,61.23203270620107,0.11200592009451411,-1.335125184171047,-0.26186579972972396,-0.019452887721727256,-9.71447314475244
1478632491204,61.251913084082204,0.13989036467123125,-1.309940593519403,-0.18644845885124522,-0.014215572357177733,-9.78465302793543
1478632491238,61.27444017873231,0.16881975994593976,-1.32603261123153,-0.17133505173835437,-0.01750759963989258,-9.87413643143149
1478632491271,61.31480632566478,0.22180068158201605,-1.516253711141336,-0.36840778045654293,-0.01840542526245117,-9.78046345359137
1478632491304,61.34128859145555,0.25139788478257635,-1.6289390338531844,-0.3601777213829104,-0.020201074224279726,-9.754576323954154
1478632491338,61.36940671330241,0.2757518783940079,-1.7060986211837321,-0.31753099061164536,-0.02768295897884527,-9.723301626376946
1478632491371,61.41682644853679,0.30704384100434023,-1.8479422590822678,-0.31079731157136553,-0.02454056701660156,-9.767893947391189
1478632491405,61.45002252989979,0.3262975325051358,-1.971460168913746,-0.3113958397243405,-0.025737667846679687,-9.757718243275653
1478632491438,61.48392938469873,0.34194940228820403,-2.132854325510786,-0.41808746490478516,-0.027084403997228945,-9.750236358521086
1478632491471,61.51873425898869,0.35180074499066627,-2.296311442324579,-0.5153519073486328,-0.022595275884435977,-9.797522396790486
1478632491504,61.55187154270922,0.3599120209127646,-2.4125560066966747,-0.5297171081764157,-0.022146365356445312,-9.834931242249114
1478632491538,61.60108807463215,0.3660670415882365,-2.5332682061883816,-0.5090671279907226,-0.031124621582031248,-9.820566313132678
1478632491571,61.63505783107046,0.3677381430026082,-2.542908282476248,-0.5219359619140624,-0.027084406280517576,-9.857676514213624
1478632491604,61.66589589600338,0.3687506484086535,-2.4953398788272523,-0.3896563293235842,-0.03576338501529535,-9.897479943283786
1478632491638,61.71543252313903,0.37683459023481664,-2.566442619266411,-0.2741360900878906,-0.031124619298742617,-9.83822330149787
1478632491671,61.75353022580551,0.384460736588861,-2.7627693071742216,-0.26021981120454146,-0.02977788314819336,-9.776572806253313
1478632491704,61.7850021098149,0.4053528607185939,-3.214989659026366,0.00613514175415039,-0.0469862075805664,-9.693524218152788
1478632491737,61.841532519735836,0.47520584351250494,-5.112140336083721,0.5059247383117675,-0.04459200363712152,-9.687837760881054
1478632491771,61.89196765291207,0.5441078997476868,-7.503778926818938,0.8773252708435058,-0.03127425461921375,-10.023325195445214
1478632491804,61.97489891677386,0.650859259552939,-11.434786268116504,0.7103298511780798,-0.022296002960205077,-10.553042440618947
1478632491837,62.11206046345125,0.8100189781459306,-17.21025282289925,-2.052429300103709,-0.023942016601562498,-10.466551905645803
1478632491871,62.275224540589264,0.9170927947815897,-22.91925240296847,-5.868637181854248,0.02483984222412109,-11.263821277673541
1478632491904,62.35016533503464,0.8751025233852923,-25.448239501800643,-10.06163247680664,0.06030394518203102,-13.612532814025878
1478632491937,62.36607594287333,0.708315073481496,-23.648914844491994,-8.679130655670166,0.43080666122436523,-16.96965245437622
1478632491971,62.36444781678931,0.6382434720808738,-21.633289674183782,-7.556100439453124,0.09083002548217772,-16.128090570831297
1478632492004,62.391780533016906,0.7120198117918991,-22.42539785420224,-8.047659967803954,0.03187280046767555,-14.312537524414061
1478632492038,62.44525399035223,0.9270824918495431,-24.82780949765555,-7.834276744842529,-0.00613514175415039,-11.470021603393555
1478632492071,62.45862489447341,1.0191602942996383,-25.796711157586813,-6.7757403358459465,0.030974983978271482,-10.716446630859375
1478632492104,62.57489211007944,1.4223223178265403,-31.448593434870677,-6.109254302569479,-0.127042325592041,-8.202385451020952
1478632492138,62.71684015446843,1.7885476617975646,-37.50344269729085,-5.571457119983062,0.053271005204785615,-6.650792644445597
1478632492171,62.92445620764473,2.1961733660684106,-45.133520689432906,-6.153696963147073,0.0143652099609375,-5.033210732324421
1478632492204,63.180410129885345,2.6077363476692503,-53.20798920313078,-6.66111785830073,-0.030226795959472655,-3.6831802712038155
1478632492238,63.41885808928017,2.9823920844256566,-60.565312354064346,-6.768258455657959,-0.15367781906127928,-2.6824038311280307
1478632492271,63.746702611766835,3.475848504278986,-69.40325918979129,-6.956352923583984,-0.24256255569458007,-1.343895319366455
1478632492304,63.88598135965747,3.765585741791833,-73.21069860171173,-6.639271133477985,-0.31543606872558594,-1.227626901245117
1478632492337,63.95889929811418,4.043978577957518,-75.41202795303563,-5.344755931091308,-0.397736732527148,-1.2632407240051775
1478632492371,64.02597715655406,4.325310615328412,-77.02656326047678,-5.111770474298298,-0.5992986304573249,-0.8215104446411132
1478632492404,64.06953027296187,4.589659625540968,-78.42107104986249,-5.369895048522949,-0.7359177718231454,-1.2192472684998064
1478632492437,64.13734991366424,5.0200618032530535,-80.72448739889192,-5.706280381774902,-0.7712322189109865,-1.4668974661896004
1478632492471,64.24435093650374,5.273659758920051,-82.87226296627283,-6.160879129736125,-0.7206547179733402,-1.7280150482177734
1478632492505,64.34746620335723,5.552902650394098,-85.82537942106781,-7.129633268737792,-1.005564715531934,-1.5786767196655274
1478632492539,64.48235060307705,5.7443426014997865,-88.29623448232054,-9.050381696728616,-1.196352642059326,-1.1481693336486816
1478632492572,64.40542979754457,6.010448985659636,-85.93419775805296,-7.423521522521972,-0.5737106093475595,-2.561197152886912
1478632492608,64.32898599759214,6.094645301758004,-83.51229735974863,-3.203142546081543,-0.746392404086329,-3.1823429191589354
1478632492642,64.41236762979094,6.037513613227885,-84.30022334830025,-9.014768020099028,-0.761056889254786,-1.9933225196838378
1478632492675,64.40577775889764,5.929173622305876,-83.06204082035421,-10.254664802993647,-1.1496656822868156,-1.6844704689910635
1478632492710,64.33073471675587,5.837539467942294,-80.81994600515742,-8.536975151294097,-0.9674070900405757,-2.0823568573882802
1478632492743,64.31442516748054,5.810827825080246,-80.19176589109333,-7.508067060907185,-0.8553285339576657,-2.16420866317749
1478632492777,64.3458795612571,5.68309372510304,-80.48720573984544,-6.753294695281982,-1.355417451388575,-1.4239514008453116
1478632492812,64.36478547782929,5.608648503595663,-80.80135338437819,-5.874921668951213,-1.1682207908187991,-1.0845733520507812
1478632492846,64.35667758038805,5.546783755698299,-80.80862732315735,-5.8463411788940425,-1.5277999343872068,-1.050156703186035
1478632492881,64.3206314667111,5.496428984054384,-80.17834044343255,-5.2025999152585864,-1.068412463445263,-1.0860696915557608
1478632492915,64.27345372074362,5.413260174386799,-79.74350943846844,-5.014954652404785,-0.8444049797500484,-1.422455061340332
1478632492950,64.24875749165096,5.193771965817694,-78.61194284169099,-7.707683332061767,-0.38411976538393644,-1.4493897934844717
1478632492984,64.23687972707732,5.022979249400875,-78.06786134841306,-7.8104840735837815,-0.5665279861007817,-2.0005051246643064
1478632493018,64.30153235779729,4.8629676855475505,-79.59455206791284,-8.65892950609736,-1.0416273415054194,-1.4604630309616216
1478632493052,64.42111074812185,4.7056836179602035,-81.7499337901438,-10.251073792764357,-1.0226234023605474,-0.6275800371032207
1478632493087,64.49854424116747,4.564422882925614,-84.1298914516998,-9.523834764497261,-0.8818144080894533,0.3046620881896466
1478632493120,64.39039980453613,4.176107011181305,-80.62235615816628,-9.493608242532424,-0.62159463341753,0.2587234169006348
1478632493154,64.28288596752067,4.034849627863732,-78.2999450337643,-10.36150623474121,-0.7652467421600595,-0.061949967956542965
1478632493188,64.18967632319341,3.837370275472147,-76.7771565397363,-10.992827285003662,-0.4668692871978506,-1.0423755477905272
1478632493222,64.10046411634889,3.6734445042731063,-76.01245607011961,-10.729165827178955,-0.8975263290847652,-1.345840608215332
1478632493255,64.0653955004268,3.492186771491206,-76.26379653202346,-10.838251640319823,-0.5774515106256469,-1.6247651746887712
1478632493288,63.95661390942098,3.28751536952312,-75.93471798272697,-12.259359963226318,-0.3850175544738769,-2.0669442207336424
1478632493322,63.87926537329948,3.11221082734,-74.93321736817155,-10.332177118273824,-0.42078096003876997,-2.350956264805514
1478632493355,63.74541638921595,2.7372940103087036,-75.95839922388843,-13.190854046630859,-0.853532891845703,-2.4289176527271743
1478632493391,63.63842495895661,2.5511150308062778,-75.1774177089672,-12.616395285797118,-1.0766425590515136,-3.094355935082957
1478632493425,63.50479760030459,2.395490752799539,-73.53984943488359,-13.477709625299275,-1.3593080290863289,-3.0288148655655793
1478632493458,63.359977205887326,2.3046430340996804,-71.41809452857969,-11.906365148217976,-1.2520177941253408,-3.9987656852722164
1478632493492,63.24314750079737,2.2057696764923844,-69.9445481539128,-11.654674552563577,-1.191264963531494,-4.2395325166564435
1478632493527,63.12391950544899,2.1677563522380106,-68.76519526125425,-11.862371400451659,-1.0351929793426766,-4.60928710861206
1478632493561,63.00335994508616,2.129599144974506,-67.25803123014396,-11.455507048089801,-0.36496612873465434,-5.926098021697998
1478632493594,62.87454020523537,2.126281833400672,-65.3543288574433,-9.298780228567681,0.061949967956542965,-4.904671738433837
1478632493627,62.78872461511758,2.1372505528782275,-64.24924236839074,-10.075100153405964,0.06209960556030273,-3.481917255755514
1478632493661,62.71114864298131,2.142920201739132,-63.09304323512385,-9.863512143298237,0.07796119155883789,-3.232621300152689
1478632493694,62.35199657687501,1.997409424218791,-56.454913607359046,-9.249399271337687,0.07107786178588867,-3.2725742480956015
1478632493728,61.87171857008198,1.8579761329929039,-46.62809914962285,-7.495646628338471,0.06419453201293945,-5.467458912304789
1478632493762,61.53866791205275,1.7268838128816106,-39.948204556316284,-6.802824559463374,0.08753797993315383,-7.565826710167573
1478632493796,61.24547117023737,1.6116071675233539,-33.29408244659557,-5.670666559014841,0.030226795959472655,-8.790610816601664
1478632493829,60.97855310091768,1.5103928606586445,-26.904744611236914,-6.640318304443359,-0.07541735229492187,-8.264185580444336
1478632493864,60.690649772793805,1.2840290742081715,-17.53729097285518,-3.710114601489156,-0.04025251541137695,-8.232013349505513
1478632493898,60.45441678116945,1.0337857584715353,-7.886667042314336,-0.46148236999511716,-0.057460848976904524,-8.732551061016693
1478632493932,60.296306870070865,0.8101287591856768,0.2611141456531739,0.5039794403297361,-0.09068039244499522,-8.877699901989846
1478632493966,60.151404571010794,0.6226368860267462,8.520331591829066,3.5187282524108885,-0.18555062866210936,-9.607332684392528
1478632494001,60.11781710798757,0.6079974566967155,11.238364455702325,2.5424925985474136,-0.3453635803443845,-9.690680637890473
