sep=;
timestamp;gyro-alpha;gyro-beta;gyro-gamma;accel-x;accel-y;accel-z
1478632357958;60.378579535297405;1.8713423614151201;13.065852499566127;2.234987295421632;-0.34072483289414085;-9.552565062263195
1478632357992;60.381457542017166;1.8792188657563234;13.136795798885611;2.3237223761848638;-0.33234511680879514;-9.462932597693754
1478632358025;60.385499350654364;1.8781528399530754;13.093119985655228;2.320879234313965;-0.3182791717805783;-9.473257409690087
1478632358058;60.394335120606165;1.868531031940052;13.048276964786671;2.431760680433642;-0.27293897099150344;-9.621398806375614
1478632358092;60.40547583654097;1.86031365581535;12.914873817379654;2.3843255235091783;-0.2807201537864748;-9.629478880785614
1478632358125;60.423221677257835;1.8593193290619414;12.710862747993996;2.2604255784629377;-0.2844610961637576;-9.582942060940363
1478632358159;60.44280591822582;1.8595609838696878;12.543236351457985;2.178723487909301;-0.3049614273292478;-9.570073193909337
1478632358193;60.46319629794071;1.85631004441402;12.408367509202428;2.275539022108447;-0.2979284553859616;-9.682002122663286
1478632358227;60.477848383553386;1.8663866365007722;12.176013814346947;2.631077986907959;-0.2991255653491942;-9.603292366343027
1478632358260;60.52831416136576;1.94540560215627;11.115297255746786;2.749890244293213;-0.2570774169590091;-8.636483646337688
1478632358294;60.56594236186725;1.9915990663335306;9.951896103795665;3.1976059547424316;-0.25827450408935543;-8.80722015222758
1478632358327;60.59006790937802;2.0265017834661445;8.918267951285934;2.8796260467529295;-0.2790741401451174;-9.440636622133013
1478632358361;60.64959498466828;2.101864079068719;6.3765379473802355;1.3739724594558589;-0.3366846038928954;-10.97157903753072
1478632358395;60.749366364185136;2.188545329325544;3.913777758555286;-0.41404724960327144;-0.5784989578689448;-12.49144817891866
1478632358428;60.780814003374836;2.1379658393866086;4.107146932897575;-0.745045629119873;-0.7704840217590332;-13.146411678314209
1478632358462;60.81799617361461;2.0363923852344534;5.751099183978953;0.7438485282897949;-0.6265326469421386;-14.517091836492716
1478632358496;60.87955661043297;1.8984859371968525;7.837231247073235;2.849997801208496;-0.5684732566833496;-14.275876019231974
1478632358530;60.92332423606778;1.8651922126146696;7.826315489131168;1.7808371588775886;-0.46372693405151366;-13.14536421508789
1478632358564;60.97905008938426;1.8170549255718649;7.749982826219584;0.03516483688354492;-0.5627870094741694;-12.020089580944925
1478632358598;61.015194349199675;1.7032011671568992;8.704532766166535;-0.12300211029052734;-0.5282207412719726;-11.187356316021829
1478632358632;61.06360433360515;1.5495894002976296;10.202476889937891;0.6316203254699707;-0.34656068117446265;-10.733505098492278
1478632358666;61.13182424632484;1.2950954960360153;12.123103083420428;0.7433996154785156;-0.23762451020393052;-9.841515579942334
1478632358700;61.176969501344466;1.0912990877877609;13.716579498617246;1.9541175405640154;-0.05701191789931617;-9.758766185992583
1478632358734;61.22894975855821;0.8928958210711224;14.992585806521141;2.2334909102508798;-0.043245267486572266;-9.373000151238962
1478632358768;61.28323728893881;0.6966197441062836;16.03853054050993;2.474407324439939;-0.15427636719302973;-8.846575243875197
1478632358803;61.33020699680411;0.5028413603335301;16.349385516805373;3.176656653683446;-0.28535891036987304;-8.850914588253758
1478632358837;61.4174343734675;0.19147326981112273;14.088269309560669;1.3768155191283673;-0.21487959443244617;-8.318653741278126
1478632358870;61.47295306965311;-0.023211482289077975;13.818521177233208;1.3531727777343243;-0.04938041066777805;-8.17275715067759
1478632358904;61.528481475906545;-0.2706106241194267;13.99353814908915;2.1481974761078133;-0.0053869537353515625;-8.317905480194092
1478632358938;61.58257175218105;-0.505162858966096;13.810921786414285;2.237980074896291;0.0028431144714355467;-8.185924967547505
1478632358971;61.65769287550548;-0.8375884102472081;12.675872582297872;2.399139719346631;0.16774375153140864;-8.571541510827839
1478632359004;61.695212537385025;-1.0295654386151876;11.392397658700524;2.348711865145899;0.16280571403226932;-8.657433276190236
1478632359037;61.742335952592896;-1.2777625468068243;8.569711839521894;2.2828712829589843;0.2629132789390627;-9.432705609938036
1478632359071;61.76780812936775;-1.4165827067986207;6.624658601860527;1.994519620513916;0.16834231336289085;-9.763255247890006
1478632359104;61.770142794818604;-1.4733259309616753;5.8394282875825345;1.8896236602783203;-0.10908581314086914;-9.147196970632859
1478632359137;61.775117494000376;-1.543356541543329;4.563213005867194;2.2854151222229;-0.5267243469680659;-6.9813424034118645
1478632359171;61.78397186848253;-1.4746787815884648;1.1701197827158238;1.4996680283477528;-0.4752490660736337;-3.1766566902160642
1478632359204;61.78012534308118;-1.3648168939584608;-1.7911928288676313;-0.13377601776123046;-0.2937386161804199;-0.9338882850646972
1478632359237;61.76064416359322;-1.3080966899870607;-4.732678420188355;-1.6425719764709472;-0.028730419921875;-3.749319799804687
1478632359271;61.75083917139321;-1.3470249671715335;-4.838700819621618;-1.9488801513671874;0.13736732938461937;-4.749497543334961
1478632359304;61.65814682934637;-1.4589666536824675;-1.5647947617943794;1.8032827263763174;0.49574938125610346;-8.642020749133453
1478632359337;61.602820098374075;-1.4049170041433021;-1.6727067730609328;-1.9008464988266116;0.2663549324090942;-8.646659514850006
1478632359371;61.55764574179636;-1.3727845102134988;-0.29118338027206614;0.8650549599357414;0.3688566932678222;-9.835978945220738
1478632359404;61.50699725020968;-1.2881784980310282;-0.5863397238675193;0.33892918164902364;0.21263502980522753;-9.59416484012315
1478632359437;61.47393713931111;-1.1386181240252418;-0.7926269013007272;-0.4451718620521482;0.21592707135849631;-9.288454868582077
1478632359471;61.43089785088448;-1.0361709175569989;-0.42105682742476147;0.05371990431633312;0.03351881410903297;-9.11053608650528
1478632359504;61.39109819471344;-0.8626392520313749;-0.16220635352550875;0.3913023338317871;0.05521627578735351;-8.609549023791402
1478632359537;61.36147247130987;-0.603073187071916;-0.7364264904294202;-0.30032266161269505;0.19393033447265623;-8.811560008062795
1478632359571;61.341858706759936;-0.5084536741328113;-0.9582375488911283;-0.21742343826293944;-0.020201076507568357;-8.314613306780904
1478632359604;61.31270741429218;-0.30180923166113677;-0.7230345859120527;-1.315464165518945;0.05416881256103515;-9.359532584237494
1478632359637;61.28300607843905;-0.13275581315681986;0.4555281257992033;-0.12240355074233375;0.08035539321899414;-10.764929360608011
1478632359671;61.26487844066323;-0.054835827552038516;0.6724235808010284;-0.38531682054824196;-0.010474631121539277;-10.511892099585012
1478632359704;61.26306038612967;0.20827176973207243;0.7242223247884102;0.6180032852615229;0.024690202337072694;-9.7708866560839
1478632359737;61.26139305513309;0.32928921353484714;-0.053438242700246746;0.1430535526192689;0.009726444244384765;-9.46772104667984
1478632359771;61.27508344647093;0.6219261541757641;-2.0288933301419716;-2.094627104363963;-0.16924013441887217;-10.13690041069351
1478632359804;61.285393904824865;0.8513089457527413;-2.848579453344884;-1.6479589302062987;-0.28790274963378903;-11.80012230341807
1478632359837;61.28152688478723;0.910620574908008;-3.168369372239795;-1.7054197700500486;-0.2793734062194824;-12.707374948883055
1478632359871;61.290092135372284;1.1016815274923761;-2.747506484991538;-0.3633200927955564;-0.0025438392639160153;-13.698125231115519
1478632359904;61.33993775357726;1.2791720780173426;-2.4620306060968846;-0.8511386901855468;0.0026934768676757813;-12.908188613128662
1478632359937;61.350914247717476;1.345142284954418;-1.5022099045437738;-0.3784335090416018;-0.0899321907264646;-12.149974874877929
1478632359971;61.34698480249656;1.3097009467750291;0.3054182529842316;0.6585550987133058;-0.14245498964614234;-13.366977798517048
1478632360004;61.379654914253585;1.301159203354339;1.9215737697400497;1.9340659920623524;-0.04578910675048828;-14.504073657226561
1478632360038;61.417669049890655;1.4506902490881133;1.990983948194149;0.30301615446339125;-0.30630817946281746;-11.419594023187457
1478632360071;61.43368611766491;1.5493463478096305;1.8915843746350256;-0.7113771682739257;-0.3259107055553468;-9.498097023585345
1478632360104;61.459036000488965;1.6206787598125245;2.394777543297821;-0.014514847564697266;-0.33189621427231464;-9.161263014984131
