sep=,
timestamp,gyro-alpha,gyro-beta,gyro-gamma,accel-x,accel-y,accel-z
1478632778440,36.49293441640637,0.19136286264504102,-7.620584313968609,-1.1969512016075197,-0.021098902130126954,-9.559747825932222
1478632778473,36.52580508375321,0.19932504259622605,-7.599185924106944,-1.2102689026763662,-0.019752162554644747,-9.62035111938701
1478632778507,36.58547108284784,0.21753353196356123,-7.716548086539431,-1.3816040092136477,-0.03142389736037294,-9.655964677285588
1478632778540,36.62746027564067,0.22583041023616193,-7.8462459836438425,-1.4299369141288567,-0.014963760375976562,-9.749039408388057
1478632778574,36.67338869870297,0.2332612916087297,-7.938701176797422,-1.4266449462116462,-0.035015198708963,-9.806350642594088
1478632778607,36.747783051741656,0.25179502438346524,-8.059771249534492,-1.4417583487579597,-0.05970540161685785,-9.86081880342788
1478632778640,36.798497807638526,0.269834030012469,-8.111685533968584,-1.4812626670173834,-0.06599018325805664,-9.732579335906566
1478632778674,36.87782486044133,0.28815177636940226,-7.8520714393316675,-1.3401544317880993,-0.08738835831241448,-9.578452562934812
1478632778707,36.904634047029695,0.2917285343942359,-7.718863631064869,-1.223137837064406,-0.06823474845609744,-9.595062601813627
1478632778740,36.95940148444121,0.2911047042397128,-7.574697890657119,-1.1761516020843759,-0.036661215204431205,-9.675866839345241
1478632778774,37.042755225272884,0.29773127461503546,-7.612091999692926,-1.2241851678599835,-0.023343468469812067,-9.743353266210155
1478632778807,37.10264387687863,0.30220497884319225,-7.780026056967049,-1.3091794637928482,-0.01092354507446289,-9.782259038621117
1478632778841,37.15848759313059,0.3134581659247503,-8.084110506170582,-1.47063839715044,-0.019303248601721133,-9.72419961753793
1478632778875,37.21098108008882,0.31552742907601083,-8.298476826365414,-1.6437690225020982,-0.033668463129235895,-9.653571000781819
1478632778909,37.25640738539581,0.3064010944569614,-8.327184050841545,-1.6859668815612792,-0.049679686160708655,-9.7032506532551
1478632778942,37.30161632626178,0.3030754512606266,-8.27020161702868,-1.43113405605813,-0.0805050308227539,-9.722104777850262
1478632778976,37.32264217881364,0.31002651427586414,-8.308875597020057,-1.3007996255515608,-0.08993219985961913,-9.646238781030476
1478632779010,37.3385429663368,0.3162072228145758,-8.391547795921271,-1.1587935669830067,-0.08664017029361566,-9.56109456436606
1478632779044,37.35673591618179,0.32535274411620935,-8.802928484056698,-1.0648212248871103,-0.04833294544358214,-9.354744144384563
1478632779078,37.35954274303246,0.32372316087380826,-9.33176154811485,-0.9751882637023925,-0.014215572357177733,-9.344868500927834
1478632779112,37.361850711047836,0.3332381885387664,-10.27778397732581,-0.5675753579955548,0.0037409400939941405,-9.91813030706197
1478632779146,37.38781073616147,0.40058782427602885,-12.970399014076927,-0.5861304939270019,0.03621230010986328,-11.86805762939453
1478632779180,37.417261683928466,0.45589343065439925,-14.262438905360069,-0.7855974197387695,0.10878654706650413,-12.179453775079548
1478632779214,37.45602544121708,0.5282811619164229,-15.7313940999199,-1.79789588223882,0.15143326413803734,-12.27746611328125
1478632779248,37.54379803011764,0.673258755192723,-19.071155792387742,-6.190806942749023,-0.10624269866943359,-12.702436907958983
1478632779284,37.53725729065346,0.49951320867113935,-16.090901076875305,-4.485087751360982,0.01705868682861328,-15.300594622039794
1478632779318,37.5283870560445,0.5204637724661687,-15.796273417142098,-4.510675927734375,-0.005087678527832031,-15.018527738952637
1478632779352,37.591733331093565,0.6653943305579573,-16.660882663174544,-6.155492468261718,-0.4761468642967287,-13.210007659912108
1478632779386,37.608437241995745,0.7898966352905513,-17.352690890106544,-5.306598196002096,-0.325910710121924,-12.556689589636028
1478632779420,37.68406057923152,1.1109068894122796,-20.254025087024253,-5.280261977740377,-0.5237316314254887,-11.066598477526753
1478632779454,37.748778122185485,1.427599147355973,-23.581138740887013,-5.118653438745066,-0.5193921226501464,-9.769988787078857
1478632779487,37.91481875846296,1.9639025089890894,-29.71632044509726,-6.7218709446229035,-0.5069722015380859,-7.690325662286579
1478632779521,37.98344478370844,2.256194862535437,-32.41925455713328,-6.046556219659373,-0.27682958522187545,-7.130680585833638
1478632779554,38.03289871066518,2.550498313436945,-34.898198374565325,-5.291036177472025,-0.11043255157470702,-6.513126341247558
1478632779588,38.09265511787462,2.8603234157628052,-37.25297666739867,-5.6410382952040985,0.008230068206787108,-5.521927000073343
1478632779621,38.11323672771212,3.110314550355731,-38.83850830588548,-4.940285561193898,-0.055066638183593745,-5.348048250634968
1478632779654,38.13768636132204,3.460850601238845,-40.86464116065399,-5.210530854388326,0.019303250885009764,-5.189431952258199
1478632779687,38.153941291662605,3.669339136253621,-41.96925455879434,-5.039794494628906,0.012569558715820313,-5.325303042602539
1478632779720,38.17086118677783,3.923041491485477,-43.18012040880525,-5.35777454874888,0.016909049224853513,-6.262184152807667
1478632779754,38.1954791478007,4.088312488936311,-44.225309510073444,-5.003881177465617,-0.028880057525634766,-6.6065002790588885
1478632779787,38.27404180765549,4.25822075341292,-45.67196500385632,-5.399074527386576,-0.2654571456024423,-6.666055899224802
1478632779820,38.371739136824935,4.438163530410583,-47.51086119331512,-5.374084609167277,-0.42392336798403407,-6.491279534226423
1478632779854,38.60627897812027,4.740375541207447,-51.26152203201702,-5.6531593247011305,-0.760159022533032,-5.282207266589253
1478632779887,38.70060238673305,4.848558011258844,-52.666722120961026,-5.826738360540569,-0.9042600258205318,-4.922478540216013
1478632779920,38.945945311848185,5.1763910117062695,-56.58966442827887,-4.845714814813435,-0.5364508460113778,-3.1613938007630407
1478632779954,39.013048243327525,5.2889011575357765,-57.06608536324218,-5.005826758575439,-0.49096097793579097,-3.7810428256712854
1478632779987,38.98189392392299,5.293288457375767,-54.01746941433609,-2.358438272857666,-1.31636196374204,-4.909609706292674
1478632780020,39.04289949911521,5.333865606748308,-53.762269896665856,-2.9773394020080564,-1.3575123778412117,-5.414487090975977
1478632780054,39.178387521776855,5.354461973288005,-54.58828011348957,-6.663960753576457,-1.0959458282028325,-6.224475330529734
1478632780087,39.23813108167107,5.288497149499748,-53.54823757127544,-10.856956048528849,-1.2988543641021475,-7.290194125311076
1478632780121,39.22579443181818,5.273116913566888,-51.58619941010834,-9.38796369241923,-1.3383587645599617,-8.679729206085204
1478632780154,39.34058955903072,5.359417720907467,-52.25617071444493,-7.608473646434815,-1.3027449783325196,-8.647108500726521
1478632780187,39.52103389411092,5.478873739695056,-54.18806618112575,-8.123077283566259,-1.6009727226257324,-6.881384484100342
1478632780221,39.645443706272786,5.543556267992962,-54.88075185892085,-6.967126831054687,-1.3256395317077636,-5.622782617143262
1478632780254,39.70140516212691,5.52605376695464,-54.160684456637625,-4.816236206872761,-1.0055647063987794,-4.729596034295857
1478632780288,39.78914382799769,5.427720494715329,-52.4670708981925,-3.5058597107484935,-0.2796726814270019,-3.902249138586223
1478632780321,40.0225023876979,5.362734404308836,-53.96332965130618,-3.8271310614988208,-0.22505495605468748,-3.172466545049846
1478632780354,40.224106567412285,5.302021383364272,-55.581791354124306,-5.793369613293558,-0.49574934472348536,-2.965518031311035
1478632780388,40.34559441412317,5.235926635550536,-55.972796718330336,-5.034706523840129,-0.31917700881958005,-2.874239093017578
1478632780421,40.42919509278542,5.106611794291686,-55.31648416090156,-5.647023744555562,-0.9897031477997079,-3.088071228790283
1478632780454,40.481945871886616,4.959356154121705,-54.12221355575305,-6.768108744988963,-0.8967781410659663,-4.060566015625
1478632780487,40.49836594082298,4.850076292771813,-52.898084654497076,-6.498312072344869,-0.7215525161964352,-4.542399245861917
1478632780521,40.5593209848999,4.733808162837041,-51.57258151262633,-7.407959394394047,-0.8207622383560054,-4.698321482849121
1478632780554,40.54477850250454,4.491758705513612,-48.53336511650135,-7.720103033978119,-0.671872813481884,-5.89138231682144
1478632780587,40.48356880320362,4.333193471389499,-46.20021885446452,-6.91161135312505,-1.146672957611084,-6.301389022329635
1478632780620,40.505120589934826,4.128381433908451,-44.21770208826555,-8.103774069213866,-1.3069348312377929,-7.023240892507048
1478632780654,40.480129727995894,4.024593328979104,-43.404191102438354,-7.706037537616118,-1.0736498069763183,-7.729979408087209
1478632780688,40.52683390108204,3.9288148355669494,-42.61506087933276,-5.024830588122457,-0.8788216286147944,-6.6905965393066404
1478632780722,40.582888653772,3.908119549474419,-43.33663410967703,-5.640290198516845,-0.6953659423883422,-6.624606502179056
1478632780755,40.58846130488819,3.671785308309226,-42.32521685912963,-8.368932195337116,-0.7154173561759758,-7.397185304260254
1478632780789,40.539042015178886,3.430620440438369,-40.7791015228729,-7.174973608807474,-0.5331587867626222,-8.677634279632567
1478632780822,40.56303107890135,3.393360414870883,-40.837946216667746,-7.540388564123585,-0.49021278991699213,-8.790012266186624
1478632780856,40.58796718190457,3.371405520974078,-41.42857133072962,-7.510161548968404,-0.4610334663169924,-8.133102820355072
1478632780889,40.597038463552586,3.1918889626257596,-40.91917865828404,-7.42801094289571,-0.7799111725295893,-7.777863258627243
1478632780922,40.57781931885203,3.0221237573860003,-40.92266786409705,-6.943035030718892,-0.6136638221519534,-8.672546747235208
1478632780956,40.57537881782703,2.7445829226224303,-41.534163750460586,-8.53921920389384,-0.2069488242660649,-8.753650182342529
1478632780990,40.54397288472089,2.5159654927234336,-40.933645476772774,-7.916577573040873,-0.4058171768299071,-8.379256751605123
1478632781023,40.49785329731513,2.293456174153156,-40.74221165216362,-8.656834944970905,-0.23747485890043898,-9.299079394177348
1478632781057,40.422945437822825,2.0835965837121746,-40.497271067830724,-9.273790493011473,-0.4311059546981938,-9.070732264709472
1478632781090,40.2524201212005,1.7514672381233996,-39.58703701192675,-7.938574154663086,-0.39953239290541964,-9.969904771832375
1478632781124,40.126018644800965,1.5868474738769396,-39.25309417408026,-6.885424480206146,0.048931496429443354,-11.554267574310302
1478632781158,40.09927085792772,1.4393929516903934,-38.60312423945467,-6.86821659416519,-0.13901333389282225,-11.527931356048583
1478632781191,40.0070795123385,1.1437049784529516,-38.76130438182379,-5.581632257843017,-0.13631986159172374,-6.888866364288329
1478632781225,39.94308950504174,0.9478998514629776,-40.891317032098655,-5.859209903219528,-0.025887305450439452,-6.406135527624562
1478632781258,39.87554599516014,0.7774408448757526,-41.56738891186064,-6.701968924127146,-0.11372457885742186,-6.109703069250285
1478632781292,39.812678601547226,0.6259353266538773,-41.59798737999043,-6.880336947808787,-0.05162496873054188,-6.511929459613189
1478632781325,39.69553125120195,0.4577265935926095,-41.24066239580765,-6.638971328547504,-0.016460136413574217,-7.048978673376515
1478632781358,39.613961248668396,0.31767291584570495,-41.152868996353995,-7.146392680358886,-0.15113397979736326,-7.934982596444525
1478632781391,39.49281277103626,0.20294775118251643,-40.809667419908685,-7.540089435046538,-0.18854338073730467,-8.671798413085938
1478632781425,39.44865491625332,0.19195722188883435,-40.73785106250157,-7.372495245770365,-0.14589666366577148,-8.29740520154424
1478632781458,39.35107640467893,0.23224637557989944,-40.78198317616525,-7.385812627178803,-0.15218144302368164,-7.490559296870511
1478632781492,39.22130265893926,0.27086378323766097,-40.36140477229123,-6.948122709246724,-0.064044895550824,-7.491457248073944
1478632781526,39.12227629309323,0.2897328055759004,-39.73835321523484,-6.219836720076809,-0.00852934341430664,-7.76319888305664
1478632781560,39.04412459790638,0.3222775323927381,-39.04489357665665,-5.861305048867873,-0.03142389678955078,-7.758410644133109
1478632781595,38.985378435116395,0.36930613695751957,-38.65159215564211,-5.504718310314789,-0.07362170104980469,-7.647379214491444
1478632781628,38.93826145939824,0.4084532895208607,-38.334074128112185,-5.57759229826983,-0.049679682164953554,-7.547720678843651
1478632781662,38.907833752048134,0.4439274348184142,-38.17236544176906,-5.776909495146293,-0.1096843635559082,-7.567173905259137
