sep=;
timestamp;gyro-alpha;gyro-beta;gyro-gamma;accel-x;accel-y;accel-z
1478632035891;76.22408982845904;0.45715858786467406;-25.932446217579745;-4.7213658199585975;-0.1997662010192871;-8.408735213415325
1478632035924;76.22379097262464;0.44791077456198036;-25.780379284401562;-4.5147160334380345;-0.1476923103443114;-8.390031097467244
1478632035958;76.22486043088315;0.4198776504757438;-25.897458430929763;-4.404433101200778;-0.06958148703264087;-8.367884439849853
1478632035992;76.22074134503197;0.3823663146832082;-26.45288433395627;-4.3191398816868425;-0.04953004912777105;-8.322095077371038
1478632036025;76.2181263567573;0.32547793808091763;-27.672646549110603;-4.8252140612395475;-0.044741641240881286;-8.262689277471974
1478632036058;76.19782397134668;0.24214270560699497;-28.18220488181709;-4.955847871984914;-0.011671730809973087;-8.495674989993311
1478632036092;76.17724623846536;0.18322523995731962;-28.110720055033738;-4.763713097425829;-0.004638765716552734;-8.881141694740485
1478632036125;76.15555638644645;0.13042732290429762;-28.051579937798806;-4.785859608912747;-0.017806875132823186;-8.998307408761418
1478632036159;76.12613003873247;0.08209238740070393;-28.031823411840943;-4.765508639073092;0.00239420166015625;-8.842235497637837
1478632036192;76.08783048201671;0.02696659000073627;-28.080730666392725;-4.573374120242335;0.02124853944847564;-8.581866135594504
1478632036226;76.04878120347458;-0.03238751688435609;-28.122974044414445;-4.609885705834516;0.02558803024291992;-8.418312421914749
1478632036260;75.97977774978564;-0.1251484713527472;-28.01230500971349;-4.401290711521822;0.025438392068337996;-8.4570683055602
1478632036294;75.9275949730365;-0.188427473018249;-28.00055276813877;-4.284723072991892;0.03172317256789247;-8.599373589103925
1478632036327;75.87971271348854;-0.2500987532804983;-28.141497326191452;-4.450820904496777;0.0435445443352055;-8.696039814492874
1478632036361;75.82651086345257;-0.30739966167152466;-28.34279702154715;-4.646247694922134;0.06344634399414062;-8.718485363725293
1478632036395;75.73988745055293;-0.3929536309307266;-28.63450910823212;-4.662558059017918;0.0809539436340332;-8.968080905062891
1478632036429;75.68539410820712;-0.4285980418940431;-28.867898818700112;-4.782567540530837;0.060752868268109154;-9.02494323102422
1478632036462;75.6295666882916;-0.45171266126884985;-29.049557739690055;-4.815038845747779;0.04863222350521246;-8.952518448141403
1478632036496;75.57503820548902;-0.45732926685527525;-29.180904265742846;-4.738424451988283;0.03725975876960438;-8.79225684850933
1478632036531;75.52211564916139;-0.4493671956610594;-29.33272190055298;-4.639962963513285;0.020949259959789922;-8.66281999246357
1478632036565;75.4726655668266;-0.44200233289408847;-29.58194621254512;-4.733785613206495;0.0234931037902832;-8.541314668060949
1478632036599;75.39742667620948;-0.4255951244822618;-30.020251776062572;-4.672883382470905;0.01810615005493164;-8.446444437552056
1478632036633;75.3508374118911;-0.4248588164859413;-30.55713096775083;-4.382735666921921;0.017657237243652344;-8.45661978661621
1478632036667;75.3079814885839;-0.4275629016265445;-31.62934191071367;-4.249109104101359;0.027234043884277342;-8.545953115258738
1478632036700;75.25532634433198;-0.4343226105575421;-35.54725899819764;-3.724479811450094;0.027234043884277342;-8.638728429589792
1478632036735;75.24918618636838;-0.4402344311468307;-37.722422608919956;-3.8281785247251388;0.02124853973388672;-8.5091421916686
1478632036769;75.24676785230405;-0.4635475855698551;-47.61033595641478;-4.953304105786234;-0.01062426986694336;-7.83726920465678
1478632036803;75.27796268881148;-0.4858007137021758;-57.168895297890266;-6.36663127329722;0.001945288848876953;-6.068852149554342
1478632036837;75.30635345890816;-0.5552808973559968;-73.86752795835268;-11.47735369984731;0.07392097169074695;-2.9382839143615214
1478632036871;75.30733965958402;-0.6074113358313343;-86.0226056603548;-15.757438226318358;0.20395605392456054;-1.3941735542297362
1478632036905;75.33773936605057;-0.6913073363508362;-88.90548321583074;-18.822315626525878;0.39309797594374973;-0.4634276588439941
1478632036938;255.38093289667637;-179.4056443470317;89.74474178806209;-17.177499085998534;0.3709516105873044;0.5017349036728032
1478632036971;255.45348684252872;-179.62407015545352;86.37740452094205;-15.7435219291687;0.11641805572509765;3.2638954132080076
1478632037004;255.47748723484293;-179.7126571164243;85.1792301292936;-15.141829124450682;0.10489596023559569;3.7885247789245096
1478632037037;255.50617556314913;-179.87697543223035;82.99644057870022;-13.352163675744832;0.0653916351263062;4.297442415441945
1478632037070;255.52815905209997;179.86233712800572;79.04964817681862;-10.874314595086872;0.09187748642520746;3.874716111755371
1478632037104;255.56694968372642;179.5803325377896;73.64330594747706;-9.910947629016265;0.04219779969367664;4.139574524279683
1478632037137;255.60929601962354;179.37708164913485;70.23585221115594;-9.774777299997023;-0.02424129180908203;4.288314521612599
1478632037170;255.63187035568902;179.25727186473605;68.84186008615926;-8.204480395739898;-0.08140286101188976;4.4330141575135285
1478632037204;255.67900477477784;178.91661618070856;63.446940651252916;-6.576871668188273;0.09382277755737305;4.149301096388232
1478632037238;255.70177716611985;178.713478176279;60.36689640361008;-6.1765915165223175;0.020201076507568357;4.316146933248825
1478632037272;255.74024735545132;178.53167849217945;57.66024615181644;-6.013486236163228;0.02798223190307617;4.760720290551707
1478632037306;255.77347458817738;178.27520381420504;53.714638156142;-6.547094223431498;0.10564414825439453;4.986673291424662
1478632037339;255.79775612865814;178.11419641771244;51.57449538618045;-6.605452888897806;0.05566518859863281;5.223848747253418
1478632037372;255.83348653273285;177.94449325746066;49.587848071723236;-5.930437804467975;-0.007032967376708984;4.915745067242533
1478632037405;255.89367846977788;177.73209448368266;47.813185148005516;-5.896769197491556;-0.15292963104248045;4.649090711212158
1478632037439;255.91606320151178;177.6679255006381;47.52012231375129;-5.67560467300415;-0.2314893730163574;4.522646936035156
1478632037472;255.96024984472336;177.54389059531928;46.94132935874131;-5.4911016536988315;-0.3951928978298092;3.9206545638486743
1478632037505;256.0540721507103;177.3673000339696;45.53231940799663;-4.492719415283203;-0.15607203898774458;3.182941761834919
1478632037538;256.0792219161859;177.24270303708707;45.10869776978265;-6.1701572456911205;-0.44427403871287824;0.6482300994873047
1478632037571;256.1964604376208;177.15769787892478;47.32498154843019;-4.977245830126852;-1.564910096652247;-0.004189852905273437
1478632037605;256.2892783523207;177.091805450223;50.136669058442386;-4.326920950317382;-1.0800842239379882;-0.014065934753417967
1478632037638;256.4080828576898;177.06639280541302;52.14467415519792;-6.0580782420836385;-1.1140519599914551;1.7814359650209546
1478632037671;256.6169472497125;176.9413855644745;55.62061029816683;-6.095038730212301;-0.6634931350708008;3.67240621760264
1478632037705;256.72525373211846;176.86687676977527;56.40788357172072;-5.736058264923096;-0.9198223503112792;3.5736453991211947
1478632037739;256.79853542100005;176.77268667359556;57.01001065752459;-4.149899957330525;-0.5134066139331785;2.4832357421323654
1478632037772;256.87676096410195;176.72394548828478;57.8149278425912;-4.1094975120544435;-0.4421791191101074;1.4743793098449707
1478632037805;256.9687005953968;176.71963397880333;60.90398983852503;-6.122273066357523;-0.3049614547287114;2.2438158683776854
1478632037838;257.0810975223789;176.78903054016635;67.68481998415491;-9.034519733987457;-0.13003507766723632;3.6762965213057583
1478632037871;257.232722676392;176.85896623302156;79.02213330747705;-7.160608252716064;-0.07721300354003906;1.8513163914749806
1478632037904;257.3076476544092;176.94515920809172;80.81528963799144;-8.186374318750202;-0.19722236175537108;1.3925275405883788
1478632037938;257.3048630224771;177.10477025026253;79.7163247736071;-11.01497379649058;-0.035763387298583985;1.0565910470824689
1478632037971;257.37366501106806;177.2287599115935;80.16129916070618;-10.152911597763188;-0.05521627578735351;1.9244892767532726
1478632038004;257.3484000676802;177.52531905581964;81.93586772009779;-10.573842213672027;0.03411737365722656;1.060331987176463
1478632038037;257.3507450248545;177.65648634455889;83.06737644206055;-8.569596148913726;-0.24510641322480514;1.974617819213867
1478632038071;257.3324493370637;177.7331307943643;82.76930204620507;-6.852953339385986;-0.1240495735168457;1.707215457827784
1478632038104;257.3012615840572;177.93301469517164;81.13761275881656;-8.970325724847614;-0.27204115450209937;2.7527333587646483
1478632038138;257.25099608321386;178.24364407564042;82.29053251250497;-11.417798225811868;-0.5801449897766113;3.337068201446533
1478632038171;257.1818500468998;178.4229371701277;84.1217048827687;-10.630405300958454;-0.2591723262869811;2.2981343185424805
1478632038204;257.15059035577167;178.60479993126643;84.43478350495843;-11.483937608282268;-0.5294178421020508;2.65322442532964
1478632038238;257.0888447686967;178.86215276134038;85.61328302674859;-13.804368222045898;-0.2576759582408937;2.1648072866577652
1478632038271;257.02718897843727;179.00798440544662;86.99735806094515;-12.989292486627399;0.014215572357177733;1.3627496209075673
1478632038305;256.99826650768983;179.1636722569527;88.31659371548358;-13.432369431360065;-0.19123685303840318;1.3295301276718265
1478632038338;256.9569483116765;179.29523168282907;89.89423064107785;-12.329091086578368;-0.09561842880249023;0.5668272578833683
1478632038371;76.74777556499662;0.29381915475166753;-88.13219549758462;-15.673192255401611;0.2136824981689453;-4.102913494021632
1478632038404;76.79197937157139;0.23933524146490576;-87.69846987474676;-15.613786126708984;-0.33429041136589366;-3.39542690344546
1478632038437;76.75264096413395;0.2158631432485033;-88.55604981267298;-10.642375797802583;-0.2114379249793943;-1.8173487524612806
1478632038470;256.7726661601873;179.87406087254445;89.43995644049727;-7.96116943283081;-0.6127659782630857;0.7136217414634768
1478632038504;256.7119714185757;-179.99362170043887;87.38038568642997;-8.984540785748138;-0.07362170162062684;0.5171475677269045
1478632038537;256.6548817882828;-179.80309770007096;85.44422063173145;-7.999775788470357;-0.1423053543256712;0.7278372864211909
1478632038571;256.66666792253864;-179.67418993503705;84.11657776690001;-8.055440830938517;-0.275333195484546;1.2638391830886713
1478632038604;256.6645352263843;-179.48360534339244;82.97403737571952;-9.986664219986087;-0.09756372678452171;1.8384475997924803
1478632038637;256.6274218833599;-179.36006874118408;84.0254040098286;-11.229703757885844;0.052822078693774525;1.3005003960098138
1478632038671;256.61807752422965;-179.28281251776673;84.91894644427659;-11.569231188555806;0.05955576629638672;0.7615058020660653
1478632038704;256.64552087961465;-179.20523459474458;87.42383648957946;-11.495460142163187;0.06838438035163562;0.40282444302102083
1478632038737;256.6634467832977;-179.18517847010523;88.90439838278904;-10.360010077899322;0.061949967956542965;0.951844797515869
1478632038771;76.66169123304687;-0.8517849012030866;-89.34923842349876;-10.095899469801317;0.06374561920166015;0.8912415953926276
1478632038804;76.64850770378561;-0.8756305172976304;-86.81090201410835;-9.96137522748867;0.07077858657836913;0.24959552307128904
1478632038837;76.63692862698817;-0.8928285591459831;-83.38773349935165;-9.920823564733936;0.1637035396548279;-0.5083189399719238
1478632038871;76.61651632374854;-0.8955851362709624;-77.02238290596313;-10.24703346786499;0.22849662550773936;-1.923591396331787
1478632038904;76.58993295917558;-0.8596197965858388;-69.34384673379449;-9.922618850652873;0.340275910949707;-3.214215600895602
