sep=;
timestamp;gyro-alpha;gyro-beta;gyro-gamma;accel-x;accel-y;accel-z
1478632655488;44.01282584340268;0.20374817123098143;14.653454531425993;3.1670799566406753;0.01227028350830078;-8.983344159842096
1478632655521;44.01406679886863;0.31798578527233984;12.853648664246956;1.9081787048782222;-0.033518823242187495;-8.562413397802784
1478632655554;44.0196966909179;0.3830902704251705;11.607388862258126;1.2333132032532244;-0.03247135773258051;-9.014169250488282
1478632655587;44.038430476167285;0.3782948579132267;11.373691877536457;1.4873978179046883;-0.03621230010986328;-9.704746992768998
1478632655621;44.05566059702024;0.3395467183918962;11.822995382079704;1.7571943992172367;-0.02738368377132574;-10.367042826080322
1478632655654;44.07331387458447;0.28600514948201333;12.454284707568702;1.9862895614402833;-0.029628243261144962;-10.675894840240478
1478632655687;44.0866273671867;0.24156650224323184;13.15853332344318;2.2076035340184927;-0.0032920272827148436;-10.883891255597025
1478632655721;44.09765471273093;0.20253205636147076;13.763423419007006;2.22466226422959;-0.016160861206054686;-9.590124264062032
1478632655754;44.10076293242961;0.15336718044016703;14.437922122970907;2.2939444930366704;-0.03770867728910525;-8.589049037402495
1478632655787;44.11160392610881;0.07510489214358891;15.474003520330857;2.859125822902005;-0.022296003531027234;-7.913734312438964
1478632655820;44.12088508458513;0.024132903963848335;16.136675004312323;3.129221642889455;0.05222352314133604;-7.077260399682819
1478632655854;44.12082923733783;0.02474835280136768;16.063162668201056;2.940229349340871;-0.01466448545386811;-6.439205364990234
1478632655887;44.105254968860535;0.009298854445802852;15.356803224699615;3.5449149061340837;-0.04923077249319612;-7.753023526000976
1478632655921;44.09144392242906;0.03963191149492935;13.748291775576737;5.308094864300638;-0.008678981160771945;-12.399121777398884
1478632655954;44.07774202518388;0.3376774393092892;9.811582709973958;5.299415737152099;-0.07915829238891602;-14.878466941833496
1478632655987;44.093319033400896;0.8112855554425342;4.621401822471746;-1.2509703674316406;-0.08993219985961913;-14.22769271082133
1478632656020;44.13094544765054;0.7238372346174194;6.200242795362026;0.34177228698730466;0.06913257293701172;-15.400552541351317
1478632656054;44.105824681118555;0.6796299910788128;7.2293006691078805;1.5361796219314447;0.1197100830078125;-15.172205558013916
1478632656088;44.139153115698115;0.5850149584779542;9.468095179728682;1.093701318945363;0.18240822984999977;-13.624054617254435
1478632656121;44.15499731648121;0.5128310712565284;10.867597772920826;0.9663595720153302;0.0522235237121582;-12.07919628829956
1478632656154;44.13968325815336;0.40298871253338087;12.537019845705977;1.128866155828908;-0.09771335753841558;-11.488726157733053
1478632656187;44.18412216002825;0.12278293634267518;16.27381448261409;1.434875128582865;-0.000748188018798828;-10.106972597680613
1478632656221;44.19033144417721;0.007664238924197425;17.82772365454213;2.278082952703908;-0.011821370697021483;-9.881468911477736
1478632656254;44.220389694853004;-0.22396788163324616;20.3017597790302;3.828926895407028;0.1469441314586671;-9.719261493273823
1478632656287;44.23709044995628;-0.28833750308857664;20.547846700279834;2.994996712316945;0.13093290328979493;-9.154828771552397
1478632656320;44.216668663919435;-0.36610526947425587;20.63621710196076;3.1778538641113787;0.011971008300781249;-8.72851102837827
1478632656354;44.203952483071504;-0.3960555198483868;20.61178481502542;2.8377276638306674;0.09023147506713866;-8.797793056255951
1478632656387;44.18245035279323;-0.5136579710592569;20.91006720461088;2.7371709749083966;0.023642741394042967;-8.45766722130142
1478632656421;44.15127892682785;-0.6067328010582191;21.15369634838853;3.298012695533689;-0.016759411621093748;-8.350377132470905
1478632656454;44.12363926088058;-0.6448638526523666;20.914975329838683;3.0778959082672372;-0.03890577697753906;-8.296058536175638
1478632656488;44.075996466311764;-0.7496365564469106;20.425965894247337;3.1783025942595673;0.0022445640563964844;-8.222436762060598
1478632656521;44.00984070685775;-0.7706863919849042;19.22935805147839;3.893121463952586;-0.0004489128112792969;-8.322693810449168
1478632656554;43.94086155066535;-0.7126951955116868;16.867128223197316;3.43897148267217;0.15337854613704838;-8.568847960894926
1478632656587;43.858389747141786;-0.5550260861067897;13.320613502348147;3.0671218911986795;-0.04713584518432617;-8.619275906427204
1478632656620;43.73546984154897;-0.2652321374372379;8.460344178329471;0.9980828170776367;-0.6138134506225585;-6.887070420782267
1478632656654;43.6542326607872;-0.13175796272854712;7.328904377024445;1.7788917969634754;-0.6628945709560299;-4.827009822082519
1478632656687;43.570411464216676;-0.00473652564911819;6.771846189806631;1.4173673828125;0.05820902836201821;-2.0028993263244628
1478632656721;43.47525143792951;0.058317901023652356;7.196760353488173;1.853411360168457;0.4397849128833739;-1.1685200477600097
1478632656754;43.40120738698919;0.07149912734774022;7.862141395949391;2.2767360681395976;0.9476549731517036;-2.4187422271728516
1478632656788;43.32957255104342;0.07955284108854026;7.994215008648545;1.6029180480072274;-0.46522329182280225;-5.073313317871094
1478632656821;43.2508549223657;0.06765372928159052;8.63790865612799;1.639579242662061;0.23508066751508158;-7.958475809832662
1478632656854;43.12609530909835;0.16775648176555302;8.801263135299472;2.657264640631154;0.7206547065568971;-8.858246648174896
1478632656888;42.9981518622345;0.41656134823195495;7.884007188471934;0.042646717071533204;-0.08200140800199587;-7.556698989868163
1478632656921;42.92112733399274;0.439281048664034;9.054585132815996;1.4474445594345218;-0.02633621826171875;-9.008782442883401
1478632656954;42.838740690252614;0.5439018513465695;10.055644429169714;2.183960826873779;0.07212533414536156;-8.810063632025196
1478632656987;42.78051782313939;0.6634280398904753;10.58835985251626;1.9858406212295405;0.6823474822776857;-8.355315027264504
1478632657021;42.728904757525754;0.8212776394822421;10.427568676872625;2.4600421327453104;0.2742857368248049;-7.085639813232421
1478632657054;42.70585242194656;0.9350679654892662;9.785499905127839;0.7661445312499999;0.11821370697021484;-8.089409005383402
1478632657087;42.688735940335015;1.034735570702947;9.682353219571398;1.4263456207717768;-0.9549871871948241;-7.998728471374511
1478632657121;42.677861511220506;1.1412922741967377;9.05559886335978;0.50038807390742;-0.8943839942047372;-8.787019221850484
1478632657154;42.66302835116956;1.1832501456805693;9.439016284508556;0.660649947534129;-0.7854477638687006;-9.459340902477875
1478632657187;42.628825313186546;1.2034632696921954;9.752861555432798;0.9781809427123517;-0.4129997863769531;-9.311200076614506
1478632657221;42.607075087411054;1.2316676069308714;9.675951217121725;1.7884686584030276;-0.15397709426879883;-9.692775838337745
1478632657254;42.6063149972696;1.2993461685990535;8.310396008429759;0.5889735353332013;0.0330699104309082;-9.353846903283893
1478632657287;42.59795478470488;1.3336608284401046;7.087381377056246;-0.20904373245239258;0.16071078643798828;-9.950301825614739
1478632657320;42.60078800919991;1.3168895818800235;5.982731582385859;-0.6349122796874493;-0.022146365356445312;-11.203367247363179
1478632657354;42.59207877682036;1.211157184847486;5.886815411497059;-1.0151415769714862;-0.17806875532398697;-12.71695175552368
1478632657387;42.586047081820816;1.0060785014191542;7.214701772226648;0.6727706299712881;-0.024690204620361325;-14.930091915130614
1478632657420;42.61687925365293;0.7403313263247008;9.557434875524338;2.0087352294037117;-0.060902500163647344;-14.908993013000487
1478632657454;42.58303410794595;0.5151286010952849;11.511366944643552;5.067477597454935;-0.05386953735351562;-15.36718335571289
1478632657487;42.64846057259469;0.3853817922723142;12.655998503927094;6.451774777575582;-0.06075286655564268;-15.435867015838623
1478632657520;42.75522710544929;0.4297946035372296;13.220480608603685;2.6452935227325183;-0.08738835831241448;-10.088268226004205
1478632657554;42.786660104969826;0.4705257567842957;12.5566293523342;1.7326538869995622;-0.03127425918579101;-8.800486898449808
