sep=;
timestamp;gyro-alpha;gyro-beta;gyro-gamma;accel-x;accel-y;accel-z
1478632827595;36.15614550453533;0.7080683075874543;-17.29336694811519;-2.8600233882296595;-0.05776011505126953;-9.380481852188794
1478632827630;36.14558151074491;0.7135814430189664;-17.34638029651489;-2.8658593872070313;-0.07451952667236328;-9.40846415829875
1478632827664;36.13593045112214;0.7372755080230607;-17.390899411841765;-2.9556420225281266;-0.14754267502384028;-9.408913075676606
1478632827698;36.12889218007718;0.7830004705453832;-17.380887175398872;-2.901921917282394;-0.1556231124767335;-9.305513820272171
1478632827732;36.12721812760168;0.8065172418559158;-17.289603123809837;-2.85867691922388;-0.16968904038028557;-9.275286750318063
1478632827766;36.129815898029115;0.81953649275048;-17.14674507962233;-2.7142764215331523;-0.15517419738216556;-9.304017394002225
1478632827800;36.13509408995999;0.8391930791633031;-17.11892444362272;-2.6542717972244136;-0.1744774459838867;-9.296236261439603
1478632827834;36.1546642125992;0.8618683294386231;-17.28604314990948;-2.8407203200077404;-0.16849194183349608;-9.367014932785063
1478632827868;36.17002714183505;0.8738359497683936;-17.36552082409531;-2.841019499317137;-0.1586158565604186;-9.306261784528685
1478632827902;36.177742004343024;0.8784821081260851;-17.4042901979008;-2.852541713537648;-0.17088614577694097;-9.35938337931693
1478632827936;36.2075389546557;0.8819504647718222;-17.64110723906428;-3.0633811429009303;-0.1536778173488128;-9.371204634707874
1478632827970;36.226565854908976;0.8744146746991021;-17.70929132103745;-3.1563060674362813;-0.16355390433435676;-9.365967320859571
1478632828004;36.252458481780366;0.8445820139260757;-17.557601377370112;-2.9137435345745875;-0.12868834265833137;-9.42926368019008
1478632828038;36.27314756288179;0.8237445571952947;-17.478304843443144;-2.867206226105569;-0.11462240219669183;-9.395146822556084
1478632828071;36.30759165312748;0.8038968045186988;-17.566564619281674;-2.792536943098437;-0.12135609436588128;-9.271396291351317
1478632828104;36.33664256580694;0.7807764209033814;-17.64399002466018;-2.948160112657386;-0.10324994659423828;-9.174580926115532
1478632828137;36.36549483626133;0.7562287927020552;-17.703698537268178;-2.887257464079978;-0.10714052657528081;-9.305364009138476
1478632828171;36.41334797106533;0.7420581966139205;-18.095049834777967;-2.7720367557801304;-0.10609306334896246;-9.423428370765876
1478632828204;36.44982043416514;0.7580324335081581;-18.728749751322226;-2.344971034649759;-0.1120785686409974;-9.49660099460762
1478632828237;36.50637363721445;0.826715582903075;-20.513005650906347;-1.662773199108988;-0.16445172196540514;-9.644891823400929
1478632828271;36.612908144739386;0.965979171742995;-23.882993252535496;-1.6849194183349607;-0.275482837654883;-9.588628157452494
1478632828304;36.77632346745359;1.1609206461512285;-28.64676171935961;-2.6815058593749996;-0.30570962448120115;-9.400832599407806
1478632828337;37.099887893598066;1.4050100344539365;-36.13860506550928;-8.43103121637553;-0.4852747489929199;-10.12029056361094
1478632828371;37.22909734908187;1.4702885731052573;-38.74315021373616;-10.975618960571289;-0.27249008329639907;-12.017096975000202
1478632828404;37.30616175666557;1.4593980020993047;-39.12212935626671;-11.824961999511718;0.03800795135498047;-14.391246903991698
1478632828438;37.39725686641267;1.5398717847939942;-39.65557310922463;-11.758223628234862;-0.07631517791748046;-14.207491926574706
1478632828471;37.5443553544388;1.6736674150072333;-41.331025060466075;-12.712163352203369;-0.4975450325012207;-12.106430039922893
1478632828504;37.66958114962772;1.8158884731657905;-42.42402279552735;-12.994529510498046;-0.9030629386901855;-9.644891750335693
1478632828538;37.76155349459982;1.9908659989010051;-41.82363516880355;-10.573392789404094;-0.8882488159179687;-7.311293233508002
1478632828571;37.81156457428652;2.116036275850625;-42.29624601405129;-8.084171396990865;-0.25468320159912106;-7.25847111314421
1478632828604;37.91175861993966;2.281247046438664;-44.06327572275208;-8.642170459802449;-0.33593641587409656;-6.07094744133316
1478632828638;38.02824560351536;2.531650190233167;-46.33413135802684;-7.3982325482908635;-0.30481179885864257;-4.980089236859232
1478632828671;38.096384303656976;2.700908714596602;-48.066584698819995;-6.417807041522115;-0.17432779011381788;-4.638466295214742
1478632828704;38.18209426556017;2.868649335875917;-50.24298873000922;-6.4335189168516544;-0.2669535033737309;-4.085854624529928
1478632828737;38.28200932462231;3.0456340311879693;-52.55274605485747;-6.306177242986857;-0.15726912155151365;-3.818003606060892
1478632828771;38.36352005833908;3.2142094012320133;-55.0026236144804;-5.955726121111959;-0.22939444656372068;-3.358466232653707
1478632828804;38.47724697064814;3.430069830688568;-57.94574025503854;-5.668272430419922;-0.03456628646850586;-2.872443441772461
1478632828838;38.53678157345768;3.5526140288858383;-59.21435281520938;-4.470423412322998;-0.02289455337524414;-2.5938182235717773
1478632828871;38.60244159668916;3.663207773951352;-61.02764951369462;-3.46036958694458;-0.015711911862157285;-2.3035212722778318
1478632828904;38.71022291018403;3.762316067965185;-63.38755540020906;-3.5112463722229004;-0.28535887383725494;-1.9113211128234862
1478632828938;38.79997457037758;3.805317493312999;-65.24216618805696;-4.483441883850097;-0.6877343994804191;-2.281225415448099
1478632828971;38.85014577274182;3.8710919921599407;-66.43200972930957;-5.7942675850465895;-1.252017830657959;-2.422034108325094
1478632829004;38.73739114370858;3.888123580648085;-64.58422143908797;-6.908618527984618;-1.4706383697509764;-3.8197989650450643
1478632829037;38.544988912904095;3.8647447138057154;-60.75516710415552;-4.086004700525105;-0.891840100141894;-6.12287147064209
1478632829071;38.46475905337867;3.8768493343323853;-59.39238720886321;-4.598961821691692;-1.1240776794433593;-7.87168614578247
1478632829104;38.54406593363341;3.8685624877918734;-60.787574603721566;-10.769567980194092;-0.9404723213638179;-7.0537668575011185
1478632829138;38.47900981096598;3.8007684992533037;-59.46925455746882;-9.968108974456786;-0.9507973708221689;-7.401225373431295
1478632829171;38.48451902443533;3.7474284617622917;-59.20927330018016;-5.48750991281718;-0.4363432342971675;-6.269067263384908
1478632829204;38.54317640130438;3.736025586940046;-60.32775391178576;-5.115361192266643;-0.4100070708343759;-4.922628113887692
1478632829238;38.72075925327601;3.58044660951971;-63.239437087559885;-5.578190592956543;-0.6359598045625607;-2.936637827654928
1478632829271;38.761587918401766;3.5064796840874557;-63.63366257622651;-5.062239842931926;-0.33848027797089886;-2.439392070361227
1478632829304;38.849682813617335;3.2968506695054933;-64.84116839465737;-2.7097873664855956;-0.007930792999267577;-1.8866310543335973
1478632829338;38.95848340453284;3.1068762274722728;-66.34186727563113;-2.7807155906677243;0.0005985504150390625;-2.0132243209838867
1478632829371;39.10622134432996;2.8944690234594517;-68.08013283433361;-5.339668252563476;0.10474632263183593;-1.3383585818968713
1478632829404;39.149515588245436;2.6478376879430594;-67.88478515049324;-7.210288083294778;0.037708676147460936;-1.4031518104553222
1478632829437;39.02587961124146;2.214308526856355;-63.5207889363902;-7.144896304321288;-0.25573066482543944;-2.315492280578613
1478632829471;38.9339625889563;1.817035427503584;-61.1630234752341;-8.036736203533783;-0.618601853942871;-3.6456209403991697
1478632829504;38.92276068272893;1.7041079519221252;-61.05446322332697;-8.798990595477447;-0.4991910461425781;-3.6249708780150858
1478632829537;38.88416925485547;1.5002691410708147;-60.82456976210742;-8.17679707371816;-0.4724059150695801;-3.111564478711039
1478632829571;38.78267997337031;1.181464081918776;-60.74094317630543;-11.56519082712382;-0.13108254089355467;-2.926612254333496
1478632829605;38.47567741123716;0.7860232456353946;-56.98526424756902;-9.284265198339893;0.04653730390244163;-4.279635467529297
1478632829647;38.327851242272544;0.5999734747580924;-56.24534214405201;-9.525032175854593;0.15771803436279297;-4.976049021557718
1478632829681;38.262083724193154;0.49838539175268326;-56.3752460484117;-9.804106452997027;0.10818799665146507;-5.57774193587359
1478632829715;38.08956467522678;0.2515602646264487;-56.83157421377897;-11.76301232381612;0.4697124427684815;-6.361094316631927
1478632829749;37.985523319026214;0.11688701204783294;-57.236400811099706;-10.48151544682607;0.23986908111019292;-7.031470708410441
1478632829783;37.89184400339233;-0.006036507478119141;-58.3492823043062;-12.355127737371623;0.04369418158220142;-6.597521803637593
1478632829817;37.75843927188616;-0.1009152457518516;-58.43931569121038;-13.14835725942403;0.047584757995605464;-6.910863238171488
1478632829851;37.54633534573833;-0.3165901735997417;-57.75897783871461;-14.113369873809814;-0.38217445826875046;-7.762151419830322
1478632829885;37.233815692906724;-0.5032584327124762;-56.95913309751485;-12.403910180719196;-0.5280710671355947;-12.178555657196044
1478632829919;37.20648464680829;-0.38114860728089756;-56.771064696708045;-12.304400881958006;-0.881066229203809;-10.637886888885497
1478632829953;37.06371079132217;-0.2768225076789103;-56.90905941830408;-8.96119739262685;-0.31004910585707984;-6.321290787097066
1478632829987;36.90711275755553;-0.15261556745795476;-58.84366053466047;-8.098237715336774;-0.03486555939273676;-4.164863279315084
1478632830021;36.77137342435675;-0.13557056347671292;-58.38217517651207;-7.658602124963328;0.021098902130126954;-3.6602852794371543
1478632830054;36.614288924765205;-0.14932761518169738;-56.89302881296422;-7.235576546069234;0.07332242812557378;-4.607191962963715
1478632830087;36.44149300473383;-0.12899468883512957;-55.87702687639106;-7.078307351452485;0.3088520050270017;-6.28058935887441
1478632830120;36.349035519448634;-0.18564554006791845;-55.91443328840482;-8.568548356893844;0.32037411421623546;-6.347327730151266
1478632830154;36.329682890827456;-0.172069382906623;-56.57735279594682;-8.503455999258346;0.13946224898739018;-5.474341990915988
1478632830187;36.29405213620107;-0.12044862337205427;-57.46024525329555;-8.479663638526853;0.0620996032770141;-4.875342585433833
1478632830220;36.258971493883706;-0.09729931428205212;-58.095170753557966;-8.638579120779596;-0.009127894970990019;-4.461295664624124
1478632830254;36.192710335699644;-0.061521493221929666;-58.09347944114832;-8.399457910311082;-0.06120178107938845;-4.752340730871633
1478632830287;36.09089845107533;0.006050258671051833;-57.424045243551085;-8.126818305858643;-0.13946224527704615;-5.237764816074213
1478632830321;36.04145562299016;0.07941821171539823;-57.09224040437453;-8.27825151976433;-0.17866728975600563;-5.4791305175338865
1478632830354;36.0159240050526;0.14505626045465259;-56.8643062639134;-8.132204994732513;-0.1424550010625855;-5.746981809997559
1478632830387;36.0059751039824;0.18290388108442635;-57.00365221406468;-8.072499810028075;-0.09337386246280512;-5.61679694859609
