sep=;
timestamp;gyro-alpha;gyro-beta;gyro-gamma;accel-x;accel-y;accel-z
1478632646801;45.36813753242348;0.39062506462540625;12.12562812703129;2.1694459519096183;-0.07032967405250092;-9.68484519146895
1478632646836;45.36807594412478;0.406933120023276;12.348409012954555;2.272097430287208;-0.04638765716552734;-9.650578139108768
1478632646870;45.36376391642888;0.45672447410026795;12.333632822764123;2.231695195073681;-0.029179332733154296;-9.58144534240947
1478632646904;45.36680324666046;0.4839461044636265;12.207144308560824;2.1049522177543953;-0.02319382858276367;-9.519195907449163
1478632646937;45.37140671156639;0.5040118079418123;12.080178314648512;2.0082863348587416;-0.03067570877075195;-9.442431780187786
1478632646971;45.3765191733446;0.5145073702591023;11.944018763178788;1.947383711397508;-0.042945987712475465;-9.54837543654514
1478632647004;45.3869061015782;0.5114195665757854;11.939432130170053;2.052728586727672;-0.049679682164953554;-9.741408059559669
1478632647037;45.3971524882453;0.5094083410618433;12.004713270977208;2.085050439287233;-0.0567126541082398;-9.745148944854735
1478632647070;45.409922699684415;0.4824992570565428;12.18211151297491;1.5904980538299307;-0.10714051972541491;-10.023923654528707
1478632647104;45.413738305110066;0.45458303707144204;12.583406847568302;1.781136361019872;-0.10564415053768315;-10.309881188378855
1478632647137;45.420480960995214;0.38818699661790534;14.11108081551342;2.8681038781981916;-0.10579378585815429;-9.986514326654001
1478632647170;45.42028379736779;0.4143120509012318;14.18999418424612;2.591872898190282;-0.056114101409912104;-8.89879851185903
1478632647204;45.42664854624818;0.44666741320968784;14.123955217890318;2.4075193543752307;-0.019003975677490233;-8.08357313883677
1478632647237;45.437093139318755;0.49444297554003824;13.816445853049899;2.332101984955644;0.1815104133605957;-7.073369821985065
1478632647271;45.455778240134016;0.5354905601712017;13.155140452530222;2.2388777817878407;0.2995744827270508;-6.593631664331257
1478632647304;45.45681506102474;0.4933300065828718;12.217746149623284;3.547757947540283;0.2765302826148923;-9.43674592570425
1478632647338;45.471214131070475;0.5342355177028183;10.406297015276358;5.162646967315673;0.09906008455581031;-13.97570327835083
1478632647371;45.52667365745682;0.753202027913721;7.896461064521852;2.5055320373535155;-0.2733879020690918;-14.382568215234576
1478632647404;45.54203633036312;0.8580743835284619;6.079048922232082;1.429936904995702;-0.4043208053588867;-16.13931339111328
1478632647438;45.5792864583242;0.8946312399860196;6.1399135709608315;0.5475240286896005;-0.31214404144287106;-15.46938583908081
1478632647472;45.58130937351946;0.8597030017705392;7.132099256359467;0.3489548919677734;-0.18076222990837412;-14.437933836364746
1478632647504;45.591703539578475;0.8109358596584627;8.349932530733936;0.87343472967837;-0.019901801300048826;-13.587543041937053
1478632647537;45.5784416621376;0.7553378083744479;9.31774303988846;-0.7538742477416992;-0.16250643768310546;-11.694328079168498
1478632647571;45.542299641094615;0.6015758641816016;11.439811951279124;0.5240308883666992;-0.2935889694435056;-10.682628751605376
1478632647604;45.53198741057737;0.37665366581945775;13.978975877293449;2.089689173037745;-0.08933364716129144;-10.908132109014689
1478632647637;45.50207758673856;0.2158555098704865;15.251366363401758;3.682282080255076;0.08843582382202148;-10.333374219103902
1478632647671;45.45143255179959;0.28382929314319205;13.4269955723504;2.1899463401573245;-0.042048167798138456;-9.345766143887303
1478632647704;45.4069402975811;0.34674890690701576;11.578011458063903;0.5059247383117675;-0.0231938308660523;-8.676886091613769
1478632647737;45.36879507987276;0.3396754631863075;10.668276744260403;0.9804255798339843;-0.025438392639160156;-8.51258429494649
1478632647771;45.289481902836265;0.29812105015520657;9.446181533665074;0.5553051475524902;-0.021697450261877384;-8.38030421483144
1478632647804;45.23297217299845;0.21609580095781974;9.38503098608685;0.922515827178955;-0.014065934753417967;-8.456021061529592
1478632647837;45.173841500772376;0.16833990453474096;8.823942742793658;2.066495344454981;-0.02573766699044645;-8.753051339666545
1478632647871;45.138641087445954;0.16494700404245036;8.295676920890516;1.5047557342750486;-0.06808510971069336;-8.490737058667094
1478632647904;45.05412187282898;0.14519431343679676;7.065023812854283;1.8222867385864256;-0.23552959288444833;-8.525153780597075
1478632647938;44.99315759215416;0.19545490351805567;5.626552630279236;0.9065046127098146;-0.31857846068782963;-7.953387985174357
1478632647971;44.91708717089769;0.28079872480648926;4.200155688508414;0.8439560760719236;-0.2561795730701415;-6.800580178070068
1478632648005;44.87126673136856;0.36994754290054305;3.126696526723868;1.3373112648010252;-0.20216040267944335;-5.662736131341755
1478632648038;44.81766752288464;0.5271025290646453;1.4014749244535278;0.6000467910766601;-0.3564367721557617;-4.040514576721191
1478632648071;44.75909337256709;0.6492313814360428;0.4079599148706257;0.1475426773071289;-0.25139117431640623;-2.7819126914978027
1478632648104;44.68414470638673;0.6612460865021692;0.7560861973959926;0.7600093712295405;0.10055646059340796;-2.495057405090332
1478632648138;44.56510040776144;0.5264330340183244;2.6791529099782396;0.8158242156982422;0.19812018737792966;-6.436661233465373
1478632648171;44.49116268321211;0.4355497649410929;4.21635586320132;1.7542016288757323;0.025737667846679687;-8.861239911706745
1478632648204;44.39825468583084;0.47141816270486936;4.720777506115964;2.7816134162902832;0.2624643569946289;-9.763105371682585
1478632648237;44.32218664187472;0.7061513360982631;2.9699103177659794;1.609502102572657;-0.013766659545898436;-8.838943762616067
1478632648271;44.21471104593904;1.0556505722028822;0.4662705812048877;-0.6768109092048835;-0.00718260498046875;-7.727585133361816
1478632648304;44.16690170138537;1.1160729217496035;0.3846753862012958;-0.3494037865127437;-0.07511807708740234;-7.14414811630249
1478632648337;44.04714535155974;1.1920268524292599;1.5292272360837895;0.04159925384521484;-0.17118542555103777;-7.413196381732076
1478632648371;43.938377312682796;1.182928710155956;3.3247300628808363;0.474051937844092;-0.08783727340698241;-8.123974999590963
1478632648404;43.89498761779928;1.2080667886123064;3.706815187866467;1.3703811752319335;-0.27353754880600606;-7.9526403816774485
1478632648437;43.809628512853735;1.2717589055136578;4.011564009038333;-0.8478467359680681;-0.397736750793457;-7.764994242040813
1478632648471;43.75571314796696;1.167407594211472;5.751846255911564;0.12195464706420897;-0.5322609383071772;-8.39706391871348
1478632648504;43.70058927611471;1.0209662632810854;8.255272859795351;0.9072527915954589;-0.1107318222156493;-9.345616798544489
1478632648537;43.672735784052165;0.8906683877699859;10.171656917960123;2.682703033270314;-0.09472059861335437;-9.544335417606447
1478632648571;43.613474342583416;0.9017081081204535;10.188165959488526;1.610848841006495;-0.1867477294921875;-8.303690053967387
1478632648604;43.596655582356036;0.9070937539170061;9.820597484179046;0.9066542411804198;-0.19916764603767076;-8.221688647107035
1478632648637;43.55807758512969;0.8301691021580488;9.850400624507255;1.4800655387878416;-0.04668693237304687;-9.572168048438384
1478632648671;43.511043724168104;0.8002974145385301;8.191127860351452;-0.2485480598449707;-0.15098434105195918;-10.852167937469481
1478632648704;43.492523416852805;0.7413200774741812;7.691177737225588;0.4659714981079101;-0.09038110810432116;-11.811643960516154
1478632648738;43.48734376311895;0.6914120303421205;7.139050206293059;0.053121349334716794;-0.11327566376285395;-12.779051361083983
1478632648771;43.46331298370928;0.5989783603699375;7.678987837054486;1.0984896309341303;-0.1758241844177246;-12.766781077575683
1478632648804;43.4871386843626;0.5155212927391701;7.922116769399079;2.1091420249938966;-0.030974983978271482;-13.656975182342528
1478632648837;43.49157624507653;0.47331175090897093;8.162594935605242;0.9120411949157714;-0.030974988544848744;-13.751995352990924
1478632648871;43.45651070447496;0.2661066532351407;9.627771046155276;2.382679637731984;-0.026485854723834197;-14.74109962158203
1478632648904;43.514249301656925;0.28670328495459363;9.899206954110873;3.1004911499023438;0.1927332336425781;-16.239720223236084
1478632648938;43.5684745323834;0.3313619838231517;10.400798520443004;0.4632780212402344;0.048482579051586795;-9.391705016105714
