sep=,
timestamp,gyro-alpha,gyro-beta,gyro-gamma,accel-x,accel-y,accel-z
1478632335387,64.17896510652695,0.39349102100787264,35.60070321059375,5.692364134857594,-0.05865793896136165,-7.899818289283942
1478632335421,64.1970567596955,0.4095082729222811,35.73001059349625,5.763442147340532,-0.05297171287260134,-7.873631398098729
1478632335454,64.21912821018029,0.4300330343088675,35.743938428507484,5.784391064807028,-0.0592564922305115,-7.845648974399408
1478632335487,64.22564819743397,0.43328702582658996,35.695369217513765,5.757755808799807,-0.06389525680541992,-7.88171165517182
1478632335521,64.24562250086254,0.4476649553140338,35.440572368638506,5.868487580783106,-0.07526771740256735,-8.015637274004192
1478632335554,64.25060012979107,0.4633866343196638,35.040543041531734,5.809979204647801,-0.08170213307988743,-7.907449670078372
1478632335587,64.25838796678666,0.4625676406612818,34.402278236030334,5.436783075669873,-0.06329670524873654,-7.858368198118452
1478632335620,64.27026815484729,0.4387342689797606,34.33532708408101,5.506364833129512,-0.04489127884464105,-7.895478287318255
1478632335654,64.28398712872762,0.3995485611206041,34.40196042554187,5.562778141248284,-0.04698620986385504,-7.976581822890275
1478632335687,64.29329418352539,0.35792892169949236,34.44557825999329,5.70792619448686,-0.03890577697753906,-8.104671941643842
1478632335720,64.29654844804742,0.325055649275577,34.322571308758604,5.672162898519821,-0.02498947982788086,-8.10078133797368
1478632335754,64.29429602453455,0.3072726742264775,34.138505495902876,5.571755915699969,-0.04294599456234136,-7.891737584686279
1478632335787,64.28885661736793,0.2994433415778927,33.948205684671464,5.571307308849366,-0.05461772508690337,-7.6466314454561095
1478632335820,64.27255876797952,0.31947335087116596,33.35419112291735,5.7707744447236875,-0.07122749938964844,-7.105990819604695
1478632335854,64.25301875330395,0.35975941816815854,32.396162179897296,6.157138554968312,-0.09023147506713866,-7.007379492596536
1478632335887,64.21947699921202,0.41093030624567956,30.50869600275497,6.950218074090778,-0.1345242057800293,-8.038980840655416
1478632335920,64.18518353244697,0.5475877650770968,26.321071181975213,7.16958650894165,-0.07721300125675043,-11.244517734527587
1478632335955,64.17374851271029,0.6816684123789357,23.2753736383694,5.714809725189209,-0.06180033491936046,-13.464840206854044
1478632335987,64.10027790544318,0.7782417106589239,20.88442386817179,6.066757369232177,-0.05581482620239257,-15.181632727050781
1478632336021,64.10009196513798,0.8586596987673156,20.123130707865574,4.343231522192434,-0.050128597259521485,-15.256900441741942
1478632336054,64.08073284310748,0.8918432169328608,20.47577111372408,4.077475064849853,-0.1237502937427489,-14.239514373779295
1478632336087,64.03046764613889,0.8934990239774643,21.38612891858913,2.4738089384216813,-0.21622633743286132,-12.425906908471882
1478632336121,64.0021877144751,0.8580805761024405,22.159668626105038,1.4911387214660643,-0.24615385818481444,-11.313051903180032
1478632336154,63.937160939377286,0.6939705379353704,24.498679164137204,2.1953334308899937,-0.3232172149879392,-10.069862325817718
1478632336188,63.901728675767174,0.5428540082467661,27.1840930621579,3.3583166681151835,-0.09501987724580685,-9.820266875811665
1478632336220,63.89812961638552,0.3989493202507394,29.343526200781945,5.617994122491404,0.041299983204272576,-9.718214468438923
1478632336254,63.85528993966194,0.34907721437746514,29.374971118517944,5.214870344897359,0.09472060317993164,-8.883535439742914
1478632336287,63.798962970468104,0.32384464629127313,28.307256188035645,4.248660520083643,0.0025438392639160153,-8.590544979615252
1478632336320,63.751767641567454,0.30974624343175733,27.036339304054966,3.53533788029775,-0.03980360145845334,-8.177246315323002
1478632336354,63.69031099905957,0.2550656622926442,26.12658029712096,2.825008321380615,-0.03815758952956239,-7.719953834765777
1478632336387,63.66783144661732,0.14717265436461852,26.302114143209398,3.0775965965270995,0.09442132797241211,-7.741651287310942
1478632336420,63.62758775127559,-0.04891142478708214,26.983819176625794,4.054879786682129,0.12569558829984742,-7.404517546844482
1478632336454,63.58713562050103,-0.15041241888493037,26.62217727748957,4.4807483978492675,0.14080898742122808,-7.247996467181295
1478632336487,63.52078456497179,-0.23872153446977187,24.55612711288399,3.848080636552442,-0.027832594299316404,-6.726060943658649
1478632336521,63.47785775198057,-0.29826652002812654,23.249598324669336,3.6282628870314917,-0.14395137481689452,-6.5026517089843745
1478632336554,63.4362517372961,-0.3661601576612583,22.605248323874957,3.340659394338913,-0.14365210417595226,-5.939714751379191
1478632336587,63.396703810397234,-0.42412757767863224,23.003543675504762,2.910002480316162,-0.3104980460678227,-3.899406316375732
1478632336621,63.36829289687914,-0.5041799848968763,24.293791164789756,3.408744613647461,-0.20844519117050803,-2.0555717628479004
1478632336654,63.33415656117396,-0.5578116229464561,25.15098313702448,3.5972879213195292,-0.04339490509033203,-1.0435726486206054
1478632336687,63.31544267939165,-0.5375059324736461,24.626051475601198,3.255964693273976,0.06628945846557617,-0.9814730430603027
1478632336721,63.2461251730466,-0.4647545920915742,21.45788704488992,1.5990275799073277,-0.1669955566627439,-3.334524362182617
1478632336754,63.20431581022969,-0.46835216714246525,21.214143831147908,2.604442639569193,-0.020500351715087888,-6.999149278259277
1478632336787,63.13706377298055,-0.37250506797317534,21.689329978918888,4.253149538598582,0.16175824966430663,-7.1468414470396935
1478632336821,63.10761161944068,-0.3194001071361989,21.236619679767433,2.7211597513061014,0.039055414581298825,-6.462399193572998
1478632336854,63.03869631156281,-0.25829568682046505,21.636448790580978,2.2376807266235352,-0.06853402252197265,-7.431302531787008
1478632336887,62.99554578016137,-0.21867318403638072,22.70849702268025,3.731961760136741,-0.08858546370906988,-8.450035630444436
1478632336921,62.94210903381319,-0.10281175301002225,22.63569252383337,3.483413869255129,-0.21862054708452777,-8.95192008952261
1478632336954,62.8535220761003,0.13958620376418296,22.353319238476875,1.890371848297119,-0.038756139373779294,-8.372672770104929
1478632336988,62.79376985583496,0.24693936302739314,23.26535517048397,2.2370823223389684,0.08828618621826172,-8.556427820587158
1478632337021,62.750302302359394,0.3598399030515107,24.36336858214535,3.5408745812347155,0.25797524258156773,-9.030479721898631
1478632337054,62.676266705144535,0.5088845291939416,24.098439573710756,2.6081834335327145,-0.049081136316491754,-8.855403944695414
1478632337087,62.569443611854076,0.6842447741915763,24.45305906659067,2.9671640449523924,-0.008978256225585938,-9.386318190234526
1478632337121,62.51396121853187,0.7841519419591121,24.864115302546885,3.570951885720901,-0.25438392639160157,-9.294889468206836
1478632337154,62.46787824752463,0.8857839185630578,24.95107810791519,3.0256723480224608,-0.11342530593319097,-9.359383056231588
1478632337188,62.422723450741366,0.9398913836783658,25.18176210796914,3.443460391589254,-0.009726435111230239,-10.326341251727193
1478632337221,62.379374221918845,0.9508021069633904,26.27027875954369,4.7665561570983375,0.13587094421386717,-11.853243506622313
1478632337254,62.362979043435956,0.9317201619566393,26.69186232187011,5.209932377038523,0.17612344135893507,-12.342707816259562
1478632337288,62.33822681731231,0.9193538101592367,27.337574734310465,6.887818754931539,0.3312976729904301,-13.636175555419921
1478632337321,62.308954471689965,0.9421087848079746,27.611560289343824,6.843526024218648,0.15098436045991256,-12.488156151635945
1478632337354,62.250018174983474,0.8299581412086338,28.572242311405645,8.329427575683594,0.06075286712646484,-12.742389855901896
1478632337388,62.320775910758286,0.8521541063669849,29.572147924784975,5.785438747229054,-0.0803553977855714,-11.123161637878418
1478632337421,62.36177737692273,0.8320533018143739,30.987851044588883,4.09408498499766,-0.3477577911376953,-8.49672225229023
1478632337454,62.38076492580327,0.7396826565177242,32.36470732980427,4.501398250170797,-0.397736750793457,-8.436568209573439
1478632337487,62.40864263820348,0.6413811415239534,33.730281530693794,5.652411008818168,-0.38845921022719704,-8.21645115287893
1478632337522,62.45215283020939,0.5563391469547979,35.57168078856134,6.233902572631836,-0.37783494036025367,-7.672368674911372
1478632337554,62.530856179418784,0.4720044834736571,37.57940025675433,6.311115393508784,-0.22789807052612304,-6.8312559599060565
1478632337587,62.589329002035264,0.37316637260343555,39.07158043482018,6.467636747166607,-0.15532382813605944,-6.449081666034087
1478632337620,62.64520451077221,0.2701540884498098,40.13420032233013,6.831405305248871,-0.07317278823852538,-6.778583377252146
