sep=,
timestamp,gyro-alpha,gyro-beta,gyro-gamma,accel-x,accel-y,accel-z
1478632267598,71.60102240411547,1.1015659987144568,-10.686999789767647,-1.8279729195802354,-0.23148936844978016,-9.677961884528887
1478632267632,71.6129546558115,1.1215341137855086,-10.53349454628615,-1.8119617462102904,-0.21637597960319835,-9.629479129664075
1478632267666,71.62481319111527,1.1427394780782327,-10.303647777180275,-1.7130513061081059,-0.22385786207447525,-9.608679546123952
1478632267701,71.63789736303767,1.158784396107567,-10.088024773124237,-1.6813281660770765,-0.21218612441463627,-9.626486320506665
1478632267735,71.6609591206236,1.1794221389156896,-9.79814994360993,-1.587355655017821,-0.21083938940573133,-9.62633680848378
1478632267769,71.66899387148287,1.1883139374788625,-9.72297682379296,-1.5860089942157967,-0.23537995984726584,-9.655516192590929
1478632267803,71.69498286613144,1.2208715589229562,-9.523461684858237,-1.5107412566917482,-0.23089081575145246,-9.699958285771299
1478632267837,71.72430097224029,1.2556138985502692,-9.404360228641982,-1.5246575173087882,-0.23358430289392706,-9.69546905034394
1478632267871,71.74389754026383,1.2789305394905075,-9.310256524720266,-1.4612111550483387,-0.23208792114810783,-9.741109021814166
1478632267904,71.76233450822681,1.308975576245918,-9.322542125945231,-1.3678373359680176,-0.22789806510331254,-9.57441231110068
1478632267937,71.78746952349883,1.3367965629418268,-9.445913918193048,-1.0618283997466786,-0.15337854385375976,-9.40756662037056
1478632267971,71.79406615242756,1.3520799936999284,-9.586650809757566,-0.861314120306447,-0.14963760375976562,-9.427019435794092
1478632268004,71.83784952276086,1.4547547944384116,-11.3267963011208,-0.20380641632080077,-0.2424129180908203,-9.732728768014349
1478632268037,71.93079608997647,1.6162547872083801,-14.715512612095798,-1.0193315029419958,-0.3339911361583741,-10.732607492065428
1478632268070,72.02302225797823,1.7254407256463282,-16.897901135188224,-2.9034185125157004,-0.3833715408325195,-11.052382905169576
1478632268104,72.10006016676115,1.7887070685417803,-17.95141305205881,-4.706701188659668,-0.2899976738031371,-11.073332169695943
1478632268138,72.1222241004184,1.7330375163893958,-17.438824969601402,-4.785410568237304,-0.2373252486961428,-13.14207189554423
1478632268171,72.13132694798091,1.6958174288815884,-16.82065305060054,-4.909759270831197,-0.30436288033914166,-13.543699224035441
1478632268205,72.13373398120031,1.6583324817432201,-15.693381326350776,-4.254496203967183,-0.49574938125610346,-13.7645646194458
1478632268238,72.15323050850667,1.6425353221973285,-15.342937720244546,-4.637568469592184,-0.6367079857314937,-12.419322561645506
1478632268272,72.18528993690718,1.6516435412214847,-15.546604838611193,-5.106532865905762,-0.563086302947998,-10.639533048657327
1478632268306,72.18255757048793,1.6307888556643175,-15.254993136199213,-5.2545244560241695,-0.3205237518199952,-9.753528778529446
1478632268338,72.15617819081699,1.526131404592002,-13.606616745496252,-4.995950822857767,-0.076614453125,-9.575310378751833
1478632268371,72.10370422394953,1.2596987937823816,-8.722139947216524,-1.9539678298950194,-0.1599626029857667,-10.776002543286234
1478632268405,72.08193864367888,1.1010300092158303,-6.1526543224352555,-0.6654384604522958,-0.22086510314941404,-11.144110756274312
1478632268438,72.08560969593721,1.0183139244804054,-5.202551245017997,-0.52866969061587,-0.3265092514038086,-10.801889629540964
1478632268472,72.0990206155605,0.9673369748747083,-5.310523636651057,-1.1273696701934561,-0.3752911102294922,-10.1819413294252
1478632268506,72.10196463969108,0.9058940544703229,-5.1836414747312665,-1.260846449279785,-0.42541970748901364,-9.711480639272416
1478632268538,72.10277301366304,0.7874364107530257,-4.894866543017214,-0.7604582749076653,-0.36212300109863277,-9.323320576388575
1478632268571,72.1002684128188,0.7557385170779574,-4.981980883422507,-0.9959878632255363,-0.3725976424949709,-9.020005263165384
1478632268605,72.0829018775618,0.7794710113367259,-5.092856610408147,-0.4691138512542471,-0.29179332733154295,-9.071480744989216
1478632268638,72.06575498477265,0.6943265404536753,-6.578483050001963,-0.7401075881958007,-0.1833060646057129,-8.9055325693544
1478632268673,72.06249163773559,0.6252986768122428,-8.14702085116928,-0.9784803275177255,-0.15936404800415038,-8.828768186364695
1478632268705,72.05141810168091,0.5592640034912985,-10.126056768162648,-1.1414356414794922,-0.08903437766199349,-8.725219037628174
1478632268739,72.05101931705671,0.5002780435959306,-12.492483507259044,-1.8164508720397947,-0.0680851131356263,-8.45617069913335
1478632268773,72.03704802129148,0.4221557023107896,-14.732109761457652,-2.592022617992433,-0.07003039713251491,-8.445695920739695
1478632268806,71.95302893449,0.25723912426859036,-15.355220039513716,-2.0630535699706525,-0.09157821350097656,-6.7377323844909665
1478632268839,71.8608536212424,0.10858115149605221,-13.624069480378203,0.720804337310791,-0.06808510856904904,-5.001786835534871
1478632268872,71.78243396912144,0.004642598292358855,-12.58395477846694,2.6574142051696774,-0.01720832400425643,-3.38360549621582
1478632268906,71.75596598859715,-0.008068766771586541,-13.803118183518201,2.351704580688476,-0.016160861348760228,-2.115127529144287
1478632268939,71.75762561644198,0.06899074815322649,-18.32501096114496,0.6272808349609375,0.0834977817563049,-2.4328081619262694
1478632268973,71.75340363239256,0.034232148369854096,-20.040639073550103,-3.6195839790786613,-0.17028759079532463,-5.932382508794963
1478632269007,71.66293460032705,-0.007424228610274585,-18.39049672135381,-3.2401030433433595,-0.08424596635017077,-9.101408083078079
1478632269040,71.58867980759824,0.09261833719351115,-17.610616879782555,-0.8056488586425781,0.1583165893444093,-9.27753169796695
1478632269074,71.55297119985374,0.2858758597449772,-19.301205698194238,-1.6849194183349607,0.009427169036865234,-8.300098824542388
1478632269107,71.51283308471268,0.47211302847070763,-20.813074887249044,-4.2856208255492145,-0.07212532615385134,-7.492205182647704
1478632269141,71.42073703472663,0.6005771791850867,-20.077787639132165,-4.971410109710693,0.014963760375976562,-8.408735213415325
1478632269174,71.24711682406925,0.7786840083338494,-17.763588691726337,-2.5852889166900885,-0.17687164764404295,-9.32945566905202
1478632269208,71.14376635405117,0.9760845287612069,-17.056095257566778,-2.151190337780863,-0.06733692169189452,-8.429535132598877
1478632269241,71.04787148031407,1.1592946399071604,-16.83114315999318,-3.057994143499806,-0.13766659545898435,-8.534730441107229
1478632269275,70.91190271696402,1.4662074939750653,-16.716326926995244,-2.6223990058898923,-0.03516483688354492,-8.026411720331012
1478632269308,70.81838834486028,1.6763818888490611,-17.410072910541672,-3.5595793182373043,-0.3446154014587402,-8.025064543505758
1478632269342,70.7319920074078,1.8972877409921869,-17.891829588668912,-3.641580725097656,-0.3350385856849607,-8.06771126057729
1478632269375,70.62312539694939,2.1358937697445635,-18.765022847601866,-4.033780884552002,-0.33698388138370355,-8.175749610491842
1478632269409,70.52726842247627,2.3629664396388144,-19.207214615017044,-3.565115909576416,-0.4472668067710939,-8.107066242627054
1478632269442,70.39805788583352,2.6723825908487564,-20.956867929488563,-5.049670576477051,-0.43858782004480595,-8.325686489459127
1478632269476,70.28895872669898,2.8132403009096683,-20.991572071564164,-5.381566635485738,-0.5913678191917482,-8.918999697964452
1478632269510,70.16998741660147,2.935450108569553,-20.682919869227515,-5.028721458081156,-0.7378630058730952,-9.579350735617242
1478632269547,70.05795230550117,3.01812538448803,-20.362338107907988,-5.935974103546142,-0.9977835418701171,-10.224138841424509
1478632269580,69.88230132649578,3.0785993306683896,-18.86799094475198,-3.771765440368652,-0.6500257598655763,-11.915343112182617
1478632269614,69.78816766390807,3.104273678193096,-19.07676736733283,-4.631134198760986,-0.30615853729248044,-12.411391476385294
1478632269649,69.71164184687113,3.0847693086569206,-18.73383598971016,-5.053860429382324,0.010324994659423827,-13.268067050170897
1478632269683,69.60721181229162,3.0452282081944375,-17.713725306870653,-4.105008237811178,0.05686228942871093,-12.872574571172892
1478632269717,69.45313919081656,2.8968860680596427,-16.360954183601372,-2.7837082651111063,-0.06329670639038086,-14.017901082611083
1478632269751,69.37540090258466,2.8261941241320003,-15.478737115962835,-1.8736124366760252,-0.11776479415893554,-14.795567709350586
1478632269786,69.28162400893292,2.796787261666462,-14.510060887889702,-2.2562357346908186,-0.458040695975488,-9.774328368919436
1478632269820,69.05013362451547,2.4916130639981287,-11.749278147898135,-1.9535189855823991,-0.9500491462707519,-8.691699922125041
1478632269854,68.9347396318785,2.285037015809019,-10.10515761165641,-0.9846153596740216,-0.8864531646728515,-9.897180750274657
1478632269887,68.83150961739265,2.157691613445348,-9.145506010368567,-0.15786767196655271,-0.9228151023864746,-10.280552254574559
