sep=;
timestamp;gyro-alpha;gyro-beta;gyro-gamma;accel-x;accel-y;accel-z
1478632385498;59.86539763553611;0.2530108047245574;23.449002258839045;3.9790135033096186;-0.024839841082476777;-9.105597634589252
1478632385532;59.94133660390787;0.281950194254472;21.985362934645952;3.361309456722997;-0.048482584545750065;-9.327360462896525
1478632385566;60.028456672020546;0.3081179487739269;20.968463499286706;3.415029292540671;-0.08529343642635503;-9.538649124731496
1478632385600;60.12136109111157;0.34940876716821734;20.023039757872255;2.9917045389037575;-0.14963760375976562;-9.487173569842428
1478632385635;60.27705393450679;0.39161830616685533;19.39291573358087;3.0585927487137727;-0.16609774017333984;-9.62992828222066
1478632385669;60.378893518206006;0.4350382788336244;18.939886495044544;3.240103047909937;-0.22161328660163562;-9.592368987948634
1478632385703;60.484092342619476;0.47441951955504125;18.571674960805748;2.9465140373672356;-0.23523032224350607;-9.452757249771244
1478632385737;60.70047295963413;0.6654322744902402;18.17272831565045;3.2864908192398956;-0.15906477279663084;-9.319879083034158
1478632385771;60.794569533363;0.6894747941142808;17.454954261770613;3.219602664228808;-0.05865793610725086;-9.401880327495606
1478632385805;60.88659926353344;0.7702685731271646;15.973740114669416;2.954893907574564;-0.13242928346585323;-9.39110617342973
1478632385839;60.970559715830085;0.8533775977800814;14.1789458448682;2.3500585761802735;-0.24959552307128904;-9.394248718372312
1478632385875;61.100452264873425;0.9359792535780621;12.00649639813849;2.4479214868407695;-0.4664204109191894;-9.573813662504229
1478632385906;61.18198900271548;0.9673720882171382;10.6347354379844;1.4992191520690916;-0.4670189613342285;-9.398887255760002
1478632385941;61.26458472124042;0.9532561250625519;10.111754717060025;0.923712854943797;-0.4029740669250488;-9.213935634170658
1478632385974;61.37638660269246;0.8765587047726554;10.236495621989773;0.6835445009093731;-0.1406593498174683;-8.90119264045395
1478632386008;61.406290127182615;0.8401754087473271;10.37703481806314;0.41105449752807616;-0.09202712174567859;-8.782230745464936
1478632386041;61.49845990287144;0.6570001081151186;12.833703636491567;0.9421183532714843;-0.09112930068969725;-8.272266303308308
1478632386076;61.554975279177626;0.4959776778827006;15.408132601188132;2.7820622377700173;-0.08334814215466758;-8.829217026110738
1478632386108;61.59638584162893;0.34819619575323074;16.89192540186767;5.398625468444824;-0.0704793113708496;-10.819247664642333
1478632386141;61.66738983741542;0.42138529210024867;14.68961049956685;4.9528550468444825;-0.060154318994714406;-12.766631439971922
1478632386174;61.71614665797336;0.5379907648016432;12.88257153380396;1.7794903473785146;-0.2163759750366211;-11.873145454052835
1478632386208;61.75295825641259;0.5231763370011584;12.971087309299238;3.098396223449707;-0.09068038759300688;-13.455712605285644
1478632386242;61.814702175958224;0.5433860416325299;13.631591564428446;3.378517817687988;-0.049230771636962885;-14.09301945195943
1478632386276;61.87077035430643;0.5279088718551539;14.968020903152695;3.4561797340393063;-0.10055647315149543;-14.134019570867716
1478632386310;61.900857619462066;0.5113195165825726;15.957435203873079;3.4968810891967266;-0.2531868164283689;-13.346926067352294
1478632386344;61.931397445704896;0.49500969733840894;16.72642627693566;2.6874913635253903;-0.26485855865478514;-12.613402533721922
1478632386378;61.95619961657125;0.4746866843056383;17.205032171457752;3.2010475648299788;-0.36421791841811496;-11.840973515374959
1478632386412;61.962603724365174;0.46645454476242576;16.73369264233171;2.56882887160806;-0.11492168425407726;-10.966191937664895
1478632386445;61.97839775400976;0.43884233717381815;16.0624562334478;1.7486651106018571;-0.03815759124202887;-10.252570205334573
1478632386479;61.98684212445171;0.3309613580649118;15.251940467681166;1.1755530151367186;-0.03426701126098632;-9.501688668568875
1478632386512;61.985049489815225;0.21500925801837953;15.128869956704678;1.180790477398783;-0.018704700469970702;-9.10918938460406
1478632386546;61.97964759959842;-0.008498125028308308;15.07380624665019;1.1984474223814905;-0.005237316274297336;-8.674342179284617
1478632386580;61.97512676053242;-0.1926604697861451;15.176296092595486;0.8384193477354943;-0.011073182678222656;-8.351873143182322
1478632386614;61.95935048126963;-0.4187140851344414;15.86528517184911;1.14278237991333;-0.032471355449291875;-8.395118702929839
1478632386648;61.95204750933691;-0.6715924199394604;17.011087062394378;1.3525743003845214;-0.016160861206054686;-8.343493583502248
1478632386682;61.931705819854415;-0.9343653536403091;18.27573961660469;2.0023007028441877;-0.029478607940673827;-8.235904000268503
1478632386716;61.91090945660044;-1.200789057337196;19.593595230246102;2.1068973878722637;-0.01945288848876953;-8.386289645916596
1478632386750;61.884164586348945;-1.4558279933858576;20.989205896599792;3.3601125020233913;-0.003142389678955078;-8.588600088058598
1478632386784;61.84546447948462;-1.667251552381589;22.05748736439761;3.580678302565822;-0.02319382858276367;-8.413822965008393
1478632386818;61.77054373787132;-1.8187009119763395;22.665416149817098;4.710891187695413;-0.4263175696441903;-7.595006070300191
1478632386856;61.632198755939996;-1.6395120400937466;20.10142012546308;1.6946458625793457;-0.7460931288788095;-3.6830303413391112
1478632386890;61.539185309075066;-1.4846613467101983;19.187133539748785;1.2509702213011682;-0.3088520324264653;-1.8683751205444334
1478632386924;61.42921865511921;-1.3590673458045452;19.196487466247085;1.4630068519592285;-0.006733692169189453;-0.9757868141174316
1478632386957;61.3236819727147;-1.3432172133509745;21.70463602612944;2.3163901062011716;0.6872855140686035;-4.055328699493408
1478632386990;61.205773481778834;-1.2986884554701368;24.089685275952917;4.424185319695994;0.69012861027373;-7.587823611450195
1478632387023;61.108830046959;-1.2315419633001676;24.26167305613543;5.424961832837015;0.4583399803161621;-9.219322186047211
1478632387057;60.98597423052395;-1.0971676486984094;23.525702894422096;4.196137794229202;0.31543607785874045;-9.550620023434423
1478632387090;60.87643637289002;-0.9661608409682115;23.533528927194652;4.841075902966409;0.369006330871582;-9.675118765490874
1478632387124;60.739534636467056;-0.7867669965116982;22.93489853778564;5.029020587158203;0.15786767196655271;-8.840589885855278
1478632387157;60.53207564951119;-0.4584455937869759;21.497719999204126;3.9639002697266634;-0.026785131072998045;-8.11679224848002
1478632387190;60.39715708379658;-0.2136992429153849;20.354775597898303;3.4739865175551734;0.003441664886474609;-7.605780123901367
1478632387224;60.24281745771571;0.04908867921681476;19.454191600767547;2.295590625409037;-0.149936878396463;-6.373065836389363
1478632387257;60.12655065662411;0.2547597169304401;19.95262264768507;1.613991194152832;-0.27084405823859853;-6.708553344018757
1478632387291;59.94910214016978;0.5262221122262168;21.65827734586266;2.3222259727478027;-0.3817255180580076;-7.070675906725972
1478632387324;59.81539203030065;0.6805868124670065;22.562719455106247;1.868075845336914;-0.49215809703217817;-7.375787126922607
1478632387357;59.71431754623634;0.8169043403825914;23.89445481043679;2.298732722827047;-0.29927520751953124;-7.688829140118509
1478632387391;59.595307300841675;0.9048395629699022;24.905985542331834;2.375048046875;-0.13287819898853775;-7.756465337017923
1478632387424;59.48606069732488;0.9301819249266093;26.495756719542797;2.5282768069945276;-0.08319850312385242;-8.002469557598978
1478632387457;59.356315644485804;0.8423503437639082;29.955338693134813;4.261828519616648;-0.2371756019592285;-8.840440138653666
1478632387491;59.309399941675274;0.7885127394276068;31.296819335277323;4.85618902695151;-0.28221652069091796;-8.881889827960357
1478632387525;59.208643361801094;0.677136376127076;34.04517535898815;6.366481562628224;-0.06703764648437499;-9.011176352282613
1478632387558;59.04792644539298;0.5429200597872031;34.101014066576276;6.951265245056152;0.14185643923110328;-10.192864655303955
1478632387591;59.024373746160144;0.5432291129833346;33.4355818048175;6.1724013713560995;-0.24091654205322263;-10.295965256555379
1478632387625;58.86535884215367;0.35011551549422604;34.537462642244705;7.001244496972858;-0.24271218873176256;-11.2362876663208
1478632387658;59.024419398583504;0.24059996958642071;36.9003528910029;7.736264260510355;-0.49634794537087434;-11.79204172668457
1478632387691;58.91163490755891;0.15712142910541618;38.394444055078395;8.188319169207661;-0.8053495811517699;-10.069712615148722
1478632387725;59.0351460013026;0.06738382428162257;39.56959510736549;5.19915846956782;-0.12210428352632442;-9.974243823949992
1478632387758;59.05449379983631;-0.19751548878208036;42.85128021722468;8.764573873547464;0.13676877211971442;-9.074622842407226
1478632387792;58.9039997628868;-0.5246963159230775;44.83432005687173;11.214440576171874;-0.01062426986694336;-8.945934357043356
1478632387826;59.03769568247029;-0.507329781055982;46.1703923779939;13.409773860931395;0.7196072638801764;-9.8449572265625
1478632387859;59.02090431742781;-0.4772453024030211;44.77074937610362;6.654384020001069;0.29343933183974585;-6.780079808088671
1478632387893;58.92516310288605;-0.4832486858240102;43.063377801617165;5.845144151129201;-0.06838438491821289;-5.15202269744873
1478632387927;58.910154866461106;-0.5454807982312907;42.32948874771589;5.886443837505952;0.01975216369628906;-6.08142214666158
1478632387962;58.93390166071361;-0.6565647207807255;42.77591821634231;6.483348184104729;-0.03681085052490234;-6.15833565579839
1478632387995;58.954791539363356;-0.8140800969867166;43.67831927986831;7.351545615917816;-0.06778583450317383;-7.181856545854779
