sep=;
timestamp;gyro-alpha;gyro-beta;gyro-gamma;accel-x;accel-y;accel-z
1478631892271;75.09670770891319;-0.5480235299783953;77.33830650147866;9.400982273544184;0.1385644165149657;-2.027888760486571
1478631892306;75.14190028745702;-0.5823432970171722;77.26790018370983;9.440636704331403;0.14724340666618663;-2.111237024511769
1478631892339;75.17700661508871;-0.6242562609973016;77.03623215443844;9.447220494035351;0.16115969924926757;-2.218377452905639
1478631892372;75.21897358361282;-0.6832295550457013;76.48625224603617;9.38571932015908;0.12509703674316405;-2.3104045712263845
1478631892408;75.24526298497614;-0.7124965886702426;76.11503592491988;9.398588309346046;0.09546878891544183;-2.3774422645181765
1478631892443;75.2768511755174;-0.7254239341676876;75.81280363658486;9.378237750498345;0.037110125732421874;-2.450315761566162
1478631892476;75.31401883117447;-0.7249475762544825;75.6075201317621;9.400234496517339;-0.01227028350830078;-2.512415353426733
1478631892509;75.3559574892143;-0.7210574844259239;75.49038729765867;9.441683934662281;-0.01631049880981445;-2.504185239554173
1478631892543;75.42384597620266;-0.7296597561575542;75.4204228587146;9.489119278031533;0.013018471527099609;-2.445078575582022
1478631892578;75.4729971028987;-0.7366298869614786;75.4268188668358;9.497947878601108;0.06329670639038086;-2.402880773605057
1478631892611;75.52614373490823;-0.7642374010621972;75.44241469541693;9.481936134409004;0.09920973585930187;-2.412008503037621
1478631892646;75.62029898699251;-0.8516082584761471;75.2933048469321;9.482534971234061;0.15607201843814691;-2.45106386738657
1478631892682;75.65616352791982;-0.9029347581396151;75.0167151925027;9.495254219641163;0.16101007020784017;-2.507626959239575
1478631892712;75.6873414114006;-0.9524013809246613;74.63571164460004;9.460538419437306;0.1663970119559264;-2.5731683392842064
1478631892746;75.71996912452867;-0.9983926947764905;74.25578172313753;9.40472317938885;0.1619078884097107;-2.661155154468179
1478631892779;75.77453452429664;-1.0653897384855369;73.83968615672599;9.354295473601878;0.13108253176040016;-2.7421092064870694
1478631892812;75.81455605703252;-1.1063917865558657;73.66642836647925;9.336638140460103;0.1334767334205564;-2.7856537594559603
1478631892846;75.85589119288998;-1.1571351310964575;73.5452903016758;9.365368649430234;0.161758247381018;-2.79268660011015
1478631892879;75.92168901239235;-1.2289802552531985;73.39727283830399;9.377489240535848;0.15891513975944835;-2.876034762529004
1478631892912;75.94327717498301;-1.2562536067403485;73.35768483509494;9.367463669497706;0.17357962949448263;-2.8597242774189215
1478631892946;76.0079502140193;-1.3180801311008303;73.27626374160339;9.244611306408792;0.14859014053344727;-2.8492496611387583
1478631892979;76.02976137834298;-1.344879634535763;73.28811349384692;9.252242696336378;0.16564882736206055;-2.8482020312323697
1478631893013;76.09804376887223;-1.4075872723699003;73.34635404088618;9.382427506363852;0.18749590837783178;-2.820369688094803
1478631893047;76.16183035098251;-1.4824646379936246;73.30922582242277;9.421183498465513;0.2302922813194338;-2.832190869278868
1478631893085;76.1956511077671;-1.5166527702335415;73.12316130572157;9.497797949307225;0.17986439058608375;-2.8883049547057595
1478631893118;76.2222295981144;-1.5385565302428268;72.82039512606931;9.486724931025783;0.1762730972290039;-2.935291226218408
1478631893151;76.24499606071736;-1.5626569370783285;72.49556796960542;9.430311143416398;0.18959084396362302;-2.979134964204917
1478631893185;76.26849264267034;-1.590391775824117;72.26165445085107;9.415048683221638;0.2356792282049195;-2.989609760579471
1478631893219;76.29320389316692;-1.6247327778334746;72.10207162478058;9.403825716809182;0.26560674439029536;-3.024774381977651
1478631893252;76.31713066798052;-1.6639396518922518;71.9495333911075;9.425972118698246;0.2994248508315126;-3.0545523667321888
1478631893286;76.33716914511116;-1.7011404109686608;71.75997848490282;9.453355343528557;0.28057051389942644;-3.079990822161786
1478631893319;76.3675127681829;-1.7372653981343982;71.50090967811883;9.401431250287546;0.25962123567332746;-3.1138089862560414
1478631893352;76.39134594575376;-1.7461644686500961;71.40631118080489;9.366117159392731;0.25258828427963886;-3.1292215321499564
1478631893386;76.41391800061425;-1.7418372662954318;71.30361483295111;9.343521840125812;0.21487959899902342;-3.1751604466092074
1478631893419;76.43876764778028;-1.723830890829402;71.07727574651533;9.295787012984894;0.22879589158210437;-3.1983540902455916
1478631893452;76.45577404758457;-1.71877963678571;70.96713130996446;9.296385992658196;0.25617958676987324;-3.2175077994249643
1478631893486;76.47285649968242;-1.706922050638307;70.90583483638643;9.314491921234131;0.27682957380543227;-3.2362124131299668
1478631893520;76.4846207757173;-1.6984684099301506;70.82475945827377;9.353547281016501;0.2880523949436479;-3.3048961531708017
1478631893553;76.49225771712845;-1.6847652974813585;70.72951213285516;9.392004026451753;0.29598317795352774;-3.304147901219921
1478631893587;76.50383524579092;-1.645714503965429;70.66415978174047;9.316736626854421;0.2916436851612059;-3.282450597088516
1478631893621;76.51119303269724;-1.6137154784189924;70.69982715155788;9.294141303020925;0.2838625269115873;-3.2522237212139413
1478631893655;76.51863095282543;-1.583330295338259;70.81251276441014;9.330951961749582;0.31663316955566406;-3.1738134524470425
1478631893690;76.5324217757477;-1.5452043930600874;71.05668075695961;9.420585164962894;0.3404255439868895;-3.1416413996047337
1478631893724;76.53580673358262;-1.5210596023289666;71.13373421481849;9.474604029392916;0.35509002458876926;-3.147926247461303
1478631893758;76.52993699077123;-1.4838480574325494;71.01360505904587;9.389609989188378;0.33354221878051754;-3.1982045302736455
1478631893792;76.51282280814928;-1.433018206093668;70.75964338348464;9.2615201689748;0.2777273880115477;-3.1862334329246074
1478631893826;76.49579257550589;-1.3836955707506906;70.51423756946673;9.212887951748632;0.26874914320240495;-3.1705216580597684
1478631893861;76.48240716008178;-1.338867980578298;70.33246017376791;9.152583997433446;0.2630629028430907;-3.269282435442018
1478631893895;76.46929202387422;-1.2922970273368253;70.23487766850359;9.135675249602691;0.23119010123377082;-3.2983119832992958
1478631893929;76.44468137041247;-1.2168961704171968;70.18224097619476;9.140313823523;0.24869770201530772;-3.3134255376843034
1478631893963;76.4232948454815;-1.1837905102165076;70.07355626932281;9.152583860436128;0.22685060044993877;-3.3256956990366624
1478631893996;76.39683902872812;-1.1463214014495802;69.88057036067922;9.1344777697467;0.2139817699515319;-3.324349037092994
1478631894030;76.3668785859035;-1.1103272932041992;69.65017922534346;9.067590167291462;0.21398177565975346;-3.4060511419171844
1478631894064;76.31821656626224;-1.0736775928377007;69.34265088853446;9.104699722201726;0.216076690695947;-3.4295443547345
1478631894097;76.26776119939447;-1.0462810132156382;69.05825727083895;9.168744767307956;0.21293431015014647;-3.4923921015061845
1478631897379;76.88773500046635;-1.3923906636044088;-60.68169874266212;-8.194304892553761;0.2117372047534911;-4.906916412088089
1478631897412;76.77465713907311;-1.3017039972378623;-61.003585989850215;-8.306682732977345;0.22011691341814874;-4.892700730133057
1478631897446;76.66645689370047;-1.2071878441232156;-61.51673514648893;-8.635885305985202;0.1883937340003904;-4.7680526792664075
1478631897479;76.55657267514142;-1.1250349858190958;-61.91021302783429;-8.794501184236863;0.2663549301258055;-4.743063080707518
1478631897513;76.44822671446654;-1.0389640852294246;-62.21956357716312;-8.991424553912506;0.25737666933364234;-4.543296927637292
1478631897546;76.33381959149027;-0.9578916665900115;-62.42238418174469;-9.016413704946823;0.28745383682250975;-4.394856404158007
1478631897579;76.1624714832127;-0.8305525931857144;-62.63112167820434;-8.746916659136698;0.2838625343322754;-4.278438311900292
1478631897612;76.10736053125179;-0.7796173732498027;-62.696833379205785;-8.726416211523487;0.2967313682556152;-4.286668325308152
1478631897646;75.94470456511993;-0.7234786645196282;-62.9819698910308;-8.727463721557223;0.22744915771484372;-4.338592793008498
1478631897679;75.79307794005722;-0.6613967590635617;-63.1149713431698;-8.569596094114798;0.19303250885009765;-4.428973745849193
1478631897712;75.74687806113478;-0.6449583245535184;-63.151346757745074;-8.623016618192334;0.1738789001354249;-4.4693760358616474
1478631897746;75.61874823059604;-0.5232827575232917;-63.28837403195132;-8.728810458849416;0.09457096272206109;-4.4618940597755365
1478631897779;75.54231783390092;-0.432210148624762;-63.35025989587505;-8.659677785447705;0.05686228942871093;-4.3278186846083955
1478631897812;75.46794661445794;-0.3391487792099987;-63.39551525774434;-8.720729955181152;0.0469862075805664;-4.308365887451171
1478631897846;75.39921320769409;-0.25717314127486834;-63.23416709242585;-9.091830911111272;0.04459200691934893;-4.305223579970607
1478631897879;75.28998856409305;-0.14976791572539258;-61.64237471779607;-9.828496944018452;0.04159925384521484;-4.399794499881007
1478631897913;75.24794337901925;-0.11790064900423736;-60.481300202106645;-10.431685978643596;0.015263035583496093;-4.429422562762349
1478631897946;75.06452649032313;-0.03350955392856824;-54.02395552428677;-10.47358450769633;0.04668693294386903;-5.180902937637455
1478631897979;74.81737654582828;0.011663054328528755;-42.81734181229752;-8.9329161777772;0.04489128127063523;-6.281337473827973
1478631898012;74.63010169005298;0.01312410204267749;-33.4249366818383;-6.160580073724314;0.025139117431640625;-7.025036802905425
1478631898046;74.44468478498989;-0.030898423726188493;-23.87672325595744;-3.6400843855926763;0.17492636450338758;-8.26777688293457
1478631898079;74.31922871803214;-0.0871254211512134;-14.20901572238773;-2.0527286483764646;0.3079541931041749;-8.768912998730316
1478631898112;74.23384964924442;-0.14236313424239053;-4.335294083225084;-0.05686228942871093;0.21727379609260242;-8.242488274029641
1478631898145;74.1738153572827;-0.20276076916318778;5.267203840074168;1.1320084541763178;0.0579097526550293;-7.540687766265869
1478631898179;74.10691018618749;-0.29201757602297446;14.445568257149342;3.004423808288574;0.040551790048074327;-7.100603281347453
1478631898212;74.07104974814918;-0.4287511172897672;26.510997556801073;4.715380060079879;-0.0010474632263183592;-6.79639061742574
1478631898246;74.09538561509426;-0.5123598113190296;33.448711317572055;5.475389508941234;0.04848258361816406;-6.878840498705953
1478631898279;74.05780167437024;-0.6483992765484189;39.54294660702678;6.542155853713862;0.08574234467105707;-7.012616552999802
1478631898312;74.07548041329346;-0.8251564296591081;47.67536478830508;7.195473640862153;0.06658872910651843;-7.0872857172759245
1478631898346;74.11257074767366;-0.8856084494167464;52.01792902667303;8.46245569768697;0.11207856521606445;-6.903979908398538
1478631898379;74.09883385571344;-0.9266614100186582;54.39090092875001;10.295665689086913;0.18225860366268315;-6.745962744958699
1478631898412;74.02039786055622;-0.9152343015552282;54.12195551752089;11.68998888092041;0.10549451521721202;-6.697479942144826
1478631898446;73.9439006842557;-0.5793562103660606;49.01766830899613;8.478317137555033;0.021996727752685546;-6.846817941903509
1478631898479;73.85951822390956;-0.28575074746344714;43.40603369627813;8.023568459729105;0.06898293304996332;-7.446865207904204
1478631898512;73.75212317398044;0.07839081885720499;35.860294728445986;6.973261826678365;-0.0056862289428710935;-7.9423151044610565
1478631898547;73.66562508106908;0.49833395138766906;27.28568998720622;4.821024317932129;-0.14200608596801756;-8.21031622575391
1478631898580;73.62973455432633;0.8805188503199545;19.830686639637864;3.0708627764937466;-0.40925884628295894;-9.439289554905612
1478631898614;73.67635971107916;1.31639209219696;13.948714584006964;-0.0378583137512207;-0.5755062240600586;-11.053131093188375
1478631898647;73.6987481023587;1.469744665994686;14.787232977000473;0.14993687896728514;-0.6109703361511231;-11.022904589489848
1478631898680;73.7394006312359;1.5515776907896182;18.590717974136226;2.462885247216746;-0.36047698745727536;-10.57354286539927
1478631898714;73.79836412189832;1.6486162368295347;22.508247119067324;4.071938436978124;-0.22849662550773936;-9.580248013250529
1478631898747;73.84131537440595;1.7902368670309137;25.059515857657043;4.23249962234497;-0.13676876983642577;-7.847295143304392
1478631898780;73.88609717609252;2.043699496645603;26.28068072000369;4.801122443566843;-0.20410570979462936;-5.623979407446086
1478631898815;73.94270216960551;2.22020976136875;26.177837378507064;4.210951798270409;-0.1596633232116699;-4.884620299530029
1478631898847;74.02406118841807;2.3776200596589896;25.818336229149363;3.7544075148651372;-0.19273321537626906;-5.401318653051555
1478631898880;74.0908054228959;2.5375070034069287;24.5329864361664;3.9489362992881327;-0.24959552307128904;-6.144419285583496
1478631898913;74.1671368325082;2.7158694824773364;20.731244065863237;2.9040169761657713;-0.0752677146911621;-8.527398052392527
1478631898947;74.22696823384432;2.7471075910248985;18.95900832529072;2.4025812198363243;0.040402153015136714;-10.981903886059671
1478631898980;74.26382690741437;2.7556778987772503;18.229751150880784;3.055749547477369;0.14170681076049804;-12.20638825149536
1478631899013;74.28615563021617;2.7864337376104102;17.49393746927992;2.776226316424459;0.06239888076782226;-11.020061182757466
1478631899046;74.30109020129235;2.8016389946047253;16.728719343087427;2.0055927301269025;-0.03277063522338867;-9.529521249168459
1478631899079;74.31602705620328;2.762171696141204;16.670558149503563;1.6036660533629357;-0.2362777763366699;-8.993070275292917
1478631899113;74.35697038440685;2.6048475649337286;18.778451038952245;2.426523309503123;-0.5781996917945799;-8.795249545785598
1478631899146;74.40708757556332;2.4651407399622185;21.026692304684996;3.5058594789946973;-0.8451531860351562;-8.828918152762018
1478631899179;74.47186577105258;2.3290072000679096;22.957390983373244;4.407575728341751;-1.0277110626220702;-8.850315855175628
1478631899212;74.54234494955296;2.2183123734847627;23.876322513826832;4.704456551538035;-1.0910077690124511;-8.887127061893558
1478631899246;74.65014080675623;2.108730711838653;23.269467801829645;4.132242318228073;-0.990151987545751;-9.057264830138744
1478631899279;74.71910945005605;2.057455087581857;22.120997239302294;3.5121441430465317;-0.8378209434509277;-9.03227533661113
1478631899312;74.78724293960607;1.9935360840788685;21.01718146908062;3.152714783212356;-0.5889736266647465;-8.936058384793064
1478631899346;74.86013093467292;1.9088244800821415;20.34902398554323;3.0349499525208024;-0.35838206100463865;-9.009230935569573
1478631899379;74.938738186087;1.7970149707645517;20.14615360661447;3.1859340937850065;-0.19632452699965797;-9.21588056682651
1478631899412;75.05654148328848;1.6170099265655644;20.113400321282455;3.419518416086887;-0.12569559629135765;-9.189395080853789
1478631899446;75.13174096754557;1.4921002534626986;19.98087749951564;3.3774704115438854;-0.13467383425063453;-9.084798208596045
1478631899479;75.2063089651173;1.359933506646608;19.814024701126606;3.277213077744236;-0.14903905334472656;-9.065494674583244
1478631899513;75.31597477231286;1.0781514578592581;19.885714981166142;3.429394539034227;-0.15786767196655271;-9.20660311416686
1478631899546;75.39445064540438;0.9196633211442946;20.15139595303667;3.560327451457176;-0.1704372283990844;-9.336339057048828
1478631899579;75.47163343107955;0.8041630192239244;20.35327930323828;3.6806360118147916;-0.18330606917229014;-9.418340655705425
1478631899612;75.54693272901967;0.7035256738454838;20.377881130161658;3.8340146104674786;-0.17238251953125;-9.601945611926167
1478631899646;75.62791738893085;0.5956009327993912;20.026855560119632;3.8093245885102074;-0.14454992523193358;-9.623343862329051
1478631899679;75.755246710312;0.4637339840422577;19.356518969940993;3.4394202128203584;-0.07706336522275159;-9.56962385298144
1478631899712;75.84336160098044;0.3787090667996977;18.919457783600606;3.2368108607970174;-0.05431845244808355;-9.51156448098896
1478631899746;75.9333574247858;0.30252832780949246;18.608356751439448;3.1233855651386255;-0.05162497422470515;-9.452757048841844
1478631899779;76.0685324952028;0.1988193062463636;18.357892501532337;3.177853873244533;-0.04144961681227723;-9.50258666315479
1478631899812;76.16238838183926;0.14227913036507944;18.262796975931074;3.1549591372061982;-0.04264671821317752;-9.456946700817719
1478631899846;76.25796959367042;0.10392135219884586;18.143443873186666;3.09510413223491;-0.039953239062213104;-9.392752520431229
1478631899879;76.35522492789327;0.07073994638982557;17.95488372160643;3.0496143326579825;-0.03172317313871462;-9.41070898265005
1478631899912;76.4524450147546;0.04065154788276911;17.680993701611882;2.959382978605141;-0.03262099876127322;-9.434202232570806
1478631899946;76.60106720922163;-0.014637225878051944;17.29188903688771;2.766649546316452;0.00014963760375976562;-9.434351787976174
1478631899979;76.70081469158826;-0.061076860914756795;17.154961401198825;2.704849215963669;0.014963760946798719;-9.428066752889938
1478631900012;76.74996592053732;-0.08784324714608159;17.10430540997004;2.744054259015573;0.02693476867675781;-9.412953304677853
1478631900046;76.89725519497571;-0.17171205152263194;17.01229240629381;2.7711386470297814;0.05716156463623046;-9.352051156140654
1478631900079;77.0433691169251;-0.26653220692010504;16.990705652396482;2.71951381072998;0.05716156463623046;-9.344868156151252
1478631900113;77.14352532551926;-0.3271231371556021;17.145749759179786;2.792387332894141;0.04010288009090582;-9.324218132583075
1478631900146;77.24343259941709;-0.3815880675927392;17.413290835563796;2.929155985141202;0.046238019561767575;-9.293842023246828
1478631900179;77.3423258101333;-0.44406482558409854;17.70649855272331;3.1337107801354023;0.08753799705781858;-9.311798572230618
1478631900212;77.44235813927253;-0.5035990739829682;17.900758834372873;3.1157541124206034;0.09741407662267447;-9.289502509904908
1478631900246;77.54312994854898;-0.5651715803696712;17.96842352053824;3.0705635286856907;0.11537059021549066;-9.293093746179773
1478631900279;77.64141147823794;-0.6253181027135423;17.938780471475997;3.0747535596874775;0.13856442108154296;-9.365967035448492
1478631900312;77.79028136899356;-0.6793967951784387;17.777318757866773;2.9123966180442364;0.08918401184082031;-9.367762704959919
1478631900346;77.88458222938016;-0.7027488917588425;17.594415786719487;2.777124361242726;0.07032967376708985;-9.311199800336581
1478631900379;77.97396797938113;-0.7282048919636392;17.39938496358546;2.8480525580253917;0.09008183974666753;-9.205256507022119
1478631900413;78.06369157790004;-0.7538463433333314;17.245856456351923;2.837727636431204;0.10399813689632574;-8.997559586068801
1478631900446;78.19624517862206;-0.7781340079939828;17.002744326002862;2.520795182534866;0.06015431671142578;-8.358906256689503
1478631900479;78.27937151670187;-0.7984097606233921;16.87312006574935;2.3379378115447236;0.01840542526245117;-7.866149700573831
1478631900513;78.39847746680219;-0.8217944769906927;16.616281850529376;1.8878279359679668;0.021398177337646485;-7.132476090948283
1478631900546;78.46173368152496;-0.8595312908500854;16.329174392099187;1.9158102409362792;0.0992097312927246;-7.478139101763814
1478631900580;78.51395851518248;-0.9256540284454655;16.08206135249708;2.359336171545461;0.19452888945427257;-8.962544569452106
1478631900613;78.56665831469591;-0.9918202998731717;15.961175388107964;2.6571149025626943;0.26815058593749996;-10.262296357318013
1478631900647;78.61865034027126;-1.0350428325252938;15.97024118736615;2.4238300152985377;0.2904465980308596;-10.606612629699706
1478631900680;78.65393523648096;-1.0691203084530092;16.344887949069943;2.588581035304349;0.21188683779067358;-10.535983680725097
1478631900713;78.70248142991527;-1.1774842268018866;17.68645240111278;3.728819301959127;0.29553426742553707;-11.105354909161477
1478631900747;78.71938527414;-1.2387418699385897;18.246218006116447;4.600757765197754;0.4034229797363281;-12.294823783056437
1478631900780;78.77557990181442;-1.423401024444783;19.924535757860554;6.351218453979492;0.6175544089828617;-15.406538045501708
1478631900814;78.81671953741319;-1.5436641451080448;20.921711086747965;7.640645685577392;0.8123825508117676;-17.705719827270507
1478631900848;78.85387593565315;-1.5889945550044104;21.187683442972965;9.061754008483886;0.9501988021408208;-19.10782417449951
1478631900881;78.95636992710826;-1.3831179117924461;18.90035324629017;4.9069163024902345;0.33578677370375953;-14.37104582748413
1478631900914;79.01492766859361;-1.2113192977870464;16.888131605006805;1.583914035797119;0.014065934753417967;-9.078064781288337
1478631900948;79.06504229852388;-1.1083049498306006;15.551284881789924;0.370652198382467;-0.03202244720458984;-5.01166262512207
1478631900981;79.15684535267327;-1.0930386300858153;15.40790199809724;0.21113865890502928;-0.0326209976196289;-1.7443255470275878
1478631901015;79.23053441234325;-1.1561172812456986;16.810099965537617;0.41554377177134155;-0.028880057525634766;-1.1336544860839843
1478631901048;79.3200685897793;-1.223337720845901;18.86902564414855;0.354341845703125;-0.016909049224853513;-0.024390929412841794
1478631901081;79.40573984354558;-1.232624516886634;20.913579578197393;-0.6208464179992675;-0.4748001167297363;2.736571913036704
1478631901115;79.53777351564379;-1.4842974299494338;22.885698095375115;0.35568858413696286;0.24301146279763777;-0.05057751007080078
1478631901148;79.58413327318377;-1.5202912087080704;23.731198751326072;-0.6643909606933593;0.019901801300048826;-4.911105863134563
1478631901182;79.5949061475461;-2.273691759849445;27.671504082652426;9.354894074249268;0.033219548034667964;-18.39929012069702
1478631901216;79.58282826638025;-2.235394596374645;31.256868242528363;15.748609607696531;0.771830760192871;-24.570644174957273
1478631901249;79.66777547602773;-1.7391591540546782;31.872005309787628;5.713163748080469;-0.03202244720458984;-7.608772729846089
1478631901283;79.69262723429198;-1.5537075244503553;28.994970400809816;4.40892224757988;-0.10265139617919922;-5.8128226479128
1478631901316;79.73420679243651;-1.3746586827900604;25.490021031865563;2.5038858775816855;-0.21068976436005904;-5.175964421789348
1478631901350;79.75566947393139;-1.313788525778487;23.07642471788326;2.962974192047119;0.08723873212509788;-8.203133730371295
1478631901383;79.82955089517323;-1.2561954323577;22.19073085608445;3.894318619581591;0.3351882415550295;-11.305121256311237
1478631901417;79.87579020138992;-1.1329551372880344;22.370734003921594;4.089446146215871;0.24600422514763193;-10.511143838500976
1478631901451;79.92348095588368;-1.034067094496883;22.875522863978336;4.10246461774297;0.5207388428176752;-8.80407823747266
1478631901485;79.98468435719066;-0.9634746787907269;23.00968574894157;4.110096080735791;0.5232826820815913;-8.209567782006784
1478631901519;80.05170942806272;-0.8606983023707958;21.769701615788858;3.9293338188613762;0.42377369384765623;-9.479691908850148
1478631901554;80.07584807769466;-0.7578564862586625;20.212997327717883;3.299808438110351;0.30585927121811546;-9.70474657264389
1478631901587;80.09027802552791;-0.6673920054141064;18.7319017001799;2.8429649434296413;0.26830022354125976;-9.549422886071726
1478631901620;80.1005887149371;-0.5905405397072633;17.729059096616183;2.619555891418457;0.17058687285271007;-9.419238499594293
1478631901653;80.11087099812667;-0.5115891313834181;17.16507544524927;2.7250504934006368;0.10414777335844118;-9.12609845209522
1478631901687;80.11691665843367;-0.4818650202046961;17.1738266675927;2.8342859395786886;0.038756139373779294;-9.132831760671921
1478631901721;80.12434625168392;-0.44920995027274274;17.16826181063808;2.9578865226524416;0.014065939319995231;-9.156923250480462
1478631901754;80.12665762550596;-0.4108564942342014;16.964429612198312;2.846256909063563;0.017657237243652344;-9.173533280226122
1478631901789;80.11478797048107;-0.32776858008975285;16.010292518229196;2.78026653629255;0.08215104446411133;-9.65102674595937
1478631901822;80.10483007469362;-0.2693720478680486;15.101036152072247;2.4862287682021966;0.04189852905273437;-9.641150919839554
1478631901856;80.09700880962016;-0.1877215563482934;14.300704992539208;2.276137545124022;-0.02888005524234613;-9.525630589272314
1478631901889;80.09115771319881;-0.13098829368177062;13.811483692703566;2.0744260461227038;-0.03995323792056879;-9.502287360547808
1478631901923;80.07336673795308;-0.055114257649894645;13.723344761855502;1.8679261712005362;-0.07392097397403559;-9.421632692121294
1478631901957;80.06104255180753;-0.042213340942293086;14.453098566411667;2.1446061370849607;-0.0745195278140076;-9.49286003738896
1478631901991;80.03562534130678;-0.0514603180752202;16.30842988409032;2.6955716479979452;-0.05761047516422113;-9.54598115725317
1478631902025;80.01516700191472;-0.05604368671194147;17.705003009917846;3.1757588645935058;-0.04444236831665039;-9.40966123629594
1478631902059;79.99863062740039;-0.06088085608426729;19.070628863532498;3.3632547090392557;-0.04504091759004514;-9.216030277495506
1478631902093;79.98905622593593;-0.06399678767563889;19.73067150117221;3.417872443544725;-0.04638765602388303;-9.133131108944676
1478631902127;79.95370037568084;-0.07063754053018415;21.541847813876835;3.779396921627782;-0.04833294601440429;-9.100509878429607
1478631902161;79.91469466685118;-0.06795273964031458;23.087973551975345;4.167107952969335;-0.05521627578735351;-8.97271941048454
1478631902195;79.89007534511731;-0.06573704814431075;23.98574219702114;4.380790597268753;-0.06194996567325434;-8.92663125000553
1478631902229;79.86456715792106;-0.0619172568696379;24.70520485939123;4.5265374041350555;-0.06314706764497677;-8.914510543023017
1478631902263;79.83697391237222;-0.05507906280579831;25.210320197608485;4.682759135525487;-0.05761047573504329;-8.88533129420072
1478631902297;79.8006228992405;-0.03250763055349883;25.55368014436558;4.652981215844676;-0.06479308071551204;-8.815151116473494
1478631902330;79.759422119463;0.046962001543866205;25.61052600139105;4.46294153213501;-0.06299742947039486;-8.782380615964136
1478631902363;79.73190279281766;0.11001350126277415;25.387440822725647;4.349516292417189;-0.07167641334257205;-8.824278866455657
1478631902396;79.70513521356227;0.16209965329816517;24.98046432868803;4.178181078565341;-0.06419453201293945;-8.811859036675141
1478631902429;79.67867612153765;0.20223594043087353;24.423806637610898;4.067299815108755;-0.06359598159790039;-8.80288080784902
1478631902463;79.65336513007252;0.23810920732025026;23.677961346304055;4.016422959048487;-0.0619499702398316;-8.867973202017135
1478631902496;79.6162429355642;0.2854901791383685;22.02471765355054;3.5229182331803255;-0.06269815483369748;-9.031976143602002
1478631902530;79.58751491154358;0.3084798872415027;20.796778080923794;3.2296284567459486;-0.048183308410644526;-9.160365206486237
1478631902563;79.56349277539074;0.3233690871050473;19.856572441426238;3.0102597844330594;-0.04339490737362066;-9.261670111968414
1478631902596;79.52516277704551;0.3098259859822339;19.229291532936717;3.003226853588968;-0.04459200649123231;-9.297732532445924
1478631902629;79.50367750897293;0.2759825292955551;19.400955871139033;3.1253310469253917;-0.046537292842762326;-9.242516398222465
1478631902662;79.48524137247523;0.22507911805699202;19.994544773258973;3.2733225913780273;-0.06060322723941644;-9.157073344741947
1478631902695;79.47720690887262;0.19861932272878272;20.411405114233894;3.4488475371208507;-0.060902504730224606;-9.12160933768216
1478631902729;79.45540875436777;0.10849424901586266;21.72969305170353;3.91152683441611;-0.06105214119234006;-9.13432825087395
1478631902762;79.4354845871075;0.03502733968880485;22.451454361823796;4.218882527337596;-0.05880757713594357;-9.176077219954738
1478631902796;79.42795653270726;0.017056559992156366;22.424009084659836;4.229656507873535;-0.05431845073561708;-9.209894989610882
1478631902829;79.40393068815845;-0.014840659219195983;21.62117225009173;4.018069082287699;-0.04758475942266086;-9.143306434034299
1478631902862;79.39065150154356;-0.01941988676440568;20.827350933298693;3.6840777680328114;-0.04279635381905973;-9.196577715517009
1478631902896;79.38024961872748;-0.02837805252920004;20.006686060966377;3.438672243997268;-0.03232172184128722;-9.267355829454631
1478631902929;79.37016327091521;-0.04973672096873367;19.274146100701106;3.219602576322196;-0.018555063437033094;-9.293243381500243
1478631902963;79.35604916552671;-0.08939221162134675;18.380177743794786;3.0624833446778355;0.006284779357910156;-9.292495428660175
1478631902996;79.35265938602457;-0.10612943602938077;18.132694058683146;3.030161519517738;-0.0047884033203125;-9.28740777068194
1478631903030;79.34034366388838;-0.167293597821365;17.414007084569818;2.874987134905904;0.03516483631272276;-9.241319206060842
1478631903063;79.3309781284488;-0.21499092284778987;16.925239990697115;2.740911887602927;0.047884034344769316;-9.267206365380808
1478631903097;79.32231740902246;-0.2768463139195931;16.491018261159457;2.634519697460206;0.07930792770938715;-9.316886259891604
1478631903130;79.31346681674157;-0.33936022776004415;16.25775332987906;2.650231600189209;0.052073886108398436;-9.387365541579701
1478631903164;79.30681319363907;-0.4046248332352729;16.18315089724506;2.6910827071148202;0.07496844005446474;-9.428964936988812
1478631903198;79.29074292978785;-0.5248893293874912;16.235160816362836;2.818274483080953;0.08559271191928565;-9.436446445000753
1478631903230;79.28373377317139;-0.5869062977731164;16.25556390739643;2.813635849795141;0.10714052029623708;-9.456947038744437
1478631903265;79.27607703732161;-0.6516719599859121;16.212659716469517;2.789693700762838;0.12494739571447135;-9.460538245336547
1478631903297;79.26668227246279;-0.7169643120145865;16.151819954413668;2.7618611338629853;0.1469441246088012;-9.472359460769942
1478631903330;79.25812706503835;-0.7768231956063222;16.12725872477975;2.7301382141693087;0.13227964043928295;-9.472060445857327
1478631903364;79.24789100047155;-0.8392242158934373;16.163807255578725;2.794332589776977;0.15876550215568858;-9.49779824156817
1478631903397;79.23739963773755;-0.901669649753823;16.211972870351914;2.8351836145041975;0.17552491377678234;-9.539546703758882
1478631903430;79.22479889374651;-0.9700120349356206;16.242033568174826;2.882768564296048;0.21039047545280773;-9.49824687125166
1478631903464;79.21333272243784;-1.0384930470078015;16.272623214378047;2.7784709740956894;0.23193827669448216;-9.407117335954055
1478631903496;79.1899995482102;-1.1329231747634474;16.302197545683875;2.716969973749353;0.20320785848507367;-9.430161631393513
1478631903530;79.16936014824877;-1.1870301797079195;16.31575074246962;2.7454010762228687;0.2118868457821838;-9.44572397643386
1478631903563;79.13715080201891;-1.2633964925142476;16.373457705596543;2.799719550362194;0.23119009095897197;-9.450811627562228
1478631903597;79.11423234470023;-1.3060507441927662;16.40390120740305;2.7676970804674235;0.2117372047534911;-9.431957426485814
1478631903631;79.08920450369111;-1.3316572371143627;16.417028680244997;2.817526327028195;0.18345570677604991;-9.466972767329494
1478631903664;79.06265966467319;-1.347737003061231;16.374302924912485;2.83383705873345;0.1686415840038331;-9.518747460428765
1478631903698;79.03382466557728;-1.3574049441403548;16.250982808446885;2.712331166933605;0.18659810102158225;-9.540444538514596
1478631903731;78.98492793973129;-1.3526676391443038;16.094655199258252;2.6648960579582024;0.16325463026848155;-9.575010806716792
1478631903764;78.95002044500319;-1.343455131107494;16.086195414309646;2.7228057426853947;0.16953940962639172;-9.565135108461137
1478631903800;78.91365009668844;-1.3253753085208269;16.106270873358937;2.7834091771332545;0.1680430290222168;-9.573963672284036
1478631903833;78.8767809842054;-1.3113368746989602;16.124281855512233;2.8302456831779796;0.19497779313239733;-9.613617418084665
1478631903867;78.81462610638685;-1.2811090435100543;16.078119524458298;2.8241105779564473;0.18944120635986328;-9.573215164604829
1478631903901;78.77205593148328;-1.256180041475888;16.019903166932146;2.823212569670798;0.21009118882884503;-9.565284426404489
1478631903935;78.73035675470169;-1.2220534069397255;15.965904722327;2.7035025631531546;0.1879448303222656;-9.53475828217226
1478631903969;78.686082115043;-1.183140582498965;15.939028161816141;2.624493891243334;0.17238252409782726;-9.440337288701633
1478631904003;78.63789356370219;-1.1406546961215278;15.967609118097668;2.7072435637542975;0.17582418898430185;-9.383325497524835
1478631904037;78.56567914396886;-1.0845728356021982;16.07203208095327;2.833837022200832;0.1807622327624849;-9.385719244810554
1478631904071;78.51780675731494;-1.045422324618788;16.064358964862475;2.8438625681228005;0.1889922889820067;-9.44811840413959
1478631904112;78.46698782873005;-1.0046990003845413;15.91051488723479;2.8508956450973635;0.18255787544526975;-9.539995552638079
1478631904146;78.39049949301359;-0.9171484415662019;15.486566034723378;2.529623819423001;0.1342249260059325;-9.518298511084867
1478631904179;78.31157064345197;-0.852758564463302;15.295768857719555;2.4521114676102065;0.1420060856826065;-9.460388775269092
1478631904212;78.25974128936355;-0.8222033592683266;15.378166812754166;2.576759634924575;0.13377602175698555;-9.354145977562013
1478631904246;78.20851370771584;-0.793062192997497;15.487122905332814;2.691082547284616;0.1137245811407105;-9.30686055870601
1478631904279;78.13144721045113;-0.7310511917531963;15.327228668148361;2.7522843728881328;0.07242460021972656;-9.575010761051018
1478631904312;78.07743850229882;-0.6896248052712876;14.825651332883231;2.799719420214742;0.09083002091560047;-9.788693670211918
1478631904346;78.01988629029876;-0.6326153471515731;13.891569298227738;2.456899770465819;0.07526771925773937;-9.724648465275484
1478631904379;77.96301251784665;-0.5758668792498918;12.890262732104857;2.166004289306432;0.07332242812557378;-9.589525620032159
1478631904413;77.9106035077024;-0.5377038781376247;12.243538659914831;1.8797475601638667;0.06898293304996332;-9.497947806106694
