sep=;
timestamp;gyro-alpha;gyro-beta;gyro-gamma;accel-x;accel-y;accel-z
1478632253307;72.91901831257432;1.409653187914465;5.765795409405188;0.8649053497314453;-0.22520460164995745;-9.899574988467432
1478632253338;72.94564626552135;1.3865136593602205;5.949261164152511;0.980126334309217;-0.2642600105230347;-9.920374341395403
1478632253371;72.98522179556916;1.3567186891234975;6.218795705472467;1.166125873499317;-0.24929624558048089;-9.8290959145586
1478632253404;73.01307199563914;1.3415397864646648;6.253451004971121;1.0043675736026605;-0.2340332177030839;-9.571419942617975
1478632253437;73.03707231491681;1.3190182163764386;6.305489437728571;0.9626186775871086;-0.22251112135734874;-9.383924061639606
1478632253472;73.07673949143711;1.2676011549005533;6.590181039917522;1.0791863663493888;-0.19662380905704338;-9.28336726311948
1478632253505;73.11704328950607;1.2098313604541282;6.99576672167718;1.3337199349113273;-0.16175824509772938;-9.601197579170996
1478632253538;73.1446268910583;1.183983061845523;7.053324476280731;1.3850456421340815;-0.1916857669913268;-9.775674897290719
1478632253571;73.17134106211654;1.1732042744786018;6.895283926467787;1.2852373786926268;-0.18166005895586568;-9.964068978350982
1478632253605;73.20009162178829;1.1675708259761988;6.663121865739224;1.148767881780432;-0.1945288808919402;-10.017040397820994
1478632253639;73.22564291622234;1.164683382058232;6.481966771256127;0.814627114868164;-0.23986907882690428;-10.06687001213394
1478632253673;73.25960372062407;1.1475504418122566;6.960792319747332;1.0176853249038569;-0.27952304382324217;-10.24089814344775
1478632253706;73.27824992375785;1.1450703841292218;7.52596830257692;1.4618097511291503;-0.2364274093738524;-9.96272211205298
1478632253740;73.29037209527151;1.1643209738956044;7.806751219639788;1.7151462142944336;-0.19363106154842533;-9.211391466113179
1478632253773;73.29950885494178;1.1938959721013302;7.757701093517189;1.9132664382049813;-0.1473930442699464;-8.609698734460398
1478632253806;73.31772752184081;1.2537214186045973;7.208879698869993;2.479644731903076;-0.06688800888061523;-8.307580485534668
1478632253839;73.32478675868404;1.2862292080456692;6.566824528600885;2.834435417352244;-0.06299743118286133;-8.66237146324478
1478632253873;73.34394272180809;1.3871821063839669;4.166038065779667;2.31758720703125;-0.0818517692565918;-9.76729537071833
1478632253907;73.40581213849897;1.5950801435653306;-0.5828095860514678;-0.42497079467773435;-0.34760815810051277;-11.65018513218984
1478632253940;73.43519167880272;1.6670880833257928;-2.117432752432911;-2.450914275448583;-0.5629366653442383;-12.978219011688232
1478632253974;73.40731707439384;1.6338301340443901;-1.3802595852886461;-0.9641150810241699;-0.4007294937354978;-14.776713371276855
1478632254007;73.41168885646518;1.590895715175869;0.6246316251749872;0.7481880461982917;-0.4291606475830078;-15.751153446960448
1478632254040;73.42134487651961;1.5893920209151;1.1122420628365228;0.5600935508728027;-0.5741594856262207;-15.444246721649169
1478632254074;73.43846054597334;1.5517754602636968;2.9762004753088527;-0.520289948272705;-0.6402993247543461;-13.941885179901123
1478632254107;73.44657902963863;1.4806634515344252;5.2308269206431754;-1.0051157844543457;-0.4004302276611328;-12.05645166478902
1478632254140;73.44913818965821;1.445522954936521;5.98972350802584;-1.105672254180908;-0.37723639907836914;-11.705251916503906
1478632254174;73.42931713030771;1.2809690975407066;9.011934071104795;-0.4113537727355957;-0.020350714111328123;-10.712406634753568
1478632254208;73.429889455398;1.1338048417763855;11.352878403804517;1.1866261247497052;0.023792378997802732;-10.713603224126993
1478632254242;73.4124766472407;1.016815656198158;12.553454842609476;2.095375308365782;-0.042197795127099376;-10.388141582079976
1478632254275;73.39682101747792;0.9384894566178511;12.686294739722182;1.7880197638580575;-0.029927520751953124;-10.197653131689503
1478632254309;73.38240306367076;0.8811327970489389;12.281425744221396;2.1127332726852037;-0.03995324020385742;-9.877278985507226
1478632254342;73.34120088554904;0.8268931828537399;10.714322537631858;2.492214290618896;-0.08215103989753406;-9.474005460711568
1478632254375;73.3152060311801;0.8204820553816099;8.738890483116348;2.203264077758789;-0.14290391073434291;-9.00489179212041
1478632254409;73.28810169419918;0.8428410623563696;5.072444706507132;1.2846387917449698;-0.2700958747863769;-8.585457296520843
1478632254442;73.27648466663233;0.8458448289861746;3.787510233182164;1.375917766571045;-0.26276363220214843;-8.656685307367146
1478632254476;73.26719785563617;0.9285116066913007;-1.4643004778239848;1.1191396019866688;-0.2877531120300293;-7.867645930480957
1478632254510;73.28231546625916;1.044172480681356;-6.574282456813301;0.32920265520624814;-0.1384147834777832;-7.1746744797304265
1478632254544;73.30783073871085;1.1986072135978012;-12.620333149720077;-0.22999299697875975;-0.06883328859633765;-5.701491978454589
1478632254579;73.3594151542392;1.3635172775139959;-20.315103097347368;-0.5134066184997559;-0.37184944534301756;-3.3910873764038083
1478632254612;73.36567643600158;1.3908964420981054;-21.94144613776995;0.44098201828002925;-0.18270750962409654;-2.1740847450256346
1478632254646;73.35851883336966;1.387365383297579;-24.11500777637975;0.7896376350402832;-0.8170213165283202;-1.7821838607788085
1478632254680;73.32189803731583;1.3236733811052996;-24.794065326907408;0.9192237998962401;-0.1530792732128175;-2.0247464164733886
1478632254715;73.23832253336225;1.121236249755619;-23.43615330226185;-0.4782417816162109;-0.06479308242797852;-6.789956054333597
1478632254748;73.16711616861394;1.0652743122494575;-22.91297519500714;-2.7572225599426776;-0.11162965240478515;-8.370727700451761
1478632254783;73.13721689603243;1.1557642929533205;-23.745294861215783;-2.5109188449583946;-0.01062426986694336;-8.550442352969386
1478632254818;73.1268516454535;1.2992578613188;-25.21637843490653;-3.4645593667846173;-0.22849661580376268;-7.286902390289306
1478632254852;73.07517179063727;1.3943835599249637;-25.177364193853414;-4.83778358342275;-0.45819034271240233;-7.082647207287699
1478632254887;72.97836426794161;1.3967128303649372;-22.809792048908243;-4.309413387210108;-0.08215104446411133;-8.249970008087157
1478632254920;72.83367734211265;1.6031811521326873;-19.952856768104517;-2.3440730628967286;-0.04384381790161133;-8.024166790948435
1478632254954;72.80121830799999;1.7930618724888363;-20.242280506437243;-2.5430910028319804;-0.2272995292442385;-7.00019644922465
1478632254987;72.77983330166371;1.9337534548965976;-20.63393297294706;-4.25000707585439;-0.3229179614716617;-7.366659379223734
1478632255020;72.74802251910538;2.1017687338085422;-20.581363048510376;-3.3120786942191884;-0.37334583051376974;-6.9421373512268065
1478632255054;72.68333244671436;2.269160464987767;-20.647536310363495;-4.133140399578958;-0.2750339157104492;-8.00710795798935
1478632255087;72.65190311674594;2.3425786704154574;-20.92386309416813;-3.6376901291335932;-0.33728316344108894;-8.333467790985107
1478632255121;72.61932441132232;2.474397777569392;-21.420298792618755;-4.525041210760548;-0.5755062423263676;-8.798541207742131
1478632255154;72.61907729185047;2.6755703872312457;-22.260549348480822;-3.9709329631087367;-0.681300028184522;-8.636484084729105
1478632255188;72.62389923011987;2.8149623323417625;-23.88601705693058;-5.419574732971191;-1.0289081634521484;-8.333767066192626
1478632255221;72.65062912791304;2.81852341012198;-24.961959915886226;-6.674136402893066;-0.7873930892501957;-9.973795276464894
1478632255254;72.59071571158422;2.735610265035567;-24.07506292039081;-5.95827025263682;-0.2653074714660644;-12.221950270025431
1478632255288;72.54736618601501;2.6506093349204076;-23.00992414451124;-4.290708650207519;0.00987608184814453;-13.584999202673137
1478632255323;72.54692414339033;2.6134369944526306;-23.501648502291154;-4.905419999517872;0.12240355987548827;-13.05004506149292
1478632255356;72.5371242418287;2.5179698778235573;-23.732045600461188;-6.751499044036865;0.07302315063476562;-12.35018969644755
1478632255388;72.42447110516304;2.1952865720765957;-20.58777274523201;-4.887912326812744;-0.1054944923843257;-13.00859515299052
1478632255422;72.34731845055697;1.9605217091471787;-18.946046870941153;-2.588131958096288;-0.09546880946503952;-15.622614745330809
1478632255455;72.34019082213915;1.8599369105678525;-17.802533685161734;-3.252672519860789;-0.6907271789550781;-12.21985563583374
1478632255488;72.33662785917687;1.7964347713109436;-16.908210970361495;-3.8112696216307578;-0.9171288734436035;-9.636512208921927
