sep=;
timestamp;gyro-alpha;gyro-beta;gyro-gamma;accel-x;accel-y;accel-z
1478632822094;34.73360893295206;-0.10323993710143048;-11.614530385261233;-2.0118775962497804;0.012868834494162;-9.324517750283889
1478632822128;34.760717103078186;-0.08113173962918609;-11.67585778878863;-1.9220950705265392;0.03696048927030642;-9.391405521702486
1478632822162;34.77530544980083;-0.07658137888474391;-12.153248699577414;-2.2831705764328127;0.028730419921875;-9.413252483987248
1478632822196;34.7728554268287;-0.07617858940025854;-12.227624654935694;-2.2480057212829587;0.010474632263183592;-9.449914080500882
1478632822230;34.74250553270874;-0.09235824398100376;-12.411020262708602;-2.1695955484141827;0.018555063151622014;-9.655815149279682
1478632822263;34.71076788044134;-0.10682648294058987;-12.427920383044446;-2.153135553564504;0.00852934341430664;-9.655067244388675
1478632822298;34.64965701271682;-0.13605130835720539;-12.31405923171769;-1.916558483754005;0.0154126726164337;-9.621099407870508
1478632822332;34.60642587217332;-0.1502240895030725;-12.273020066718635;-1.9826982224174308;0.003890577697753906;-9.65401937473698
1478632822366;34.58242852650355;-0.15675265790225776;-12.228553617868782;-2.01157833930857;0.008379706952191191;-9.68738865627353
1478632822400;34.51240729114692;-0.18212412341794548;-11.978525132644204;-1.813308518893458;0.0314238972176674;-9.725097560749854
1478632822434;34.4678287849361;-0.19720940397569794;-11.993651819403235;-1.9123686125824226;0.05357026214599609;-9.651475955598173
1478632822469;34.39944574121045;-0.23415648123863458;-12.139455875625925;-1.9756652459075674;0.119859716044995;-9.55989765076565
1478632822503;34.37469118526779;-0.26834630093334483;-12.163541174692611;-1.9191022225532215;0.17342998275756835;-9.578751670891439
1478632822537;34.30244088978714;-0.32923983003640384;-12.376444074185892;-2.0513818460105453;0.14888941574096679;-9.63277110899773
1478632822571;34.22192461690618;-0.3838949704240956;-12.604204255645682;-2.074426087221899;0.19108721543464344;-9.637260113812935
1478632822604;34.16559741058649;-0.42955999866558725;-12.782073471046294;-2.1552304126601256;0.24660278012924827;-9.697414741051615
1478632822637;34.106996149394945;-0.47299569131655705;-12.898279949656676;-2.151938318020396;0.22041619033813475;-9.705943728272896
1478632822671;34.01718087472813;-0.5059359282296798;-13.117099622250665;-1.701229844079539;0.22999299697875975;-9.821763653708063
1478632822704;33.97210627124931;-0.4580249349589452;-14.17089297105182;-1.220593860803172;0.24944587633437476;-9.868300729281641
1478632822737;33.95360753677841;-0.2930421493158092;-16.94858576172452;-0.545578557177633;0.2308908271678956;-9.905859877423197
1478632822771;34.06285905914727;0.14492566709494561;-24.690320110546715;-0.8803180229187011;0.07781155395507812;-9.777919360882416
1478632822804;34.256366904814364;0.47696493214579966;-31.185444161607457;-3.186832047271728;0.0613514175415039;-9.59206960314326
1478632822837;34.478023918839774;0.7204762113622533;-36.775994147536395;-6.829759656933694;0.03127425918579101;-9.496600738879293
1478632822871;34.64150969730173;0.801728402390866;-40.313887052696984;-8.287828175707906;-0.03755903854370117;-10.672153607885539
1478632822904;34.79463205288942;0.7271727709357372;-41.8551324608185;-12.434884872436523;-0.0026934768676757813;-13.18980658340454
1478632822937;35.14774807304686;0.5089256515224261;-42.76999748570922;-15.42359673233032;-0.06599018097476801;-13.473070567321777
1478632822970;35.4253971094782;0.44305865526906635;-44.04668924811056;-13.632284977722167;0.01002572401848156;-12.080692664337157
1478632823004;35.47077408649392;0.571056410271075;-44.75092244557085;-13.703213201904296;-0.270694425201416;-10.200197190149128
1478632823038;35.557531633937536;0.7972955500405534;-45.73862167722966;-10.66811368484497;-0.19722236632194834;-7.8552260824341325
1478632823071;35.72489293627665;1.1304228286017852;-48.89218965401733;-9.818321733093262;-0.2284966140912962;-5.552303287506104
1478632823104;35.830614912838456;1.3279631027208876;-50.558978158573076;-9.80949282221049;0.04833294601440429;-5.075408463519439
1478632823138;35.88763580665666;1.5092379727663865;-51.56731864451162;-7.578995038494141;0.03127425918579101;-4.295796474865824
1478632823171;36.00083799643245;1.7446984810105188;-53.4131847656606;-6.527342205865681;0.1883937431335449;-4.293551764678955
1478632823204;36.12130285767951;1.9993613319835153;-56.055711834535714;-6.866121448516846;0.36586394119262694;-3.571251051330566
1478632823237;36.258873429023005;2.238534751376466;-58.39544274707151;-6.6584243083678185;0.24615385818481444;-3.037344227246195
1478632823271;36.341268332583375;2.4441568167141945;-60.198090126535455;-6.468833464404195;0.15562310791015624;-3.149273008728027
1478632823304;36.47846982381488;2.746825158733727;-62.69189441442897;-5.762843688257038;0.25094226150512694;-3.026420389910787
1478632823337;36.60259725390585;2.977586991717019;-64.70939274656556;-4.8512511138916015;0.12165537185668944;-2.4724621269226073
1478632823370;36.73146831217161;3.191901803496606;-67.08465466438656;-4.631583111572265;0.21877021322939544;-2.402880495043844
1478632823404;36.865414408714514;3.4096671648057613;-69.24131218122993;-4.0800189041137696;0.005985504150390624;-1.9562125400818884
1478632823437;37.0632238537837;3.68836301547673;-71.6862765831745;-4.1754876953124995;-0.4659714798416011;-2.281823819732666
1478632823471;37.14508054919396;3.921544330720493;-73.23444736402496;-5.358672520501911;-1.1472715445587411;-3.1136591494353487
1478632823504;37.15813983834736;4.131057855488266;-72.49988566342495;-4.980836986486613;-1.23855044631958;-4.3622354248046875
1478632823537;37.101888136107874;4.323104851973856;-70.55713859375524;-5.566069947052002;-0.9624690491165034;-5.6884736530579625
1478632823571;37.17118807314725;4.630056501090681;-69.85757549218681;-7.805247341974079;-1.0090063804184086;-6.0036103004455565
1478632823604;37.241961076765875;4.826294708079212;-69.23169337209288;-10.606912197168171;-1.025915393110644;-5.060294846343994
1478632823638;37.23647017466514;4.995932977982002;-67.23462861882584;-7.748833965356647;-0.9955389869468751;-4.719869151660054
1478632823671;37.37358668444921;5.227302030298917;-67.32256762460251;-4.587290380859375;-0.48198275824282316;-3.1772552040984854
1478632823706;37.54815521826251;5.3047170409684465;-68.9395079765942;-4.865765669195354;-1.0299556266784666;-2.132635274914652
1478632823738;37.6791314118335;5.352218198323557;-69.91441672911176;-5.0769046203613275;-0.4650737090179696;-1.5828665725708007
1478632823771;37.751935923458504;5.36978878667769;-69.67122230187958;-3.5697546752929687;-0.016909049224853513;-1.7721581413269043
1478632823804;37.813588869953506;5.3212958098492065;-68.79176089575778;-4.0167221977233885;-0.0004489128112792969;-1.7224786030091344
1478632823837;37.85598211593224;5.179104505323899;-67.03266784333675;-6.08142214666158;-0.18510171585083007;-2.148945627593994
1478632823871;37.84987319941496;5.0516127416691825;-64.60549090829498;-6.496815696307271;-0.3633201019287109;-2.6050410438537597
1478632823905;37.874279030394796;4.912378365925145;-62.98879465033043;-5.7209451592043035;-0.4565443290710449;-3.41069004862681
1478632823938;37.90810775148849;4.562079890553764;-60.48890902960504;-9.087192583786138;-0.6715735839401371;-4.3867761014191435
1478632823972;37.87819811205389;4.377773399025153;-59.058414935448056;-6.993612394659221;-0.9733926489898934;-5.202600097921676
1478632824005;37.96508540241477;4.248442183220949;-59.58514836650788;-7.807042847088724;-0.7176619504859467;-4.718373086149711
1478632824040;38.02701396548549;4.075604640080937;-60.571355314655754;-8.234557298367283;-0.6905775573343388;-4.143016335296631
1478632824073;38.08432310944658;3.8907509976999877;-60.675118174244496;-9.058611509207077;-0.8541314605270512;-3.421164680889994
1478632824106;38.06593989675466;3.63233120438828;-59.89971383606495;-8.805873706054687;-0.5283703606094233;-4.440496001168899
1478632824140;38.05058161058056;3.4283203246917444;-59.400201854186655;-8.438213839622307;-0.7345709968566894;-4.583250055960007
1478632824173;38.07017971117306;3.2015582231668445;-59.90092994655746;-10.478672770746051;-0.526724358384509;-5.409549232714995
1478632824207;38.034499014242485;2.947803060704778;-59.545746386369686;-10.890774585369973;-0.718260516313184;-5.741145724255219
1478632824240;38.006150118473826;2.585799329053956;-59.00828912425919;-10.873566114807128;-0.5300163833839353;-6.374711411639303
1478632824273;38.03161350968629;2.3707662190687815;-59.50580478817816;-12.839055747930704;-0.7682394577026367;-6.564152764129639
1478632824307;37.960225809363074;2.1631186929709565;-58.903027758278064;-12.472593840844928;-0.5469254234756342;-7.373841545812785
1478632824340;37.85531547352219;1.89036210824908;-56.970156152241415;-11.905317392730712;-0.9609726913452148;-7.712172606305033
1478632824373;37.790720661342654;1.7624087040116496;-55.93135806326954;-11.706000396783649;-0.8083423355102538;-8.166771500396727
1478632824407;37.68762208341019;1.6276285715147567;-55.67233771371857;-10.20019675175771;0.02454056701660156;-11.664700125885009
1478632824440;37.76541464459374;1.623176067579769;-55.589708447943025;-10.143185263116656;-0.438587816619873;-7.861809771673381
1478632824474;37.76325957773331;1.6078831754272358;-55.287997336977746;-8.97601166152954;0.0017956512451171875;-5.664082495316257
1478632824507;37.66411868670727;1.4875914489000464;-53.31857820768146;-8.182633159460499;0.040402153015136714;-5.104886706133931
1478632824540;37.55539842476561;1.3481872598524853;-50.51862653181839;-9.367014574023335;-0.04085106582641601;-4.975600254876912
1478632824573;37.34904805185827;1.178954118713196;-45.17509250398371;-8.08087936970815;-0.1818096862848266;-5.637147954968363
1478632824607;36.95131695084241;0.7969746411053684;-34.01135772478006;-5.011662478991598;0.05746083984375;-7.211933950805664
1478632824641;36.70677021760657;0.5185323250953179;-27.2256851065414;-3.621230084051564;0.25797524714814496;-9.722852795764059
1478632824674;36.56370075346235;0.31576360628739925;-21.748858979364005;-2.580799825109914;0.2477998672595946;-10.900650667218118
1478632824709;36.47673022985905;0.21878449336569358;-18.154245617582013;-1.0884637836180626;0.3217208503667847;-11.046547477014363
1478632824742;36.468375349872844;0.2824822375334017;-17.693761243419814;-1.6291045921325682;0.23313537752456032;-9.899425606591999
