sep=;
timestamp;gyro-alpha;gyro-beta;gyro-gamma;accel-x;accel-y;accel-z
1478631771696;76.93960732801375;0.7977363886428108;28.058175064982162;4.427477365245018;-0.1469441246088012;-8.617330599312018
1478631771730;76.93493373961537;0.7754853184678561;28.10716840807814;4.6639047426528295;-0.13213000244308296;-8.700678635008353
1478631771763;76.94122606637345;0.7445036889789042;28.263825595571586;4.731092090673046;-0.11252747574405511;-8.655188587694608
1478631771797;76.9542174559892;0.7059603293824497;28.428726085218475;4.762964936806494;-0.09591770401000976;-8.56271282827393
1478631771830;76.96830028819352;0.6694106935766172;28.54498617573645;4.713883857572218;-0.06569090805053711;-8.53488022484146
1478631771863;76.98526114821696;0.6323467928854394;28.74674708224485;4.778976174108521;-0.061650692749023434;-8.542660905312932
1478631771896;77.00657447478655;0.5958955321142843;28.932513253916678;4.866514158608252;-0.06180033491936046;-8.542511569103272
1478631771929;77.0332690339875;0.5606112554941602;29.0355608592645;4.7355811594203345;-0.06060322495612781;-8.489240819626813
1478631771962;77.0615469159312;0.5248255222128325;29.145118981665878;4.710741481592994;-0.0626981559753418;-8.466645395328616
1478631771996;77.09080740402237;0.4901204983473797;29.331459527468677;4.824166655095445;-0.06359598159790039;-8.471134349911473
1478631772029;77.12491507689225;0.4587997072426661;29.547289490510135;4.930259860008303;-0.07975684194772184;-8.54610287501844
1478631772062;77.18285727184293;0.4278274977479201;29.755695343779564;4.85289701679346;-0.11073182678222655;-8.542810572599445
1478631772096;77.2247144544584;0.4134371227057661;29.85684437109415;4.839729059501295;-0.11716624374389648;-8.478765712439595
1478631772129;77.2689566994117;0.40063496958312966;30.002891650366227;4.9419313944554535;-0.1361702194213867;-8.592640303360112
1478631772163;77.33969307264165;0.39741627669959906;30.348538839104894;4.969763841482653;-0.15218143845710436;-8.679729023422114
1478631772197;77.3858964808489;0.39594282088832533;30.581030435595157;4.897339258387591;-0.12389993591308593;-8.563760200168705
1478631772229;77.43099628765995;0.38447670445938953;30.846413051923196;4.911555068206787;-0.10938508834838867;-8.44210483744517
1478631772263;77.4754929169683;0.3686894731909373;31.175956119994634;5.089623650000838;-0.11566986770629882;-8.360552395911736
1478631772296;77.5221498806989;0.34662621047015674;31.41457461340205;5.334131935219001;-0.09726444244384765;-8.37910720304962
1478631772329;77.60036119286785;0.30555195548963454;31.50137446995105;5.238363722682278;-0.08409633331298827;-8.428188686425983
1478631772362;77.65235497177085;0.2714400767834853;31.471322039590905;5.16504121920818;-0.06943184586124261;-8.418012763114739
1478631772396;77.70386408368371;0.23107683547624852;31.418482793203797;5.18643932348059;-0.05491700057983398;-8.53278498786157
1478631772430;77.78125341860428;0.17716325317763157;31.472824009252925;5.305400985574163;-0.056712651824951166;-8.443152136274707
1478631772463;77.83627961325428;0.1432306097478404;31.529399792013493;5.377825896321144;-0.05746083984375;-8.413374522554571
1478631772496;77.89108347789733;0.10845112861835839;31.491773758049543;5.571307445846684;-0.05880758056087652;-8.351723566085711
1478631772530;77.95554061223767;0.0699322797850509;31.222725554967077;5.792621352209523;-0.06464344596586306;-8.470835138636035
1478631772563;78.07278161699693;-0.01279838596766826;29.75218039868561;5.971138940429687;-0.06988076124122163;-8.81320603997046
1478631772596;78.17062377547543;-0.08115542375743726;27.92435443167793;6.1641714492797846;-0.08334814643583377;-9.230844683395512
1478631772629;78.22493810505844;-0.11915083771209962;26.623327255239623;6.359897288867086;-0.09322422257575672;-9.58114635032974
1478631772663;78.50133572130716;-0.2924099635849128;18.32705652847778;4.060266813482716;-0.06209960099372547;-9.620949441473185
1478631772697;78.64283755286905;-0.39956418461815923;13.717593099406097;2.3862708351909414;0.056712651824951166;-9.95838238408193
1478631772730;78.78669676463097;-0.514966426018052;10.443998739762593;1.3172598624298348;0.07302315177640993;-11.756427976989745
1478631772765;78.89210422682302;-0.6069610303204575;8.578965600910193;1.2988544554336927;0.10968436013097525;-14.302212237493693
1478631772798;79.00084865913499;-0.6526345214576305;7.033461796714714;2.816329413427785;0.18689736709594726;-15.958700803375244
1478631772831;79.1020688344444;-0.6836906641066668;4.342891811331748;2.737620033850148;0.22729952011108398;-16.002245346069333
1478631772864;79.32688564091617;-0.724008339740017;-0.887275481878931;-1.6039655021003911;0.22729952011108398;-15.57772346420288
1478631772899;79.45968494989515;-0.6758535124885345;-3.1995908073333377;-2.892045931332372;0.013467384338378905;-14.7222452835083
1478631772932;79.51963049448398;-0.6452751969071032;-4.030117417868292;-2.614917052636668;0.012719196319580078;-14.504971775110064
1478631772966;79.68837085829428;-0.5099901572192901;-8.379754002119574;-2.0076877296447755;-0.020051438903808592;-11.97654489212036
1478631773000;79.90072315550927;-0.3930623987447359;-15.200418898283104;-3.875464445904642;0.046686934656335506;-9.668983386274705
1478631773033;80.03018345617285;-0.2773225666190931;-18.91694986515057;-4.536413449450582;0.24211364288330076;-8.277652891717478
1478631773066;80.18771171594594;-0.13542852416411472;-21.549731423459296;-4.243273456750438;0.42811319348984395;-6.992265948486327
1478631773099;80.32724434119736;0.0023587251690273853;-24.064947436701402;-3.799747544407565;0.5280711101613149;-5.817460829107463
1478631773133;80.46041721181005;0.1093191644694298;-26.58247692299306;-4.035576572329737;0.6554126679351553;-5.090820917510986
1478631773166;80.58683486668716;0.1991833485065333;-28.651432880823123;-4.139424923208542;0.5240309043497197;-5.301510663604736
1478631773200;80.77277346025066;0.33188885942707513;-31.243817739709495;-4.119373374706879;0.17971476211547852;-6.931214098413288
1478631773233;80.83532352444325;0.381805921212703;-32.355150297915486;-4.063109635693207;0.11566986770629882;-7.0202483265198765
1478631773267;81.02388234997537;0.5626545996882415;-36.66462716023938;-3.9812583778932686;0.13826515500717795;-5.953930762127786
1478631773301;81.15933815181309;0.6883629713063264;-39.828481463557026;-3.5410242553710933;0.1794154960411135;-4.870704294641316
1478631773334;81.3751868251767;0.8409662507013759;-44.69679866051002;-2.6403552260801195;0.08813655774765647;-3.4714427696228025
1478631773368;81.44820738427407;0.8736507547385627;-46.36377698857339;-2.6521768890380857;0.02573767697983421;-3.3168671249389647
1478631773401;81.6909767356504;0.9668436832887142;-50.7638413389787;-4.431517927606404;-0.2059013427734375;-3.0871734031677245
1478631773435;81.87186834386192;1.0588140854678045;-51.156411874525666;-4.873996029663085;-0.6004957038879394;-4.203619710949808
1478631773469;82.10398159001211;1.1584250246495176;-49.3539255609372;-4.447229583740234;-0.45055882492065424;-6.019621450982615
1478631773503;82.44751578605508;1.3382248114517428;-47.50456237344736;-5.085284472302347;-0.589272865339648;-7.718158183520659
1478631773537;82.66280023172078;1.5145144279048623;-47.26723785315749;-7.20160891518975;-0.5229834251403809;-7.871686364978179
1478631773571;82.89508920570384;1.6305720468408793;-46.891142942322574;-7.710376589733734;-0.510114591217041;-7.542782911914214
1478631773605;83.12631515779663;1.7913062365016148;-46.15527511219443;-6.955305478623974;-0.6495768379211425;-7.490708806610107
1478631773642;83.46764223015799;1.9497809324671802;-45.4544692248866;-6.148310082476958;-0.7861959701538086;-7.09641381203467
1478631773677;83.68996007321047;2.1259993395056136;-44.966295521308815;-5.750423255688324;-0.9431658164978027;-6.732495050093066
1478631773710;83.92294862560863;2.1519738031059474;-44.316490482367016;-4.494814195605367;-0.8863035270690918;-5.841403284100442
1478631773745;84.13999209377694;2.1578360130003023;-43.6299520158923;-3.188777336120605;-1.011250926208496;-5.024980517987162
1478631773779;84.57773706243103;2.153207732338187;-41.269476936834636;-2.993649900817871;-0.5262754706894047;-4.023755165100098
1478631773812;84.79398234262054;2.1695564745875053;-39.49691027677221;-2.060958424322307;-0.29568389589614236;-3.6354458756044505
1478631773846;85.01605518029166;2.1312959075767193;-37.75905792627849;-2.864512941034138;-0.11148003306733444;-3.7630864593505855
1478631773879;85.25638002289692;2.0721560098696257;-34.77578279542223;-5.119102680349909;0.09786299285888671;-4.649988536834717
1478631773912;85.50149406967658;2.0584914992004073;-29.935026229420405;-4.957942807570705;0.1336263801574707;-6.182726366015523
1478631773946;85.68951571538499;2.0319126707327557;-25.322480505584156;-3.4002152702331543;-0.07511805882109329;-7.505223946435749
1478631773979;85.89923866978711;1.9802877112533834;-22.208253895082564;-4.031536357028223;-0.00987608184814453;-8.644863680941798
1478631774012;86.13034886982007;1.827231923337006;-19.993815894873155;-4.494066299847513;0.1253963119506836;-8.914211586905084
1478631774045;86.31342365363366;1.6361883051781227;-17.857994209254862;-4.16486335238032;0.2917933090652339;-8.784475382586567
1478631774079;86.4405315023915;1.4414839701441247;-16.443321609994793;-3.9284359384398906;0.09142857589721679;-8.905681768566742
1478631774112;86.5119667671677;1.2004868641996158;-15.80253721050213;-4.605246893310547;0.03277063522338867;-9.477895901412005
1478631774146;86.58748439487869;0.9238025153765682;-15.280437799608633;-3.9080852973937987;0.29598319850312543;-9.759214806542918
1478631774179;86.6181147929784;0.5947135245321099;-15.52700733639498;-4.744708993884176;0.12674305038452147;-9.543437281456635
1478631774212;86.63861494491057;0.3789728480654651;-14.193641103829497;-4.965125330352783;0.3157353393665282;-10.534487377752736
1478631774245;86.62040624645819;0.15348881060494862;-12.5955969585887;-2.630030596746877;0.2896984054454835;-11.163563937024026
1478631774279;86.57786291558057;-0.24974556352095637;-12.462853675112862;-3.1459809814453124;0.37289690400275866;-11.543194245501606
1478631774312;86.56155752246514;-0.519578493817695;-11.790604507214564;-3.1489738065857438;0.12075754623413085;-12.169727330835164
1478631774345;86.51946254247736;-0.7847727300655474;-11.118861071066503;-2.407519406890869;0.04534019393920898;-12.672060766656696
1478631774379;86.46340439992362;-1.043488030838535;-11.560939694574438;-2.604292928900197;-0.024690204620361325;-11.266963521222024
1478631774412;86.38512968411047;-1.4743519004921752;-10.714384230079203;-4.38632707901001;0.08768763580322265;-11.459846100207418
1478631774446;86.28340853749052;-1.6975202780358039;-7.928427718688225;-1.8875286607604473;0.07796119155883789;-12.596942689569294
1478631774479;86.1837092677371;-1.9125261294097176;-5.661723860152216;-0.15562310791015624;-0.03127425918579101;-13.30831927332133
1478631774512;86.00443608202556;-2.197218332619778;-4.577718135457413;1.47722235125117;0.2458545738441404;-15.426888759613036
1478631774546;85.98029725590368;-2.3020339643598176;-3.4816955791228534;0.9142856859069317;0.15667058940278367;-12.814815040643513
1478631774579;85.873848472877;-2.5026711178804204;-3.3711348399856593;-0.07736264114379883;0.1720832625900395;-9.485378229124564
1478631774612;85.77174899670965;-2.6538464123079146;-3.6444489657749988;-1.0588356476714833;0.34551321794814427;-8.642169875280558
1478631774646;85.67941499723878;-2.793469871340704;-2.9457144515762246;-1.024718310546875;0.41958382267607375;-8.62017358591929
1478631774679;85.53247877892038;-2.952315103485095;-1.38088390368291;0.5032312249114737;0.48123453597469484;-10.363451231329142
