sep=;
timestamp;gyro-alpha;gyro-beta;gyro-gamma;accel-x;accel-y;accel-z
1478632023621;79.74664297714268;2.589052504477817;-13.428931917875628;-2.4272715797203124;0.20081370077822355;-9.244910435485838
1478632023655;79.82564833551693;2.4243810997857067;-13.049151725156623;-2.1247043266517576;0.24316110610961914;-9.45724603995732
1478632023689;79.9013549387949;2.0070665919681216;-12.577251545376066;-1.9015946685791014;0.2510918991088867;-9.604190600674249
1478632023722;79.98230659280063;1.6648489971805698;-12.45104359590179;-2.078616017758986;0.2421136246169917;-9.515604755655978
1478632023756;80.05992758391794;1.389493313397283;-12.561476371383932;-2.2643161926933097;0.17776947326660156;-9.372850495368894
1478632023790;80.13512373578743;1.1601457692384363;-12.609638450279846;-2.3332991371597163;0.17372923969877882;-9.499892802694626
1478632023823;80.20593215460741;0.9688188175622401;-12.491447681272675;-2.337937957675196;0.18001403732299803;-9.660902846073824
1478632023856;80.30484752251327;0.7601513942284228;-12.101281292395383;-2.214038003495801;0.050427872467041016;-9.730783616162789
1478632023890;80.33621453334177;0.7311363971164717;-11.934834282350682;-2.1764789923515635;0.027832594299316404;-9.728988174980227
1478632023924;80.42099068814348;0.6212728322447113;-11.382044602758613;-1.90698167711338;-0.00014963760375976562;-9.68649115031138
1478632023958;80.4737031564992;0.5814506056823401;-10.93546370965174;-1.6144401617630384;-0.006883329772949218;-9.656114330872368
1478632023991;80.53010353490528;0.5625228905506693;-10.647694307182187;-1.5801730957031248;-0.0332195434680907;-9.545981129853706
1478632024024;80.59771181519157;0.5401559082584096;-10.507107174412663;-1.710657058782177;-0.06763619689941405;-9.487323627571296
1478632024058;80.61302912696927;0.5331634463545506;-10.514716457594407;-1.6508020720771979;-0.058508305353356986;-9.543736757593555
1478632024092;80.65000767153313;0.46053696552599127;-10.875735262234903;-1.8442834126818284;0.002992752075195312;-9.749637917703902
1478632024126;80.6505795054634;0.434986617166075;-11.070246668096722;-1.9318214462722652;0.0032920318492921066;-9.729736518262651
1478632024160;80.6270535635662;0.37839507853665666;-11.779630792555105;-2.0920832742332016;0.010324994659423827;-9.63396813676257
1478632024194;80.61123341988397;0.35033338715182527;-11.998837823898718;-2.115726061293017;0.01870469590339344;-9.72689341292437
1478632024227;80.55213946202649;0.3137359393006095;-12.4587409227927;-2.1719898505390387;0.000748188018798828;-9.900622378628514
1478632024261;80.47411997208779;0.2848215915010974;-13.123812465274469;-1.8574515389373525;-0.016759409337805117;-9.766248139245807
1478632024295;80.41216067891338;0.28753601610738183;-14.356076468651809;-1.5447089105468244;-0.05222352599544683;-9.65012905733413
1478632024329;80.38050452911254;0.2899080345665737;-15.46356116131116;-1.3762170417785644;-0.07930792999267577;-9.588478136256244
1478632024363;80.30156313881588;0.29461754410709934;-21.23965211015346;-1.3036429500855504;-0.17178396454963366;-9.452757322836481
1478632024397;80.27468387003648;0.29790174919966905;-27.185160255811184;-2.203114440155029;-0.3199251968383789;-9.062652053302154
1478632024431;80.26871446989801;0.28249004457018684;-34.407970819985565;-3.883544730377197;-0.3889081230384763;-8.622268147045746
1478632024465;80.28815468494075;0.23780227305680612;-42.08714868252869;-6.726958513552882;-0.40731356200065927;-8.195052861376851
1478632024499;80.28634635692536;0.11574421633103765;-51.14014569173808;-12.139350312750041;-0.3564367653058958;-8.70426948084086
1478632024533;80.26526752837151;0.020197484424936116;-53.9774512269482;-13.022362104797363;-0.011372458171153265;-9.834183026830852
1478632024567;80.26008389447229;-0.024097762788205402;-56.54556751118296;-13.612981726837157;-0.09621697893211821;-9.556755201721192
1478632024600;80.27785352670767;-0.03988437737411024;-62.26304401578875;-14.289044420623778;-0.20260931263661186;-7.160608252716064
1478632024635;80.29637463830483;-0.038997574108247585;-66.67488278124097;-15.465046348571777;-0.07691372490758658;-4.857236544976756
1478632024669;80.28859610796903;0.0448906841262605;-70.66259813628513;-13.839233491460979;-0.11836334571561892;-2.9355905470917
1478632024703;80.26838671146118;0.14661350076713064;-74.49549754164005;-11.944522444915771;0.043544542694091797;-1.6114472087584435
1478632024738;80.21880066986304;0.33142332911428257;-83.9440082725856;-10.150666960641555;0.3387795349121094;0.5376479103088379
1478632024771;80.18071229130274;0.4123352818663461;-88.79986681786765;-9.224559538711421;0.3269581596485106;1.0133458343948236
1478632024805;260.1290836665491;179.5004586547114;86.43668715313957;-8.434174044445902;0.3968389343040529;1.2475286660125477
1478632024838;260.0879247056362;179.40632300846886;81.15658433661571;-7.833228989355265;0.07601590270996093;1.686864743716456
1478632024872;260.0345111928727;179.32104547796274;75.62850279061462;-7.589768608038127;0.04683656997680664;2.2349873045547866
1478632024905;259.9586552293515;179.1667185637839;67.2699768937987;-6.811803290612995;0.17342999189072286;3.3631052175659684
1478632024939;259.90742780118524;179.06925858157743;62.03415583803571;-6.644657648821919;0.09307458953857421;3.800346149621531
1478632024971;259.82854355582845;178.88441713210574;56.03626956903455;-6.28822102279663;0.07796119155883789;3.9182606544494627
1478632025005;259.7843656523937;178.7429679535522;53.21772215578459;-5.265298071233928;0.10519521717680617;3.9528269409179684
1478632025038;259.742477807311;178.58842758047652;50.8931581676094;-5.14528900527954;0.0008978256225585938;3.8546643805906173
1478632025072;259.6941581834927;178.4272877737999;49.53069050577545;-5.4427687076844276;-0.2397194457897218;3.6929064231872557
1478632025105;259.648030568192;178.24494372874076;49.62837443571177;-6.437858626556396;-0.5175964714050293;3.445106551361084
1478632025138;259.6072447316663;177.92169533151133;53.022194712576756;-7.151629850360005;-0.8846575134277344;3.0912133262082935
1478632025172;259.59275011103506;177.79935143057097;54.739114961068054;-8.023269269003265;-0.7386112121582031;2.6048914062499997
1478632025206;259.61605857638403;177.50839733410717;58.41075333277414;-6.80252575917989;-1.269076480953954;2.3829788398742675
1478632025240;259.6365455712558;177.02168216228273;59.54182088941349;-6.705410808209329;-1.3111246841430664;2.0536267662599683
1478632025274;259.6423444867297;176.70646763578486;59.39729541321388;-8.437466171051671;-0.5822399322122684;2.1013605773374437
1478632025308;259.685810339511;176.23417558663863;62.788757919962656;-5.676053878076374;-0.15547347030639647;2.082207110186666
1478632025342;259.6893087511506;176.08674460976752;64.19697654712057;-4.776581657354534;-0.20859481964111326;1.7899650161743164
1478632025375;259.7251546195505;175.71716093720264;67.5980965312544;-3.6159926948547363;-0.4837783912216313;1.4790180755615234
1478632025408;259.7372625363412;175.48305339778096;69.37593950181663;-3.5296517974853514;-0.682197844673926;1.065868505450338
1478632025441;259.74118763259105;175.2998034702168;71.40912017224356;-5.009118785858154;-1.0580874779189937;1.0363900436401368
1478632025477;259.763446439556;175.05257205052706;78.10384771796294;-8.698583763354643;-0.16759411621093748;2.604292892367579
1478632025511;259.75783563669745;174.95977063841792;81.37323207240699;-7.504026407214254;-0.03995324020385742;1.8254291647979988
1478632025544;259.7474574031777;174.9084177556286;88.39924173901936;-9.064596830694377;-0.857273863905738;0.19752164152946788
1478632025577;79.72966190814991;5.1218682836993255;-89.8510481816233;-9.100659712396189;-0.9642647003616206;0.27249008329639907
1478632025611;79.69380140644712;5.004789304842743;-88.38166348179789;-10.185682123388721;-1.2888286811828613;0.3404255302871577
1478632025645;79.63678800110239;4.935278935907289;-87.85895974071357;-9.153182730511576;-1.0717045546600594;-0.09232640151977539
1478632025678;79.56251375057118;4.6738700705874;-87.17339010754634;-8.984391586535796;-1.3675380972931162;0.777068149389699
1478632025712;79.48567049336485;4.553072406784299;-87.21061024509541;-8.325536705724895;-1.2837410026550293;0.5704185089996084
1478632025746;79.35127019703236;4.283498568331542;-84.61830671557428;-11.501295716448872;-1.4449007019042968;0.7950245887756348
1478632025780;79.12801186043949;3.834280111186671;-79.21545221337902;-10.99716648325175;-0.9763853645324706;-1.6160861023391595
1478632025814;78.97105710272929;3.4994868243862185;-77.0195329333764;-11.79488454889506;-0.6033388269217074;-2.8476035995483397
1478632025848;78.82699491325569;3.149931470948411;-75.91603054741277;-10.830171501977741;-0.6168062026977539;-3.1777041534423827
1478632025882;78.7156155603998;2.745702814914922;-75.26116165801652;-12.489652527673542;-0.29373859791411083;-2.8164789779663084
1478632025916;78.5090938840175;2.081518853986657;-72.37274083549127;-12.11091946029663;-0.46701897960053756;-2.9113492781155044
1478632025952;78.43833646680635;1.8690917592098246;-71.3866752055063;-11.761066742706298;-0.6229413444519043;-3.208379889612598
1478632025986;78.2152013297422;1.223516469626737;-69.53479647345578;-12.120944887487589;-0.63206923828125;-4.226514045129344
1478632026020;77.9753600855587;0.6665303872092979;-66.99168157520702;-11.673379106903075;-0.5756558799301273;-4.609436819281056
1478632026054;77.81947420528768;0.3533964035574114;-65.03658548564235;-11.618163123376666;-0.645237342845532;-4.328267652218602
1478632026087;77.64204221750835;0.1132580353492039;-62.23199417087248;-10.716745906066894;-0.47225627289924305;-4.57367350276442
1478632026122;77.45161911832291;-0.10589424273561363;-58.148035669973304;-9.99833577041626;-0.4462193344116211;-4.889707704063225
1478632026155;77.09406963801156;-0.38381515019744383;-50.66006891138881;-8.634688141223043;-0.05416881256103515;-8.171111137036233
1478632026191;76.82228082813538;-0.5392089331865363;-41.79764479075311;-7.843703913879394;0.01227028350830078;-9.655815441540629
1478632026222;76.64877518561802;-0.5618505547209489;-35.13813333614129;-6.441449636785686;0.08170213051118771;-8.306233582704047
1478632026257;76.46548653906446;-0.6301788406067286;-28.393538300908546;-5.066579552636668;0.06748655472907703;-7.299322165270894
1478632026290;76.36619109462573;-0.6607130883655054;-25.12229497877161;-4.367771961344872;0.09292495193481445;-7.849539853491261
1478632026324;76.07777177247436;-0.7645458925164643;-15.90440235989686;-1.845181365026906;0.2904465797645505;-8.914809881591797
1478632026357;75.84289300479497;-0.8602160335166724;-10.229396570129168;-0.2314893730163574;0.11971008529110112;-9.537451923436718
1478632026390;75.71185666132614;-0.9150597074669882;-9.027213819708654;-0.48078569394536314;0.08454524612426757;-10.013000219052097
1478632026424;75.57397161835503;-0.9565905822708726;-9.217033832169447;-0.9368810371398926;0.07751226961440406;-10.518027095208689
1478632026457;75.45020906697003;-0.9637560222361492;-9.958678233131888;-1.454776728953514;0.018704700469970702;-10.607959587329253
1478632026490;75.33462136030592;-0.9460357127514081;-10.849202460761278;-1.6268599732772446;0.00718260498046875;-10.19525907615982
1478632026523;75.22373731053932;-0.8784368590435676;-11.879353130779842;-1.7344495017120614;0.010324994659423827;-9.732579587068315
1478632026557;75.1220132374064;-0.8426657412422608;-12.955915807420299;-2.09357973246919;0.011372457885742187;-9.478794156292825
1478632026591;74.99064118342037;-0.7207384946927822;-13.431485157985781;-2.4343046110291033;0.005536591339111328;-9.647734919606055
1478632026624;74.90859702690504;-0.6169790502333337;-13.237303678845446;-1.7754502416748552;0.07826046904964605;-9.955988365084863
1478632026657;74.84262283251539;-0.5475414000338519;-13.221401877108239;-1.8870798575470222;0.11671732636603992;-9.964667565298639
1478632026691;74.7836238207114;-0.5072284571043985;-13.727903574922445;-2.148496751315333;0.2102408332824707;-9.735273009137064
1478632026725;74.69583053822554;-0.456233077355371;-14.980361553214395;-2.4266728740416466;0.3366846084594726;-9.254487351724318
1478632026757;74.63786989708152;-0.48792733072822914;-15.760153052063668;-2.735973874078318;0.4017769752281252;-9.02823536790479
1478632026790;74.58137956657478;-0.4301670573669223;-16.150931706020042;-2.8128875293456015;0.3684077895896975;-8.956409098904393
1478632026824;74.52218418198234;-0.4827258731366145;-16.56129573030348;-2.7383680437724336;0.3681084961158689;-9.312247238446725
1478632026857;74.4446369351303;-0.4786358954947865;-17.451242677435424;-3.116801630445849;0.24181436767578124;-9.403376534569844
1478632026890;74.39726765996805;-0.4784401527661023;-18.09946824025892;-3.322553445213381;0.1919850456237793;-9.499743201623485
