sep=,
timestamp,gyro-alpha,gyro-beta,gyro-gamma,accel-x,accel-y,accel-z
1478632286974,67.25348069172848,1.8072530533029059,-17.05154112168003,-2.847902982070425,-0.47629649276733393,-9.285312643299903
1478632287008,67.29519767839372,1.9331166055787739,-17.10260444866926,-2.8082489097595214,-0.4879682441269047,-9.30955407667288
1478632287041,67.33933729323161,2.081737991841512,-17.21785047367716,-2.8851625113695216,-0.5237316314254887,-9.289801940376055
1478632287074,67.36852341806531,2.148144602908149,-17.307096280446057,-2.8909985799871967,-0.4736030158996582,-9.350704372041044
1478632287109,67.38248714818388,2.1779439087021526,-17.37236930525353,-2.87992520322944,-0.4402338348278077,-9.350255295403805
1478632287142,67.44141844681587,2.2508450496221672,-17.83489448229645,-3.1304188076516146,-0.4118026992466068,-9.396643120961869
1478632287176,67.46989670065712,2.2737521074877023,-18.005858452135605,-3.1215899333014616,-0.3877110157866489,-9.331849759972677
1478632287210,67.49726728270524,2.282830439031446,-18.097461340613986,-3.128174133997364,-0.39040452503064393,-9.33903274169577
1478632287244,67.52088123327569,2.285704873959322,-18.09732435658427,-3.1313165328094734,-0.403422986586194,-9.49645117434077
1478632287277,67.54323710922962,2.288202953820996,-18.020518282207373,-3.006069737448252,-0.4360439682228025,-9.72345167497266
1478632287311,67.56662038130916,2.2904551197993204,-17.996476185475213,-2.8064533863785677,-0.4418798302028561,-9.792583882583491
1478632287345,67.59744199703039,2.2999458343588324,-18.270102749107117,-2.420986864294484,-0.41748889850672566,-9.583689897332713
1478632287379,67.66181493749387,2.332897816871913,-19.324174601845105,-2.510470151342824,-0.32995091172370594,-8.601169683307036
1478632287412,67.7005492410587,2.3315052141495505,-19.785165673276552,-2.5676317159790543,-0.11941080780029296,-8.043320477294921
1478632287446,67.73982920139048,2.3094096036640157,-19.939736030879665,-1.9372084182739258,-0.03232172241210937,-7.906850982666016
1478632287480,67.79876430610874,2.3081079509681666,-21.160534268341056,-1.6156372077941894,-0.13946226497041062,-8.399757468646392
1478632287514,67.96170579648633,2.377864135874118,-25.575727693584785,-5.240757723413035,-0.7321767951965331,-10.294318950653075
1478632287549,68.066387856087,2.4527450271963556,-28.22468037887231,-7.747038021850585,-1.0076596237182616,-10.574889311572164
1478632287583,68.1097819476415,2.471165422180149,-28.651377781833993,-8.016834621429442,-0.8447042732238769,-10.943596513366698
1478632287618,68.1215529871804,2.427777752112043,-27.56261720275215,-6.233752788897603,-0.7381622993469238,-12.171971602630615
1478632287652,68.14579200275104,2.3911876728603203,-26.029519734259512,-6.330418973187357,-0.6907271789550781,-12.540678658294677
1478632287686,68.15586122453334,2.3553380842027978,-24.495358766446543,-5.681889306231588,-0.7637503295898437,-12.262053440093993
1478632287720,68.17540180382225,2.307016690708631,-22.56600265904528,-5.6304141166687005,-0.4908113311988767,-11.397896278381348
1478632287754,68.18918229207736,2.2482796346064022,-21.086105558694836,-5.743989057922363,-0.06823474731445311,-9.690980095761082
1478632287787,68.17023730803058,2.159496971496416,-19.818768003068218,-5.08857635345459,-0.16145895619047804,-9.47610047849575
1478632287820,68.14976262887365,2.032913029217836,-18.136841290044753,-4.445583570098877,-0.24331074371337888,-9.648632544299215
1478632287854,68.12795038865504,1.902358552042319,-16.48692084789956,-2.9870659193176774,-0.2732382507656002,-9.658060133461188
1478632287887,68.12561898534501,1.7926832334345133,-15.807946189176949,-2.054973212432861,-0.2147299705284182,-9.565434420201274
1478632287921,68.15545835658108,1.7398230327388968,-16.70505272735235,-1.981201946844533,-0.33264439772453624,-9.091083106684964
1478632287954,68.19389461422274,1.6915043504509206,-18.378079411817556,-3.2834978662353005,-0.33039983366813974,-8.69319666348882
1478632287987,68.2236642742216,1.6099625058750127,-19.326743803423508,-3.4920928502731954,-0.31483751374396957,-8.366687485150248
1478632288021,68.24136600464693,1.4256191967782152,-19.708514978920608,-3.0629321113586423,-0.18465280303955078,-8.280645643792674
1478632288055,68.26488117734822,1.2042844579620569,-20.12592681294677,-2.924367617211863,-0.041748891448974604,-8.262838915075735
1478632288089,68.29082279148537,1.066777207633602,-20.79254232408269,-2.749890244293213,-0.011073182678222656,-8.076390314660593
1478632288122,68.33274775446975,0.9443206157731509,-21.99051955167634,-2.9958944648742674,-0.06194995882338844,-7.54143610041514
1478632288157,68.37674681967026,0.816767542733143,-23.373035880294164,-3.5277066547669467,-0.10743979949951171,-7.357232210186869
1478632288189,68.41101779311337,0.6708473246729946,-24.36836309813828,-3.9627031506302766,-0.23044190979003906,-7.383867849786579
1478632288222,68.4377877107858,0.5153873914672975,-24.89907269575554,-3.927388420414645,-0.0794575710213685,-7.567921810150146
1478632288255,68.45360911540439,0.3587201660702553,-25.306394202218296,-3.906140099876467,0.014814122772216796,-7.8474450001038605
1478632288288,68.46640310520137,0.19096866764757797,-25.66798794439428,-4.190002419579611,0.03651157760067144,-8.228870850228704
1478632288322,68.44251293787528,-0.06087442580214105,-25.402305570141728,-4.560056227377243,-0.06269815483369748,-9.13313103587944
1478632288354,68.38602281074077,-0.19024428159647996,-24.022605764809924,-3.518578651339747,-0.16983868026733398,-9.57979910043925
1478632288388,68.3268207419417,-0.25435822372819433,-22.61945355457538,-1.4945803863525389,-0.2621650863536866,-8.884732924165483
1478632288421,68.30280422598928,-0.12461112193954839,-23.839382345713876,0.12569558715820311,-0.1680430313055054,-6.335655850927531
1478632288454,68.33947022068439,0.0885849993783404,-27.086602605077083,-0.015263035583496093,-0.07212532501220703,-4.255842796270549
1478632288487,68.39971544629218,0.32296077046930594,-31.0046441633811,-0.9455597258970141,-0.023792378997802732,-2.899827123260498
1478632288521,68.44165098921106,0.48551717152088153,-33.84487012735016,-3.1199437461301684,-0.08110357952532649,-3.5214214370176196
1478632288554,68.38932477637077,0.5517780517859867,-33.50843217929659,-5.694009879070893,-0.016460136413574217,-5.525069243621826
1478632288587,68.25658277988266,0.6840181058216501,-30.987422098744503,-2.87154547001943,0.020649989318847654,-7.142053482110798
1478632288620,68.22113567019522,0.8359451099938554,-31.207494479347986,-3.1043818737305697,0.0020949264526367185,-7.233930824688821
1478632288655,68.20532385942512,1.0132824599964816,-32.13800635138439,-3.918410438183695,-0.020201076507568357,-6.511630111340433
1478632288689,68.14487882400641,1.1855977688502048,-32.07579885930293,-5.012859470223821,-0.017357962036132813,-7.235128071649372
1478632288721,68.09454050979842,1.3057985290808767,-31.427056375579458,-3.307440102032572,-0.02558803024291992,-7.332691497039795
1478632288755,68.07958059944448,1.4344851235414262,-32.53609157726044,-4.564096479211375,0.011671733093261718,-7.420678627246246
1478632288788,68.07258213861256,1.5884042470030286,-33.80581524391103,-5.227589778678957,-0.009576806640625,-6.8134491581238805
1478632288820,68.04410714384943,1.6710108030308954,-34.607476214385635,-4.923077163696289,0.015861585998535155,-7.160907454858347
1478632288854,68.0128382317551,1.7826540076012676,-35.531224809828224,-4.930558897753805,-0.32351649019545875,-6.932560836847126
1478632288887,67.99844642792377,1.8691148976596135,-36.816765646558146,-5.406406843036041,-0.25094224323881786,-7.046135631970316
1478632288921,67.9854115207476,2.032077225218793,-39.30960268356104,-6.419453475288581,-0.6498761313949711,-6.515371051434427
1478632288954,67.93706242364334,2.268512123170098,-40.70837946478378,-7.115716752392426,-0.6218938812255859,-7.335534364916058
1478632288987,67.90711081996388,2.3370929357588053,-41.337084863757006,-7.259668346405029,-0.8315361640930176,-7.357232128434433
1478632289021,67.90707751272423,2.464638835159641,-42.722191023082374,-7.7747212708070865,-0.6015431853805668,-7.054964250592142
1478632289054,67.91096915247307,2.4805965900108253,-43.604031226390624,-9.065794077654928,-0.604535900923144,-7.414991886846721
1478632289088,67.87965044371222,2.4714091325194607,-42.79536804818272,-9.370755367986858,-0.6771101752792484,-8.406490868554636
1478632289121,67.83847853169273,2.49799376389506,-42.32697642366122,-8.064718362371623,-0.6064812263046391,-8.765920173589885
1478632289155,67.83162113050916,2.511506448026089,-42.589860474951934,-10.07779363027364,-0.5491699966651853,-8.976909633282572
1478632289188,67.80050492543755,2.5197516128987325,-42.08703675898203,-9.515155947875977,-0.40671499560259977,-9.312097719573973
