sep=,
timestamp,gyro-alpha,gyro-beta,gyro-gamma,accel-x,accel-y,accel-z
1478632714322,40.18456904939983,0.41411179495962663,2.672069004232072,0.4144961441482417,-0.07107786007342219,-9.746346196381863
1478632714355,40.25904418118671,0.3494422966252078,2.6972799307936346,0.39803602600097654,-0.06419453286917269,-9.70220294344253
1478632714389,40.305171154876774,0.30143272336686255,2.7419943203801074,0.4258686248668702,-0.060453590206478836,-9.756222406094171
1478632714422,40.36938768706418,0.23215457876733767,2.7369813682094355,0.47210663501007216,-0.045190555764627056,-9.87697965550078
1478632714455,40.389283025300166,0.21389063112364942,2.689958952991292,0.4450222449979861,-0.041748891448974604,-9.85827516965994
1478632714490,40.423080274643624,0.18323699204306582,2.607556191201936,0.37603930738144553,-0.06075286712646484,-9.801113523396142
1478632714524,40.46870953748751,0.13301876338911064,2.613203258452582,0.45190557134600234,-0.035763387298583985,-9.83971988759802
1478632714558,40.491657460513544,0.10806655102101233,2.580250878133571,0.4961982895008055,-0.03232172241210937,-9.876531025817291
1478632714592,40.523627125990686,0.07956382330430943,2.510656714608845,0.4221276921935641,-0.022894553946066296,-9.91364074055776
1478632714625,40.540514355029465,0.06324121558155026,2.5011758999339992,0.47584757995605464,-0.021098902130126954,-9.942521190809039
1478632714659,40.54841543274799,0.05996203509924511,2.4823674965118103,0.5084685775756835,-0.0234931037902832,-9.943718017644482
1478632714693,40.57076069095037,0.0655024423376012,2.33765904570007,0.4279635421863524,-0.0404021518734924,-9.941473435321775
1478632714727,40.58842649438643,0.07988226711708066,2.205985279946219,0.457442163826758,-0.0496796855898865,-9.89224263628535
1478632714761,40.59931331582065,0.09023315205527067,2.0733303520092226,0.3657143047305115,-0.032920272827148434,-9.847351501287893
1478632714794,40.60295152557327,0.09642377191776944,1.9236181162850632,0.3444657672799134,-0.02379237956862489,-9.82625270647233
1478632714828,40.60555537501409,0.09566527552678013,1.8381951283273372,0.3520972976297489,-0.010773907470703125,-9.806350694253494
1478632714863,40.60612072917297,0.09682455681102754,1.7104690897954415,0.38696283418959937,-0.017657236815535726,-9.80829630019408
1478632714897,40.598003748776144,0.11370625352594502,1.2283664869306608,0.23657704469432356,-0.017956511737644176,-9.665092571114934
1478632714931,40.586049417102615,0.13022579880869356,0.7902530316260492,0.4590881592018064,-0.017058685686968965,-9.703849021015968
1478632714965,40.564935443131574,0.16945335970252848,0.03916838932264183,0.9723451606474002,0.0004489128112792969,-9.833136027112126
1478632715000,40.54509142159517,0.2669240997152193,-1.7149635271345776,1.465251452548243,-0.005237316131591796,-9.92785637684702
1478632715034,40.54122108251255,0.41163483466738426,-4.377785694883491,1.6211737991333006,-0.03292027511043707,-10.409988526098429
1478632715068,40.593898949774875,0.6468555691559816,-9.273064453177891,-0.6492774896483868,-0.011671733093261718,-12.313977688598632
1478632715102,40.608214188987695,0.7319626693185892,-11.568055915890817,-2.508524825961329,-0.07826046676635742,-14.454543902643024
1478632715136,40.6053885317654,0.7394915184020309,-12.35706617019054,-2.356493038807716,0.008379705810546874,-16.774824294281004
1478632715170,40.68438767030846,0.9583371277462673,-16.04829673172498,-6.632387511444091,0.039055414581298825,-17.94499035568237
1478632715204,40.701517752637436,1.0409062660818311,-16.290628443885925,-8.14297941365987,-0.34012627334594725,-16.00478918533325
1478632715237,40.66752602808215,1.1230511880368954,-14.948570181255072,-5.207837523651123,-0.5554547668899409,-13.642310989435016
1478632715270,40.67025865953304,1.2923589448672732,-15.4904929804448,-4.5784617622375485,-0.2974795608409913,-12.1272296668455
1478632715304,40.721335682716095,1.5375149869518836,-17.139721045054223,-4.627991809082031,-0.18091186294555664,-10.493486601257324
1478632715338,40.7924681991763,1.8560540933262468,-19.53835031196686,-4.531475700787454,-0.03696048812866211,-8.425046296747029
1478632715371,40.869832834160896,2.1844221989974812,-22.294105357030496,-4.476558627142384,0.07032967376708985,-6.8514571094788606
1478632715405,40.98446258753626,2.635845955750978,-26.056693177463128,-4.226663792330958,0.17971476211547852,-5.538386990356445
1478632715438,41.05434564815837,2.9161305485480247,-28.35723431485201,-3.492840873895213,0.0618003303527832,-5.180603772027791
1478632715472,41.1449617908648,3.210698373661862,-31.115164121028954,-3.185485162707418,0.08439564505312591,-4.92502274480611
1478632715506,41.34099852402003,3.7083202716692787,-36.11882235850267,-3.1329625099182126,0.04085106582641601,-3.8494273567199704
1478632715541,41.48789416201321,4.0380446449953835,-39.51585638933637,-2.876782932281494,0.1589151351928711,-3.127725193786621
1478632715574,41.62978663403787,4.3448771019676995,-42.68865428793241,-2.1226091170713306,0.14425065002441406,-2.5893293877199293
1478632715606,41.79050456239959,4.630570753160084,-45.951713737924315,-1.5369278282165526,0.004638765716552734,-2.7558754561826584
1478632715640,42.069155103185366,5.042424459358148,-51.05981554828255,-3.149422938592732,-0.8185176605998771,-3.0816368118286133
1478632715673,42.08856636198146,5.1618208039546625,-51.885521004565106,-2.1938369087219236,-1.1360486877441405,-3.9275380397520956
1478632715707,42.09473075397133,5.286346454746704,-51.32791577450922,-3.951779769952595,-1.368136611175537,-5.6878749565124505
1478632715740,41.937446452197364,5.501748995161891,-47.38065893704078,-5.655403742627054,-1.2720692330291494,-8.608202431488037
1478632715773,41.87282646254398,5.6670546783000475,-45.64127569164478,-5.162796751049906,-0.7405565192733891,-7.748384979480132
1478632715806,41.875983164178116,5.857070990143119,-45.2366659610913,-3.427748297064006,-0.8059481703827157,-5.779752226025238
1478632715840,41.949060214105494,6.047922426010851,-46.46298343874427,-2.5827450408935544,-0.7520785782302729,-3.6930560607910152
1478632715873,42.061438582269915,6.194504151059541,-48.507374139495525,-2.4902690017700193,-0.7796118973220698,-2.4865283539369702
1478632715907,42.16787557465433,6.26215935585814,-50.392727833245985,-3.4681510346010325,-0.801907936814893,-2.4007857147216796
1478632715942,42.2500318992305,6.279031596566835,-51.84642601578909,-4.273350688171386,-0.7631517791748046,-3.3200098068788644
1478632715974,42.27403636592688,6.268119065697286,-51.97247326562158,-4.63173304143697,-0.736067372894287,-3.5287536796018477
1478632716008,42.23660104747284,6.208639488106961,-51.18087300967258,-6.937648296179249,-0.9475053070068359,-3.8634934376038608
1478632716041,41.98664374158437,5.949732055084216,-45.38678899342493,-4.5925274047300215,-1.2038345405136235,-6.160729492132365
1478632716074,42.02746712162699,5.873305948113675,-45.51158904332951,-4.8458638678953045,-0.92161802895586,-6.172401590551808
1478632716107,42.100986958178375,5.638523767471309,-46.59974879520001,-7.120655106127041,-0.493504817199707,-6.792350055064354
1478632716141,42.0932536761337,5.482110926326782,-46.648351698350496,-7.471555412524566,-1.2155062918731943,-5.403713146972656
1478632716174,42.029443662155295,5.220139245902112,-44.22411708808411,-10.643423480224609,-0.8286930404884274,-6.95755016141138
1478632716207,41.8498817222809,4.916854410068826,-41.522104396060314,-4.537910117749124,-0.6949170501266606,-7.4362408010399434
1478632716241,41.98014286221193,4.824241154702308,-43.97639410429048,-8.556128837640584,-0.9971850097213871,-5.44860413583964
1478632716275,42.00902897071703,4.674755196959964,-46.33475996222556,-9.66239964223653,-0.748188000532519,-6.016927901049703
1478632716308,41.70691702201528,3.963777472052607,-42.03282839830983,-8.92438668823242,-0.6718728054903739,-9.244611452539264
1478632716342,41.62681097816419,3.772710237840841,-40.746714759842966,-8.177096202795207,-0.6335655789278738,-9.62992813609019
1478632716376,41.558370689831015,3.4994504288505,-42.23696135426768,-9.606883506719768,-1.0785878479003905,-9.771934075927733
1478632716409,41.530613335024796,3.41091077158645,-43.00835222241921,-10.669011510467529,-1.3281833344390614,-9.561394113568216
1478632716442,41.30433897565282,2.9739168927751845,-40.25114058302312,-10.14453170928955,-1.8963573159148917,-10.487202114160358
1478632716476,41.057830720944274,2.667126077266068,-37.26366917882878,-7.022492963641509,-1.5688006012847646,-12.540079815618693
1478632716510,40.913595867582075,2.4664584864672223,-36.682472859565024,-6.7293527517456555,-0.6838438491821288,-14.905102435302734
1478632716543,40.919304522129224,2.5595343157722796,-38.968362902393984,-7.44417151184082,-0.4574421364272944,-9.221267547961324
1478632716576,40.90137954580313,2.546165570089768,-40.11914921825426,-7.418134714917093,-0.3298012786865234,-6.980145266049169
1478632716610,40.77580583861071,2.533601648657588,-40.29938890264877,-6.486341219307715,-0.1149216796875,-6.624456718444824
1478632716644,40.67834222780787,2.5221514148701814,-40.59176646222712,-5.866242907128855,-0.03007715835571289,-5.965303073883057
1478632716677,40.459470379233984,2.456000753281139,-39.87259935544209,-6.352116453131987,-0.03995324020385742,-6.0413189765930175
1478632716711,40.3522833869738,2.4164244132789277,-39.23400400669532,-6.0312935311357485,-0.027682956695556638,-6.225522720690816
1478632716744,40.05488558292532,2.268952832268558,-37.46673241467422,-5.664531654722709,-0.11297639083862304,-8.797942766924947
1478632716778,39.91447400777626,2.2526537063871457,-37.101015229611626,-5.710619908816553,-0.23717561109238303,-9.365219215039163
1478632716812,39.78473051852044,2.2362016462184964,-37.0619192311004,-6.226420838574319,-0.39519292408762846,-8.35067629808057
1478632716847,39.6757128431174,2.27240863191508,-37.359230234308136,-6.129156067336909,-0.4321533950916258,-7.661145799830463
1478632716881,39.54765550880152,2.3260442756079907,-37.706976231932885,-6.045957966071856,-0.4921580696327146,-7.340771744979731
