sep=;
timestamp;gyro-alpha;gyro-beta;gyro-gamma;accel-x;accel-y;accel-z
1478632272454;70.82969934717306;1.9587488573967762;-4.985828432040277;-1.0205284211089833;-0.27742813107033726;-10.087519855322316
1478632272488;70.83010366788297;1.9193451653748008;-4.839615087415699;-0.9160814102172851;-0.2503437202232424;-10.028712076115328
1478632272521;70.83134764326425;1.8626955184994491;-4.768806890946216;-0.8734346657462884;-0.2397194412231445;-9.870694766545016
1478632272554;70.8333271695336;1.822193159129207;-4.725011872787218;-0.7763198928722412;-0.27039514086074196;-9.551069027577247
1478632272588;70.83510414405418;1.8028182272437456;-4.685277579551664;-0.6778583815643563;-0.28161798625889933;-9.380931199966557
1478632272621;70.84257480001607;1.7642354177723827;-4.490387925435955;-0.5593453628540038;-0.2802712341253296;-9.474155481907818
1478632272654;70.85231629302615;1.7438166135125268;-4.426431683657699;-0.5244798011779784;-0.2813186950683594;-9.674220629341061
1478632272688;70.86328010305034;1.7349006503212139;-4.592064496646018;-0.6929717247451656;-0.3160346111491148;-9.820416764577175
1478632272722;70.88152737075504;1.7273234728862463;-4.956450320598459;-0.9645639664359856;-0.3250128662330564;-10.088118259606881
1478632272755;70.89237427785973;1.7153402534760174;-5.027173718097732;-1.0224737282241694;-0.3797802292091306;-10.52191774597168
1478632272788;70.89811423916562;1.675230522573391;-4.7698372273844605;-0.7746739066303474;-0.40566754379272457;-11.317989944104104
1478632272823;70.9148718266237;1.6475334243550057;-4.317013378904266;-0.2871545981476083;-0.3501519973644288;-11.380987083026021
1478632272855;70.94134631463292;1.6423782688626343;-3.969240392709587;-0.0743698890686035;-0.28984803734102166;-10.396072667340189
1478632272888;70.9816793702573;1.6421103357571933;-3.994040853492418;-0.36481651449892666;-0.2455553169029299;-9.128492452825977
1478632272924;71.0531693647353;1.6291055916662305;-3.89525017624395;-0.43200372552182525;-0.13227965085678733;-7.309497960717976
1478632272956;71.09556682356929;1.6162268537989548;-3.9871313537853115;-0.0326209976196289;-0.026186580657958983;-6.698228349359333
1478632272988;71.16833427382431;1.5984449718486444;-5.6022718628975055;0.48243170758672055;-0.020500351715087888;-7.753023672131449
1478632273021;71.22724333738756;1.5729931120574914;-8.4785215844208;0.28999767608642574;-0.21024083784904796;-11.692831995391845
1478632273054;71.32476911355027;1.6665311911770022;-12.478876158186464;-2.927958992767334;-0.4761468551635742;-15.346383728790283
1478632273087;71.43216580106778;1.779997583323278;-14.161042788616559;-6.521655830792337;-0.8726865051269531;-14.284854567718504
1478632273121;71.41691295053525;1.731043819818821;-13.081592473985781;-4.112939176940918;-0.619948610643018;-14.776863008880614
1478632273154;71.45537699362609;1.7008043850529655;-11.864219288290467;-4.589834073992819;-0.7670423386062495;-14.882956069946289
1478632273187;71.45156805476317;1.6939554715467386;-10.660733505011587;-3.8968624771118163;-0.6823474731445313;-13.866767395074664
1478632273221;71.42149156889364;1.62535481774009;-8.239299700084564;-2.8458079483032224;-0.4311059272987302;-12.556989157104491
1478632273254;71.42012090956224;1.5750184818561728;-6.671975907138092;-1.7105074851104989;-0.39279871900253926;-11.852794447680562
1478632273288;71.40807618233573;1.5338044627881458;-5.656951066811311;-2.0561703132629394;-0.37020344083481466;-10.540323390429839
1478632273321;71.37051461640853;1.470700477044199;-4.5587146647517685;-1.9756652824401855;-0.3799298759460449;-10.03828873662548
1478632273354;71.34579960379983;1.3692735474434439;-3.0691341209515444;-1.248127216427587;-0.24286183261456606;-9.916184817283693
1478632273388;71.3143870405488;1.2936472880635141;-2.2831229149102183;-0.24016835403442383;-0.19662381590690928;-9.873986930825048
1478632273422;71.27246112544752;1.2288573524887845;-2.3532227607086713;-0.19288288951264693;-0.11162964327163062;-9.600299653083738
1478632273455;71.2569111615062;1.1770141407455732;-3.3252112926720034;-0.22475568084716796;-0.03142389678955078;-9.07297697489634
1478632273489;71.2250574834363;1.157174250693482;-5.054320743603954;-0.5276221543243155;-0.02319382858276367;-8.77564720235616
1478632273523;71.20467827125808;1.1221912040886912;-8.25347836238102;-0.921917276763916;-0.030226795959472655;-8.254458843939005
1478632273555;71.2005862367469;1.0797881469995636;-10.626416533351358;-1.775599774247338;0.000748188018798828;-7.983764857129007
1478632273589;71.16532357013222;1.0020156464223255;-12.77609205966939;-1.7111060720581561;0.18884267421113327;-7.922114164379984
1478632273623;71.11825568146394;0.8480990628766842;-16.156805827840305;-2.0884920356750487;0.3871124809265136;-8.155997446795553
1478632273655;71.09473668671102;0.7370683580452122;-18.487857885079002;-2.613420603533834;0.21173721845322288;-8.01758280944824
1478632273688;71.03248085344715;0.6119104031357846;-20.336757543983566;-3.175908575262502;0.024390929412841794;-7.488165113476663
1478632273721;70.9614313365356;0.46744970540504455;-20.706418093003293;-1.7345992489136755;-0.2813187042015139;-6.6331356994628905
1478632273755;70.88101229638605;0.35641533843374285;-20.624763034098194;-0.15113397979736326;-0.48288052906645457;-4.928614047296345
1478632273790;70.79044795395303;0.28956242453218656;-21.188001991241986;0.39534254913330075;-0.5192424896129639;-2.06215581741333
1478632273823;70.73112214289966;0.24449036868786003;-21.598215171592656;0.4704606262207031;-0.5684732612499268;-1.3617021942138672
1478632273855;70.6780508499187;0.174384346850441;-21.926349429121363;-1.5031095836363733;-0.5497685493635129;-3.903446531677246
1478632273889;70.52336421957251;0.1447104865828089;-19.855232219743787;-2.504783995465189;-0.4010287735095946;-8.832958221933058
1478632273923;70.4261870511174;0.5649839728283177;-18.980474462971817;-1.4932335017882286;-0.2668038566368166;-8.967931504921149
1478632273955;70.36303807642199;0.7609182818201663;-20.26935819819548;-3.1269771153656762;-0.2814683326721191;-8.371176467132567
1478632273988;70.28699542649011;1.091615890027016;-20.492715768025644;-4.248061933135986;-0.12659340821418444;-8.261940870257467
1478632274022;70.1557038090245;1.3587119797120808;-20.36912923678275;-3.4050035365561486;-0.03441664886474609;-7.687033488873392
1478632274054;70.05721853489113;1.5019310819641882;-19.918764200358464;-4.52893164232783;-0.042646717071533204;-8.353668940557911
1478632274088;69.93522020835397;1.6175588244818166;-18.008846480628808;-3.469198205566406;0.16250643768310546;-8.53981811963506
1478632274121;69.80736115936517;1.711502245457125;-16.003765519770727;-2.7681461232834494;0.09801263046264648;-8.956858267444
1478632274154;69.64031906207018;1.8933626868888103;-14.062987478661878;-2.124105767103564;0.15128361740112303;-9.022548846700973
1478632274188;69.5432124585587;2.086902890705756;-13.976810943933048;-2.182015556291211;-0.018854338073730468;-8.397811814471334
1478632274221;69.47556071313959;2.3159130757779125;-14.570598684426193;-2.2596775274414567;-0.032172084808349606;-7.780407207489013
1478632274255;69.3968207536073;2.513430496695161;-15.50489759116454;-3.4659063244141635;-0.15951368560791016;-7.447463392993062
1478632274288;69.33374266891013;2.6848811053027535;-15.3633551132337;-4.557662135314941;-0.5550058906112797;-8.793453638812155
1478632274321;69.22065225533932;2.7822177227646465;-13.902680961231836;-2.082356820855662;-0.5297171310093021;-10.154557647937164
1478632274354;69.14244073036097;2.9530093261763413;-14.031499052100633;-2.285564705027733;-0.610371785736084;-10.920552468518167
1478632274387;69.10444369736135;3.179750201969137;-15.51272224116678;-2.5733179038227303;-0.8946832328796386;-10.385448470538481
1478632274421;69.05937924802987;3.4920297075394884;-18.035067696313867;-3.8037878145080057;-0.8028057624374516;-9.74410122590009
1478632274454;69.0449068711508;3.6118042192888296;-19.167263765166723;-4.5735238674439485;-0.6741174049377441;-10.433481849084421
1478632274488;69.02782850331911;3.6692025354892235;-19.64637060258397;-5.750722750091552;-0.45938748007509855;-11.508777888897805
1478632274521;68.96143055212572;3.6744267478567965;-18.914140200511937;-4.3140520433288065;-0.39638997582700103;-12.180500653783977
1478632274554;68.92960522372093;3.6123552446774623;-18.281318337578657;-4.760720217486471;-0.3585316803420894;-12.031461892700195
1478632274587;68.89166199770396;3.4856596686080827;-16.92045589703686;-3.9399579608641564;-0.26216508178710934;-11.918784484808146
1478632274621;68.79121535399528;3.177653820729223;-15.294111432086138;-1.795651098986715;-0.13587094421386717;-13.913454035186767
1478632274654;68.81339881764421;3.1299440623202877;-14.836091179841699;-2.858078231811523;-0.5318120457600846;-12.001384442083538
1478632274687;68.77417933907668;2.8421863136709247;-12.618947999191468;-2.305466634191945;-0.5214870468194945;-8.499715241827444
