sep=;
timestamp;gyro-alpha;gyro-beta;gyro-gamma;accel-x;accel-y;accel-z
1478631959063;80.35859584886428;0.9639116725320548;0.5447767428197621;0.06898293076667468;-0.1701379474833433;-9.833285733214543
1478631959096;80.34659511083699;0.9996700776848417;0.569694713251076;0.03366846084594726;-0.19093757554759502;-9.854234620998287
1478631959130;80.33167403411512;1.0311328716111472;0.6558023930356868;0.13407529525203862;-0.16714520910787978;-9.919925446850433
1478631959163;80.31021182606128;1.0642040819746572;0.7556681156512572;0.16654665526790777;-0.16983868825884418;-9.944316476727975
1478631959197;80.29474113334422;1.0871468802489803;0.7901169302823753;0.1517325347789796;-0.1747767120582517;-9.962721984188818
1478631959230;80.28013637790883;1.113703661024672;0.7875849355998896;0.1107318290655152;-0.20545242996215818;-9.888352168185449
1478631959264;80.2634326307727;1.1378950356172794;0.7569862176646787;0.1777694687000243;-0.1942296017956947;-9.80395680698256
1478631959297;80.24699027804922;1.1558353755687316;0.6639362651286117;0.20515315475463866;-0.19303251427290816;-9.778368401557858
1478631959330;80.23182882262269;1.1820097951796098;0.4986308006406644;0.06733691712531727;-0.23672668458137194;-9.813683096953339
1478631959363;80.20734380649061;1.226008321244586;0.19948373937280117;0.0990600914056762;-0.26156653593864754;-9.904962143132183
1478631959397;80.19284792482065;1.2525262354603708;-0.0837790380835505;-0.0076315177917480465;-0.25947160948601083;-9.822361718924267
1478631959430;80.1757522133694;1.273539514752842;-0.43664632420535704;-0.22325930024299304;-0.2647089210510254;-9.737667283862455
1478631959463;80.14266832582422;1.292094269383271;-0.9018566883739808;-0.2893991165382322;-0.2290951639355131;-9.680804610841255
1478631959497;80.11771795406025;1.2814861352502036;-1.1128316023770664;-0.34012626421279274;-0.22056583678963795;-9.700107898258883
1478631959530;80.07378121375116;1.2451536343609935;-1.3393472432218556;-0.3139397018211428;-0.18644845885124522;-9.801412795481978
1478631959563;80.04400510270504;1.2157455696704464;-1.4883255572713734;-0.2775777572576538;-0.1862988189641968;-9.84361073929041
1478631959596;80.01442037471692;1.18422633077078;-1.660468426498342;-0.26949733007955945;-0.18584990044469596;-9.836128509759263
1478631959630;79.98475323367803;1.1550652884010777;-1.8621373782592905;-0.3101987503107055;-0.192433952726837;-9.831789261278823
1478631959663;79.97049365030625;1.136543731182674;-1.9603203475307438;-0.3699041427944088;-0.17238251953125;-9.836727448333368
1478631959696;79.92045170553828;1.0388985605830354;-2.343400889084842;-0.4007295180132777;-0.11896190412216819;-9.88116966366968
1478631959730;79.89966303900907;0.9904170650712094;-2.674263889057229;-0.4966472023120848;-0.13048398591193835;-9.838672616167948
1478631959763;79.88308964355717;0.9627841144350924;-3.109056424748358;-0.5493196354105894;-0.19976621015244161;-9.878925154412212
1478631959797;79.86957536170385;0.9622617137253837;-3.683520218684473;-0.7142202644790522;-0.27099370040893556;-9.899275420998968
1478631959829;79.85937203240745;0.9707718583369467;-4.269349498836675;-0.89962129207002;-0.2853589012367185;-9.894188272194098
1478631959863;79.85114918294377;0.9853000528582414;-4.672180313188976;-0.953790086364746;-0.25213936233520506;-9.829993594050686
1478631959896;79.8472756719324;0.9973007818282748;-4.914231739706087;-0.8273463191792543;-0.23927052841186522;-9.777470879041866
1478631959930;79.84294206233096;1.0017388271214491;-5.22281438504991;-0.8569745247661369;-0.19946692581176756;-9.77492660880722
1478631959963;79.84085863681017;0.995142480743862;-5.582886888897702;-1.048211396070849;-0.1611597083824221;-9.7916863446553
1478631959996;79.84050287670692;0.9817217068695663;-5.7497484010376425;-1.0193313705112552;-0.13781622621287823;-9.771185994081856
1478631960030;79.84086325276623;0.9646278472661184;-5.623762812479084;-0.8197148207954597;-0.11357493668708483;-9.819967522972332
1478631960063;79.8498266696417;0.9466747923155683;-5.723717460914851;-0.943016153777868;-0.14065933840102515;-9.827449366627702
1478631960097;79.85960674275955;0.9484562298672101;-5.865395582790778;-1.0342951057710568;-0.1684919498250063;-9.787047501306933
1478631960130;79.88283183045378;0.964547567154613;-5.897683965458796;-0.9751882728355471;-0.1862988166809082;-9.830741645072168
1478631960163;79.9038138144771;0.9794851545621965;-5.915153074971557;-0.9684545852329348;-0.21308395688706078;-9.872340962849464
1478631960196;79.92834724317547;1.0021317810191894;-6.02484595649886;-0.9629180075935553;-0.21323357622451147;-9.849596211474761
1478631963137;80.98636950507628;-1.1656328098851294;-24.036549196554212;-4.225167379760742;0.03366846084594726;-9.189095828479156
1478631963171;80.89290645199605;-1.1078794409313433;-23.898967228178257;-4.060566106956545;0.07092821504897437;-9.141510723423679
1478631963205;80.79999619103761;-1.0928748294816042;-23.940592935602677;-4.489128185858204;0.09546880033188498;-9.289053382464498
1478631963240;80.71672965521574;-1.110035528893717;-23.469030584454266;-4.932354622064158;0.06688799974746071;-9.320627245651371
1478631963274;80.60331139003064;-1.1478366404067226;-20.41092922333788;-5.642983675384521;0.18719663545360088;-10.554837872668354
1478631963307;80.51794609991168;-1.1282324691622132;-16.587185850813928;-4.633528400421143;0.2763806450111326;-10.538228171716257
1478631963341;80.42588565186733;-1.0504112311187417;-11.456175544338684;-2.669834126281738;0.22909516678962388;-10.304943293585255
1478631963375;80.26879625213462;-0.9063771073800263;-3.923744065729806;-0.5255272278716787;0.222810391998291;-9.036465253448485
1478631963409;80.15382709634234;-0.8160001160539969;0.7508700192670673;0.9721955298935062;0.16280571517391362;-7.787140899658203
1478631963443;80.06425774061063;-0.7412258774622301;4.88767820094361;2.0407576400756833;0.003441664886474609;-7.123348489379882
1478631963477;79.995333300239;-0.6877744761386695;7.749430096745799;2.2554875284057108;-0.02424129180908203;-7.143399928283691
1478631963512;79.93480167991605;-0.6547319598050534;8.908552649852052;1.8052279786925762;-0.14649521408081054;-7.411849643298238
1478631963546;79.8313786870362;-0.6768812217663035;7.335168012810075;2.140715486321971;-0.07436987993544898;-9.964667583564948
1478631963579;79.80110987497922;-0.6849390998966083;5.6091822314612;0.9762357531865301;0.015412673187255858;-11.504587597601114
1478631963612;79.75192002216275;-0.657648153004671;4.081012504402708;0.015861585998535155;0.2706944343345705;-12.05555369303599
1478631963646;79.68674337556277;-0.5905300425786604;2.9379156100538464;-0.15158292914126067;0.26919804916381834;-10.585214379296824
1478631963679;79.61769599423154;-0.5341144641576594;2.056459078867826;-0.21921908950805663;0.2066495307922363;-9.600449290687497
1478631963712;79.5143105901553;-0.46548869467021997;1.5454805670604201;-0.2680009483337402;0.1452981132507324;-9.230395295660196
1478631963746;79.44113121046753;-0.4259607720418644;1.7018472155332556;0.15996259841918944;0.05252279891967773;-9.356988891104049
1478631963780;79.34526634408351;-0.3459256406353151;1.956969118280089;0.48407763902968726;0.006434416961669922;-9.940126632955856
1478631963813;79.29232814874554;-0.30577053538123133;1.8248399879849901;0.38082770613518074;0.006584054565429687;-10.223989496081694
1478631963846;79.24381428502873;-0.2650043898544048;1.367687282152264;0.21248540647202172;-0.003890577697753906;-10.17580600500796
1478631963879;79.19535257593442;-0.21871173643319505;0.5328969318194261;-0.020649989318847654;0.0020949264526367185;-9.919626317773385
1478631963913;79.14681052491214;-0.18324142723048073;-0.47219258148817755;-0.2807201355201658;0.008080430603027343;-9.732878391918376
1478631963946;79.1022426021989;-0.16408684918216826;-1.1509519598993185;-0.469263525390625;0.006733692169189453;-9.523984383834712
1478631963979;79.05965321483907;-0.16397242223019512;-1.5031766781464218;-0.4779425064086914;0.03995324134550174;-9.467870574685744
1478631964012;78.9991817205739;-0.18771426785815806;-1.5842157217538024;-0.49530046844482417;0.05626373901367187;-9.739761858688643
1478631964046;78.93657409692392;-0.2189745924202262;-1.3463872698281745;-0.373495458984375;0.07826046904964605;-9.949404538848297
1478631964079;78.89504487594711;-0.25285052252181284;-1.139937209387021;-0.21817162399844964;0.05566518974027713;-9.95134941670522
1478631964112;78.85169752388535;-0.2649457991935437;-1.017404537332949;-0.1298854491966311;0.0026934768676757813;-9.885958112655766
1478631964146;78.81129841639591;-0.2692085604484573;-0.9922961528862593;-0.275482819388574;0.0005985504150390625;-9.935787370775685
1478631964179;78.77083776451987;-0.2663869290417231;-0.8184765207723672;-0.29403790052109396;0.004638765716552734;-9.973346345387306
1478631964212;78.7140006392982;-0.27259724649602535;-0.2694222888505636;0.048931496429443354;0.0351648357419006;-9.972299046557769
1478631964246;78.67631032115649;-0.2767346852251475;-0.014475021409926968;0.2000654807933839;0.023343463903234805;-9.925163110041897
1478631964279;78.64648613736203;-0.27365282259061285;0.08151439410229239;0.15412672958926996;0.020649987035559023;-9.933842154992044
1478631964312;78.62116289313522;-0.26696640907283054;0.0663491548184009;-0.009277531433105468;0.02528875503540039;-10.011204823535307
1478631964346;78.59455149514606;-0.25201053273827134;0.040120606793616315;0.044741644094992074;0.016160863489343317;-10.03529649600694
1478631964379;78.57040487953695;-0.23188138262147548;-0.09647398698361177;0.06374562148494878;0.005386956018640194;-9.963919231149367
1478631964412;78.54994409004215;-0.21360807221768244;-0.38038358006020406;-0.12913725204467771;0.02184709014892578;-9.925312811577738
1478631964447;78.53224466037965;-0.1904025609497448;-0.6622905024873997;-0.3206733848571777;0.0016460136413574218;-9.913790789153472
1478631964480;78.49295387850724;-0.1347343841145881;-0.8356844544596639;-0.28969840087890625;0.008379705810546874;-9.930998793925438
1478631964514;78.48337106122075;-0.12069926268822552;-0.8189368177763527;-0.2603694305419922;0.015711947253131076;-9.952247351925633
1478631964547;78.46700236815425;-0.08329532599714554;-0.8012008650943763;-0.3037643356323242;0.004638765716552734;-9.92411552808457
1478631964580;78.4490384917529;-0.04717694856840337;-0.7515246025917502;-0.26216508178710934;0.0016460136413574218;-9.792733633210037
1478631964613;78.42951582249735;0.009141486459086967;-0.5444216332519586;-0.019153608714672737;-0.0019452888132005682;-9.746794721034075
1478631964649;78.4252234106027;0.04587746852126483;-0.41930311181310104;0.04369418029785156;-0.009427169036865234;-9.686790069325873
1478631964680;78.42757822560175;0.09229076500959041;-0.4688726148503765;0.06703764648437499;-0.012419920826649467;-9.6808045012434
1478631964713;78.4353747724985;0.11630567483411144;-0.68151282820712;0.021996727752685546;-0.0076315177917480465;-9.748590838070074
1478631964747;78.4510156906848;0.1365792915187386;-0.935487550737556;-0.09681552049941383;-0.010624268725299042;-9.783156816294614
1478631964780;78.47055420555701;0.1489679490149866;-1.1735539223319664;-0.13003507766723632;-0.00029927520751953123;-9.901071227507712
1478631964813;78.49330274585719;0.16191176178011285;-1.4276776220552716;-0.19228431626472156;-0.009576805498980684;-9.985466991291846
1478631964846;78.51936828048248;0.17289954387933001;-1.7188235634655222;-0.20694881513291039;0.0032920272827148436;-9.968408304463233
1478631964879;78.57002871706011;0.1883080768926888;-2.2534209099507434;-0.40821136707362016;-0.0013467384338378906;-9.859771070773503
1478631964913;78.60897266753213;0.20084615949561674;-2.5720269576648866;-0.5689221786277834;-0.010773907470703125;-9.758167635577545
1478631964946;78.65142399169298;0.2102904548093323;-2.788581284605458;-0.47375264437026343;-0.022296002960205077;-9.711330590676702
