sep=;
timestamp;gyro-alpha;gyro-beta;gyro-gamma;accel-x;accel-y;accel-z
1478631777813;81.97270607521577;-1.499732880129111;3.5104951311471555;0.6786065421836915;0.24735095901489257;-9.7614594938969
1478631777846;81.88990936991866;-1.5144928370740167;3.6241739235647596;0.7574655502319335;0.261716161555142;-9.727491707611083
1478631777879;81.76497155748173;-1.538627374779139;3.667884177334605;0.6976105224277591;0.24794951399650889;-9.81098920966453
1478631777912;81.63892547102195;-1.5683296983511292;3.7128949999916827;0.6673837264682865;0.29598317795352774;-9.764003185888699
1478631777946;81.55282386746117;-1.5975445323714368;3.693116436076905;0.7055413017272949;0.3269581550819333;-9.832686796923726
1478631777979;81.46656133807956;-1.626101024787949;3.614522745117473;0.6408978523364989;0.31917701338615734;-9.786598820820272
1478631778012;81.38301332050447;-1.6648968533875312;3.5955119798487636;0.6100725165221971;0.36481647796630856;-9.791985591892534
1478631778046;81.29871274055114;-1.7043731549167196;3.6886976951410735;0.7737760855743661;0.3624222854393068;-9.964367961297556
1478631778079;81.222683841762;-1.7273442330007498;3.8500796449509083;0.8161234543731436;0.349852717590332;-9.886706145410937
1478631778112;81.15283081854146;-1.7486847757876915;4.013106447746651;0.8084919548477045;0.37618892671889625;-9.705045911783492
1478631778146;81.08709161021791;-1.7730853180158344;4.074476940612097;0.7706336821956793;0.34431611711806615;-9.669282908077397
1478631778179;80.99352627840325;-1.779460325137145;3.9726870468043654;0.6426934898818842;0.2727893585039186;-9.789291879275307
1478631778212;80.93547185857112;-1.76454007011225;3.9093551673418347;0.541089602594776;0.2524386329761473;-9.8871550216896
1478631778246;80.8735050855243;-1.7299616878705053;4.0192968090146985;0.7383119049846427;0.1976712836998049;-10.091110865551606
1478631778279;80.79333445846905;-1.6486140611724633;4.223790242749256;0.9231144141266122;0.1653495430213865;-10.1243306693146
1478631778313;80.74457903908122;-1.5944197993285614;4.141528700104734;0.8879495589767582;0.21248540647202172;-9.994594848588575
1478631778346;80.69714299057931;-1.54520473953215;3.8899596272468018;0.745644179534912;0.22161328203505834;-9.918130270529351
1478631778379;80.64977409470005;-1.5001424998224506;3.642305447432858;0.5472247260826174;0.2123357597351074;-9.861716647316747
1478631778413;80.60055190773296;-1.4510689358964979;3.5277679195596896;0.578648611455725;0.24675240845714796;-9.842862437107181
1478631778446;80.55337824602843;-1.4050827963520238;3.4517795881709534;0.7211036125183105;0.2406172643126798;-9.831789277261844
1478631778479;80.51154062112876;-1.3687265192946017;3.301302622336499;0.8291419624328613;0.2445078513933229;-9.876380922422651
1478631778513;80.44901254563527;-1.3287295820043261;2.8527163622315124;1.25126964263916;0.2316390186116274;-10.015094908042718
1478631778546;80.40936937011796;-1.3133692532924857;1.957802999030858;1.6561889618804677;0.2629132698059082;-10.476277984564005
1478631778580;80.37765776766086;-1.2976057845457514;0.046627447933786974;0.44128130775810276;0.2929904281616211;-11.240926432037353
1478631778614;80.3541242233214;-1.2822524567064053;-0.572777734755795;0.33309329683608374;0.22430676289848925;-12.540379675348102
1478631778648;80.32892752397174;-1.2683994272729593;-0.787096313033386;1.0827777099388185;0.1755249046436278;-14.794370608520508
1478631778682;80.32483403484471;-1.2372662996611068;-1.4665811002276834;1.32339491285244;0.3393780761939939;-16.652121459197996
1478631778716;80.33334198890662;-1.1739605316365145;-3.0867070315275775;0.3190273346832022;0.31872808687514625;-16.799664136505125
1478631778749;80.37798509298936;-1.0897102761479844;-4.79821493002197;-2.184110537542775;0.42332478103637694;-16.071527556610107
1478631778783;80.40587393778277;-0.952638723637743;-5.127847534136832;-2.8037598547119646;0.49799396357880904;-15.648502050781248
1478631778816;80.46067085588177;-0.6680891010492376;-5.895285170885006;-1.3947720681121571;0.2232593048095703;-14.236970242254435
1478631778850;80.53835068815071;-0.43597352740469136;-11.482809899531391;-3.447051840209961;0.28101942899399435;-10.894066320391744
1478631778883;80.55317073242578;-0.35694693681745443;-13.640254805776934;-3.9695863525390624;0.19348142166137694;-10.405948895318806
1478631778916;80.60578843936906;-0.08375575330757172;-19.555880874823863;-4.3914147575378415;0.47090955615664715;-8.37955588068217
1478631778949;80.63773174409057;0.2348386388670854;-25.205253567078355;-4.8792333457946775;0.482132345614233;-6.528089955493062
1478631778983;80.63222798289613;0.43779635863635397;-28.61849913350224;-4.8262615701316385;0.5056254585376707;-6.033836804144084
1478631779016;80.62443347438045;0.6557466853545468;-32.07412328892904;-4.906018714329694;0.40566753465957006;-5.950787934057415
1478631779049;80.61273573623001;0.8779783883940335;-35.5867530034718;-5.288641647018306;0.4367921562416013;-6.137835231018066
1478631779083;80.60245650405535;1.1208819371780572;-39.03987666459066;-5.221903531469777;0.2338835564102046;-6.3157544880189
1478631779116;80.60780577136907;1.3922437985868066;-43.006922008551655;-5.262754670361429;0.13766659545898435;-5.499032446698099
1478631779149;80.60861279103653;1.6761239565484323;-47.12692968343691;-5.410147417803853;0.42122989111635833;-4.387075120898336
1478631779183;80.64855306406079;2.126213713354367;-52.278161880371215;-4.331110803222656;0.4309562622955069;-2.756773574066162
1478631779216;80.70092801446245;2.402506317201787;-54.96302119282728;-3.692756493322551;0.35583822174072266;-2.114678616333008
1478631779249;80.7625487111717;2.6443029931883792;-56.73761388239645;-3.099742961883545;0.09516951599121093;-2.163460767419636
1478631779282;80.8526185394231;2.8561281690676505;-57.88675403376948;-2.994996639251709;-0.1466448516845703;-2.5239371703550217
1478631779316;80.95141908211102;3.0454801484625773;-58.209212542580396;-4.327669430597126;-0.36002807464599607;-3.2306761574342846
1478631779349;81.16085596685414;3.330283871727376;-55.6163866972275;-4.568885247857868;-0.5997475227190064;-5.900659811721928
1478631779382;81.2942018433431;3.516106857401931;-54.440445016826516;-6.218789174652099;-0.8399158699035644;-7.12035588343516
1478631779415;81.40739196939944;3.735365932339584;-54.08902427719568;-8.612242865985259;-0.773476801233692;-7.222707858276367
1478631779448;81.61034681449935;4.0000572842560755;-53.15378521726335;-8.036886242996342;-0.8970774162734858;-7.6871831264771515
1478631779482;81.74620873551191;4.140702970445298;-53.01549596464758;-7.39957950592041;-0.9615712052276357;-8.083722776440531
1478631779515;81.86577795371315;4.2536154916442515;-54.12321052480408;-7.194426058904826;-1.1270703949859364;-7.135170006207376
1478631779548;81.98899387333688;4.36412292971694;-54.8833250359008;-6.875249050085246;-1.3721768264770506;-6.3367038256105035
1478631779582;82.19119377052469;4.583459790383119;-55.06211529751472;-5.2883422622129315;-1.1429320540497079;-4.982932132134959
1478631779615;82.3501516027191;4.59493034420596;-54.69490583654754;-4.463390444946289;-1.2285247634002938;-3.8798037902832028
1478631779648;82.53242347743756;4.575685219597999;-53.26550356519874;-4.498555281829834;-1.0263643607208506;-3.0117560508728025
1478631779682;82.70475245512937;4.566208355731239;-50.68652547037457;-4.330511960546672;-0.975487520643603;-2.4748563285827636
1478631779716;82.89184028213043;4.54937320109704;-47.25194848485346;-3.3934815780639647;-0.7647978019493166;-2.5598501952573653
1478631779749;83.06360845158248;4.504301971189711;-43.92950883290728;-2.9617770912170407;-0.6983586967468262;-3.002478519439697
1478631779782;83.24440196007198;4.398582357204731;-41.24061338525037;-4.779275280352682;-0.37229839468691495;-3.9718312088564036
1478631779816;83.4840372974052;4.29934234001394;-36.056627878280175;-5.509805988842621;-0.12868833923339842;-5.485864483697712
1478631779849;83.6327067978924;4.226977249878372;-32.726005736135406;-4.536114393438771;-0.2198176399230957;-6.6078470905579625
1478631779882;83.73905296183167;4.115354106244968;-30.17271535492196;-5.576843781457469;-0.2861070983886719;-7.282413481372222
1478631779916;83.86225971559769;4.046061420738522;-27.32218145268837;-5.294627333831786;-0.3232171875884756;-7.804498715563863
1478631779949;83.90735236147587;3.9369142197755167;-24.837469415526147;-4.316296716983057;-0.3953425673996098;-7.606228744451701
1478631779982;84.00903322928349;3.763605442569459;-21.30301428495484;-3.1302689599853006;-0.22505495605468748;-8.532635295458883
1478631780016;84.05697350994868;3.5367218635992503;-20.574094191650264;-4.216638182476908;-0.18001403732299803;-8.284386876147613
1478631780049;84.05862377536364;3.33130505031477;-18.841756192816362;-5.627870277404785;-0.1548749198913574;-9.497798077171389
1478631780082;84.04122606926758;2.997574754256714;-16.338578888691757;-4.063409276226908;0.05805939025878906;-11.345672754669188
1478631780115;83.98835635187949;2.725331371450842;-16.29980516688125;-5.767931074523926;0.18779519271850584;-11.745953636987506
1478631780149;83.96005984756803;2.601877340251239;-15.897879658391522;-4.913350719451904;0.047285482788085934;-12.1908256484434
1478631780182;83.81587754224992;2.0912746741762067;-16.115282325756635;-5.052663328552246;-0.2105400993568357;-11.171794005230813
1478631780216;83.76569261293172;1.953424360938649;-16.010756636763514;-5.238513232421875;-0.14350244373930618;-11.397148090362547
1478631780249;83.6336142199307;1.6304456163811458;-14.009216056387501;-3.7765538436889647;-0.08035539321899414;-12.566864946691691
1478631780282;83.52835284954861;1.4332635541287178;-13.101130505458897;-3.5181297019958495;-0.10923544161147437;-12.694057202148437
1478631780315;83.39892508120177;1.2608170279846345;-11.957449309817704;-3.3508348609924314;-0.22610241471442857;-12.900108182525633
1478631780348;83.28817660758844;1.1579990192326968;-10.447499580460056;-2.3014263458251953;-0.6013935112441889;-12.737452107238768
1478631780382;83.10001142269878;1.051486361252957;-9.205223509189999;-2.0382138738770035;-0.5780500633239746;-11.262623884582519
1478631780416;82.95398499078232;0.9805291066549845;-8.384636701495428;-1.7788917969634754;-0.21218611756477038;-10.724227932385354
1478631780449;82.80248208330981;0.9254605533917352;-7.606520074615264;-0.01915361328125;0.06928221054077148;-11.973851269122212
1478631780482;82.70598499778096;0.9286135814488131;-7.1854713284773135;-0.44307687166742976;0.1854009910583496;-10.99312641408071
1478631780516;82.59785730742676;0.9405290189830452;-6.816976043828419;-1.2621931968467774;0.23523031311035156;-9.818920210443064
1478631780549;82.468319735208;0.9422374367594957;-6.217581249928627;-1.4525322196960448;0.25423428878784177;-9.435997399758733
1478631780583;82.34583465490292;0.8133477740052935;-5.617221919745375;-1.120486358686816;0.14469956283569335;-9.66748707416919
1478631780616;82.15372014350831;0.7478359078009806;-4.748737474416117;-1.1281179312774912;0.017657237243652344;-9.87608176594614
1478631780649;81.96220941694057;0.6946212291109684;-4.11489762032669;-0.6808510651408927;-0.015113397979736327;-10.29566554295644
1478631780683;81.8998055390452;0.7031146558652414;-4.126644182582803;-0.7000047383584693;-0.012569558715820313;-10.319757416357472
1478631780716;81.71672604243645;0.7060837674386957;-4.680188066005427;-1.341950030517578;-0.04683656997680664;-10.004171417767182
