sep=;
timestamp;gyro-alpha;gyro-beta;gyro-gamma;accel-x;accel-y;accel-z
1478632146709;79.58245901551324;-0.6098435740347651;-16.234748687684252;-2.596062778495019;0.10743979835786739;-9.375843083047307
1478632146742;79.48383521155093;-0.6598232507401779;-16.158617302951132;-2.5203462879898955;0.12659341049747308;-9.47580152294864
1478632146775;79.42120188558397;-0.6992368288030055;-16.21446173930529;-2.5840917610610834;0.16205752943840343;-9.435548754092224
1478632146809;79.3285308611451;-0.7540237921415447;-16.37732667832509;-2.62239896022412;0.1484405029296875;-9.388263173122727
1478632146842;79.29943932828824;-0.7733826021205225;-16.42891995320244;-2.669983782151807;0.15442600479678947;-9.399635831937868
1478632146876;79.21424684143481;-0.8237476287293627;-16.575949788662854;-2.709637701482372;0.14933833140635688;-9.438990129001041
1478632146909;79.15899728247841;-0.850049262311911;-16.720276737224072;-2.735076139787305;0.1472433982465598;-9.473257199627533
1478632146943;79.10566248368518;-0.867831675311748;-16.925668877780257;-2.8218659705175666;0.14859013815204858;-9.474154970451165
1478632146977;79.03264422866886;-0.8811159451031049;-17.22313798194825;-2.983474406764889;0.11911153487606206;-9.430610838749026
1478632147011;79.00889925262133;-0.8833245482328218;-17.298599308894353;-3.0184897156425285;0.1442506505952362;-9.45305661631031
1478632147044;78.93829199453657;-0.8926266646332138;-17.384986977022916;-2.9746459023074943;0.1530792712862927;-9.513360187033005
1478632147078;78.89538189237534;-0.8967487521950247;-17.423992763008105;-2.962225862464425;0.18106150511589367;-9.527126810046285
1478632147118;78.83268402794357;-0.9031888653430762;-17.528755529750672;-2.9840730188287212;0.1946785179248778;-9.385719639819488
1478632147152;78.79520548058109;-0.9059427927237148;-17.60923922590045;-3.0162450465548547;0.17402853659754036;-9.295188926077447
1478632147186;78.75696922485106;-0.9088621455244889;-17.656995950578022;-3.0150481146881356;0.19318214188728014;-9.33948131600951
1478632147222;78.69053215005847;-0.873929114154338;-17.397680880297674;-2.830395320781739;0.10758943710327148;-9.510666911094729
1478632147256;78.66519998413104;-0.834523596853382;-17.254627843267723;-2.7144262235336933;0.055365913391113276;-9.548824700982868
1478632147289;78.64511570844543;-0.7829202591956971;-17.309071776766334;-2.4058733201842752;0.03980360260009765;-9.492860145845171
1478632147324;78.62935090441229;-0.7599613836444773;-18.09769799441044;-2.0965725393433123;0.051475335693359374;-9.420135850292816
1478632147357;78.61950251222497;-0.7401013087399785;-19.94719807115586;-1.619078872680664;0.07107786178588867;-9.42447568786172
1478632147390;78.61888519358537;-0.7430449497513899;-23.778709649685727;-1.0471639511108397;0.09247603684024652;-9.708487951129301
1478632147423;78.62786314650488;-0.7643161738004761;-30.744143755802448;-0.7846998863771557;0.09816227263298351;-9.630526686505227
1478632147457;78.67391082668108;-0.8452327754233485;-48.63030779870037;-4.0960304199770095;0.11312603072567144;-6.59048900979082
1478632147491;78.72320655455212;-0.9656412194721427;-62.66981377874188;-11.372607231085002;0.25049333956069314;-4.106205375173874
1478632147524;78.76016639158958;-1.0419803894277462;-72.81857008231832;-13.221230480194091;0.18076222391474148;-3.435230432980321
1478632147558;78.82125072532696;-1.2990220621778719;-83.85825058277763;-19.708020603179932;0.884208600616455;-1.1445780402916017
1478632147592;78.85464649850476;-1.4221728378754583;-88.92817249703005;-21.11356603077352;0.4798877952575683;0.7372644554580562
1478632147627;258.9360009879625;-178.63207320737826;89.60927402978183;-19.805584905353186;0.4252700698852539;1.8068740471328608
1478632147662;259.019105652352;-178.76114479731584;89.44752905023091;-15.999551869201659;0.4921580787658691;2.0323778885993637
1478632147695;259.09123524495044;-178.9237384462992;88.47609975584552;-14.487164315740763;0.36002807464599607;2.296039446888771
1478632147730;259.134190836085;-179.10292790333705;86.99669420639601;-12.46795478286743;0.42332478103637694;2.141164508731104
1478632147763;259.19062582012236;-179.39446674489142;82.71302316502343;-9.39335090188291;0.2741360900878906;2.676268543243408
1478632147797;259.2145726707821;-179.58211158819617;78.34415564848798;-9.072977047961578;0.22131402052727062;2.9780876630920914
1478632147831;259.212789980326;-179.8184503815595;73.24885936031605;-7.335983670452982;0.26066870574951173;3.4852093561034647
1478632147864;259.2042128290299;179.94599990902537;66.95031230862789;-6.389376042938232;0.24570495108175672;3.7852328338401855
1478632147898;259.16289730512204;179.55785331841773;56.02688870726742;-5.054608325140178;0.12479775696906727;4.519654476220905
1478632147933;259.13924853096745;179.27691053194863;48.22713112197983;-5.0839374416075644;0.07870937957763671;5.07870056386739
1478632147967;259.13872240837776;178.97845411942632;41.13427483626308;-4.660463022967428;0.01062426986694336;5.316325078637898
1478632148001;259.1603069081248;178.6612631188058;35.27106600041623;-3.746327047729492;-0.017208324432373044;5.064783974456787
1478632148035;259.22233203426345;178.31232777389695;30.260887681704926;-2.597409379931539;-0.131531453704834;4.755034426935016
1478632148069;259.2813796152396;177.97411716820474;26.081965411795704;-3.460369660009816;-0.16669630885468795;4.227262598474323
1478632148103;259.43259902734883;177.49211830790435;23.314733951958;-3.0421326305665075;-0.0618003303527832;4.575618355505168
1478632148137;259.63098076172207;177.0598471375966;23.710208011027966;-4.3620857141356915;-0.24750059661865234;4.506785350036621
1478632148170;259.79410199685725;176.8442619649132;26.17421906254693;-5.378873231683299;-0.5363011690208892;5.070620133264362
1478632148204;259.983615385063;176.65444710971593;29.78303065189148;-5.34251122090444;-0.8450035484313965;5.793519104766846
1478632148237;260.25326044737295;176.3432094659042;32.73492677637708;-5.670816342749074;-1.2147580307891592;6.069450846099853
1478632148270;260.40601801792747;176.10169840919096;32.97459033499989;-5.9370217494355515;-1.0639233261993155;5.731719066675007
1478632148304;260.55869683125206;175.849497216302;33.19431597169405;-4.906467133950628;-0.9943418769836425;4.605396823175251
1478632148337;260.7134254586343;175.656691878442;33.919732351388234;-4.4777558010376985;-1.11734398727417;4.2149920227050774
1478632148370;260.9171588194168;175.3227569898298;36.03991703746534;-2.8369790374204515;-0.5952584060226567;2.9331963088989257
1478632148404;261.0494261468492;175.12945068718145;37.42425026048332;-1.9717747047424314;-0.6400000678131357;1.7631798851013183
1478632148437;261.1845943378503;174.9790567155527;38.882926327385945;-3.071312109430134;-0.48512511138916015;2.3388357467651364
1478632148471;261.3418913080475;174.91149364691952;41.972070227810136;-4.8600797325134275;-0.49545014258120207;3.9182606544494627
1478632148504;261.52555716719854;174.84624443799808;47.37897269094758;-5.761945424243063;-0.5327098328521475;6.089352391671575
1478632148537;261.68302340353904;174.7893177846401;52.766215345634336;-3.9752728737428784;-0.7064391090835445;5.4679074597898865
1478632148571;261.8393505110489;174.7891547955899;56.05964909222618;-5.953182427978516;-1.1004349745819344;6.166565504809468
1478632148604;261.9019883585399;174.8613551752954;56.71665311065291;-8.156147039304361;-1.0793360724518075;6.466888102490082
1478632148638;261.9613406979767;174.98247496046406;59.27568544003479;-7.655459954480081;-1.0711059494460933;6.383090971319377
1478632148671;261.9978229230953;175.1532698862138;62.71156959930158;-7.630470620782673;-1.0420763091156258;6.354959247943014
1478632148704;262.0368752458244;175.38552420845855;65.44701363752489;-9.245060328817926;-0.7793126415225037;6.309619200134277
1478632148738;262.0005047582964;175.6127661920996;66.62460497204097;-9.752630751977488;-1.0449193687881342;6.111199737548827
1478632148771;261.96944794560136;175.87244285305115;67.27762070571085;-11.119720119122416;-0.5351040710449219;5.186888259124755
1478632148804;261.9333273354241;176.18343095677415;68.31835031124568;-11.375899696759134;-0.6881833168582757;5.442618923950195
1478632148837;261.8875264703782;176.46336952956042;68.57280094923821;-11.568632784271239;-0.6013935343624863;4.890306674603372
1478632148871;261.82566377351696;176.9323070982862;68.49342565149387;-11.984625322723389;-0.23493105616914106;5.2253451232910155
1478632148907;261.7323418605804;177.40252798453005;68.9429534806724;-12.469750434112548;-0.31064767453842795;5.313780947113036
1478632148941;261.68374730415354;177.7109844767162;71.0648396594807;-13.041216442871093;-0.8652046249389648;5.194370139312744
1478632148971;261.597401886212;178.06239325051916;74.43476520604138;-14.31044230570048;-1.0945990349700674;2.979583856466599
1478632149004;261.51459789892857;178.30919297190627;76.12489531644918;-16.360178494262694;-0.7707832969665527;1.0684124908447266
1478632149038;261.5215337892169;178.46402794285942;77.60025529082961;-12.68837068094462;-0.8297405128479003;2.983324906158447
1478632149071;261.5266106580287;178.60133292668866;80.4185991877698;-10.937012458801268;-0.7604583023071289;3.056048781585693
1478632149104;261.49576007081913;178.7479304343464;85.85021179485749;-10.432734026391804;-0.4462193344116211;2.5459341903686523
1478632149137;81.53788490762531;1.1275489100322011;-85.2150229955164;-10.14064105852656;-0.544531221815478;1.846827232537791
1478632149171;81.56762847740828;0.9976389928547901;-66.68516626793618;-9.336039626577682;0.00852934341430664;-2.3546973327636715
1478632149204;81.59880610520636;1.011428659361762;-53.72411943843512;-7.604732368414104;0.03920505218505859;-4.801272446496784
1478632149239;81.60454932071511;1.0334669344187495;-43.246189753125755;-5.089474471338093;-0.0567126609581057;-6.830956867361627
1478632149274;81.52386934659879;1.0160349994796687;-35.923379873520034;-3.113060708618164;-0.12943653181877451;-8.187571145585645
1478632149306;81.45560061794254;0.9435314226825566;-35.97208202558699;-4.023755018969625;-0.16235680750003376;-7.82365230144565
1478632149340;81.37726577320531;0.8425647176337715;-37.849513583999006;-5.122992929254099;-0.1740285331726074;-7.169437017468363
1478632149374;81.28548368873557;0.7249311756319962;-40.42479374444074;-6.593332334324811;-0.04249707946777344;-6.956353033181839
