sep=;
timestamp;gyro-alpha;gyro-beta;gyro-gamma;accel-x;accel-y;accel-z
1478632772321;38.250784290501024;-0.6549817003069461;5.739864371057961;0.7502829452514648;-0.011372457885742187;-9.836278181612352
1478632772354;38.31139857865278;-0.7183446448556391;6.282597808372749;1.1118074187679448;0.03561374969482422;-10.04322683234848
1478632772387;38.34557063338292;-0.7531573764359377;6.375782165146107;1.2066776275855955;0.1408089817130065;-10.17924792562276
1478632772421;38.37443685106504;-0.7742161934179171;6.1812733021433015;1.2544120688507332;0.21068974609375;-9.89044703983916
1478632772454;38.41267905094865;-0.7854232515114267;5.5864981729889385;0.8910918938567861;0.23612813873291014;-9.404274739218316
1478632772487;38.43485111536384;-0.7897138276338516;5.284864867278421;0.7965209922126959;0.2769792045593262;-9.783306353433675
1478632772521;38.453354666672055;-0.8023656957877473;5.061027673026722;0.8643068013856365;0.22505495605468748;-10.108768321990967
1478632772554;38.472283102858874;-0.7868764194448198;4.782718601896926;0.8545803733383305;0.1674444763238891;-10.099341189486719
1478632772587;38.49170901592996;-0.7522650910843789;4.439035798152128;0.7487865440976922;0.1117792888669006;-10.011653590216115
1478632772620;38.52310785566403;-0.6896430779038197;4.018043759385538;0.6388029304504395;0.05686228942871093;-9.937582994621339
1478632772654;38.54538642854443;-0.6433643377012023;3.851696314306547;0.7208043510105228;0.05192425307121593;-9.91319172728178
1478632772687;38.569898164001486;-0.571603575943518;3.6663443310474633;0.7043442191635259;0.028131869506835935;-9.86201605038843
1478632772720;38.60698019044277;-0.4609839924589023;3.2569691734340362;0.4951508217079099;0.03037643356323242;-9.782109577972227
1478632772754;38.632441982804565;-0.3943007165154862;2.986714901372304;0.311545491027832;0.003441664886474609;-9.709086391946487
1478632772787;38.6567450997078;-0.3353525149581243;2.843712623758841;0.21592706222534178;-0.017208324432373044;-9.568426843482907
1478632772821;38.67834044569879;-0.31194284742296297;2.9566920147305513;0.22026657100068403;-0.0234931037902832;-9.46787046508789
1478632772854;38.694390839288076;-0.30906724784482337;3.1743787386073246;0.3550900337219238;-0.0037409400939941405;-9.524283969569485
1478632772887;38.706103124932916;-0.3038942735706615;3.263065296836423;0.7038953063522465;0.04923077334942936;-9.536703890681546
1478632772920;38.716111366635204;-0.31427251597095407;3.0642700738505444;0.65182138371123;0.12569558715820311;-9.521740057240333
1478632772955;38.73731033585415;-0.36395217659153745;2.7155343989984204;0.45684361626582976;0.1470937644958496;-9.66105249281074
1478632772988;38.75116715887241;-0.4265842591522715;2.4102632547423695;0.523133053610986;0.16250643768310546;-9.796325106518804
1478632773021;38.764456373165046;-0.4863757318616278;2.2036658784763383;0.4771943001235835;0.1801636749267578;-10.03948640371114
1478632773055;38.776519662968106;-0.5206398802066717;2.0034938740021286;0.5262754524230957;0.12449848632812499;-10.297910362741165
1478632773088;38.78747407729457;-0.5341241063279298;1.6155717510260252;0.7342717216491699;0.07870937843599239;-10.132261316183396
1478632773121;38.799459471964695;-0.5185395409402075;0.7777569650453838;0.7939771438156255;0.09097966736710368;-9.838971555732039
1478632773154;38.805003659200686;-0.49144288978363543;-0.5565511117512193;0.8891466050079092;0.023343466186523436;-9.73946249214958
1478632773187;38.813689036826695;-0.4549112845353841;-2.164863839050826;1.1326069863250479;-0.0047884033203125;-10.204536278799361
1478632773221;38.838567548055266;-0.3992794461816284;-4.141927767966605;0.9439139314513653;0.016759411621093748;-10.903792983831837
1478632773254;38.901686576709125;-0.25062935902880173;-7.909297997283558;-0.4709095390319824;0.03920505247046967;-11.574319159344583
1478632773288;38.97568319066005;-0.1581446240757649;-10.389589601806865;-3.084180651092529;0.00014963760375976562;-11.869853134509174
1478632773321;38.97468934642301;-0.22171158232216437;-10.60628625255784;-3.5763387298583984;0.05132569923124392;-14.589217453765869
1478632773354;38.988997330636515;-0.28037880091546186;-9.892623064075915;-3.2110733390808104;0.17687165221062023;-15.264083046722412
1478632773388;38.97123613839717;-0.25096365259265097;-9.57634902508511;-2.2665607110839336;0.2618658111461671;-15.091850164794922
1478632773421;38.98656627984886;-0.12490994530581798;-10.87280190835163;-2.797624566827342;0.1996165611322387;-13.821725891821085
1478632773455;39.01365029860224;0.07120190547598412;-13.154958574652687;-3.4389714096069333;0.18046294214276712;-12.719645524652302
1478632773488;39.066414783747035;0.4597281926280104;-18.06496401752046;-4.405031633349508;0.02498947982788086;-11.22087528539449
1478632773522;39.13396390501338;0.7995598613160239;-22.398659132411197;-4.66659831085205;0.024690213753515853;-9.69935998423472
1478632773555;39.23731667130698;1.1906012457210204;-27.66338000783356;-5.363310920892283;0.015113397979736327;-8.602366272680461
1478632773588;39.3870800397257;1.6241023367641134;-33.554700280771726;-5.578489831631444;-0.18180968856811522;-6.89485186843872
1478632773621;39.643889599573555;2.2543565022085983;-41.95481573849543;-7.071723516082764;-0.05940612869262695;-4.772392096710205
1478632773654;39.70221290767509;2.4329224525965976;-44.107302295444526;-6.975955376611277;-0.11522093662871047;-4.528931715393066
1478632773688;39.82180497859591;2.916683620868765;-48.927682838349334;-6.844274614096246;-0.40162731022490183;-4.15783060419932
1478632773721;39.84840797097004;3.220416460587204;-50.82203625625743;-7.48307717008735;-0.47973816222038584;-4.117278959710895
1478632773756;39.786561014898865;3.4778190347394786;-51.404905213985955;-7.4519526489700185;-0.2941875472580083;-4.816984248761087
1478632773788;39.647388392412175;3.877104033459072;-50.98983099949349;-6.500107869720458;-0.1719336432525888;-5.585373234469629
1478632773821;39.61790552798998;4.026003606894597;-51.14350882805799;-6.126013860321045;-0.15038582831118255;-5.792770989813283
1478632773854;39.560650773474265;4.471010648020177;-52.155083728821076;-6.303185075433552;-0.20395605392456054;-5.481524810525588
1478632773888;39.5457171020544;4.755798724430877;-53.00920065768398;-6.011690584918111;-0.2882020613739267;-5.216217083331197
1478632773921;39.57949676136357;5.145426822901739;-55.03815073607216;-6.056283029229939;-0.42407300558779387;-4.9860743026182055
1478632773954;39.65023507485895;5.380049679332899;-56.96704986630764;-6.254253432873636;-0.3968389251708984;-4.623203624957427
1478632773987;39.74065062276269;5.589707009918154;-58.94011383757067;-6.442946158953756;-0.7344213409866206;-3.8739681429322808
1478632774021;39.884722871744856;5.805741177253254;-61.32329682570548;-6.386533074597269;-0.37723639907836914;-2.902969512939453
1478632774055;39.94134772010456;5.892695927357729;-62.46318449480139;-6.149057759039104;-0.6910264541625977;-3.065625442095846
1478632774088;39.976410535433665;5.890559023807838;-62.49036560552942;-6.711097037152201;-0.6486790122985839;-3.669712667669728
1478632774121;39.95479920577429;5.891450501517571;-61.648889952462945;-5.967398000335693;-0.9178770523292478;-4.544045140772266
1478632774154;39.97161412096583;5.88529218868462;-60.87001296916785;-5.019294142913818;-1.2369044144119135;-5.202899482727051
1478632774187;40.07647222662216;5.9147770872416805;-61.46052090945804;-6.2979476131714875;-1.4188637588500976;-5.697002923407033
1478632774221;40.10259041390273;5.882874146574534;-60.54782701996147;-9.159467290673778;-1.417367419345118;-6.175244631958008
1478632774254;40.05205916966839;5.846243535207704;-58.255192962278315;-8.461856818478367;-1.3494319107055663;-6.974309289904683
1478632774288;40.09590540883211;5.840349276461204;-57.614397923794584;-7.758859356014989;-1.4456488899230957;-7.7835498894289135
1478632774321;40.224233230125904;5.899745425757144;-58.5336123784509;-8.867374870797805;-1.5108909216949715;-7.201758739880472
1478632774354;40.35751465375708;5.970795121055046;-59.203321143287155;-7.694066163989156;-1.3418003929138183;-5.7894788894653315
1478632774387;40.48119037982467;6.01999807668085;-59.82946124745092;-5.336825430352985;-1.0890625029964605;-4.079719775036722
1478632774421;40.591066764979104;6.01042112645426;-60.001477813007355;-5.714809725189209;-1.2147580855880864;-3.2414497726440428
1478632774454;40.63649034991646;5.928363899307531;-58.65605199681968;-5.630564046533405;-0.7912836669479496;-3.226037391717732
1478632774487;40.648820985577544;5.862552980481061;-57.78539745347503;-4.699219016210734;-0.9635165100595331;-3.4754828387938437
1478632774521;40.729302382367095;5.782289315298926;-58.04824668099804;-5.335777382604777;-0.4433761834075674;-3.7633857345581054
1478632774554;40.83189273242905;5.673435035533188;-58.46413133868176;-6.98403588027954;-0.5571007987976074;-4.043357398931682
1478632774588;40.85035938834001;5.457176121084165;-57.27012171485687;-8.666860262564011;-0.5348048323700204;-4.331260221630707
1478632774621;40.767599020582274;5.324172549057376;-54.60566154092398;-6.556820667675882;-0.3682581063201651;-5.559635685353959
1478632774654;40.77613427909431;5.270027232390188;-53.57701529870173;-5.4293014694765205;-0.5198409989288076;-5.288642121942341
1478632774687;40.88084833128633;5.214062412996133;-54.21707624950449;-7.099555891186371;-0.3420715621948242;-5.053261805902048
1478632774720;40.957105181769386;5.1154483623594045;-53.73597715673967;-6.875847965826466;-0.6507739204849116;-4.275745035962015
1478632774754;40.96476892928097;4.9714736526749785;-52.96749643977259;-7.6779054580467285;-0.7137713334014639;-4.383035051727295
1478632774787;41.00893474069671;4.838909847995;-52.37080043576592;-7.211335546521097;-0.6349123710189946;-4.777479848303273
1478632774821;41.00559986672004;4.648178718013316;-51.663663990894364;-10.247182813207804;-0.7205050849361577;-5.2127753453794865
1478632774854;40.896507103506075;4.459773334670055;-49.130260179852456;-7.199214845817629;-0.9376292434250004;-6.377405297215644
1478632774888;40.912288040352884;4.403830633243388;-49.264922006771464;-7.996782890264689;-0.7468413100477423;-6.411821868448576
1478632774921;40.89144508458513;4.256695558039528;-49.064425749413445;-9.702801210729778;-0.9084499289581551;-7.095665751880034
1478632774954;40.88136163895992;4.181622587631267;-48.73535560031823;-7.53949086636519;-0.7175123334317846;-6.86806659123525
1478632774987;40.84468624052547;4.033744708037678;-48.5869879907684;-9.116970576532184;-0.3690063674042001;-7.667730018792674
1478632775021;40.83252932106401;3.9133198613527704;-48.39251653635922;-6.6518404729980976;-0.5262754798225593;-6.9304653989378355
1478632775054;40.88333809730987;3.7766613375863547;-50.11391884897138;-9.859023161315918;-0.7522282341003418;-6.971615739971772
1478632775088;40.91423365837924;3.6596482352648874;-51.80030411375932;-6.530334519549458;-0.5556044227600098;-6.6329863175874575
1478632775121;40.95366764609428;3.6282038395548573;-53.16554989292073;-9.025242287036031;-0.7844003006423823;-5.779603017679741
1478632775154;40.94103889081564;3.42553361140936;-53.91272710847588;-8.995015564141795;-0.7944260200942866;-5.737405080988747
1478632775188;40.84886278763852;3.2786028479601876;-54.05201618926218;-8.050204062796197;-0.3877110496078618;-6.5550247241698205
1478632775221;40.86336259919581;3.161931831499437;-55.22710158311729;-8.43821396748647;-0.45295300831450147;-5.673061116868024
1478632775255;40.80390059330528;2.9921238111136104;-55.39801927498661;-10.491690950012206;-0.34117373657226563;-5.59913975701821
1478632775287;40.641730924099804;2.7949088413920937;-53.79339769608202;-8.94743058695048;-0.48527474328469833;-5.513696584806684
1478632775321;40.50647103401235;2.600358208565102;-52.569129978585224;-8.564807453332469;-0.24361001892089842;-6.0676552770531265
1478632775354;40.237499864228944;2.2787193319662133;-49.72932241339509;-9.973944548742473;-0.3471592452892335;-6.845171964794769
1478632775387;39.9916999470913;2.05561658170916;-46.52784771308554;-9.189993434906006;-0.3562871199960369;-7.297975499902293
1478632775421;39.70343360306108;1.791481645134719;-43.00573904788889;-8.052448663385212;-0.6690297264099121;-9.37255131149292
1478632775454;39.39535362098281;1.5779723682874531;-39.01087269383703;-7.854627312823385;-0.6863876884460449;-9.857227363940329
1478632775488;39.19055273732613;1.5050086552169113;-36.632707113730994;-6.943783218737691;-0.5689221694946289;-7.976581868556048
1478632775521;38.856079056058455;1.343251462425641;-32.81967502288152;-6.477961504364013;-0.4043208053588867;-7.20579866292104
1478632775554;38.72765839023619;1.2591185174778774;-30.977427774286664;-6.677877489117533;-0.35149873123168945;-7.022941803387552
1478632775588;38.22672683684711;0.7969957771120427;-21.51357770439898;-3.9145197143554684;0.03516483688354492;-7.584681221771239
1478632775621;37.90467108130398;0.31261736563572085;-12.68497141551966;-2.653373953335546;0.01915361328125;-8.001870861053467
1478632775654;37.6702867466695;-0.27401850290411006;-2.61182223808205;0.6554127410003915;0.2624643524280516;-9.137620273590088
1478632775688;37.542205246671486;-0.7618990062991298;5.594316955857887;2.892045894799754;0.5033808807815425;-10.490942688928172
1478632775721;37.46765183317647;-1.1649426366503637;13.210297424984674;4.586691830444336;0.2174234428295167;-10.516081952490284
1478632775755;37.41807058970178;-1.1908908122699888;13.849260164949262;4.963179895373433;0.19348142051973263;-10.317662197643891
1478632775789;37.249530828408766;-1.063614641904041;12.292632330692134;1.075744733428955;-0.00613514175415039;-7.98181956828013
1478632775822;37.15616398122486;-1.0973556765239738;12.641304323204565;1.7606360093047841;0.12105681687507312;-8.378807838793843
1478632775857;37.070687511009965;-1.1723947867147317;13.563240424044158;2.504484574127197;0.19048866844453732;-9.194482489953563
1478632775890;36.925624541597244;-1.2245006852867881;13.674616908253885;2.580051600558497;0.3206733848571777;-10.48675261682719
1478632775924;36.82826249409767;-1.1870650379201455;13.077044600419796;2.4218846899170425;0.3064578216331545;-10.66990926302485
1478632775957;36.74219849672278;-1.1074127272163632;11.950862341752261;2.3228245414291506;0.14245499877929688;-9.830591833938472
