sep=;
timestamp;gyro-alpha;gyro-beta;gyro-gamma;accel-x;accel-y;accel-z
1478632740128;40.005761333079434;-0.5304090571134342;16.49445994541724;2.834584991023922;-0.016160861206054686;-9.45096132909807
1478632740162;39.93724556541537;-0.496780321949857;16.432918135073432;2.786102682542038;-0.02528875503540039;-9.454103951672463
1478632740196;39.80070136677356;-0.4461445083389268;16.398226246960828;2.8776808949013706;-0.03336918563842773;-9.427468038078118
1478632740230;39.6003609586641;-0.37252957728750835;16.396307759157366;3.050661919181887;-0.027533319091796873;-9.450362993312162
1478632740264;39.47042535366929;-0.3134530553879258;16.235501036366273;2.9691093155349604;-0.01780687484741211;-9.442132657960604
1478632740298;39.342792578145705;-0.25566936393379364;15.97742170256491;2.8396728613479993;-0.015562310791015624;-9.434651150519485
1478632740333;39.161010774427815;-0.18478167366944367;15.687297601297127;2.74584991026069;0.019303249743365447;-9.438541220185519
1478632740366;39.04754536872909;-0.1509987596217835;15.568716589469757;2.7599158358809537;0.0202010759367462;-9.525929690949898
1478632740400;38.891553139735095;-0.09534945701929781;15.490299899616003;2.79223761309199;0.004489128112792969;-9.5708213191377
1478632740435;38.79678938439342;-0.056207313851113105;15.49349634183401;2.847304233009275;-0.010324994659423827;-9.531915185967133
1478632740469;38.709342756287285;-0.015130601486228338;15.477670654324578;2.833388118522707;-0.0207996272080185;-9.498695939326565
1478632740503;38.62845922320796;0.02747294079337206;15.439738631136835;2.80510644701533;-0.03381809816429595;-9.401281708581909
1478632740537;38.49275676406266;0.09020810981352775;15.377709964146;2.7858033057281744;-0.015711947841791425;-9.361029316468118
1478632740570;38.43592618860473;0.11924882163995588;15.20257835406415;2.6696844704116693;-0.031124622723675565;-9.333795089920748
1478632740604;38.38288405340247;0.1485263289483119;14.97471519971241;2.6047417823459718;-0.030974983407449325;-9.294290588998235
1478632740637;38.33696621038782;0.17126087437670862;14.756245775500812;2.628683858313039;-0.030226795531356036;-9.301473212245012
1478632740671;38.29726501391675;0.1855962675619605;14.518213750513258;2.543240676968358;-0.030825346445864488;-9.406519221076323
1478632740704;38.26313806461903;0.19672072766250917;14.268503426281624;2.426074442357616;-0.026336219403363063;-9.45664767220537
1478632740737;38.233126192018545;0.20075134800943747;14.057201197134384;2.4748562737838364;-0.032022446348356604;-9.548974105691187
1478632740771;38.19491337980465;0.21860989930811717;13.48860576705567;2.6146178504943847;-0.027682956695556638;-9.538200145990256
1478632740804;38.16487932277957;0.25318708228017633;12.701248839905755;2.728492066955566;-0.03621229953904112;-9.471611660910211
1478632740837;38.138472300247265;0.31512851213297133;11.461272415207443;2.9958944648742674;-0.04384381675996701;-9.484929243248049
1478632740871;38.123996508834665;0.4169379284695998;9.548214440628469;3.116951286315918;-0.04504091873168945;-9.449016419275104
1478632740904;38.12173937533632;0.6727056274627105;4.946966625378172;2.7081414259094743;-0.028880057525634766;-9.819518906988575
1478632740937;38.15183930853626;0.9297167129767959;0.6518005612218268;1.439064817091357;-0.02858078231811523;-10.006416292350831
1478632740970;38.22633292438823;1.2122218967797769;-4.113324113169773;-0.3203741096496582;-0.04474164352416992;-10.281300552191212
1478632741004;38.301655614800445;1.4440862200097753;-8.314031246059459;-2.548178827490285;-0.19841946715202646;-11.414955111340433
1478632741037;38.38021292510272;1.5297040233529224;-10.514162090126428;-3.6297593544006346;-0.025887305450439452;-14.212579605102539
1478632741071;38.45064886535609;1.5969318582904104;-11.570534051484568;-3.0008325788635757;0.20245967788696287;-16.45893931274414
1478632741104;38.59715479680994;1.8290980440647877;-14.664997555975706;-4.768351881408691;-0.05057751007080078;-15.774048000335693
1478632741137;38.70944174763813;1.9889530607263834;-16.81892703087849;-6.654384239196777;-0.4414309402244631;-14.872481437683104
1478632741171;38.77958983089815;2.150123541180417;-18.23169818068959;-6.608445494842529;-0.4991910461425781;-13.332560857391357
1478632741204;38.85237161281418;2.3868258521012455;-19.95202155323677;-5.861155301666259;-0.4317044845636352;-11.373355857495218
1478632741238;38.911682547168574;2.6028850436866673;-21.8364635821347;-5.655553234100341;-0.30511106493300755;-10.149320331805571
1478632741271;38.9404455821834;2.729949446197509;-22.973466161156576;-5.7882817886352536;-0.3944447326438967;-9.075520745661597
1478632741304;39.03075257606865;3.085749397583673;-25.996346124465198;-5.482871366296336;-0.4176385612266604;-7.59036766990982
1478632741338;39.103601463953545;3.46344325505502;-28.554868301677345;-4.306420562069676;-0.32561140751494094;-6.164021665545553
1478632741371;39.16539111821654;3.743977343997516;-30.897722627662922;-4.482394639819487;-0.23912089080810545;-5.338022238922119
1478632741404;39.243743290555436;4.009697428436455;-33.01890448470307;-4.8949454037873075;-0.4709095755646005;-4.790049626214802
1478632741437;39.28417696693506;4.299274112619798;-34.661343767153774;-5.109226342773437;-0.3024176337311044;-4.980987208612263
1478632741471;39.27092649268287;4.4200091222592555;-34.54927144326413;-4.238335488891601;-0.2593219673156738;-5.2928316825866695
1478632741504;39.2841566928872;4.54128119398237;-34.707944912616796;-3.6501097762510177;-0.12389993591308593;-5.560533063451945
1478632741538;39.317174994518176;4.65379843135095;-35.354565619231;-3.744082337542623;-0.12913725204467771;-5.668272576550394
1478632741571;39.367278344195014;4.724800696644763;-35.8776795457641;-3.9945755401059984;-0.26066874228212983;-5.800701709747314
1478632741604;39.42159858215474;4.770169353412125;-36.26709862200007;-3.7406408187866207;-0.43065702362060543;-5.992836539105325
1478632741637;39.510454882266686;4.826898707640284;-37.351692193317504;-3.518279193469137;-0.5382464607238769;-5.9338794693544505
1478632741670;39.646669446761926;4.913488770209051;-39.51140014047874;-4.017320602007955;-0.9732430113861337;-5.728127471923828
1478632741704;39.81472925485782;5.054201751717524;-42.34574796580665;-4.66375490411967;-1.06033204197539;-4.729745379638672
1478632741737;39.83178980559086;5.0670416499661535;-41.610441567335755;-2.8413191124513744;-1.1079168182373047;-6.208913311999663
1478632741770;39.77322921136415;5.032595956765494;-39.73162702600764;-1.244386312866211;-1.1870751471588388;-7.456890498097846
1478632741804;39.82038985288599;5.060032412495083;-40.19448067530175;-3.3542765258789062;-1.2505214911529794;-8.187720618792623
1478632741837;39.850774955147486;5.072115777570442;-40.15304078201498;-7.447313901519775;-0.8297405265476321;-9.3346929977417
1478632741871;39.78950760268045;4.958410447718776;-37.95181612386355;-6.496516640295461;-0.637755448957812;-11.22671056741923
1478632741904;39.81792866070189;4.997091098109191;-37.87562620265857;-4.755931814166158;-0.6572083191802724;-10.48271269378662
1478632741938;39.9532398085939;5.142546700615236;-40.629535920440645;-5.370792654949799;-0.9750386169654782;-7.787589666339009
1478632741971;40.06445930539936;5.20387857249557;-42.34083390830815;-5.998672259521484;-1.0413280662978999;-6.23330394915156
1478632742004;40.09149373761437;5.17961150759843;-41.881045556038075;-4.140173074694722;-0.6781576202392577;-5.307346676281839
1478632742038;40.166877566165404;5.123657090734977;-42.03526273420954;-3.0256726402834055;-1.013495499398047;-5.1523219726562495
1478632742071;40.24587576564338;5.134024953112354;-42.800704226434384;-5.1131169204711915;-1.0363900619064457;-5.1653407364442945
1478632742104;40.29607305855622;5.198365061573555;-43.21049090195127;-3.0954031791135668;-1.1442787742172367;-4.4279263328552245
1478632742138;40.42351117057123;5.296884786662945;-44.31171462302449;-3.012654168756306;-0.7846995941162109;-3.5537434516906736
1478632742171;40.47498712104137;5.287618918096026;-44.569884173387415;-4.594772407177835;-0.411802685546875;-3.598784370422363
1478632742205;40.43183896530544;5.12090625509662;-41.884318323504935;-6.525546300033882;-0.4548983519623056;-4.3879733849123115
1478632742238;40.357811064417;4.950364351125971;-39.35796095232633;-3.5779850357607006;-0.3097498032500967;-5.909787669018655
1478632742271;40.39715615108438;4.8480940122975955;-39.135413910371234;-5.604826086425781;-0.5600935326064936;-6.267121828405559
1478632742304;40.36213766152897;4.521329688843146;-36.6881932500652;-7.076661703137308;-0.6058826210906729;-8.446144870083593
1478632742337;40.2818360720744;4.355520486839331;-34.685550232143726;-4.815787220996246;-0.3785831740448251;-8.472631018210016
1478632742370;40.33702014215184;4.150338638366287;-34.6041631860009;-5.646874481411138;-0.16729480447079986;-8.529493198040873
1478632742404;40.39464388951451;3.9931068577919415;-35.967658110508275;-5.859209793621674;-0.18390461502075195;-7.903858103868301
1478632742437;40.377393143330664;3.782217879089183;-35.780240889179495;-7.143399782153218;-0.6988076004249509;-6.640318304443359
1478632742471;40.35253355207598;3.48330787393487;-34.90096768165069;-5.338620734538231;0.013168109130859374;-8.230966288137994
1478632742504;40.33151908343629;3.074668881576806;-35.14925940139887;-6.500108015850931;-0.30630819316254926;-8.864082587786763
1478632742538;40.31046763802485;2.8338524738635984;-35.26455626343534;-7.590218105371296;-0.5199906662153196;-9.340678209631145
1478632742571;40.293855976096786;2.58664504643916;-34.575751630617376;-7.013065575408935;-0.7478887253249995;-9.806350432531534
1478632742604;40.254498417545605;2.321424387912251;-34.5297518405307;-6.583306596606597;-0.08888473663330078;-9.933991746930033
1478632742638;40.29959358561192;2.090411282990324;-35.342716026856195;-7.315183751269429;-0.3109469497459475;-9.641749652917683
1478632742671;40.28318555451866;1.66709371297603;-35.59222455203269;-7.457638603918254;0.07317280650483445;-10.238204995373636
1478632742704;40.23724558342362;1.3632464050688353;-35.45948223598937;-6.337003027752787;0.10594340519560501;-10.601674588775634
1478632742737;40.27519446943257;1.1273282723839795;-36.256546256381114;-7.105990527343749;-0.023792378997802732;-9.758017632647602
1478632742771;40.24545504004955;0.9120537821714597;-37.186618856981475;-7.647678652954101;0.02858078231811523;-9.420884403637796
1478632742804;40.20410672146002;0.6554359332123424;-36.907567543061795;-7.584382238824665;-0.0980126316042908;-9.124751439666747
1478632742837;40.069639121834676;0.36561478811783743;-36.400633223617106;-6.14890819450058;0.030077153789135627;-11.575216838836669
1478632742871;40.036677748133876;0.23517130764256913;-36.79946025149597;-6.433519099514744;-0.22774842835578601;-10.404751794488728
1478632742904;40.00368377357051;0.12641317960600706;-37.38150692517856;-6.599467530877888;-0.19901801985035417;-8.46859083944112
1478632742938;39.90424096109049;0.01955507840549152;-37.86720208373479;-6.179135209655762;-0.12584522133702994;-7.459883661164995
1478632742971;39.78022153037806;-0.12365242536033559;-37.76109147186918;-5.97233579923117;-0.07481879731330554;-7.527369855134468
1478632743004;39.689690912436056;-0.21857244877899437;-37.31909487106904;-5.849333666107757;-0.004489128112792969;-8.136694159377925
1478632743037;39.646120732131976;-0.2685152453995943;-37.10759835518861;-5.702689061018359;0.020500351715087888;-8.324938630233891
1478632743071;39.556354331947205;-0.349758158346989;-36.778661343703995;-5.631910364842135;0.03172316971378168;-8.213308941296487
1478632743104;39.48452463237382;-0.39984955208471606;-37.370088502612305;-5.935674636542378;0.07362170276227116;-7.912986151819629
1478632743137;39.45442886233758;-0.4170151085800818;-37.45167449505687;-6.150255298260599;0.1158195053100586;-7.856273376697092
