sep=,
timestamp,gyro-alpha,gyro-beta,gyro-gamma,accel-x,accel-y,accel-z
1478632596371,52.19503042652226,0.6660232534690749,7.468630516094397,1.2176011817932129,-0.17717092741813975,-9.686490901432919
1478632596404,52.20528164644113,0.7102966431950007,7.524746155506326,1.337161650030152,-0.19467852705803232,-9.794678909500828
1478632596437,52.209756521380534,0.7256629940592573,7.556146115331367,1.4064438103385735,-0.19063831175651866,-9.876530888819973
1478632596471,52.22285324889506,0.7637085464474538,7.428751902725368,1.5077484772170893,-0.1559223785510985,-9.863063376617431
1478632596504,52.23420483043372,0.7712915732954736,7.160811657086977,1.2372037387101387,-0.10714052200870355,-10.152911597763188
1478632596538,52.24585184279572,0.765429569882282,7.040210702169072,1.4727333327362313,-0.06284779357910156,-10.444405248028412
1478632596571,52.265376477230745,0.8156177484856183,6.38407652905857,1.0905588390051544,-0.18061259230461435,-9.837774722046731
1478632596604,52.27707488517726,0.8754092390266478,5.856703717128467,0.5633855781555176,-0.21383213577270507,-8.872013234655558
1478632596637,52.27825363902346,0.8884370237908481,5.834192668656365,0.6262334082672372,-0.12808978881835936,-7.849539634295552
1478632596670,52.27617837399943,0.8344554207415995,6.438942816630907,1.306186661485303,-0.039354689788818356,-7.792677490997314
1478632596704,52.28220652719239,0.7341821378027548,7.387888045932375,2.516904495239258,0.07242460935288109,-8.938153493908793
1478632596737,52.29422174051403,0.703339021286735,7.194557018479522,3.7180456867493685,-0.03800795135498047,-11.050886529131978
1478632596771,52.3341841641243,0.9943472209853415,2.487847810344602,0.9862614463806152,-0.521636686706543,-12.843994373376667
1478632596804,52.348564662164776,1.160433907472016,0.11599969441162301,-2.531569115121744,-0.7689876457214355,-13.13563806310445
1478632596837,52.312007041947325,1.0888720913136023,1.1429922023489176,-1.9686323698624035,-0.42601825790405273,-13.901782302093505
1478632596871,52.28723776499019,0.9364901104906398,3.726583691170783,0.5744587425674311,-0.047884033203124995,-14.782399600219726
1478632596904,52.249523116159956,0.9417898164878059,4.686170546708544,1.1836334822723642,-0.050278243996435774,-13.249511987304686
1478632596937,52.2072336116371,0.9706512632415945,5.177330855115077,-0.9129390936035663,-0.30361470716171896,-10.893318059307708
1478632596971,52.17197058728371,0.8635416620897528,7.362412301174115,0.3908534210205078,-0.34611176836318336,-10.462062996728717
1478632597004,52.1543999235915,0.7304900523712202,9.872596339221143,0.783352855682373,-0.05282207412719726,-10.100986983932367
1478632597037,52.12836388644538,0.5832282293867259,12.450989946405995,1.7663222382476553,-0.033818098449707026,-10.086172824627534
1478632597071,52.12359459939686,0.455177117143096,14.754598731341083,2.436100043078512,-0.0667383735601441,-10.099042023877054
1478632597104,52.11129983158136,0.3728512796534802,16.382762930608216,3.1073743335448203,-0.19048866958618163,-9.948955178512445
1478632597137,52.100849671648405,0.3295271549908146,17.321795773141886,3.01639482572251,-0.2663549301258055,-9.753378903463668
1478632597171,52.08226872425645,0.2980520830348294,18.07144483778539,2.4507647839752957,-0.30421323931044897,-8.999504947982913
1478632597204,52.06119577433374,0.21316942137488287,19.411912194079363,3.2258875212185316,-0.20679916839599607,-8.902539707681349
1478632597237,52.04212595927694,0.15137043644549775,20.00544001237895,2.838924545465037,-0.06584054793758551,-8.574982810388132
1478632597271,51.98743560366574,0.10536032663758546,19.944010840891334,3.4871547088844235,-0.049829322052001954,-8.738387037161178
1478632597304,51.92589720238512,0.09956064822717829,18.924055373210678,2.386121302618459,-0.16505028151359874,-8.269123329107464
1478632597337,51.90099418540047,0.07320880984610915,18.65089100909596,2.2348375390868633,-0.2298433673665102,-8.125471521759033
1478632597370,51.805917496899006,-0.052452644678007615,17.997005371631527,3.2216974810835906,-0.03681084824161371,-8.23306103192754
1478632597404,51.72738601157601,-0.10693927488194727,16.659285483623492,3.2415995198456566,-0.06359598045625607,-8.361001256207377
1478632597438,51.64208798421774,-0.1092404671065363,14.36827828638145,2.604292910633888,-0.058957214739703334,-8.336310978521778
1478632597471,51.511027925031044,-0.12352414332155458,10.524137579657003,1.9535189536163582,-0.036062662506103516,-8.580519401727244
1478632597504,51.46655867920514,-0.12701386260763378,9.082758944525889,2.1799206115722654,-0.0016460136413574218,-8.981698036602884
1478632597538,51.34128384683011,-0.15221891997632395,4.390004528864932,0.997783505337499,0.2029085861316649,-9.931298324861284
1478632597571,51.25400588744553,-0.16519851580080264,1.2389212079875627,1.0733505135024897,0.12973580702629406,-9.768641925347433
1478632597604,51.17461322665597,-0.12783526443623064,-2.2404042371151656,1.127968184075877,-0.02319382858276367,-8.157494115094096
1478632597638,51.09025635696843,0.030217104369311274,-7.861273273463486,-0.630123949432373,-0.01915361328125,-3.381211294555664
1478632597671,51.016036742767724,0.0358952410074078,-10.32978699365243,-0.0565630142211914,-0.12315174446935416,-0.9343371978759765
1478632597704,50.85830956228855,-0.07361614129057811,-12.861141727967578,-0.9150339469909667,-0.5773018901465519,-2.9058126274108886
1478632597738,50.8018722832105,-0.184202304563932,-13.08301692770639,-1.9493289911132305,-0.5635352340255864,-3.681982878112793
1478632597771,50.643105320305736,-0.4069237093962665,-11.91206378330698,-2.140416247647069,-0.4135983322254149,-8.81141044352427
1478632597804,50.48868656532648,-0.4107731626140147,-11.238892163070389,-0.598849690246582,-0.00239420166015625,-9.830292832725588
1478632597838,50.21622977314135,-0.26838794463374144,-12.657535284946494,-2.897732196807861,-0.037708671580883674,-10.005069279922358
1478632597871,50.07096618928354,-0.1631113677664297,-12.571644975672587,-2.0412066168190446,0.04563946914672851,-10.309432275567575
1478632597904,49.979506526102085,-0.10779520363676665,-12.512980609222803,-2.4154502181564457,0.21368250273552256,-10.297162138189748
1478632597938,49.71070006067506,-0.06137388378285246,-10.767325598648073,-1.4601637009551747,0.13751695443029166,-10.255712448883056
1478632597972,49.564302880324256,0.138507911999936,-10.452096939821407,0.411802685546875,0.3236661232326412,-9.882067242697067
1478632598005,49.460503661281805,0.43674053034979216,-11.585739183846307,-1.017685343170166,-0.007781155395507812,-7.958775085040181
1478632598038,49.30751564533591,0.7252114533761621,-11.196895929390637,-1.2301706674437969,-0.012419921112060545,-8.073248144177347
1478632598072,49.20765093297377,0.8660612366857974,-10.49176797419009,-1.5849614259582012,-0.056413376617431635,-8.375216974695027
1478632598105,49.12656083686464,1.0355308973558501,-9.923957004493206,-1.7010802783993713,-0.10684124451789538,-8.886677792889252
1478632598139,49.03749929136546,1.2800033424304207,-9.204269524067493,-1.7607857199737802,-0.11297639083862304,-9.489119096153322
1478632598173,48.98492188524591,1.44188972204943,-9.273172716696303,-2.068141394628957,-0.15352819059067405,-9.361029069872945
1478632598207,48.97724174782234,1.5331767716037288,-9.301531142477256,-2.3368903848510234,-0.10594342346191406,-9.506028181910793
1478632598239,48.933258586757034,1.6935603229278782,-9.629883635173666,-1.9027918424744157,-0.11432312927246092,-9.585485786039847
1478632598272,48.91694183741015,1.9072821574382233,-10.513559221910489,-2.5582044008117166,-0.5241805259704589,-9.26975009504687
1478632598306,48.86258569518396,2.1037071197005415,-10.549464275305198,-3.9160160903930663,-0.49754502336806616,-9.876381159884668
1478632598340,48.837773528012804,2.1145485332300837,-9.592548114546002,-2.083254719543457,-0.36511576630273773,-10.836905121081694
1478632598373,48.81511779737337,2.2410395923756634,-9.34115701628714,-0.17791911087036133,-0.4191349441141239,-10.907384213256835
1478632598407,48.861269860583924,2.5071842405939213,-11.652521318471544,-2.895786834893748,-0.9024643882751464,-10.580276338372752
1478632598440,48.879996688502175,2.750668487171255,-12.291979327661851,-3.499873914337158,-0.7959224143981933,-11.759720150402933
1478632598473,48.91305741919808,2.9617267465964825,-12.751082955611547,-3.296366846289113,-0.47105919261876256,-12.63046151281148
1478632598507,48.92649495063621,3.0682738042454414,-12.355640075721752,-3.3221044410705565,-0.316633151289355,-12.422464659063518
1478632598540,48.941107991676624,3.120443671588132,-11.651779778361602,-2.5397990486145017,-0.1614589744567871,-12.227786136572062
1478632598573,48.95200833433732,3.1431048503520396,-11.045558877721444,-2.8188731796264648,-0.1336263801574707,-11.378592881365865
