sep=;
timestamp;gyro-alpha;gyro-beta;gyro-gamma;accel-x;accel-y;accel-z
1478632755374;35.84111560341279;0.15675566061365384;-1.3091067120717044;-0.1331774673461914;-0.023942017457795735;-9.800963644049197
1478632755408;35.830375697603415;0.16293095808933017;-1.419230277006099;-0.2443582006606535;-0.017357960894488496;-9.825952960907353
1478632755441;35.79132728782613;0.17398616650131712;-1.705045015140404;-0.3791816970604006;-0.02109890270094911;-9.590722663780022
1478632755475;35.77600406785675;0.1678099274733257;-1.7426051660714412;-0.24420857390251474;-0.013916297149658202;-9.58862801132202
1478632755508;35.730844466701576;0.14255509443050637;-1.873891435275044;-0.2501940826194826;-0.006434416961669922;-9.736469972969823
1478632755542;35.683564611290706;0.1072776167382051;-2.0306131325824053;-0.31438860549926756;-0.003591302490234375;-9.753977476711594
1478632755575;35.651471334082714;0.07904902636955108;-2.1500290951226315;-0.4460696876747068;-0.004339490509033203;-9.797671649446052
1478632755609;35.613601340338434;0.042602920094952895;-2.2273278143104744;-0.3998316898041812;0.0028431150422577045;-9.942221632473728
1478632755642;35.57344889558333;0.010419179572922939;-2.276659051143329;-0.45983636548691426;-0.0013467383981615056;-9.972149299356154
1478632755676;35.53212813406901;-0.018705089440254823;-2.2576786952808257;-0.44307692646635694;-0.009576806355213921;-9.902866942684911
1478632755709;35.48671587668228;-0.04676587299521138;-2.207174162487793;-0.40177695467852753;-0.01271919574875792;-9.823558798063104
1478632755743;35.41621194799342;-0.08433304172674042;-2.1150025269568733;-0.35763385614658616;-0.006434416961669922;-9.789441906179778
1478632755776;35.36995634525447;-0.10136654196467468;-2.0883891575835394;-0.28745384138908703;-0.005536591339111328;-9.791087503691783
1478632755810;35.32522472210175;-0.1106961957659164;-2.085383088036832;-0.3024176108982181;-0.011372457885742187;-9.825653788447822
1478632755845;35.2818695708163;-0.10737093109644594;-2.151855754174655;-0.3049614273292478;-0.007930792999267577;-9.846154560288017
1478632755878;35.23896687238775;-0.09432649512346211;-2.3091673745416306;-0.4779425246750004;-0.007032966235064668;-9.82939518976612
1478632755913;35.19807088674311;-0.0807171468374296;-2.405364234456544;-0.45729252622299826;-0.015861585998535155;-9.852289441747264
1478632755947;35.11744071073312;-0.045024503326834116;-2.4049538711263594;-0.38142626568337434;-0.016909049224853513;-9.952696556997857
1478632755981;35.079505717822556;-0.020357343121991753;-2.410686350759054;-0.4047697250200319;-0.001945288848876953;-9.963021204597409
1478632756016;35.04427084906922;0.01284391695257733;-2.449398907034807;-0.35957917553444857;-0.008678980875360866;-9.913940070564205
1478632756051;35.00884338960288;0.05314080748863314;-2.5577449629583686;-0.24570492710722608;-0.01331774673461914;-9.845855321613117
1478632756085;34.98142406811138;0.10356490952552044;-2.8001185266942343;-0.33473930134428664;-0.010474631692361435;-9.824157460359286
1478632756119;34.9567042432168;0.1653947487124192;-3.1953234445745284;-0.40327335126572283;-0.014065935895062283;-9.740210931330127
1478632756153;34.92087602107635;0.26425151701308663;-3.95885028513302;-0.2241570938995108;-0.014963760375976562;-9.766098361219797
1478632756187;34.906705495608236;0.3844498589021475;-5.072488219964333;-0.21577742462158203;-0.025887305450439452;-10.05055923932949
1478632756220;34.91394177858923;0.5003296267539251;-6.32949490158268;-0.4704606627533212;-0.021996727752685546;-10.140192255313135
1478632756254;34.936856436172334;0.640298842286616;-7.845684005769313;-1.1167454003265127;-0.049829322052001954;-9.935488013369776
1478632756287;34.96871416221721;0.7674654761084096;-9.201490884881672;-1.6111480842479737;-0.07511807252082507;-9.8611181791001
1478632756320;35.00369224354975;0.8940671291994303;-10.556411130929918;-1.4674960166046396;-0.09681552963256836;-10.116848898724466
1478632756354;35.102375094936804;1.1320760246418151;-13.553124779030071;-1.8225860137939451;-0.06105214233398437;-10.736198721490426
1478632756387;35.198971706724755;1.3233560762074181;-16.16057937144818;-2.9682113803145476;-0.019602526092529295;-11.26636467854604
1478632756420;35.30798408977296;1.5191641243503136;-18.939968279156297;-4.105157948480174;-0.05087678527832031;-11.72141277770996
1478632756454;35.41600717181201;1.6858483711338572;-21.011475858864383;-4.68425540196523;0.07451952667236328;-13.238588442230224
1478632756487;35.48248773897773;1.7682578078202857;-21.18316018400343;-4.295048067651316;0.1280898070846684;-13.631836064910887
1478632756520;35.584679693400716;1.906937008034868;-22.43335151324361;-4.694430978216603;0.06419453201293945;-13.250110537719726
1478632756554;35.70095324062054;2.0520779360541757;-24.044794910510827;-7.204452070617675;-0.23927051927871068;-12.145336109161375
1478632756587;35.79790969312405;2.1966875676342164;-24.92644453495027;-8.046911779785155;-0.5068225456680171;-11.15249060821533
1478632756620;35.86460546285115;2.4099389201046777;-26.243602436456264;-7.595006216430663;-0.8144774772644042;-9.104251014886424
1478632756654;35.87749258256802;2.516968407779681;-26.65613855455239;-7.364115393829345;-0.9653121818542479;-8.858097357631008
1478632756687;35.87686096604546;2.658719569422373;-26.936163375617607;-6.338200128582865;-0.8415618835449218;-8.608052583821722
1478632756721;35.91136197442727;2.967342917531852;-28.962399339615104;-5.690418795776367;-0.7178116035019048;-7.93318727399297
1478632756754;35.93193689457653;3.1961251893752665;-31.0417361856366;-5.483769045788422;-0.4053682868515141;-7.816918965469487
1478632756787;35.97275027872145;3.454548599246848;-33.00404501988371;-6.1314010332521045;-0.3224690361022949;-7.276128555883839
1478632756821;35.97748918127494;3.6838833035778995;-34.612534410337695;-5.505915721672121;-0.4198831161499023;-7.16419933601059
1478632756854;35.99184514220483;3.9066439195770823;-35.99382796724147;-5.442169865008443;-0.4510077194656245;-6.753893245697021
1478632756887;35.999631864310686;4.11818689235632;-37.284907216278;-5.291634508691355;-0.4643255209991708;-6.613982232312113
1478632756921;36.00670413567334;4.299053073478207;-38.50109268786033;-4.9874216255739325;-0.23732520303037016;-6.58136130775772
1478632756954;36.039342545790355;4.466020156504066;-39.778098122771944;-4.858732994079589;-0.22176292877197265;-6.321739626843109
1478632756988;36.12652185114916;4.673048486579125;-42.41421507599139;-4.771344779614359;-0.15652093353271485;-6.37755467224121
1478632757021;36.283427384778534;4.8426858778587745;-45.72219075156914;-4.923525784246623;-0.6405985999618656;-6.102371191992238
1478632757054;36.432333011254684;4.962796516420825;-48.39843461440976;-4.9926586494445795;-0.8620622169937007;-5.101445041247457
1478632757087;36.5908780010582;5.073367766105847;-51.16706041147966;-4.595520156805217;-0.8750806959414883;-4.181623129327595
1478632757120;36.75873774733981;5.161134697704521;-54.01985960863859;-4.285471041814983;-0.7233481583083979;-3.3732802092954515
1478632757154;36.90229552080235;5.222958380796074;-56.67121959596414;-3.786429925537109;-0.3402759474823251;-3.569155978747457
1478632757187;36.99939828083402;5.208490687831708;-57.81267387852041;-4.249109688623249;-0.5520131202697753;-4.175038563305512
1478632757220;37.01856413661213;5.123363836439421;-57.056457930638075;-3.137900550842285;-1.3699322989532723;-5.043385760586522
1478632757255;37.0683760646934;5.0256772241289145;-56.898654329136164;-3.529202884674072;-1.2256816489288582;-6.043114554772898
1478632757288;37.170937564854434;4.833428919278809;-56.931717099383285;-9.3753947182253;-1.295412735748291;-7.592162955828756
1478632757321;37.173473433277415;4.6763130582177075;-55.02397372493306;-7.628075944198481;-1.228973603146337;-9.512462178747356
1478632757354;37.34595048773916;4.714890716756437;-57.2126332520189;-8.429684971132035;-1.3578116165161132;-8.24188957748413
1478632757388;37.55456583452868;4.775774067390477;-59.66578660493737;-7.736712954125926;-1.194407353210449;-6.0848633000914
1478632757421;37.81881464398969;4.826175447127312;-62.191778248572966;-4.2184333953306075;-0.5904700027023442;-3.2019452991209922
1478632757454;37.96408507701319;4.7810773880270565;-63.15727877733125;-3.8992569710329175;-0.6425438888107426;-2.502988051959127
1478632757487;38.10447543534563;4.7171246033024286;-63.75100726573041;-3.24324542388916;-0.24555530776977538;-1.7527052528381346
1478632757521;38.267149848478596;4.68794191730197;-65.12643680832498;-2.174384020233154;-0.05716156463623046;-1.1480196960449218
1478632757554;38.48234741515257;4.597338279637041;-67.18236396821081;-3.9290345619201656;-0.053719899749755856;-0.5123591552734374
1478632757587;38.658665934901116;4.483088665150103;-68.71833691979113;-6.409128206634521;-0.30585929861757905;-0.5846341178894042
1478632757621;38.70039743326929;4.23540057801686;-67.46927499690236;-7.678054794256389;-0.3416226493835449;-1.6479587840758263
1478632757654;38.61883684036227;4.082504450935496;-65.27374156071402;-7.4455179580137125;-0.6144120101707522;-1.9653402877807615
1478632757687;38.57831888519002;3.9022866236185716;-63.16075128613218;-9.05217723837588;-0.3477577911376953;-3.671209043707326
1478632757721;38.5420382699182;3.815726709807374;-62.27915707358309;-7.581090138476714;-0.6973111969878897;-3.1836895114623007
1478632757754;38.571753376825775;3.6360807508371695;-61.36980529928008;-11.329511601202189;-0.5521627533069579;-3.8941690002441405
1478632757788;38.42086389794207;3.4956787121476194;-58.42055435425941;-8.112752087977436;-0.6793547302024904;-4.671686062445119
1478632757821;38.40744190871343;3.4294134559348515;-57.19805289332012;-9.087192181927337;-0.6865373169166501;-4.957194500820897
1478632757854;38.410589305410745;3.401799342094486;-56.568391571907426;-9.75472575149536;-0.8384195121322758;-6.079327001013234
1478632757888;38.38381972634592;3.4102582491747717;-55.61332651891653;-8.694692820330708;-0.2284966209411621;-5.436782829074701
1478632757921;38.407655447710674;3.1625959730840054;-55.241713707080045;-9.667038407953083;-0.09292495193481445;-6.358550769628956
1478632757954;38.427951345883905;3.150953843651289;-55.98016327919661;-10.687117952783405;0.014215572357177733;-6.967575597735494
1478632757987;38.46724106425282;3.1518279054206606;-56.87820790942459;-11.338640079553425;-0.42766428981171917;-6.960841905566305
1478632758020;38.50277363391535;3.172166912714102;-57.90370187191565;-11.590479874420165;-0.4249707764114253;-6.872256298010051
1478632758054;38.51570633908324;3.2137369965218396;-58.97085483141955;-12.069319914190471;-0.7529764038528315;-6.6042559341982
1478632758087;38.49288509776274;3.2231679450381554;-58.99732072000399;-12.997522554834186;-0.7758709572280756;-6.550086537115275
1478632758120;38.37763109120585;3.2302547065856704;-57.88814645790557;-11.66769258569926;-0.7203554244995117;-7.143549565887451
1478632758154;38.26163476710693;3.246348185306311;-56.892338945757295;-11.335647035217285;-1.107767180633545;-7.738508532305806
1478632758187;38.065568031682496;3.3652988837709987;-54.85356271560724;-8.752752502850443;-1.1534066497802733;-6.960991543170064
1478632758221;38.03082072581146;3.4783410632550003;-54.644669241812124;-7.626280548681691;-1.1212345649719238;-5.578639250039495
1478632758254;37.99797734109992;3.613708003100227;-54.97875949827267;-7.953687657674099;-1.031751277923584;-5.013308565698191
1478632758287;37.95759348967118;3.727840289043176;-54.518225879083445;-7.945906299065903;-1.0232219345092772;-4.949712730230763
1478632758321;37.86345859871898;3.7498529922290147;-53.26516968363719;-8.111854481550585;-0.8319850951706059;-5.689820080964546
1478632758354;37.779666738841975;3.750797591743572;-51.84291734240979;-8.661174143218993;-0.8301894439254887;-5.891980556709226
1478632758387;37.669708996812034;3.7060524117583507;-49.87414770340986;-10.16802452081889;-0.6449380562215694;-6.757933643661625
1478632758421;37.497167975666386;3.647584304004508;-46.819835168547606;-10.511293476104736;-0.5698199814174557;-7.49115764635615
1478632758454;37.144549833255056;3.5406091982995647;-40.397065109384;-8.450484689386188;-0.17118541870117188;-8.032397041818314
1478632758487;36.92064705353904;3.4386835455041687;-35.585438776103;-5.94480270390166;-0.045938744354248044;-7.338826419598236
1478632758521;36.697125339237125;3.3164111198896586;-30.84213861079896;-3.8136636771604415;-0.060902504730224606;-6.201131791277975
1478632758554;36.444509712411886;3.1399431259950124;-25.299643708992015;-0.7439981658935546;-0.19033903198242186;-5.299714720098674
1478632758588;36.37037298692969;3.080630855134589;-24.05264383489707;-1.3347674255371094;-0.2974795745407231;-5.08558330911845
1478632758621;36.31031611884096;3.0212021765140067;-23.382107326865746;-1.9129671264648436;-0.3773860275489744;-5.200654918670654
1478632758654;36.23601086163315;2.905954724277086;-22.11553730847871;-3.35337884638682;-0.5374982909713871;-5.730820948791504
1478632758687;36.12239035609055;2.702183584337599;-19.51829812674418;-3.274070817927322;-0.6220435005630366;-6.947075538281351
