sep=,
timestamp,gyro-alpha,gyro-beta,gyro-gamma,accel-x,accel-y,accel-z
1478632504870,58.02696642399287,-0.020555380084176376,-4.59526186999696,-0.8228571716585079,-0.025887304594206215,-9.646238671432622
1478632504904,58.033984548133446,-0.04635662621827245,-4.370319457819848,-0.7254431075939209,-0.01720832557401736,-9.61705890030805
1478632504937,58.039479721626996,-0.07527048555042692,-4.035554964274524,-0.40626613074038176,-0.01660977287568967,-9.690531429544976
1478632504971,58.051947285568986,-0.0946705494164934,-3.854487670278526,-0.37828386230468747,-0.012569558715820313,-9.761309840310119
1478632505004,58.07755229817932,-0.11173883246172829,-3.9773281501122075,-0.4822820334503427,-0.01601122360229492,-9.880571268518269
1478632505038,58.09906388567309,-0.1120526696049858,-4.181075822702267,-0.6067805197784677,-0.02289455109195551,-9.91812982300478
1478632505071,58.120198154262816,-0.11177363081776291,-4.434927613996225,-0.8090905098293208,-0.016160862347699003,-10.026018836709671
1478632505104,58.152589177903835,-0.10529642048593607,-4.600071057676963,-0.8880991691810544,-0.013916296008013886,-10.070461314624175
1478632505137,58.17337071406002,-0.10195127053022951,-4.556370281287368,-0.7852981285482296,-0.014814122772216796,-10.035745280954055
1478632505171,58.19414382556314,-0.08718784265480357,-4.547698030366188,-0.7291840613876469,-0.014814121630572481,-10.00671520223217
1478632505204,58.21670972235805,-0.06108872117322536,-4.590681435865074,-0.7015010590263177,-0.01855506172456662,-9.846603441133256
1478632505238,58.241934885298484,-0.02927668751243125,-4.680667142894038,-0.6356605590377934,-0.015113397979736327,-9.707589655149285
1478632505271,58.288358313621025,0.024013787311807012,-5.040240655537869,-0.8376713400964974,-0.01631049909522553,-9.730035505775804
1478632505304,58.31948958333978,0.06249121709578527,-5.370940812408021,-0.9515455474245245,-0.02319382858276367,-9.793631640354043
1478632505338,58.37313217018871,0.11693860487818301,-5.835900464765759,-1.0354921951846918,-0.017208324146961967,-9.85677849679482
1478632505372,58.41384479309004,0.14536405372564015,-6.062459492794226,-1.0878653565006098,-0.008230069348431424,-9.883563554802583
1478632505405,58.43330806405791,0.15776314273755696,-6.143944371737015,-1.0133458366781123,-0.011522096631146268,-9.908403607089259
1478632505439,58.50274679935324,0.19816981067984363,-6.424604632418589,-0.9754875571762212,-0.010025719451904296,-9.856180238640727
1478632505473,58.554235099654676,0.21845592460176458,-6.68420723623512,-1.0945991034687264,-0.012868833923339843,-9.799616859093355
1478632505506,58.604968808542985,0.23710023589178425,-6.9824756720731544,-1.1258732987224356,-0.01705868682861328,-9.83882198434365
1478632505540,58.682226963315046,0.27433552438742476,-7.591107625268369,-0.9906008638244121,-0.013317744451330509,-9.656862895633791
1478632505573,58.73743437402607,0.3070981696466811,-8.186236062520502,-0.7619547514099627,-0.013018471527099609,-9.537601332711613
1478632505608,58.80242969389604,0.3577283204683893,-9.201642342764982,-0.7293337537903338,-0.016460136413574217,-9.604938715627812
1478632505640,58.87405299221614,0.42884072123088834,-10.778994016389262,-0.5544073219299316,-0.024690204620361325,-9.845555667379685
1478632505674,59.0318619016317,0.5982048019802015,-15.017338558657528,-0.49320554199218747,-0.033219548034667964,-10.607211033984273
1478632505707,59.189256273313234,0.7723152277417614,-19.77069560669972,-1.3682862487792968,-0.04908113403320312,-11.240627010699361
1478632505741,59.29276889074691,0.8841687103776709,-22.84727455172805,-2.3802853630065917,-0.048931496429443354,-11.610830588531494
1478632505774,59.70097948907147,1.249407111484181,-33.467524454497024,-8.456469901275634,-0.03172317199707031,-11.339687542779743
1478632505807,59.92694724490972,1.4482301480700617,-38.8480360542818,-11.306467702484131,-0.14185645749741232,-11.510124188940226
1478632505841,60.142221722083086,1.5580835432751088,-41.157037615793584,-12.585121026611327,-0.15472529142075217,-12.008118426513672
1478632505874,60.30550387911405,1.7077706365269416,-42.184513042108435,-12.54516778640747,-0.38696283418959937,-11.025149299676716
1478632505908,60.57263752605235,2.013530014847975,-43.45486735332195,-12.55085401535034,-0.9485527702331542,-8.428637306976318
1478632505941,60.82858232433923,2.3689468925385055,-44.75754760314514,-10.873117201995848,-1.003619408416748,-5.7721209274291985
1478632505974,60.89485075215105,2.4865415638898742,-45.22438573688032,-10.656591297094524,-0.9753379013061523,-5.502324181719869
1478632506008,61.11161525720852,2.8326670653925214,-46.14762191033496,-8.440758099011331,-0.7127238884414546,-4.637269194384664
1478632506041,61.25068076138841,3.0886305221417523,-47.63281554161199,-7.722048615087941,-0.31064768367158246,-4.287117347717285
1478632506074,61.39658656743999,3.3265090628899396,-48.97981746323837,-8.211213941778615,-0.3423708191360347,-3.782090142767131
1478632506107,61.522107065842675,3.6240792977274285,-48.70260599917351,-6.557269288226217,-0.12075758276674896,-4.275295830889791
1478632506141,61.55419734668609,3.707619877583584,-48.44467624475024,-6.17853651311025,-0.06688797234799712,-4.7711952881410715
1478632506174,61.72227622981249,3.993013636217302,-49.55123623970513,-5.064933758191019,-0.14724336556699127,-5.560982341589406
1478632506208,61.87017502928057,4.1711413295323485,-51.32026197785244,-6.101024380493164,-0.2512415367126465,-5.57325236936938
1478632506241,62.10723227625689,4.385296229578327,-53.64583644807536,-5.619789700671285,-0.13377601776123046,-5.4661118085447695
1478632506274,62.29537723416045,4.5034763682935095,-55.34958352415648,-5.303904865264892,-0.136619132232666,-4.973205541760102
1478632506307,62.48798494222981,4.5702212191402065,-57.411704066285985,-5.5157917121887206,-0.07242460021972656,-4.784662270620651
1478632506341,62.712794392997324,4.616797942108778,-59.60506591090148,-5.526266344451904,-0.27997195663452146,-4.227861075824126
1478632506374,62.96048893370125,4.682017975613062,-62.37910881709876,-5.21935932687968,-0.4795885200500488,-3.159298874310404
1478632506408,63.1331730275249,4.73794898019633,-64.97581423884006,-4.718522267095745,-0.6917746330482419,-3.107374625805765
1478632506441,63.279056950277216,4.7421256167944925,-64.86666740794004,-4.417002495519816,-1.123179890353419,-3.471143421350047
1478632506475,63.393282224736595,4.744963178144173,-63.619362959184514,-1.9336171157836912,-1.3955202926635741,-4.300135691380222
1478632506508,63.535343686824646,4.719733123785737,-65.05238330430934,-4.7758337615966795,-1.4631564895629883,-4.733187190655618
1478632506541,63.693921644157456,4.7074336183744485,-65.36025308043367,-10.486303850146383,-1.205330861752294,-4.695328584643453
1478632506575,63.69032034543429,4.726580875717743,-64.02536387147997,-9.480889228875935,-0.945560036424268,-4.910507678045705
1478632506608,63.709770530534136,4.796544517320745,-61.55134314752664,-5.449651891326904,-1.0351929610763675,-4.724208674135129
1478632506642,63.79957790140556,4.845530806783243,-62.08543853675133,-5.481973613739013,-1.0717044998611323,-3.4572271242003887
1478632506675,63.88209368345771,4.868942220097962,-62.51325727845083,-5.090521642303466,-1.0088566880157217,-2.8971335002623495
1478632506709,63.949604726216805,4.8778516215574514,-62.497567658345694,-3.981856636047363,-0.7722797004036139,-2.216132911682129
1478632506743,63.99935468212541,4.891002919045923,-62.4047997117816,-3.5722985145568846,-0.6578068878616206,-1.982847887420654
1478632506777,64.01924459238273,4.8248321168985,-61.34628334045865,-4.526537805993855,-0.28356325912475583,-2.5457845527648924
1478632506810,63.93606255991341,4.465379469484218,-54.95416107159734,-8.141183680216363,0.01840542526245117,-5.538237202055636
1478632506844,63.94115106491611,4.3173175691976695,-52.8610963174977,-3.6779423705503342,-0.538246478990186,-4.828356706646829
1478632506878,64.11983793815004,4.12959787825489,-53.535110762616284,-7.443722343301213,-0.6329670593372313,-4.157680820465088
1478632506913,64.13394862123464,3.907148263693209,-54.186266285035195,-5.635501795196533,-0.5128080680847168,-4.610932903057709
1478632506948,64.25869730429494,3.6261829302328388,-55.033801760752,-9.94252123647481,-0.8544307540008798,-4.28681836477071
1478632506982,64.22105833961635,3.33053521177268,-55.05449617139603,-8.247875191232374,-0.39040448994291943,-5.606472320261786
1478632507016,64.26897334589424,3.0636502739226055,-55.74744087869415,-10.72258148035258,-0.7815572227035649,-4.903773803213425
1478632507051,64.23833560919441,2.776991553758101,-55.81322725662096,-9.181014886419474,-0.4761468405362564,-5.634304575635446
1478632507085,64.20967798460534,2.368137773462058,-57.98215697041234,-10.937461371612548,-0.4665700393897947,-5.581931715713627
1478632507119,64.23334026839396,2.1044506382383927,-58.378803653175574,-11.442937197113036,-0.7794622779846191,-4.702212170144729
1478632507153,64.18817356165499,1.8798120797610838,-60.03522893560394,-9.611821620709076,-0.1702876022117678,-5.1252374750441865
1478632507187,64.11168427792609,1.4088103404243215,-61.80759945747283,-11.487978115844726,-0.09756370851821265,-5.0873791430266575
1478632507220,63.9297583004205,0.9234071239881032,-61.40181205976812,-11.890952182769775,-0.04159926297836937,-5.14484012900088
1478632507254,63.82537821896597,0.6157571863536824,-60.65404880623345,-10.807276948602498,-0.244507844543457,-5.564274222741648
1478632507288,63.66745780530913,0.32895488275833384,-60.867118321203144,-10.646416378430276,0.03277063522338867,-5.859658779498189
1478632507321,63.46035972849476,-0.10353647163600654,-60.36400752398992,-11.202319930267333,0.0626981571169861,-5.834070895385742
1478632507354,63.27674039030251,-0.42264648445045444,-58.849384032742215,-10.759542260742187,-0.10100537340468727,-6.707505734661966
1478632507387,63.06393832958819,-0.7158242711494343,-57.78605492554704,-10.276062870733439,0.20994155807495116,-9.927257616369426
1478632507420,62.97170202365082,-0.8948581188304964,-57.396699199433,-10.033500461169332,-0.18704701383286154,-6.402095531518757
1478632507454,62.849702330739945,-1.0112072200545583,-56.93637364298031,-8.196848814016068,-0.03800795135498047,-4.950161679574661
1478632507487,62.68593673371798,-1.2007314805024558,-56.84375193896395,-8.210465465922743,0.021098902130126954,-4.295946039404347
1478632507521,62.55917007863685,-1.3190189867030866,-56.626144952883095,-8.090456148949311,-0.014514847564697266,-4.080018611852824
1478632507554,62.35860132688949,-1.4544265103327665,-56.0922561618462,-7.561487612384185,0.0713771369934082,-5.339668325628712
1478632507588,62.14445709481701,-1.5942402758826018,-56.257308779604955,-8.45901374053955,0.1466448516845703,-6.501604245758056
1478632507621,61.977709228802254,-1.6863266589852126,-56.846804419940504,-8.421454592397994,0.1696890426635742,-5.4836197552445345
1478632507654,61.86824436906912,-1.7554457755204596,-57.54378832261858,-8.39197630411773,0.23148936388320288,-4.9392377326413985
1478632507688,61.72552504713418,-1.8360009939033435,-58.21304625336294,-8.747664787789992,0.31483751238826696,-4.749647034808248
1478632507721,61.49890458675488,-1.9636010412039349,-58.47397095169864,-8.560617783090285,0.3724479889081907,-4.873397643644828
1478632507755,61.42701018199039,-1.997045821760502,-58.53340127965622,-8.53907015081197,0.3898059532276122,-4.914397981748823
1478632507788,61.18618289275724,-2.098831511712392,-58.512704232608854,-8.958504244552739,0.3127425964244874,-5.0139074540399475
1478632507820,61.10053316216687,-2.112695260690831,-58.40411172034995,-8.951471204110794,0.3051110831993166,-5.093963170192623
1478632507854,60.85373052341,-2.1366386148582874,-57.86007934682796,-8.636633868463337,0.19812016911162061,-5.320963698223978
1478632507887,60.622710818142004,-2.1181430024939742,-57.42481066252467,-8.370428388711623,0.1608604423080571,-5.105186291868705
1478632507921,60.46490941992124,-2.0824527558356936,-56.935740219395164,-8.581117769479192,0.1379658706665039,-5.156811319964751
