sep=,
timestamp,gyro-alpha,gyro-beta,gyro-gamma,accel-x,accel-y,accel-z
1478632399805,59.807975710801735,-0.1940789086844953,33.4848634405991,5.59794299411485,-0.0471358474676148,-8.440907517419383
1478632399838,59.82728645996911,-0.18638468253299037,33.86398833773001,5.692513429968058,-0.03815759124202887,-8.198943429941451
1478632399871,59.84870054654255,-0.18537656886399104,33.93651337856059,5.421071378436848,-0.02693476867675781,-7.999476403664984
1478632399904,59.86553639479572,-0.19481785921903666,33.97055466038239,5.398625678507378,-0.003591302490234375,-7.924059544560406
1478632399937,59.886417681709986,-0.22209331633111523,33.976670224822236,5.565171856567962,0.046387658307171654,-7.917176086923293
1478632399970,59.91356316250605,-0.2554291286695455,33.89948019618028,5.593752995079104,0.06224924430570681,-8.06067849412998
1478632400004,59.94182158731286,-0.2786141487459903,33.74297884606709,5.602581449304148,0.03247136001586914,-8.178442975478374
1478632400037,59.98259155972353,-0.29944796123031264,33.240253330454095,5.456534956238372,0.008678981018066407,-8.280645451996428
1478632400071,59.99498945795612,-0.3002355788529294,33.02845337793626,5.462072068167291,0.0020949264526367185,-8.35351942168516
1478632400104,60.02143576255287,-0.293836905870782,32.07921202901341,5.444713558141887,-0.022296002960205077,-8.371026683398336
1478632400137,60.042274875983026,-0.2912076753947627,30.806975461626163,5.251681250221189,0.08813654861450194,-8.348581403593975
1478632400170,60.05052861580732,-0.2854041091537153,30.321782999983206,5.199607254514936,0.09053075027465819,-8.28259111530464
1478632400204,60.06446917616084,-0.2458497850790678,28.543470155229265,4.698770515533053,0.15472528228759766,-7.507767566503956
1478632400237,60.07118640276662,-0.233126203948907,27.062821999456617,5.35418317319341,0.19018939437866209,-7.910143083013966
1478632400270,60.079734325957226,-0.19461315089584993,24.991928501446292,5.355679549231008,0.17537526932315667,-9.051727996771037
1478632400304,60.11213020599267,-0.10688354770122195,22.717428078733914,4.541052434362843,0.05955576401309808,-9.728988229779153
1478632400337,60.15293092524884,0.0005487909267505424,20.268891916881078,3.108721345973294,-0.044143093323189164,-10.059238202081248
1478632400371,60.16992349034141,0.10837001543618163,18.088792610384242,1.472583804730326,-0.08424597205839236,-9.80216061615888
1478632400404,60.240762611779544,0.10174083088702231,18.33326894921822,1.6141408317565917,-0.03651157531738281,-10.104877890423685
1478632400437,60.30031945540961,0.06784383334247154,19.68980743468903,3.468001086470019,0.03426701126098632,-10.113855708257853
1478632400471,60.32992964130051,0.08685179248232026,20.195239487222704,3.5504513878753405,0.09142857932214973,-9.377040238676313
1478632400504,60.365676099942284,0.11527673805143933,20.546289083002744,3.633949243838526,0.2332850174116087,-8.869320086581446
1478632400538,60.40082289334696,0.14981083603685558,20.701311392508188,3.5808277209738733,0.2609679878068971,-8.41038144625239
1478632400571,60.423340307760945,0.1963047165040411,20.58535781465631,3.9092822886260223,0.266205297088623,-8.578723933145216
1478632400604,60.449756307425325,0.24980638094961075,19.939430243808914,4.308365887451171,0.2359785102623049,-9.298630106906732
1478632400637,60.466900122602276,0.3587740052346502,18.49992861711151,4.883123923492431,0.10564415282097178,-10.520870575006306
1478632400671,60.4995433823529,0.5580454102457075,15.206230488335216,3.6592381084717807,-0.05327098693847656,-12.873472689056396
1478632400704,60.549574340456516,0.6740547998441,14.089692772112993,2.939930001068115,-0.04189852905273437,-13.882479051208495
1478632400738,60.62875431129075,0.7580775699118529,14.806054577046574,2.860472470004298,0.009726444244384765,-13.844022187042235
1478632400771,60.652979830270766,0.8394204768682211,15.058600485663598,3.69664736328125,-0.04713584518432617,-12.94125852355957
1478632400804,60.6877922097004,0.9411595008153388,14.008370684803348,2.610577635192871,-0.036960478995507584,-11.756877035931497
1478632400838,60.71760657960973,1.0344082974001003,13.166264373080455,1.5102923347473143,-0.05716156463623046,-10.553790409442037
1478632400871,60.76394651807123,1.0606702294859123,13.082810975759184,1.3202525779724121,-0.06763618776625953,-10.179995748315378
1478632400905,60.82055075451968,1.045553285181394,13.612405557818624,1.1013327636718748,-0.14484919815616448,-9.712078906559665
1478632400938,60.875775733854894,0.9777477589114332,14.810048987276234,1.2268787132263184,-0.1937806923023192,-9.504232242971309
1478632400971,60.969932396238505,0.84027939088232,16.547997402022933,1.4972738632202147,-0.12868834151668707,-9.22530790939331
1478632401004,61.033758958406665,0.7075541952495095,17.948219007107692,1.8903717021666466,-0.04534019393920898,-9.127744465736578
1478632401037,61.113274336561666,0.5008825609024873,19.44805212988695,2.8818707569397986,-0.012569558715820313,-9.146299537735944
1478632401071,61.15673346513749,0.38179621315515644,19.76210204075376,2.5843911276001483,0.0565630142211914,-8.831611410433984
1478632401104,61.196598278874525,0.24678838136954245,20.062138061373496,2.7558758215088397,0.06823474274787586,-8.724770417077838
1478632401137,61.22385045032883,0.10678527930048068,20.442672633676633,2.7253497503418473,0.21413140869693598,-8.428936436053364
1478632401171,61.259603169717536,-0.15392262779255747,21.48279299150553,3.079841233648732,0.23552958375129382,-8.352022780786081
1478632401204,61.26706540240674,-0.2447449333903389,21.8419430936553,3.3780688318114724,0.205901351906592,-8.326434823608398
1478632401238,61.27361358574107,-0.5762838891639303,22.416797365451256,3.5289035729339346,0.24839842224121092,-8.164526936340332
1478632401271,61.27356954550946,-0.6640245857201316,22.496125940448223,3.5157355368683114,0.13347673798713366,-8.059331920092925
1478632401304,61.244708027270555,-0.9563782404880051,21.775249493940137,3.8691794108184054,0.028431144714355466,-8.228721541418507
1478632401338,61.21435838879013,-1.0471195920579028,20.463968175894795,3.428945639066446,-0.04055179061889648,-8.298003898089751
1478632401371,61.199298677090454,-1.0833682625117753,19.725894822331504,3.2450411892987088,-0.027234043884277342,-8.258798626708984
1478632401405,61.145515577158946,-1.1790469596644277,17.442068422368045,2.3361422333648427,-0.016759411621093748,-8.401103841754049
1478632401438,61.10929238376751,-1.2594355416653613,16.65932153244884,2.281823892797902,0.08035540235214866,-8.496572925213725
1478632401471,61.065937144079754,-1.3468020206735691,16.116520028429964,2.7295394188715636,0.2653074691827758,-8.620921847003325
1478632401504,61.0175628922837,-1.4047850875004102,15.147890061832825,2.7118822290061506,0.2858078140479978,-8.684068769659474
1478632401537,60.9589632663276,-1.4165940487529416,13.677512113260416,2.3385364898239263,0.10115502014160156,-8.562563254602253
1478632401571,60.841545867500486,-1.3032397258339403,10.403522068684737,1.7341502607538712,-0.3420715621948242,-7.648576332446187
1478632401604,60.74402336220596,-1.156871705015138,7.894795409840677,0.7173625993590802,-0.23478140029907224,-7.020996368408203
1478632401637,60.64073772894748,-1.041574634511634,6.576777057632846,0.277727392578125,-0.011222820281982421,-7.391948134259134
1478632401671,60.52582888449609,-0.9843486642442961,7.071843297477384,0.9648632325103506,0.3296516410827637,-7.8235026912413534
1478632401704,60.35650420926189,-1.0419753361168116,9.706518250030255,2.077418816464208,0.8198644127334468,-8.853757885388285
1478632401737,60.24556524111431,-1.1267225247822246,11.517660459909928,3.1579519897460937,0.9879074600219726,-9.483432711946824
1478632401771,60.134774030826804,-1.1775381463612955,11.94741278258439,3.8316204818725583,0.871339730160497,-9.591770477491146
1478632401804,60.02269756875392,-1.177688687937969,10.834317421665013,2.7172691736083476,0.7306804191589356,-9.223063528000004
1478632401837,59.851720510764736,-1.1711914703931077,8.809976588452539,1.4440028762817383,0.2703951454273192,-7.767687865038961
1478632401871,59.73130243004963,-1.1865469273214502,8.12863380305686,0.2537853759765625,-0.01840542526245117,-6.8128504615783685
1478632401905,59.608854040633304,-1.2711914440982444,8.880635744911517,0.8479962274413555,0.060303954315185544,-7.365312640789896
1478632401938,59.477149962485974,-1.332770203681232,9.976418125702796,1.1932103254456072,0.003591302490234375,-8.184428737640381
1478632401972,59.27426930777202,-1.3874789193802708,11.751013761368858,2.2625205871139653,0.24495675963802493,-9.383774131774901
1478632402005,59.12759281464034,-1.2914958074960443,11.481513964031308,3.2007483444213864,0.469862075805664,-9.030928625576756
1478632402039,58.99273902757544,-1.1473344175576548,9.79789971576925,1.4550760041610338,0.3896563201904297,-8.469488226672262
1478632402072,58.79740561330127,-0.9691701266748881,8.731755958918187,0.8640075971741229,0.18285715179443357,-8.35681125717163
1478632402105,58.662764882785375,-0.8877249834890011,9.096887590310278,1.7305588692153804,-0.007781155395507812,-8.407987025396526
1478632402139,58.54480435726953,-0.7648252440934248,8.888712632173617,1.5405191535396734,-0.055365913391113276,-8.84627571293935
1478632402172,58.472594065219596,-0.7076749670346015,8.724193394021677,1.2871825944762676,-0.17043723981552755,-8.78148306890279
1478632402206,58.29734373426092,-0.5284453873949972,9.01960198535805,1.1483190077850594,-0.03890577697753906,-8.800337114715576
1478632402240,58.14442924650243,-0.43406260635832766,10.868853984039024,2.108693093916308,0.13557166900634765,-8.81904196131602
1478632402274,58.08880402015431,-0.4051238730843398,11.25871450865215,2.506429826443456,0.22445640563964842,-8.682871522698923
1478632402308,57.968326516476345,-0.3322693458516579,11.813755237376943,1.135150862121582,0.660949282107153,-8.53039065833725
1478632402341,57.9121486458896,-0.33171686394519373,12.748511826088887,2.82830034866333,0.8390180534141604,-8.977358582626469
1478632402375,57.8393112621717,-0.2835881156695536,11.953035985043122,2.2557868949447757,0.30915128023452126,-9.009979287985153
1478632402409,57.80530191556983,-0.21668788426173974,10.983746664463274,1.3202526145050302,-0.02633622054500738,-8.951770369720458
1478632402443,57.76420208756052,-0.14256175587214898,9.964256808588528,1.8158523490242193,-0.23343466643181163,-9.25269133515302
1478632402476,57.74857530403033,-0.036733432007422816,8.660998624941218,0.8304887008666991,-0.1650502712387999,-9.378537034839018
1478632402510,57.763819584394554,0.11903602212705248,7.127718044561197,1.053448712202441,-0.0383072265625,-10.50096833531484
1478632402543,57.76244557464441,0.19431121929845604,6.430731725661129,0.13856442108154296,-0.019452889630413847,-11.46089385569468
1478632402580,57.8036382068893,0.35923365906216,5.982375733595273,1.7241244705200194,-0.21936872254523912,-13.254749011175333
1478632402614,57.834993807752404,0.4441550220485334,5.38325033559453,-0.716913759613037,-0.22909517592277842,-12.85835929107666
1478632402647,57.88049335766035,0.5428215653584916,7.514076701873694,-0.7439981658935546,-0.31468787157363254,-13.127407994897663
1478632402680,57.91610495230486,0.5059470307379222,11.833462067001436,0.8625112211365252,-0.1728314323425293,-13.517363298034667
1478632402715,57.91905531225711,0.423248759197309,16.729578775613785,4.924872814941406,-0.03127425918579101,-13.828010671178996
1478632402749,58.02607334946674,0.5495876035995838,21.0737105752393,6.5859998542785645,0.3945943702476565,-12.400916844122111
1478632402782,58.07361174672532,0.756340826110933,21.98012692733869,4.201674385568313,0.07257424695664084,-9.147645837778365
1478632402817,58.12242312859985,0.9260828328220171,22.483063848187157,3.680187181201903,0.09891045608520507,-8.119635801342874
1478632402851,58.155385975255825,1.067511571662334,22.71316244357908,3.550750608283933,-0.02902969512939453,-7.419331669616699
1478632402885,58.220111060460255,1.2217554843782275,23.371284051081325,4.4651860231261695,-0.07077858657836913,-8.006509699835256
