sep=;
timestamp;gyro-alpha;gyro-beta;gyro-gamma;accel-x;accel-y;accel-z
1478632555371;58.97898074839218;2.58400561104773;7.970161660464862;1.4627075402190908;-0.4237736927060119;-9.755324516539531
1478632555405;58.993333536142494;2.59584806024042;7.894995550134299;1.3148655625882675;-0.5075707428199704;-9.737218224920705
1478632555438;59.00688162749276;2.616386637113767;7.827283518805098;1.253214894955419;-0.5024830871250248;-9.750236614249413
1478632555471;59.02265774722335;2.6393023622932;7.773476144602902;1.3045406181611934;-0.4794388892961549;-9.72898786901955
1478632555505;59.02801912236088;2.6460452188112757;7.770215959644095;1.347785839981993;-0.4454711452511779;-9.749937275109811
1478632555538;59.03260521040045;2.6411169918121247;7.766348166758153;1.3450923494145854;-0.39384615482939406;-9.737367791742516
1478632555571;59.034904006802485;2.6104633045829146;7.840434794781954;1.4615104028563946;-0.3592798774940427;-9.740360527834692
1478632555604;59.035320249712;2.6011135344948033;7.863860938254417;1.434425996575877;-0.38187516479492184;-9.583540241462643
1478632555638;59.0368504404417;2.60005622036144;7.869749850814779;1.4134768462139413;-0.40043024592744186;-9.344868172134273
1478632555671;59.0292018682882;2.6056708416934273;7.823035543052148;1.7736545173645017;-0.3699041427944088;-9.084199795178323
1478632555705;59.020309787127864;2.6282648515048397;7.3901849651539;2.2849662824768573;-0.3812766235130373;-9.097666814190521
1478632555738;59.02057638227908;2.6805912845731905;5.997764125697672;1.8670283821105955;-0.4565443157994297;-9.87668068168736
1478632555772;59.02003112082491;2.7344441744650583;4.317300411080638;1.352275025177002;-0.5485714553833008;-11.51760636138916
1478632555805;59.025866270846095;2.830634015311811;2.1721093918160004;0.3769371347164706;-0.6881833396911621;-12.445060521753131
1478632555838;58.974989339131774;2.6921876684239856;2.619785949326644;0.7598597518920898;-0.5708674674766604;-15.036783526611327
1478632555875;58.96808886766041;2.606638220762908;3.5837492009511553;1.0583867713928221;-0.612915625;-15.305383025360106
1478632555908;58.942793509807714;2.4170824582535557;5.840089251325532;2.0124761329650878;-0.7857470573425293;-15.452776065063476
1478632555942;58.935540974933545;2.244650098724109;7.900638913024808;2.037465685858205;-0.8098387115478515;-15.297751507568359
1478632555977;58.90268022287086;2.1663246501093294;8.63849162118802;1.4645032222886045;-0.3342904159324709;-13.777284108026326
1478632556011;58.845807333568565;2.214167281581719;7.559555509353544;0.4605845443725586;-0.44801499935647005;-12.22254882044047
1478632556045;58.76358542480715;2.245150823338174;5.955077970400319;-0.5927145484924317;-0.732924983215332;-10.69385135269165
1478632556079;58.73482194567462;2.2363165627683346;5.648169617573582;-0.6139630151610821;-0.7145195579528808;-10.352976891326904
1478632556113;58.6317341077734;2.1635417513315933;5.14066152105031;-0.9412204545836895;-0.5834370170593262;-9.09302841380015
1478632556148;58.5588790122482;2.0494560704238376;5.449314293569313;-0.636558366394043;-0.41255085986594203;-8.814103993457183
1478632556181;58.48554104022286;1.916642918915524;5.9724814085800695;0.05985504150390625;-0.19722237088852562;-8.450783818463236
1478632556215;58.373860377835385;1.7330035475414143;5.876842030555846;0.42556938162539154;-0.022296002960205077;-8.321047723742574
1478632556250;58.3043544553246;1.6485763242930482;4.917336851709862;0.30406364737246183;-0.007930792999267577;-8.12711753540039
1478632556284;58.23276145267014;1.5597643496528748;3.620753796229029;-0.21682488784790038;-0.01092354507446289;-7.863455931445211
1478632556318;58.15422358401771;1.448936557647628;2.3837502863141364;0.3161842384780757;-0.041000703430175776;-8.043469968768209
1478632556352;58.07585765125576;1.333977014569093;1.072476231557217;-0.14095864100800826;-0.17702129438095726;-7.503877061871439
1478632556386;57.93509756403538;1.031939208570944;0.6665357005469548;1.136048678610986;-0.014963760375976562;-7.730428393963724
1478632556421;57.794025311151564;0.8285069552974272;-0.7616953962493634;2.340332141069043;-0.02259527816772461;-7.034613682611286
1478632556454;57.70863450135945;0.8467258470325006;-3.4351107456104235;1.6925508995940908;-0.26710312271118164;-5.602881089837849
1478632556488;57.58395749224397;0.820132758497482;-5.711614676130493;-0.027682956695556638;-0.485873317674268;-2.728492066955566
1478632556522;57.479769010216;0.6384979941140511;-4.457559282661602;1.431433317565918;-0.1777694778331788;-2.9517513717651367
1478632556554;57.36823423642338;0.4740597036960193;-3.3908807052572536;2.105999781445414;0.008080430603027343;-3.9555204177856442
1478632556587;57.291689463905236;0.3888781418212976;-3.1910628063032767;0.6292260872771963;-0.008379705810546874;-4.7864580314636225
1478632556620;57.19387731949021;0.2974639012579431;-3.064491807445039;0.6569091170379892;0.05012860182609875;-6.446986812646687
1478632556654;57.038456416958965;0.22625029747169292;-2.1816689822721833;-0.00029927520751953123;-0.24196400984611827;-7.062146417181194
1478632556687;56.95155035726247;0.1094240198841514;-0.7604165112126798;-0.3229179489135742;-0.14200608596801756;-8.943241099371388
1478632556720;56.84028479480833;0.07507083277125401;0.7594595812319481;0.9657610763992183;-0.1403600700433715;-9.065794369915873
1478632556754;56.758818848657526;0.11633594564633881;1.5431008620329243;-0.3286041778564453;-0.13572130204353014;-8.689156302056833
1478632556787;56.68663260233618;0.14203898679119434;2.626028207078607;-0.3534440200805664;-0.021996727467274466;-9.002796719537303
1478632556820;56.604678947810655;0.16048804845656373;4.069900338538359;-0.30780455093383785;0.2198176490562502;-9.069984295886382
1478632556854;56.52027672728381;0.1309531107515307;6.702172992199965;0.6793547210693359;0.16445172196540514;-9.725995482270536
1478632556887;56.483948060993235;0.19078830629950988;7.067055408938236;1.1019313323532232;-0.025438392639160156;-9.021801060540973
1478632556921;56.43026279280657;0.2634937658859118;7.085494289168499;-0.5087678527832031;-0.03546411437435308;-9.749488624876726
1478632556954;56.415323883777134;0.3123361218150837;7.816474793410476;0.6420949577331543;-0.27413608095473607;-9.813533238441403
1478632556987;56.37445188137029;0.4516460817776242;7.338019996143051;0.45489831542968745;-0.34925415804213844;-10.142137471096776
1478632557020;56.3502702530145;0.6222594899169952;7.189166874907907;0.47764323120117186;-0.16774375381469725;-11.433210606738179
1478632557054;56.323228156019645;0.792655146936066;6.5976441238969175;0.7018003251006827;-0.27877485580444333;-11.70166061401367
1478632557087;56.298900640779;1.013003532092515;5.665334033753773;0.6052841072082519;-0.31573534393310543;-11.480196960449218
1478632557120;56.29381983952271;1.3279752517571903;4.150826066959462;1.332373223876953;-0.429011009979248;-13.74241796182841
1478632557154;56.296925803149;1.622636254628624;2.3537374664435426;-0.03920505218505859;-0.6738181114639156;-13.125312483923137
1478632557188;56.30752432386298;1.8074483574528897;1.87546987718103;-0.358232459933497;-0.628178660583496;-14.591462017822264
1478632557221;56.32509350260474;1.9669628478329324;2.655921337113741;0.5557540694969241;-0.5080196464980952;-14.548066820470988
1478632557254;56.34129018780843;2.094743227941182;3.8975177309932505;0.553509496307373;-0.36900634000473653;-13.919439831598103
1478632557287;56.3714333366727;2.2305595338880733;6.930694934616755;2.1815666252136228;-0.06958148574829101;-12.53140112686157
1478632557320;56.42987340207938;2.3344338873170276;8.859015701848058;2.4251766441345213;-0.039354689788818356;-10.602123428521677
1478632557354;56.498459912831194;2.4388694818400554;10.197784406529168;2.363226603112742;-0.07691372833251953;-8.925882918139546
1478632557387;56.56525880082534;2.5267365364771157;11.090579701739932;2.1179706070831044;-0.07841010437011718;-8.098087840270995
1478632557421;56.684586562741956;2.6042100149020744;12.080047408768218;2.275090200628713;-0.14155715489042922;-7.943362557983398
