sep=;
timestamp;gyro-alpha;gyro-beta;gyro-gamma;accel-x;accel-y;accel-z
1478632208224;72.47440039608713;1.0107762054178198;12.663741770985798;3.460818499755859;-0.5834370353256352;-13.290213123266398
1478632208258;72.61620330337713;1.328371540841258;13.976963995474845;4.54599040222168;-0.12180501859360374;-12.130073073577881
1478632208291;72.68943923706716;1.4634450040831684;14.414770444343066;3.1214404144287107;-0.060603229522705075;-10.377816879681497
1478632208325;72.83792269340796;1.8154095055062065;15.344049485429938;2.1181203542847187;-0.02169743427885696;-8.245331169305368
1478632208358;72.87875399024519;1.909884192588106;15.758609106809914;1.996913749108836;0.04249707946777344;-8.18951627003774
1478632208392;73.02254614220406;2.1000617188910247;17.87934395893083;3.3587657635895534;0.14260463638305662;-9.072378442747612
1478632208425;73.11891525264735;2.2337966942864576;19.18805565368357;3.8509237327575683;-0.04144961624145507;-8.961197264762689
1478632208459;73.23369977786524;2.3296498091260944;20.35875599238348;3.267037875952199;-0.13063360981596633;-8.832958258465677
1478632208493;73.40262935113986;2.3819627557815886;23.058654691852983;3.530549550042674;-0.44143093794117444;-8.446294617285206
1478632208526;73.51729881956544;2.3587631741463806;25.305156453090323;4.388870863474998;-0.5686228942871093;-8.312518672589212
1478632208561;73.62768671613715;2.3202439150496947;27.037930509729883;5.2247465728759765;-0.5029319771034177;-8.40589246427007
1478632208595;73.72040951191697;2.2976214525208527;27.78599726260825;5.3764791030883785;-0.5379471763832029;-8.25401004072558
1478632208628;73.83130127257802;2.2722608870437817;27.277929832479302;5.847687917327881;-0.6570586998428217;-8.779686897067865
1478632208661;73.88627202782267;2.302172900446574;25.69110921064276;5.814618153027444;-0.661398208618164;-8.85899511247162
1478632208695;73.93108434926062;2.348256536822071;23.34388744505294;4.967369821343943;-0.6718728408813476;-8.656385703366063
1478632208730;73.97536667768154;2.4012866684300325;21.11691989900425;3.485658287181053;-0.6860884132385253;-8.453477295330911
1478632208764;74.03369204109555;2.401606730008956;19.92108691520863;2.2345384830750525;-0.5699696144546382;-7.878419984082132
1478632208799;74.09396566954175;2.345466772713527;19.931101674395588;1.9629462322510778;-0.41060559955817294;-7.716511804553121
1478632208833;74.18460061443604;2.176911232036531;21.412959167598054;2.174384020233154;-0.11896189498901366;-8.220790529223532
1478632208867;74.2307396600468;2.004646582318802;22.87115550419674;3.9291841629913073;0.033518823242187495;-9.056217622640752
1478632208901;74.23227305169218;1.9618438220385521;23.042451680791395;4.328267688751221;0.04234744186401367;-9.198073810710106
1478632208935;74.25611002472344;1.8371705939479774;23.504130205418654;5.352387448883056;-0.04055179061889648;-9.884012495013327
1478632208969;74.28285200104615;1.78953289332247;23.53749017596402;5.497386286926269;-0.07646481552124022;-9.852289761407674
1478632209003;74.30032935696929;1.7731180449425348;22.857888276543967;4.429721911035105;-0.2488473350524902;-9.396193833691253
1478632209037;74.33164128165954;1.700876606465091;21.593030209565715;3.185485199240036;-0.44322658233642576;-8.839542203433252
1478632209071;74.35301309136072;1.611997169008229;21.762640788901415;2.796876305743307;-0.5083189399719238;-8.652046176324411
1478632209104;74.38004927512159;1.487277178600256;22.709444834974175;3.212569824716262;-0.47195700225830073;-8.611194927834905
1478632209138;74.40141906407378;1.3419034476168608;23.973171066818338;3.640982174682617;-0.4278139091491699;-8.66102457868047
1478632209171;74.4197906884494;1.1893563840287862;25.48876384016266;4.469076710421778;-0.2889502037269529;-8.93216802629102
