sep=;
timestamp;gyro-alpha;gyro-beta;gyro-gamma;accel-x;accel-y;accel-z
1478632592044;53.91227517249353;0.5567197108457098;5.403314717504514;1.0984896674667484;-0.03696048812866211;-9.78210926402004
1478632592078;53.91299384833042;0.5260921613977435;5.493156916250773;1.003619408416748;-0.039953235637280156;-9.697713842729199
1478632592112;53.915803960506786;0.4937325225759107;5.502946701573533;0.9814730247939937;-0.054767362976074214;-9.65476767692021
1478632592146;53.920197713762946;0.45974365821888485;5.488490902948202;0.992845487246313;-0.06075286255988758;-9.604339923184178
1478632592180;53.92299028125734;0.4184431839442693;5.496530615110065;0.9319430321776162;-0.06479308071551204;-9.564985269927979
1478632592214;53.92442451407502;0.37729304535409186;5.519848990734085;1.136347926419042;-0.06733692055025021;-9.780912393802113
1478632592248;53.924810425134574;0.35946513029917193;5.333175979680014;1.0434230384163092;-0.11118073959350586;-9.827748641835223
1478632592282;53.92801918207786;0.36758425673403855;4.984656165785445;0.7194576262764166;-0.1548749198913574;-9.719860395315312
1478632592316;53.927590354522316;0.36458551749968166;4.77113280002633;0.7077858566505368;-0.14350246200561523;-9.42238085274063
1478632592351;53.91983882381794;0.32892186055361666;4.921116597473368;1.0022727065155281;-0.059555767152619954;-9.219921247918903
1478632592385;53.90945637555761;0.2739792721879459;5.1777558266447725;1.5538368774414062;-0.02454056701660156;-9.127445062664895
1478632592419;53.892688386538744;0.24386209808236606;4.061868562656549;2.5885809074401855;0.013766659545898436;-10.695048161260782
1478632592454;53.90100094431035;0.3202004710442027;1.812196265302393;0.9554361365387216;-0.0653916351263062;-12.001534371948242
1478632592487;53.8903180922551;0.35719458313349023;-0.12719650760167192;-1.4962263292119489;-0.07092822418212891;-12.851775528772174
1478632592521;53.84842053214577;0.2109909095394794;1.006537079553806;-0.25049334869384765;-0.05970540390014648;-14.13761087335795
1478632592554;53.803928096399666;-0.028905256378996068;3.8046954644285034;0.846499906202685;-0.013766659545898436;-14.285153550665079
1478632592588;53.76845129247595;-0.1375609896968978;5.058865851440325;0.4712087777068838;-0.02259527816772461;-13.419051100103557
1478632592621;53.73247873510823;-0.25439034070956773;6.294948941575241;-0.32665888900756834;0.05805939254207769;-12.544419890649616
1478632592654;53.6826786706857;-0.39523523904487773;8.06125234316281;0.12868833923339842;0.14888941574096679;-11.606041892950236
1478632592688;53.6218466868909;-0.5516358909698529;9.703159522528436;0.4562449807982892;0.07586626510620116;-10.780491744464262
1478632592721;53.531904736848105;-0.8347995913495829;12.883710703770285;1.905634847347997;-0.019602526092529295;-10.120439835888519
1478632592754;53.469745766469366;-0.982559275331747;14.46958066290307;2.9337948227813464;0.0246901954872068;-9.740061065397503
1478632592788;53.40101540165803;-1.0232997954189815;14.597536547345914;2.082805697134323;-0.011971008300781249;-8.820687682696432
1478632592820;53.28349152554152;-1.1100783865184192;14.852381784616226;1.6136918458800762;-0.019003975677490233;-8.602815258556976
1478632592854;53.20732142235534;-1.2079073482439893;15.669854189930808;2.2922983789306133;0.06479308242797852;-8.867075376394578
1478632592887;53.133007636553536;-1.2584727738426507;16.039406155092436;2.868403189938329;0.06733691255874;-9.10694430909101
1478632592920;53.039962332783716;-1.237520109730583;15.533836604334553;2.4239796529022977;-0.04219780426025391;-8.82368036170639
1478632592954;52.94969476157248;-1.2198304503825326;15.236300305170117;1.5631144819397478;-0.04159925384521484;-8.559720140130818
1478632592987;52.86483815151739;-1.2203014080676484;15.499509550581964;2.2738928806029257;-0.16235681834565474;-8.660874868011474
1478632593020;52.77173392420459;-1.2098149601900403;15.530385007399994;2.0296843843322248;-0.2602197929382324;-8.593238744177297
1478632593054;52.643539123543995;-1.2254258110860745;16.324188926359213;2.3174376790253444;-0.13931259083403275;-8.675689063848926
1478632593088;52.56106013496673;-1.2349937209548623;16.811510512123228;2.6048912601195275;-0.15188214954985305;-8.83235967151802
1478632593121;52.44119709301446;-1.2385162748288057;17.257788194633996;2.949955633755051;-0.06404489440917968;-9.206004402779973
1478632593154;52.3610556882918;-1.1924638352621395;17.112664711059562;3.5202247745789585;-0.061949967956542965;-9.256282637643254
1478632593187;52.27727992234916;-1.1011212429780226;16.01832450301791;3.321056904779002;-0.0383072265625;-9.373598523557488
1478632593221;52.18942354377962;-0.9832384891514286;14.655919899794506;2.598157641015574;-0.034715924072265626;-9.380033401743463
1478632593254;52.110429215330676;-0.8931125104055929;13.665789202512412;2.4314614417587403;0.24824878463745115;-9.558102195883356
1478632593287;52.03267701881265;-0.8393231842033885;13.01010636108672;2.8335375917296854;0.45355156786269507;-9.880720504263229
1478632593321;51.95039491378264;-0.7695016206825701;12.062764797279575;3.283348301696777;0.43933601377182635;-10.152911451632715
1478632593354;51.8013269353969;-0.4982119743453634;8.88453624155319;2.91134921875;0.09232639923648675;-7.974935946246236
1478632593388;51.663395854196075;-0.061664340648061505;4.088041729205072;1.660528488922119;0.03815758781709592;-3.1184476623535153
1478632593421;51.586605827221035;0.23636652953840329;0.77529375059644;0.8363245491470209;0.28431146540986374;-0.5448305152893066
1478632593454;51.52491510142096;0.43541301683879013;-1.7564261192205717;0.47195696572568263;0.16564883649521506;0.1836059243351221
1478632593488;51.437720428636446;0.46301086942266173;-3.5522544477006326;-1.6639701538085936;-0.6911760735000483;-3.871424084472656
1478632593521;51.34546397024714;0.34757345996992617;-2.6537915838837427;-2.688538790219091;0.014963760375976562;-6.6717422012329095
1478632593555;51.17534257804669;0.14019444678901205;0.10221918303262226;2.231994483980932;0.2252045982250245;-9.466374052517674
1478632593588;51.12295674140039;0.16896708191585894;-0.30519492141231036;-0.11432312927246092;-0.08230067978458246;-9.160365189361572
1478632593622;51.0311785159669;0.16107515195428798;-0.024407237974833452;-0.38995561252261396;-0.028431144286238847;-9.721506102995994
1478632593655;50.86267122477595;0.15249791968593113;0.67633351407337;0.42691606526030224;-0.056413376617431635;-10.853065909222513
1478632593688;50.68906227575981;0.2817205292999325;1.1068145269516647;0.49530046844482417;-0.024091654205322263;-9.85632970271455
1478632593721;50.6374613229121;0.33469446998083274;1.2141998415514013;0.39369653549194333;0.013916297149658202;-9.745298755988431
1478632593755;50.47119527133611;0.5517372268700003;1.0818066571168163;0.20934301222648935;0.06419453201293945;-7.875876144818216
1478632593789;50.31375328251002;0.7223754625054425;1.1654464604982653;-0.31214402317656204;-0.18614917907714842;-8.098087694140522
1478632593823;50.21556627968145;0.7867274203428568;1.756747388490972;-0.6675333869049325;-0.5057751007080078;-8.80333008598648
1478632593857;50.11901883318499;0.8571980005016565;2.706249198670367;0.43933601833840363;-0.5678746880020015;-9.388861591107025
1478632593891;50.03044182716572;1.092932427874379;2.7778306257548477;0.2516904495239258;-0.6786065330505371;-9.391555579431355
1478632593924;49.96389375331688;1.3634937143642116;2.3785060822056723;-0.10070610733032226;-0.6085761162246577;-9.76086112842824
1478632593958;49.90399508145896;1.4476393658093298;2.306029300039665;0.1946785407577641;-0.23178865507374283;-9.905560574816214
1478632593991;49.86840709227344;1.5066145955146057;2.2638174958517916;-0.653018466274999;-0.4709095390319824;-10.575188952105865
1478632594025;49.842522798105264;1.5685954668705895;2.465643367183093;0.14888941574096679;-0.48512511138916015;-11.027094004003702
1478632594059;49.827005701027424;1.5574346344784225;2.773054535632231;0.49904140168895245;-0.3883095908897463;-12.017545449420064
1478632594092;49.83468312151973;1.5549558331143603;3.001093668569388;1.2388497215270995;-0.15502454836196264;-12.594997108459472
1478632594126;49.86294351244963;1.6395816118026922;2.1868036696520226;1.6947954636504872;-0.027084406280517576;-12.768127816009521
1478632594160;49.91224698394456;1.7559414661289536;0.6310516410125082;0.313490779876709;-0.0143652099609375;-11.631929636792092
1478632594193;49.95462225348402;1.7595853701841297;0.2777587684354769;-1.2419921112060546;-0.042646717071533204;-11.723507704162596
1478632594226;49.93067508544261;1.5174370896014526;2.4614521995747007;2.267757921511866;-0.15322890625;-14.37149474029541
1478632594260;49.99638324771071;1.4914208419661572;2.956772363473165;3.986046342822164;0.10773909297334029;-17.25471208953857
1478632594294;50.08732564846253;1.6997722165047442;2.1138553269513056;1.033546892636083;-0.1479915901184082;-11.440543141583353
1478632594328;50.15057286294765;1.8536524715543046;0.3381954237018841;-1.7513585463703376;-0.4966472068786621;-9.109189421136676
1478632594361;50.1800456908409;1.807525709020325;1.0260436431653923;-0.17193358845366163;-0.3039139903607487;-9.984718547544722
1478632594394;50.2016765628439;1.7366340290511477;2.7994807371758723;0.9002198242187499;-0.2992752065205925;-9.49271034384463
1478632594427;50.246527456750854;1.6527940465343918;4.562570103555097;1.04581724920962;-0.13646948549575172;-9.128492306695506
1478632594461;50.28256963559138;1.5953897379519995;5.772508762627091;1.6008230850219725;-0.07900865478515624;-9.411008431387506
1478632594495;50.34523539927653;1.6221938599495016;6.171027807502342;1.8834885185241699;-0.15472529142075217;-9.754426704045882
