sep=;
timestamp;gyro-alpha;gyro-beta;gyro-gamma;accel-x;accel-y;accel-z
1478632638155;45.693148704909866;1.0182137429996507;9.601817900213538;1.1635820068359375;0.05716156463623046;-9.208099804156646
1478632638188;45.665809988893926;1.0790870060501818;8.835637159686248;1.1079168182373047;0.04578910675048828;-9.253589233840815
1478632638221;45.62718796935037;1.0984026222396113;8.094397784594634;0.8456020988464354;-0.00239420166015625;-9.425672861757036
1478632638255;45.61622960343226;1.0807553650085358;8.015173411945378;1.1635820068359375;-0.013916297149658202;-9.717914956340207
1478632638288;45.589995892094066;1.0183548905689743;7.610184343910735;1.5170260086501948;-0.0526724365234375;-9.97783543696748
1478632638321;45.58362955882539;0.9358531898982617;7.366769274396102;1.2410942969999392;-0.14290391273222047;-9.863811409372603
1478632638354;45.58565489049329;0.8740099754320524;7.387369073474667;1.3144167068592039;-0.20530278779182115;-9.871592427770793
1478632638388;45.59075206560975;0.8322178324051571;7.444395154017278;1.4323311431884764;-0.22026655273437498;-9.739612256475857
1478632638421;45.60565293401095;0.783537616330192;7.282695785091233;1.0223241088867188;-0.27174188842773433;-9.577853939454537
1478632638454;45.61802924393348;0.8278043248389962;7.536264757898577;1.4495395224197767;-0.2738368148803711;-10.038887378372065
1478632638488;45.63166211721017;0.8760505331807158;7.744360894362582;1.421407588980859;-0.29239187774658204;-10.04622005934771
1478632638521;45.657712314849384;0.878790474826954;8.257346712347765;1.454028586600488;-0.23388357467651366;-9.357437694317474
1478632638554;45.684883477012306;0.8437630109927694;8.591669103624382;2.1529858428955078;-0.11731588363094488;-8.761730466815084
1478632638588;45.71379369865826;0.8552017004911241;7.857056317769172;1.6609774747986346;-0.127491237261676;-8.005911368615925
1478632638622;45.7491003211139;0.8220031620502576;7.114308333216635;1.4068927505493163;-0.10444704514102778;-8.721179041522369
1478632638656;45.789219802986295;0.7672365770959255;6.412878215217678;2.3261165504455565;-0.07885901718139648;-11.450419369561969
1478632638689;45.87663184089976;0.8362120780821325;4.719430140499409;1.3419500670501963;-0.21128829650878905;-13.501800987243652
1478632638722;45.93347221190071;0.841046387149381;4.433658213925087;0.38397005471494045;-0.3215712196128908;-13.581108624975382
1478632638756;45.938748844824175;0.8027242082852902;4.30884041937763;1.2892775574615225;-0.07287351759758312;-15.478813008117674
1478632638789;45.961826188658485;0.7585301445678361;4.76874036955128;0.7020996094413567;-0.040402153015136714;-15.262137757873534
1478632638822;45.96233931865734;0.7173147928804787;5.410529731257927;0.6772598128830082;-0.09157821350097656;-14.893430702209471
1478632638856;45.91027582358993;0.7340463148998245;5.2872844170976405;-0.1393126091003418;-0.34431612625122066;-12.848483209228515
1478632638891;45.87248849199346;0.7168306846332483;5.329848353797597;0.38142625198364255;-0.36795885851210913;-12.566266396276651
1478632638923;45.82670403389721;0.7357271590394743;4.987294946920584;-0.17552490921020505;-0.5002385002357419;-11.01632068105489
1478632638956;45.79237102952476;0.771705171670161;4.751322006818173;-1.1188404363770037;-0.4586392555236816;-10.00656576555781
1478632638990;45.75192752523004;0.6460422784189765;5.96002146240043;0.13991115951538086;-0.26126725616455077;-9.776423489451606
1478632639024;45.70686733544339;0.5127187056559247;6.758197800008867;0.06763619689941405;-0.1355716735729249;-9.484779733508452
1478632639058;45.64156466796773;0.2761159674221782;7.9869895485595555;-0.17163433151245117;-0.06868366240902105;-8.920047124658153
1478632639092;45.59078330628889;0.07625969826497216;8.89540415947309;1.3359645446334965;0.025887305450439452;-9.356091430807671
1478632639125;45.52595511828113;-0.061483000888701025;8.706834517502276;0.609025047302246;0.04159925384521484;-9.029282575402782
1478632639159;45.41022508208706;-0.3430625955081383;9.062841875607594;0.8113350875854491;0.27892449340820313;-9.157970914636179
1478632639192;45.310187348962366;-0.5885229170065323;9.857329760145255;0.7873930709838867;0.2736871772766113;-9.032125982135161
1478632639225;45.203988808671745;-0.8892077466164624;11.434224010542172;1.9867384925178717;0.19303250885009765;-9.385120760610885
1478632639259;45.08844731933763;-1.1782991008124162;13.07756227935658;3.411587728118896;0.18136077804012457;-9.272742774056828
1478632639292;44.95572116501662;-1.3662778034546281;13.893422988959081;4.173243131256103;0.011671733093261718;-8.391227686840669
1478632639326;44.73391395018056;-1.321229912694046;12.24642514600554;3.220350870513916;-0.3948936180557124;-3.8796541526794432
1478632639359;44.6008238789821;-1.1531632719164144;9.871997898044452;0.9774327546935528;-0.240018698164355;-1.145326219177246
1478632639393;44.44727997959983;-0.9901246719023719;8.181021466097535;0.5609914495605975;-1.1671732727935538;0.9762357269287109
1478632639427;44.29295756847086;-0.9031670668098998;7.455564075744722;1.1667244239143562;0.15786767139573057;-0.4513070129394531
1478632639460;44.09399308473301;-1.0281705172732125;9.021874658856776;2.1393688574859873;0.8770259591033682;-5.590012255914509
1478632639493;43.94840788831837;-0.9926477425015182;9.22166996701132;3.8584056129455564;0.9858125335693358;-8.012943751470743
1478632639527;43.81154639786848;-0.8648417663123167;8.418622334477192;1.6502034759963862;1.0133458252616692;-7.926603438623249
1478632639561;43.67544328325613;-0.8727958311617536;8.993527677315134;0.9757868871826678;0.8601169555442872;-8.949525586468353
1478632639595;43.530565702881816;-0.7962889427923971;9.870007759896984;3.0160955413818358;0.17806874390754382;-9.78540125020356
1478632639630;43.40262426109707;-0.6395167473784192;9.310678881567048;2.5131635551452636;0.3413233741760254;-9.570073185917828
1478632639664;43.259087521180604;-0.3889367115977261;8.609906160172109;1.7509096381256355;-0.043245262919994996;-8.839392456231637
1478632639698;43.0968977188933;-0.047871119646793865;8.008470205240188;1.8707693587372078;0.01840542526245117;-8.219144515582174
1478632639732;42.9808629900821;0.2912323070069;6.7604765925399715;0.23867197799682616;-0.013467384338378905;-7.171082884979247
1478632639766;42.91804353300477;0.44473727706441635;6.61234233526151;0.8598176712036132;-0.07811082730742563;-7.263409578759968
1478632639800;42.85737438468243;0.5726181448543933;5.910927301961152;0.31438860549926756;-0.11731587678107898;-8.126069779913127
1478632639834;42.81729740740243;0.6637058802291569;5.706236162904853;-0.0028431144714355467;-0.20919337005615232;-8.229170527295024
1478632639869;42.76274804745174;0.6969270334019638;5.5722094417753665;-0.35568858413696286;-0.125097040168097;-8.64830538236089
1478632639903;42.72240795645351;0.6590270771383924;5.9953112611940504;0.2840121719360351;-0.08409633559627691;-9.632471610027924
1478632639937;42.64567713898545;0.7139146106561117;4.3257142528438255;-0.7658451829772442;-0.4085106491310056;-10.579378293554484
1478632639971;42.59237568479847;0.7179511789454719;3.531145993779088;-1.0559924966674297;-0.21996727752685546;-10.993724964495748
1478632640004;42.54500303944815;0.5488338711234648;5.2449507403751126;1.8716671478271483;0.0028431144714355467;-12.218508897399902
1478632640037;42.50472377464015;0.47599725925786096;5.751217155065252;1.3934254027435555;-0.021098902130126954;-11.764957320404053
1478632640071;42.46626294665111;0.3339382982964959;6.452395688264272;1.7851766128540039;0.018854338073730468;-13.325677819879353
1478632640104;42.467996815585025;0.2838239343599818;6.918611822856548;2.941276739501953;0.029328965770336796;-13.730297315923869
1478632640139;42.365281306858755;0.10853102822686496;4.677007206850098;6.790554677813872;0.34775780826236;-20.103063292583823
1478632640174;42.483101138938345;0.38363019038946805;2.7611409018720576;2.2777836409637704;-0.021996727752685546;-16.77048480377197
1478632640207;42.599686038368326;0.5739517956929419;1.0328169827795521;-1.096843635559082;-0.3058592620849609;-9.660454262056108
1478632640241;42.601122366517586;0.5695894105592957;0.2450362738212058;-0.7282861809661612;-0.032172084808349606;-9.302970081472955
1478632640274;42.67986785524818;0.4589062971881211;0.8955947818122277;-1.0238204849243164;0.0032920272827148436;-7.9783774650022385
1478632640307;42.67703648614352;0.2732825294450992;2.526811506580559;0.49739540403061544;-0.017657237243652344;-7.619846204785257
1478632640340;42.73378279144773;0.021985193962520005;4.624180286038508;1.859097589111328;0.2709937024068131;-8.237998999786376
1478632640373;42.79727240954475;-0.18067496378996803;6.065913558158587;2.6325743629455567;0.18435353468189714;-8.4187610789977
