sep=,
timestamp,gyro-alpha,gyro-beta,gyro-gamma,accel-x,accel-y,accel-z
1478632362425,61.91825251065536,1.0258277792419939,5.599883864987911,1.114051941725146,-0.2829647087097168,-9.847051997751509
1478632362459,61.94749466365586,1.0705859961057658,5.628214319210256,1.0926537461211905,-0.24824878920402843,-9.856030263110249
1478632362493,61.9832274265515,1.0945658131847562,5.552809098408157,1.0856208335434085,-0.18166005952668782,-9.760860993856916
1478632362527,62.009626373057074,1.0981445036400599,5.436228907001745,1.0322001816017088,-0.17492635308694443,-9.771335595152998
1478632362560,62.0371985633211,1.1017043521105214,5.3055140827740885,0.9154828712186892,-0.18480244949105398,-9.765948584335431
1478632362594,62.06497068094462,1.1050979113078643,5.241450067447328,0.9018658304394194,-0.19677345179820258,-9.778518278906924
1478632362628,62.0933185781054,1.107341296879689,5.219145356902711,0.9178770317796501,-0.20231004370813607,-9.88027147272094
1478632362663,62.12478076083143,1.1182627178059075,5.188212622118121,0.933588982457714,-0.23478140029907224,-9.909451106848195
1478632362697,62.17162855843741,1.1267129620973826,5.123177030555699,0.7755716637542471,-0.19572598543236236,-9.952546919394099
1478632362732,62.18652897903525,1.124200436915556,5.146216266347753,0.8939350277361751,-0.19333178805337228,-9.968408067001215
1478632362772,62.247174575372,1.1077416760019936,5.077057843813401,0.8708908835645881,-0.13302783430900889,-9.713276290517532
1478632362806,62.27557795488512,1.0970417602053746,4.953816270310897,0.8022071983226807,-0.14260463181647937,-9.252990793023631
1478632362839,62.315956887314066,1.0755639132610981,4.922340595174273,0.8418611690272402,-0.10908582227402366,-8.95326667269282
1478632362872,62.328223768522946,1.0676735845211167,4.957054922180969,1.1736077262878417,-0.12494740370598155,-8.936058421325683
1478632362906,62.3660692570813,1.0619016121828,4.517182285596913,2.13248549118042,-0.10384849700927734,-9.185654236657918
1478632362940,62.407224342113906,1.09146377686013,2.900214513496387,2.202366179070994,-0.17866729489340505,-10.728716914367675
1478632362973,62.49232833277899,1.2386174470898537,-0.7456349358391667,-0.9425672843490727,-0.6151601890563965,-12.87377225652486
1478632363007,62.51669428988561,1.2418552310622886,-1.0118345463761917,-1.6078560706649907,-0.7627028480972163,-14.161253907012938
1478632363040,62.53616603882854,1.1824146056298195,1.0358850039464393,0.6911760917663574,-0.5138555313110351,-15.447538748931883
1478632363073,62.55384183873918,1.1662954081697032,2.6905153809557576,2.5302222419738767,-0.4918588035583496,-15.064765758514403
1478632363107,62.60966440365648,1.231900152714521,2.7378606549892126,1.1311106833526865,-0.40761283264160153,-13.950713798522948
1478632363140,62.64213148806748,1.3415763021729776,2.012669547714045,-0.3227683113098144,-0.21592706679191906,-12.389993591308594
1478632363174,62.679120939044665,1.414157009281163,1.8748692750814318,-1.7606360823700204,-0.14335281526870094,-11.016170605059713
1478632363208,62.68844028506429,1.4218215174684048,2.5258691156736446,-1.1819875051636248,-0.21143793411254883,-9.880870132733834
1478632363241,62.68689556973018,1.377019792066024,3.312424801891276,-1.589001677792333,-0.17926585387077648,-9.204508026742376
1478632363275,62.68715885843695,1.2311823297445061,6.196623167307795,0.38307226562499996,-0.22565350875301518,-8.98124919685684
1478632363308,62.70327667714722,1.1365243855608476,7.573622530017439,0.6298246011596172,-0.07511808622055687,-8.806921023150533
1478632363341,62.70406879564291,1.0330170845117455,8.758939957395393,0.9379285368988289,-0.18614917565221548,-8.62825379732661
1478632363377,62.71582898385752,0.9651664552460582,9.207458703107259,2.035221048736572,-0.06299742204970679,-8.975263254315033
1478632363411,62.7216914443759,0.9272439054383803,8.563950709202183,1.176151620350685,-0.03366846084594726,-8.628553072534128
1478632363445,62.73364159619304,0.8681452598375139,8.579948136949318,0.6760626937866211,-0.026036943054199218,-8.742128013787791
1478632363479,62.75581496395926,0.7679380871410629,9.293983786169333,1.3651438043014146,-0.022146365356445312,-8.766219741058348
1478632363512,62.79881240297567,0.6072280719144084,9.703556714020891,1.3464391768966801,0.0037409400939941405,-8.528894647625833
1478632363546,62.818825880311756,0.5265177248778897,9.702903201943085,1.099387474822998,0.034715924072265626,-8.495824883325398
1478632363580,62.844146272792194,0.4206195782094627,9.782350728584479,1.3013982398986816,0.06808510971069336,-8.683320800836384
1478632363614,62.8680068928232,0.329303314315531,9.668856460556972,1.465251416015625,0.04279635467529297,-8.885181709112599
1478632363648,62.88541894757068,0.2287742187029241,9.238592355375232,1.4727332688041497,-0.02498947982788086,-9.054272201361135
1478632363682,62.90733664383675,0.17386605984531533,8.791905436974982,1.518672035991284,-0.16549919204158942,-9.439738522515817
1478632363716,62.92685533138769,0.11456995146020142,8.073767956179662,1.7943044336181133,-0.21428104173411847,-9.669581900157127
1478632363751,62.95014457668317,0.10226694621379227,7.300068179709128,1.415422075697314,-0.18510171014260848,-9.724648436734377
1478632363785,62.971545506394506,0.09269578982927223,6.535442485667011,1.4818611900329588,-0.27099370954209007,-10.07120939304512
1478632363819,62.99587474419877,0.06147567354270399,5.263528941399383,1.2478279777526855,-0.2545335662786499,-10.17386078922432
1478632363853,63.00233371733013,-0.025388600223406464,4.575394773957171,2.1306898399353025,-0.07152677231387933,-10.610054221520945
1478632363887,62.99659033075864,-0.041979674837260124,3.6570846274939095,2.578555187988281,-0.2223614711955015,-9.595960473101957
1478632363921,62.997423715861885,0.02199452297907529,1.1616451336783473,2.2135889993529765,-0.528968934998993,-7.091326334436237
1478632363954,63.02016983696016,0.23924465398680003,-4.585331426021838,0.34745851593017574,-0.47704467165297826,-3.4070986000061034
1478632363988,63.025422976132106,0.43488029748047985,-8.960971037692747,-0.060603229522705075,0.031124621582031248,-0.8729857803344726
1478632364021,63.00574520692717,0.45525429493560643,-10.949352853674304,-0.9516951599121093,-1.311424014149513,-2.5737667846679684
1478632364054,62.98752872018651,0.37625076245014377,-11.342125634984145,-2.6708815895080567,0.02858078231811523,-6.25679712600708
1478632364088,62.906878172338494,0.26251888873589707,-9.328879339056495,-0.04638765716552734,-0.05431845073561708,-7.379378429412841
1478632364121,62.87002549703313,0.24834881150998803,-9.315417159960438,-1.374571064669825,-0.25034371109008785,-7.11227530670166
1478632364154,62.80277791212699,0.19275387598644506,-9.082200622259952,-2.222267980371043,-0.18540099562492687,-7.887547439520061
1478632364187,62.73131765077769,0.16410818561158588,-7.977345126666345,-2.2189760261535643,-0.09980827942447504,-8.349927927398682
1478632364221,62.61968509554889,0.08851489092109006,-6.5528296701128665,-2.663998259735107,0.02229600181856076,-9.528623058219718
1478632364254,62.53034225156312,0.018154296375953876,-4.865955925497765,-1.324143192202784,0.30750526202658657,-9.991901389987207
1478632364288,62.436944702207484,-0.0069035220371594,-3.669558804199377,0.04863222122192382,0.5125087771795879,-9.948207392352446
1478632364321,62.34755641475689,0.054342926027978626,-3.919909043975874,-0.32995091629028317,0.13063362579898674,-9.471312349170073
1478632364355,62.28641443446739,0.13858004880996597,-4.908249541710426,-1.7733552421569823,-0.1984194557355833,-8.915408505072072
1478632364388,62.229787679486535,0.18118550484822019,-4.468033048300617,-2.256984050573781,-0.3079541931041749,-10.113257669299468
1478632364421,62.15970773237275,0.2592975378825557,-4.167018247633832,-0.34476500252988185,-0.6920739265220704,-10.543914692920072
1478632364454,62.10022285882385,0.429004239790817,-5.48012299855949,-2.0575170516967773,-0.2868552864074707,-11.028890093640237
1478632364488,62.02772875818729,0.7685445364008121,-8.126027791782434,-1.5864579115936532,-0.002992752075195312,-11.208305434417724
1478632364521,62.011890291802146,1.0654197226763342,-11.634480802491455,-4.338742321014404,-0.2522889953723876,-11.469123485510051
1478632364554,61.98163657352516,1.3341451007507994,-13.937738198794921,-5.840804733685403,-0.40147769088745117,-12.109722651727497
1478632364588,61.91725180233207,1.5611991774047345,-14.646562572300073,-4.163965599822998,-0.3414730163463624,-12.201749485778809
1478632364621,61.791012917155264,1.7753647849788619,-13.718727672470798,-5.111021847888082,-0.21068974609375,-13.452719853210448
1478632364655,61.681829371374796,1.8772405039451263,-11.11509831193346,-2.858078231811523,-0.1479915901184082,-13.429376387023925
1478632364687,61.5697611487194,1.9369412844890503,-8.278488385882081,-1.8692729461669921,-0.03935467152250931,-12.914922305297852
1478632364720,61.47993171995154,1.9478380154413157,-4.785506188089052,-0.4100069977691397,0.09202712631225586,-12.821398802947998
1478632364754,61.42753648657122,2.0130372210858027,-2.0075781352091333,1.140238504116796,0.3203741461822763,-12.999318206079304
1478632364788,61.36570060665279,2.2264680974135755,-0.41427039802237936,-0.11671733093261719,0.08798691101074219,-9.863063216787227
1478632364821,61.31635621254637,2.362510137578736,0.31960431383436505,-0.07960720063361805,0.001197100830078125,-9.236530802740528
1478632364855,61.26404647346995,2.474780513145179,1.190565956785844,-0.29074584583891555,0.01062426986694336,-8.868572008160502
1478632364888,61.18444473017,2.5056738426357477,3.1152732125548517,0.5045779953113524,0.03007715835571289,-9.854833358642994
1478632364921,61.133421981946306,2.5925772860982876,3.9776254134745423,0.5969043739982415,-0.02424129180908203,-10.19166748140864
1478632364955,61.0880818903713,2.551235911434823,4.3554299807013575,0.5481225425720214,-0.10190320816040038,-10.403404617663472
