sep=;
timestamp;gyro-alpha;gyro-beta;gyro-gamma;accel-x;accel-y;accel-z
1478632011124;75.59672182751326;-0.07995708813197154;-2.6432449602623254;-0.20919338832246137;-0.0945709678594605;-9.812186879033478
1478632011158;75.52276168845735;-0.19261317093932784;-2.8577916037956;-0.14619593887329102;-0.07616554488029796;-9.955389522408879
1478632011192;75.48173956911451;-0.26060344954283343;-3.187450791674391;-0.45280338897705075;-0.05521627578735351;-9.9812771931855
1478632011225;75.43532333131715;-0.3342128267459344;-3.6236264082711642;-0.6774094002544181;-0.02289455337524414;-9.89852729691225
1478632011260;75.36375934597844;-0.46926595672939353;-4.178375031120566;-0.8644564095207024;0.0076315223583253095;-9.765050886577036
1478632011293;75.31513714562752;-0.567959996622147;-4.3690093960211565;-0.8883984535217284;0.04474164809074718;-9.846453456469625
1478632011327;75.2652899845766;-0.6698482170246732;-4.436162182654282;-0.8895955634849612;0.06299743118286133;-9.916035344076715
1478632011360;75.21551806579426;-0.7723346611864376;-4.489763449903894;-0.8574234512771479;0.11716624146060785;-9.901669997118459
1478632011394;75.16729922734784;-0.8680096997539684;-4.596392036004745;-0.885555375582911;0.12719196319580078;-9.849446240510861
1478632011428;75.11564265232417;-0.9587679266648438;-4.709960247517485;-0.8996212646705564;0.13198035738295874;-9.875633209327887
1478632011462;75.06350452436384;-1.0470723143847749;-4.8059517516737635;-0.828842716908094;0.15652092668284895;-9.872041395380998
1478632011496;75.01204883156633;-1.138090374063854;-4.862177003139128;-0.82046301452248;0.20245966989545267;-9.902118873397121
1478632011531;74.9386611478793;-1.271569336703349;-4.839701700811739;-0.7995136826390982;0.2539350227134768;-9.856329465252532
1478632011566;74.89464938450726;-1.3553947222448128;-4.72030662999998;-0.7037456778816412;0.2805705116161378;-9.916483873295505
1478632011600;74.8576130208238;-1.420045735318218;-4.633369406331266;-0.6652887680496089;0.26231472395744637;-9.974842483962885
1478632011634;74.81034259247147;-1.4575931658243089;-4.746174858410709;-0.7206546814407222;0.17462707445449194;-9.929651909361127
1478632011669;74.7842549414948;-1.4463881859230032;-4.876677461401062;-0.7119757460884284;0.10908582227402366;-9.920973120139307
1478632011702;74.76608173815539;-1.407523418525107;-5.009290771943269;-0.7670423751388676;0.06209960556030273;-9.942969564764201
1478632011737;74.75040501863947;-1.3487539361398118;-5.164769782227366;-0.8001122947029303;0.04608838195800781;-9.89179374174038
1478632011770;74.72205026798008;-1.2196228943471328;-5.578416156402442;-0.9081506400509038;0.11237784042358398;-9.931747164607327
1478632011804;74.71094889766786;-1.17685114510682;-5.794333349515491;-0.9690531310813967;0.20141221227590117;-10.007313862245063
1478632011838;74.70059302770046;-1.144189048682117;-6.091247076133057;-1.0064625000552971;0.246602775562671;-10.012102265565376
1478632011871;74.69148151301233;-1.1208312248372603;-6.616870220146518;-0.6202479041168466;0.28161797027587887;-10.194660123885981
1478632011904;74.67434765714583;-1.0352904149346165;-9.171425553562301;-0.23956980361938476;0.26440964584350585;-10.630404862567037
1478632011937;74.67430139378888;-0.9948219076046615;-10.630733932715081;-0.08230068206787108;0.2593219673156738;-10.79680180488266
1478632011970;74.73271082519302;-0.8100193237898293;-20.722058475369327;-1.5915456997193396;0.28311434631347654;-10.894814508410542
1478632012004;74.80129435109932;-0.7125338124530141;-27.95195081641777;-4.5359645731719205;0.3113958625572268;-10.544662954004108
1478632012037;74.8695805896836;-0.6303257650384851;-34.80647357018091;-7.851185940197855;0.29134442365341817;-10.610054294586181
1478632012071;74.9083967173892;-0.582536329134994;-39.48065321998425;-9.763853353063762;0.5768529533607419;-12.040290803582966
1478632012104;74.96805844121664;-0.4912885882827075;-42.41977962168001;-10.629058270263672;0.18480244064331053;-11.59751254953593
1478632012137;75.04190399009622;-0.3773516656826299;-45.4700535151699;-11.399991497094929;0.10848726272583008;-10.542268752343952
1478632012171;75.11244125762619;-0.25850862590495677;-48.89864967898742;-11.513266870880127;-0.05895722044792492;-8.854356143542379
1478632012204;75.27495855638324;-0.17726220171914533;-51.83985090558376;-14.184298097991942;-0.3787327842491213;-7.025635207189992
1478632012237;75.30406237433263;0.005209337331487892;-54.513051789748154;-10.516081879425048;-0.17582419083947387;-6.771699974413961
1478632012271;75.40130758972832;0.3439638797356298;-61.67761697824875;-10.793659488268942;-0.33533787002563475;-4.4219408104385245
1478632012304;75.51862510876161;0.7332863506809689;-70.08957729709809;-9.989656789398193;-0.22535423126220702;-2.4269722953796387
1478632012338;75.57896703106417;1.0213837738398575;-76.13067059018509;-9.041852061053365;0.04534019393920898;-1.603666199493408
1478632012371;75.64936661367238;1.2992157838959977;-81.88466206043584;-8.66641116708964;0.042048166656494135;-0.43364970263056457
1478632012404;75.72570764757799;1.5696322456748084;-87.00982145772541;-8.136843979644775;0.1301847152709961;0.07212532501220703
1478632012438;255.78643114656919;178.17220628877763;87.91210467509157;-7.555950655718893;0.25423428878784177;0.7778162643432617
1478632012471;255.85976712653363;177.93115631666072;83.0784017270674;-6.990320659637451;0.23388357467651366;1.3256395591072272
1478632012505;255.91910434686147;177.73296554153794;78.89570497424357;-7.050025771276652;0.10743979949951171;1.7016788482223637
1478632012538;255.97970285410955;177.54305331318912;75.62854147258459;-6.825420020294189;0.018555062866210937;2.1954829588958993
1478632012571;256.0656875105207;177.29963020352403;72.5792679524754;-6.8071639403745525;-0.12120645904541015;2.755426817366015
1478632012604;256.10309151986735;177.1306383615869;71.36131233018389;-6.131550159399211;0.019303250885009764;2.337039949389547
1478632012638;256.15278382522627;176.95619640559008;70.34671986311072;-5.03081623840332;-0.021398177337646485;2.1704935156006364
1478632012671;256.2218236605491;176.7432735863047;69.2230853918305;-4.8835725440427655;-0.14694412689208983;1.6660650802612305
1478632012707;256.25737073077795;176.62928441901505;69.33837271308927;-5.349245059204101;-0.24256255569458007;1.358559804534912
1478632012737;256.30880139141;176.51581450652557;70.5696055006596;-5.9397150436401365;-0.4429273162620608;1.1195885513305663
1478632012770;256.3677129496334;176.41440818973538;72.31571399677856;-6.686855599212646;-0.7386111847587395;0.6594530658997595
1478632012804;256.43796764321496;176.3360458515192;73.63290373530275;-7.359776049450785;-0.9126397270645015;0.9448119762696325
1478632012837;256.55639670663373;176.20267236110612;74.03072360921273;-10.156054097039997;-1.0580874961853026;1.66486783330068
1478632012870;256.6193754883335;176.02750825031796;75.00180853232571;-9.9320463484833;-0.7739256775123532;1.6415244401793927
1478632012904;256.70448683330403;175.92108818556628;76.1614571838705;-7.643787929125875;-0.5722141693778802;1.4571710584778337
1478632012937;256.82672354792476;175.8008571245263;77.71194016986229;-3.4084453384399414;-0.534355883026123;0.5183446594238281
1478632012970;256.9112391667714;175.80056787754276;78.5008086955343;-2.831293100738525;-0.6910264747121952;0.5669768806457519
1478632013004;256.98966063909205;175.8645512251959;79.85296699155657;-4.478952755737304;-0.6627449196525383;1.0015244819641114
1478632013037;257.0888941520485;175.97902591842723;84.4013542851271;-6.819733791351318;-0.7570166556869633;1.2856863280365243
1478632013070;257.1622072196511;176.00578587584616;87.94857228805091;-5.812822355651855;-0.20620065451357514;0.712424631500244
1478632013104;77.20298453819431;3.9104923459142085;-89.84747467097138;-6.0984805412292475;-0.5092167290618643;-0.03127425861496885
1478632013137;77.27399512182909;3.8022927078738693;-86.65594541468387;-9.140912373938038;-0.9998784317901357;0.4171896392822265
1478632013170;77.2995615121488;3.6820324256643104;-82.6417689986037;-8.186673301696777;-0.949300921719335;-0.30092122116088865
1478632013204;77.33725724189546;3.5210004604636347;-80.1092363308385;-8.711751653289795;-0.7809586540222168;-0.7688380081176758
1478632013237;77.38510745864187;3.3421417229487873;-78.25832597927183;-11.289558507128804;-0.5038298209922853;-0.5609913764953613
1478632013271;77.3773215001432;3.174190134884504;-74.94366296127713;-9.656264244754054;-0.5419874070969148;-1.8830396057128904
1478632013306;77.42502884388526;2.875478238877014;-72.19013257767637;-10.387692596203461;-0.7050923706497065;-2.3506569713316856
1478632013338;77.42315659912506;2.7429629460794223;-71.51977937781561;-11.946168750818073;-0.5705681648696772;-2.6409540687561033
1478632013371;77.4548517038649;2.5080938826319903;-69.17548881003049;-11.045200300189107;-0.26021977467192337;-3.3057938874618147
1478632013404;77.46549821601114;2.2096953534075383;-67.47581352567524;-10.912172616577148;-0.07990648040771484;-3.9700351740187965
1478632013437;77.45946894392796;1.9401953402512928;-65.98670694318784;-12.631059770965576;0.007781155395507812;-4.7459061677794905
1478632013471;77.47135459269617;1.4700032457215295;-64.11775246389007;-12.577489216558634;-0.09606734161376952;-5.172373265429586
1478632013504;77.43989885274728;1.0326060211802728;-61.183803338432874;-12.66023910369873;0.07481880187988281;-4.889708032856788
1478632013537;77.36198953417848;0.7470238710935287;-57.47342188099336;-11.897236962127685;0.06329671552353539;-5.2632036590920555
1478632013571;77.33141282330911;0.6198804186173371;-55.17649601240669;-12.023381754358113;-0.019602526092529295;-5.6045269536383895
1478632013604;77.1287325716061;0.17612784116796576;-45.49378031969485;-11.28357344136983;-0.7571662818742799;-8.94189399561137
1478632013638;76.9747110786161;-0.08487069848001619;-34.061492621915384;-8.26179137878418;-0.5380968196951842;-11.977891338293254
1478632013671;76.92413170508802;-0.1480675900803655;-29.630795388785632;-8.13385122756958;-0.29059622193488754;-10.185382628985494
1478632013704;76.8151214744275;-0.22851865336950825;-19.60235200678134;-5.296722260284423;-0.03441664886474609;-7.622988740594685
1478632013737;76.58410217759798;-0.4560492536810846;-4.566923824363262;-0.5295674614395015;0.04234743958072504;-7.235876259668171
1478632013771;76.45794446353892;-0.6348273998497164;4.775721090917813;1.9020435813903807;0.2742857276916504;-8.03090055618286
1478632013804;76.28720139150768;-0.8779800740867577;16.19276127272337;5.09291569783315;0.16115970381584482;-8.990975275775044
1478632013837;76.24293702992709;-0.9451018022158896;18.576958472570436;5.456385583496093;0.010474623130029066;-9.295039281623822
1478632013871;76.17620723674129;-1.0741681553030578;21.649922008067225;5.655104321289063;0.021098902130126954;-9.750685316998139
1478632013904;76.16761136248951;-1.0956980976716044;21.63465762561219;5.461922028704732;0.062099596427148206;-9.712079253619537
1478632013938;76.13028808865826;-1.1169228467911125;19.101942824620526;4.351312025860697;0.04055179975205101;-9.29309393569273
1478632013971;76.10860156787011;-1.1238564495160346;15.964402938875422;2.4368482310973105;-0.015263035583496093;-8.969128222158737
1478632014004;76.09868097774715;-1.130213722822552;15.319523717244321;2.411709369393997;-0.010175357055664061;-9.21842478054976
