sep=;
timestamp;gyro-alpha;gyro-beta;gyro-gamma;accel-x;accel-y;accel-z
1478632642723;45.88153616783625;0.27243720297753715;11.147637582788985;1.8983026382995702;-0.017657237243652344;-9.695170163295487
1478632642757;45.8718910594245;0.30403272312583346;11.049890053645658;1.8767548092303157;-0.02469020690364996;-9.565733604077248
1478632642790;45.86286570516969;0.3371876671918677;10.944989282809322;1.777994044406153;-0.026036940770910587;-9.533411717268358
1478632642824;45.854917531095154;0.36531480406481487;10.960779248767157;1.8570025953016767;-0.029927518468664493;-9.52757587812119
1478632642857;45.84700657785076;0.3935662905866017;10.978958037934033;1.8962077856256974;-0.022146365356445312;-9.489268478028755
1478632642890;45.8398140068415;0.4172152121180812;10.925170031378382;1.8706196868841185;-0.030226795959472655;-9.551068726183148
1478632642924;45.82794388095984;0.4521909108811023;10.718341358167438;1.788917484449339;-0.021996727752685546;-9.588927432660013
1478632642958;45.82062487697831;0.4725229496290003;10.50973708650509;1.6469114030478986;-0.027533323658374135;-9.627384051372745
1478632642991;45.81106168540298;0.4863724336964474;10.345319322111859;1.5836147057906724;-0.02738368605461437;-9.648482919538953
1478632643024;45.79745936127804;0.4938336844020574;10.32088054708437;1.5744869032928719;-0.024540571583178825;-9.446172775080706
1478632643058;45.79077860090811;0.4893214246965074;10.397651237592624;1.7552490589943655;-0.03007716292229015;-9.286509470135346
1478632643091;45.76466020848956;0.5214233877241639;10.487972402836979;2.6363152299743144;-0.02229600752678234;-8.244582908221334
1478632643124;45.743988136546974;0.5999650908090851;9.233223711239678;3.934122240447998;-0.030077153789135627;-9.213785667773335
1478632643157;45.74629112552018;0.7616004396310827;6.669472290172378;3.9396589779175817;-0.02693476867675781;-11.385925270080566
1478632643191;45.78806077416177;1.0425996962711084;3.041854667957097;1.211765315246582;-0.09666589202880858;-12.108375767163187
1478632643224;45.79389903085251;1.2102898942752467;0.6307734447237426;-1.949478747447999;-0.27623102110710457;-12.32475188833028
1478632643257;45.77018593432045;1.1545467202729456;0.8068829671801389;-0.8083422989776358;-0.2548328346363036;-14.580089852197467
1478632643290;45.74356445110151;0.9815183436001708;3.3422388103964784;1.2987047630310058;-0.08304887008666992;-15.677082833099364
1478632643324;45.7434593837264;0.9537941582182106;3.859717581761826;-0.5165490081787109;-0.20964228286743164;-14.305653902380168
1478632643357;45.73917873296038;0.9060933151860451;4.401078212638318;-1.294065997314453;-0.3446154014587402;-12.917465852300822
1478632643390;45.70051299015209;0.8288122274656723;5.331710532949399;-0.8075942205566913;-0.20575170516967772;-12.268637202398478
1478632643424;45.692604778840334;0.7058016804072049;6.505193715699485;-1.224334800897166;-0.15038579177856445;-11.2689088100709
1478632643457;45.628960274313556;0.5090659641461122;8.704256336337522;-0.5587468124389648;-0.11596914519710698;-10.346691892773284
1478632643491;45.62326985292308;0.17574148301399864;12.224679947970234;1.5107412475585937;0.05042787018375238;-11.21922912562266
1478632643524;45.59642224121726;-0.06661651454231564;14.86605563015705;3.2983120620727537;-0.09023147278385003;-10.70447547642812
1478632643558;45.54199286603518;-0.24215063695021594;15.882817908456257;2.957287944837939;-0.10175356599006335;-10.175356909533589
1478632643591;45.50517870812057;-0.2670861272534389;15.290251542372742;2.406771109274216;-0.03127425918579101;-9.690381399215571
1478632643625;45.45290393280722;-0.24996899945133835;14.439384094637555;2.0551228865692392;-0.0625485229381593;-9.007734577798285
1478632643658;45.38583363847066;-0.274316402852109;13.887209058112314;1.5677531745910644;-0.07062894440803211;-8.368632773999124
1478632643691;45.354339468804284;-0.3451175778687149;14.219213875019955;2.0630536430358886;-0.055365913391113276;-8.106168270874022
1478632643725;45.2962609681076;-0.3951216833513461;14.147862813175687;2.6086323098113757;-0.076614453125;-8.030900263921916
1478632643758;45.23103465288058;-0.3953036438358774;13.178101880983096;2.738218474667333;-0.0474351203918457;-7.84759463770762
1478632643792;45.15343749736573;-0.33302018349005963;11.24694553333089;2.2014684447799806;-0.0752677146911621;-7.4108023262023925
1478632643825;45.033670203516216;-0.2260192034569095;7.995158533496997;1.589151406727638;-0.06973112791862804;-6.539013354437053
1478632643858;44.95295506714033;-0.16938598652781012;6.004876123920148;0.9856628685661125;-0.034267008977697695;-5.684732274572551
1478632643892;44.87882894162466;-0.16933232543867663;5.215368458613808;0.40506895684506744;-0.18210897290878927;-3.3358711006164548
1478632643925;44.750118800702964;-0.40214501545418496;7.021244353483403;2.3324013298034667;-0.11507131272468249;-2.2756886779785157
1478632643959;44.670428117417785;-0.5496810279426576;7.941195251046068;2.5546131713867184;-0.042945992279052735;-2.173186919403076
1478632643993;44.60341050298211;-0.665018992376914;8.151076020849496;2.71337866897583;0.07047931593742687;-3.827280991363525
1478632644026;44.52588058991864;-0.700107395576917;7.476209230675723;1.993172882080078;0.37484218828505833;-5.711218714959919
1478632644059;44.44831700181843;-0.7308652289589036;6.979918197335228;1.1996446967415044;0.3094505645751953;-6.433369498443603
1478632644093;44.358007757825675;-0.7823336408750112;6.751288154014144;1.3109750282729975;0.13063362665522;-7.909095838983356
1478632644127;44.21371787848153;-0.7930467018850803;6.53179329923107;0.8943839759384281;0.07975683823737781;-9.214983170462213
1478632644161;44.11317523839838;-0.79330378353614;7.059835400107357;1.3284826187797356;0.22610241928100586;-9.304316600711084
1478632644194;44.02006742454461;-0.7830603643060354;7.193645510270356;1.6994342658996582;0.4409820274131838;-8.307879614611714
1478632644228;43.885364237641404;-0.6411795371194268;6.487074699961709;-0.13991108645014463;0.24016835403442383;-8.132354997662455
1478632644262;43.79558430240673;-0.5641327415580535;6.501449019436811;0.6941688438415526;0.16415245132446288;-8.471733229120074
1478632644296;43.702217510243024;-0.4796624556767388;5.873492531729202;-0.20305822830200193;0.07212532729549566;-8.768164883776754
1478632644330;43.57589490106097;-0.39814911546819787;6.066093288593452;0.4212298545837402;0.08589198569974978;-8.798092696789652
1478632644364;43.499666222272694;-0.3492431337776557;5.752700852296666;-0.1352723937988281;0.1236006607055664;-8.891466196209564
1478632644398;43.43285869695206;-0.34517083849226987;6.239575899087725;-0.02079962692260742;0.34611178206291515;-9.048735390826314
1478632644432;43.411440629397994;-0.34834595827028364;6.413991459691658;0.29074586410522457;-0.020649989318847654;-9.321973947552591
1478632644467;43.333387332239624;-0.34779680297233906;6.888175510518948;-0.06973112335205078;-0.011372457885742187;-10.38290433901362
1478632644501;43.28703768504538;-0.3358599328814697;6.455469607331054;0.46851533737182616;0.2798223190307617;-12.269235752813517
1478632644535;43.26743610975404;-0.257170327181247;5.582441057660478;0.3794809996673837;0.22894553831901865;-12.463016741943358
1478632644569;43.25545376728455;-0.21183700155080604;4.53105412132852;0.38756139373779297;0.26321254729671634;-13.636175555419921
1478632644603;43.22877950707829;-0.11073077546782166;3.6621041693158105;0.05835862893369048;-0.0040402153015136714;-13.463643398284912
1478632644637;43.17532573164493;-0.1255673497680357;4.8622434270163035;0.987608148281835;-0.2172738029424683;-14.178911144256592
1478632644670;43.115284851436;-0.2408097286129586;5.7567604887008335;5.776759693145752;-0.16864157487067857;-17.182586764526366
1478632644704;43.17034813574945;0.07391017563548703;4.509134797619001;2.676418107781932;-0.030526071166992186;-14.880112955474853
1478632644737;43.20006966650686;0.23106387095758318;3.9685897888417303;0.3737947341918945;-0.1669955703624757;-9.986365054376423
1478632644770;43.270381199355384;0.42465568810655796;3.5834394925633286;-0.20814590682983397;-0.07646481609206239;-8.436867375183105
1478632644804;43.29067118478714;0.42045300543037706;4.044496189651904;-0.4843769233703613;0.0676361923328368;-8.61792887573242
1478632644837;43.299292160761254;0.38828474268407936;4.744969135925862;-0.12255319747924803;0.06329671095695812;-8.761431556933745
1478632644871;43.3435692621327;0.2763354414959339;6.83441468940067;1.9737199935913086;0.2786252045009518;-9.543736803259327
1478632644904;43.39731667390873;0.2317374020946836;7.535083899902501;1.5460557220458984;0.28745384138908703;-9.860370182877546
1478632644937;43.426245365782904;0.22853182704892455;7.895874726926829;2.1820155380249022;0.06988076552238781;-9.97783541870117
