sep=,
timestamp,gyro-alpha,gyro-beta,gyro-gamma,accel-x,accel-y,accel-z
1478631864062,71.38182094736592,-2.1283181348195725,-5.553340213528473,-0.9114426490673097,0.2882020202747313,-10.165331628473103
1478631864096,71.31459400198081,-2.1600208267924383,-5.815773170794555,-0.8993220259956549,0.28221652069091796,-10.19525907615982
1478631864129,71.24950876904215,-2.106611138087351,-6.1700538721440665,-0.971746598815918,0.2844611030136235,-10.149170401940866
1478631864162,71.22486115008049,-1.9957062071607872,-6.3504564528298415,-1.0775403943780488,0.24570495450668967,-10.04232924418794
1478631864196,71.21368906673388,-1.87256044619662,-6.4300694380582755,-1.1348516051803714,0.22071548381196335,-10.049960597582906
1478631864229,71.21614965639985,-1.6801154102805318,-6.3034335488505535,-1.0945990452448662,0.21323358992424327,-10.028712039582711
1478631864262,71.23171567710135,-1.558925141926646,-6.070515833349719,-0.9665092826843261,0.18884266507797873,-10.072556131478958
1478631864296,71.26033947037834,-1.4265879667934975,-5.850968523136229,-0.9337386520275147,0.17148470304184593,-10.081534497302398
1478631864329,71.30101592446702,-1.28432828610524,-5.677259542359359,-0.9895534416972892,0.15607201615485827,-10.022576989160106
1478631864363,71.34990574889707,-1.1506843266832214,-5.433608438313387,-0.9083002845045295,0.1577180297962157,-9.952546663665771
1478631864396,71.4118058007251,-1.016414339351916,-5.075911996096283,-0.7713818291152827,0.10220249250107444,-9.801262952649815
1478631864429,71.48256297572891,-0.8749947723361645,-4.767147838586378,-0.7294833274620119,0.06239888076782226,-9.645789831686578
1478631864463,71.59448527631409,-0.6736260060859601,-4.442817934282871,-0.7308300316465203,0.022146365356445312,-9.720309225928201
1478631864496,71.67264675483119,-0.5424299681350213,-4.234126452783597,-0.7130232161646126,0.019003975677490233,-9.703400176703347
1478631864529,71.79383109927404,-0.3940264678272227,-4.0313269957574285,-0.5556044318931642,0.07167641334257205,-9.612869065669086
1478631864562,71.87980109196599,-0.3247756510949115,-4.146726815958903,-0.5463269095932133,0.11566986770629882,-9.620949843331985
1478631864595,71.97252303250458,-0.25482573369545114,-4.599670565800879,-0.46103349371645597,0.0962169792175293,-9.791985581046912
1478631864629,72.07034903314013,-0.14897387166322248,-5.819591569300851,-0.45938744354248046,0.061949967956542965,-9.86859972136137
1478631864662,72.17708487949592,0.007461299470444192,-8.267441843669355,-0.4831798225402832,0.0303764338486435,-9.771335342849603
1478631864695,72.38748455568107,0.36583138016645955,-15.398390470825815,0.06853402252197265,-0.017208324432373044,-9.558101775758248
1478631864729,72.62394115962674,0.7464689577158655,-24.204788766472632,0.19288287124633788,-0.006733692169189453,-8.739883705459722
1478631864762,73.33760435507921,1.4528061012119442,-45.339536065417455,-2.636016320092976,-0.07302315063476562,-6.25754509483017
1478631864796,74.06826870379379,1.8075240147583609,-62.49728725283583,-6.995707613372803,-0.39115271449433636,-3.241001005963236
1478631864829,74.93589419049786,1.4931691161294707,-78.63004224919197,-11.108198023632912,0.001496376037597656,0.3188777336120605
1478631864862,75.36645383152984,1.3200987688622055,-89.55499655082545,-17.49966884689331,-0.14679448928833008,1.6503531455661868
1478631864896,255.59130704263845,178.72777347247182,85.49394697512287,-16.419734260559082,0.34341831889497115,0.850091236092383
1478631864929,255.77703446044998,178.70007092398413,83.17765854238354,-16.14679527130127,0.055066638183593745,1.6337433943817392
1478631864962,255.94987684187493,178.6253994408165,81.36728134822097,-16.881964818572996,-0.21398178022633071,3.181445093536377
1478631864996,256.106905318136,178.50519552846032,80.04362128351039,-16.64957761993408,-0.23717560652580577,4.342932173919677
1478631865029,256.36738005136397,178.27749669412407,76.56045748325938,-13.951162419073283,-0.33683424149665514,4.876091102246194
1478631865062,256.58242899195176,178.1125957778334,72.98863260935265,-13.184569267272948,-0.7299322311401367,5.424512773895263
1478631865095,256.8197236672746,177.93753195330032,69.28237525341942,-10.826729690960795,-0.6126163315261713,5.676353007153422
1478631865129,257.0954145611408,177.75454722829917,64.42756041484405,-9.066692104206886,-0.7281365798950195,6.406434729766845
1478631865162,257.54468577926514,177.537553274398,55.12238844210763,-5.852775888116658,-0.23418284988403318,6.764667372363433
1478631865195,257.8309027580054,177.441557251873,48.43094840990709,-4.450371973419189,-0.01810615005493164,6.69957490513008
1478631865229,258.24800922314364,177.40642785099757,37.80101142028809,-2.8066031883791087,0.008978256225585938,6.751499263232573
1478631865262,258.52613626044973,177.4869797346573,29.533014754259344,-1.7178396911621092,-0.13946224670410157,7.489062719903513
1478631865296,258.7498405743746,177.62762891082886,20.501346458855707,-1.688660358428955,-0.19826984324799848,7.808389585522562
1478631865329,258.9380831856013,177.76035343011395,12.443960823097203,-1.7009306419372558,-0.08888473663330078,7.595904042053222
1478631865362,259.1018233789265,177.83267908026906,6.831758353983797,-1.9333178405761717,-0.020500351715087888,6.335955418395995
1478631865396,259.36763791332066,177.83459811575966,3.5735909138736988,-1.0848726272583007,0.03456628646850586,4.138527207183838
1478631865429,259.5659830553788,177.82050816002683,3.81857302985147,-1.3615525566101074,-0.025737667846679687,3.7165491645812985
1478631865462,259.77683583569745,177.80820572697976,5.380793537962793,-1.2171522689819336,-0.27997196576767597,3.867683144378662
1478631865496,259.98424217322565,177.79040097755367,7.310731718066708,-1.546953584201075,-0.5699696327209473,4.230105420684814
1478631865529,260.1775972457803,177.79058554056212,9.884023249606885,-4.458602041625976,-0.6253355461120605,5.185391590826213
1478631865562,260.3876104284832,177.74360359882056,13.920875818488199,-4.187309066009521,-0.6657376991271973,6.2713116813108325
1478631865595,260.58761539824593,177.72959810487444,17.37620527528604,-3.0837316652160136,-0.9623194297790527,7.142951015472412
1478631865629,260.79254489461397,177.82719794253072,17.498163972466706,-4.3801919372558595,-1.19500586709287,9.055619031126517
1478631865662,261.0883941003315,177.92281833589604,17.529204705126144,-5.372738162994384,-0.7302315063476562,10.479121172100678
1478631865696,261.2725611869845,177.9057743204271,18.071259804983956,-2.581697468069382,-0.38411974255105014,7.820809214373678
1478631865729,261.46565734878124,177.95954766298325,16.71912733073295,-2.166153952026367,-0.2380734275817871,5.137058644811809
1478631865763,261.7305758893163,178.1188732209792,15.260148369513534,-3.467103206048533,-0.4085106582641601,4.052335947418213
1478631865796,261.88485018279056,178.13574175589713,17.920772429374765,-3.5806781107695773,-0.193780706002051,5.222801284027099
1478631865829,262.01951149144554,178.05229107144476,22.465570983848153,-2.1302409271240235,-0.00613514175415039,5.165639427129924
1478631865862,262.1594551329796,177.99073256789424,26.428287866449416,-2.770540379742533,0.017956512451171875,4.968417649896443
1478631865896,262.32209230635203,178.01500828203305,29.019571001462563,-3.0732569598875936,0.16310498809814453,6.265027194213867
1478631865929,262.5885905575218,178.05060557483299,31.134987879698087,-4.560804707656986,-0.1731307075500488,7.710077387591451
1478631865962,262.7241380157372,178.11728259967373,33.57459642470154,-6.26188465840444,-0.6096235977172851,8.677035838815383
1478631865997,262.84467163761605,178.10336901733373,37.40313540780259,-4.045003704833984,-0.702847824859619,8.90179155619517
1478631866030,263.0030253362093,178.2243632191051,39.691861172998976,-4.227411943817138,-0.21532852094345725,7.94860005677808
1478631866063,263.0720788364837,178.37451745953877,40.53109766444721,-6.78217449707929,-0.1497872504966799,7.754070897895749
1478631866096,263.1521966042946,178.44421511597503,44.553134725005,-7.198316709667816,-0.31693244932976083,8.585008456774801
1478631866130,263.15200915752604,178.50164908259077,48.49309303879424,-4.737826102502644,-0.15816694717407226,6.552481204566313
1478631866163,263.2473932798052,178.62899533210566,50.56678395585813,-5.849184439495951,-0.025737667846679687,6.7803789554320275
1478631866196,263.34477238330754,178.88826835126343,52.253661877240425,-7.757811947587598,-0.04174888231582008,7.240364803259074
1478631866229,263.3639798228651,178.9499105817581,53.29984320164952,-7.964312041705473,0.01705868682861328,7.6832924026489255
1478631866263,263.35877947296945,179.1565522275961,57.178043573168885,-8.651298024838232,0.10893616640395484,7.641543657330423
1478631866296,263.31731671308756,179.3258124530631,59.636920178824916,-9.223362839740142,-0.17642273939934092,6.143820515972748
1478631866329,263.30754226968384,179.47698294296904,60.398893458767795,-11.769446156255901,-0.2136824981689453,6.984634576825052
1478631866363,263.2817151286228,179.5370017656697,62.24120928592127,-10.291176414843648,-0.23133973541259764,6.739976802416891
1478631866396,263.20375810238835,179.63277513393186,63.727091418342646,-10.389488758905232,-0.07900865364351194,6.052691434478759
1478631866429,263.1592058387517,179.73545495393643,65.57172394312371,-13.384335176031291,-0.28805238723754883,6.669497637176513
1478631866463,263.0198239473903,179.77444561862157,69.23032617457189,-13.695282408905028,-0.3793313300975831,6.395361547088623
1478631866496,262.83501926554464,179.80752511617987,72.96016542881857,-14.435689272308348,-0.8134299775054677,3.9722799024719744
1478631866529,262.6731961510511,179.91371131886567,74.91689269355035,-16.514604501342774,-0.2861070961053832,1.5530886163573712
1478631866563,262.6073968514004,179.73523250451785,76.28372790546355,-9.866355221237056,-0.13691840287360826,1.9216460709502918
1478631866596,262.49677716248027,179.70472913002533,77.0995291043228,-8.637980241570993,0.06254851837158203,1.5472527498107402
1478631866630,262.39405781406253,179.69736471707694,79.1610215137314,-9.000552228546143,-0.020949262243078554,1.6401777930771
1478631866662,262.21653606460785,179.68173197126578,82.47772952878202,-10.283994211721978,0.16071079100456553,1.0187328246627934
1478631866696,262.03454395665244,179.67628889126243,86.22251151288371,-10.898705159173533,0.25632920610732396,1.1245265557220205
1478631866729,261.85316913511105,179.64163345482942,89.59060716397617,-10.704176566546781,0.4848258407482179,0.7815571816043695
1478631866762,81.54580888710058,0.40081436405889137,-86.02232209450482,-10.917260441235452,0.5834370535919442,-0.03007715835571289
1478631866795,81.31956910670618,0.4369412320458629,-82.50957882685431,-9.69262627608251,0.40940848845329597,-0.29762926694341
1478631866829,81.08715997790539,0.4298503739242655,-79.13247703737618,-8.86946946845688,0.15457564011726063,-1.088463929748535
1478631866862,80.76483025481092,0.40776140158724106,-75.35540226274041,-8.28722977142334,0.04369418029785156,-2.1694458697112275
