sep=;
timestamp;gyro-alpha;gyro-beta;gyro-gamma;accel-x;accel-y;accel-z
1478632243609;73.0357400217158;1.2165699046803666;5.328521990729302;0.9802759056976065;-0.23687632218513172;-9.694571247554267
1478632243643;73.05164711820365;1.2439357937236635;5.262199022217671;0.9889549323814455;-0.25647885284423827;-9.690680907318532
1478632243677;73.06953971717104;1.2720708573353001;5.16994149071199;0.9305962440822506;-0.2648585632213624;-9.778368402699503
1478632243710;73.08843618682495;1.2972771741608184;5.073497096678938;0.926107157068653;-0.2591723342784913;-9.855431977556691
1478632243744;73.11741571908213;1.3429802577723229;4.866075587660564;0.7866448829650878;-0.27518354418105445;-9.890896043981984
1478632243778;73.13867015029638;1.3684094890085485;4.765233103564467;0.7290344146507326;-0.26485856093807375;-9.873837539816462
1478632243812;73.15882391350536;1.3853982988279308;4.751291400248267;0.5913677735259756;-0.3000234001049073;-9.967809717515577
1478632243846;73.17986967340264;1.3897215919621453;4.9947776310522904;0.5759551003387198;-0.26979660186214605;-9.924414995088334
1478632243879;73.2038623802858;1.376319595177522;5.726666168013353;1.1210849456344731;-0.24061727426639115;-9.729885986903053
1478632243913;73.21925550468026;1.3684287239760307;5.989355874248673;1.2048820037399417;-0.23493103733200987;-9.765948320615594
1478632243948;73.23719777545602;1.3740823696396167;5.990380020094155;1.2346598686218262;-0.20739770967788063;-9.701155640046414
1478632243982;73.25461646850225;1.3847894725097218;5.8586302961391175;1.1695675109863282;-0.21009120024528818;-9.526827954963874
1478632244016;73.27891516549714;1.3974234765265934;5.676400965032831;0.9867103329340752;-0.1794154960411135;-9.577405282371585
1478632244050;73.2877006444896;1.395558461892464;5.683375149674758;0.9781810032195004;-0.19767127000007312;-9.608080881544481
1478632244084;73.3042584791707;1.383719311251892;5.728480689247835;1.0667664680702145;-0.1897404815673828;-9.76684643621581
1478632244119;73.33043729048383;1.392929004442952;5.662839983672674;0.9650128846700754;-0.25079262275972286;-10.043376743946876
1478632244153;73.35667531777726;1.419767230217503;5.611038082247325;0.9454103919706424;-0.2483984239536774;-10.097096333169377
1478632244187;73.3758355923901;1.4352356153794545;5.729162874681275;1.053598336106469;-0.24301146422469316;-10.175057890054397
1478632244221;73.39333357945854;1.498431820877326;5.627702732716749;1.4392144729614258;-0.23478140029907224;-9.465925139706394
1478632244256;73.41355416442454;1.5700107620147687;5.0296925948294975;1.2285247268676758;-0.24480711975097655;-8.773103290027008
1478632244288;73.43132936819556;1.612962131491844;4.6632941045587195;1.8203414497375487;-0.21368249360236805;-8.49387900995463
1478632244321;73.45700224502407;1.6750983907107866;3.5624578036412733;1.9544167792389169;-0.15816695630722677;-8.598775335516407
1478632244355;73.49486706864414;1.7520777801965959;1.6014124725424717;1.1432312744583002;-0.18629880754775366;-9.422081541000493
1478632244387;73.542125263031;1.8295035550114722;-0.5099511287045582;0.12150572511977516;-0.2958335540494998;-10.634894282940774
1478632244421;73.59407579097294;1.8922169630754024;-2.400388112199047;-1.0218751960754393;-0.34925415804213844;-11.942427372332661
1478632244454;73.63257116029234;1.9356052899405425;-3.7654521595692945;-2.3307553161621093;-0.4321534087913576;-12.691064450073242
1478632244487;73.6156867043306;1.8482463710073025;-2.8525507850571055;-1.5460557220458984;-0.20560206756591795;-14.508562785339354
1478632244521;73.59893957960234;1.7531738198421414;-0.9049065635340966;0.060303954315185544;-0.32187049025383313;-15.336358009338378
1478632244554;73.60234855665443;1.6630684250565995;1.216814307776821;0.6024409927368164;-0.7332242584228515;-14.778209747314452
1478632244588;73.61111664428283;1.6293456407821052;2.2067156917991864;-0.12913725204467771;-0.7760206130981445;-13.930961634826659
1478632244621;73.61715017188122;1.5834838251636412;3.3502505917143566;-0.7849989058563486;-0.7751227874755859;-13.200131578063964
1478632244654;73.61424095034775;1.5637574455634222;3.9530596594540675;-0.7688380081176758;-0.8092401611328125;-12.872275295965373
1478632244688;73.59403393253928;1.4084898905730932;7.3289236997006615;-0.6133645378112793;-0.38426937558823265;-10.863689813763274
1478632244721;73.57515360550322;1.294169867386153;9.491281766180524;0.9932944137573242;-0.18989011688785393;-10.560524466937407
1478632244754;73.55999006092216;1.2150571418746892;10.442961718975967;1.2847884293487295;-0.07811083829575217;-10.182988865716755
1478632244787;73.52700175381247;1.1641516642612724;10.414011620281935;1.0901098703246563;-0.07227497174912131;-9.626785626538581
1478632244820;73.50285551032889;1.1139293984923333;10.001544197520163;1.0591348863463848;-0.02289455337524414;-9.409511562159564
1478632244854;73.45910327010674;1.060042937587855;9.293888747844239;1.1198878265380858;-0.027084406280517576;-9.022848231506346
1478632244887;73.39581411602146;0.9567478710469731;8.078036334596755;1.3337198983787093;-0.040402153015136714;-8.953266818823293
1478632244921;73.37808414008848;0.9275293320605199;7.514582382644398;1.299153672417352;-0.13557166215648175;-8.75769025151357
1478632244954;73.30626074864738;0.8462938784359774;5.357961770872655;1.2633902885437012;-0.35404257049560545;-8.512883277893065
1478632244988;73.26125409547538;0.844319787219061;2.8963767478774725;1.4535797194549813;-0.5069721924049314;-8.101529651287942
1478632245021;73.21693381445284;0.8773694523357568;-0.5145101435678179;0.5485714736496098;-0.5536591247779783;-7.369951406506448
1478632245054;73.17016600415018;0.916888293689409;-4.091501731375206;0.33054946670532226;-0.3215712104797363;-6.809409088952839
1478632245087;73.12170748944031;1.0305628785552443;-10.644354491215942;0.3007715835571289;-0.15906477964649673;-4.881327979986369
1478632245121;73.09849028851752;1.0745105952517993;-14.432353692808693;0.12569558715820311;-0.1821089549278913;-3.53054962310791
1478632245154;73.0635629736352;1.0667207861679417;-16.95439404321173;0.7821557548522948;-0.2265513229591306;-3.1208418640136717
1478632245187;72.98797398939767;0.9480555902709737;-17.94076565583501;-0.25348610076904293;-0.060902504730224606;-3.2564135330200195
1478632245220;72.89896452444944;0.7630624972760559;-16.07928228716351;-0.4225767391480505;-0.11192892418737173;-4.854543141174316
1478632245254;72.81195335339142;0.5941301807658476;-13.754289685228967;0.04997895965576172;0.08200140686035155;-7.409754862976074
1478632245287;72.72839604244157;0.5206075827956879;-12.500085461226574;-1.0685622015137224;0.0987608184814453;-8.010250274603068
1478632245321;72.65507593805928;0.5289592386707862;-12.107798746848072;-1.0468646759033202;-0.020051438903808592;-8.746018883746489
1478632245354;72.58839596067911;0.6187032286515489;-12.722204694893424;-2.4060230673858896;-0.1559223785510985;-9.087790951538086
1478632245387;72.50398232356038;0.7106415546552783;-12.19260983541336;-3.020883871636912;-0.24121581726074218;-9.331400732996967
1478632245421;72.36423484390288;0.9073216956280996;-10.393134300495722;-0.7441478034973145;-0.17507600096550302;-8.698134777478128
1478632245454;72.26970980722828;1.203781318465643;-10.269456139848216;-0.9501987838745116;-0.1487397827037843;-8.137143108721823
1478632245488;72.21605868188266;1.4456073629958768;-11.398630984791671;-1.3735234918456525;-0.037409400939941405;-7.475445771026611
1478632245521;72.1843061709282;1.6869786253501584;-12.251567485241761;-3.3864486106872556;-0.22729951097792944;-7.68658442993164
1478632245555;72.12393520725063;1.8420633311709051;-11.894334936611028;-2.8200702804565427;0.013617021942138671;-9.025242542764358
1478632245588;72.06002872119548;2.0454753855453296;-11.578377462759889;-2.7144261322021483;-0.18450314716948196;-8.963442248944192
1478632245621;72.01578910715354;2.2287314553647954;-11.467685783767772;-2.851793525518849;0.00239420166015625;-9.23174210715927
1478632245654;71.9529780305025;2.4305924200006563;-11.500579286976349;-3.062632836151123;-0.28700492401123046;-8.759635905688627
1478632245688;71.92434250530104;2.642425633667718;-11.691942600827806;-3.4190696083068848;-0.757166275024414;-8.743624535955862
1478632245721;71.87079735919492;2.941392790152016;-11.47840735556132;-2.8208185415405778;-0.6024410018699708;-9.684246631920756
1478632245754;71.82990880164454;3.0561629532043844;-11.949195552947328;-3.3387142150878906;-0.43634325256347656;-11.138275181988625
1478632245788;71.81255191897097;3.128299951272388;-11.38474938887638;-2.315641954714991;-0.16011223602294922;-12.414683503668009
1478632245821;71.80779331997849;3.2581028827851624;-12.12575825312808;-2.548926869378611;-0.3839701095138676;-12.913874842071532
1478632245855;71.78461730637441;3.307434222456329;-12.279534159509106;-3.018340105438232;-0.665887336730957;-12.904297743169963
1478632245889;71.79296027543589;3.312854072937423;-11.331555015872931;-2.666093186187744;-0.6391022056579589;-12.27282763982564
1478632245924;71.75907459502568;3.227966591950247;-9.42279521242844;-2.2999299697875975;-0.7167641220092773;-11.708843072863667
1478632245957;71.68339496565697;2.9319639099872568;-7.303575291915202;1.9623475357055662;-0.1514332550048828;-18.45226183242798
1478632245990;71.80671881027499;3.1637359814815484;-7.596749140189288;-1.5765817384139633;-1.0779892974853515;-11.817330335589498
1478632246024;71.85426864689809;3.191176950947196;-8.113167692273635;-3.280205912017822;-1.1471218704223631;-9.488071651193312
1478632246058;71.84241730349139;3.171874765289565;-7.507608584869298;-2.233939786529541;-1.1583446907043455;-8.875754467010497
1478632246091;71.81141120314075;3.022559850447898;-4.770750045241859;-0.873285087508033;-0.9124901077270507;-8.154202087811381
1478632246124;71.8055516685319;2.8478191095888703;-1.703673488290415;0.2163759750366211;-0.7263409469162113;-7.671620523425191
