sep=,
timestamp,gyro-alpha,gyro-beta,gyro-gamma,accel-x,accel-y,accel-z
1478632484359,63.76754045506022,1.128740460770062,5.508693434661876,1.0666168487327639,-0.21009118997048934,-9.62783284431137
1478632484392,63.74812121612213,1.1673471654972531,5.0585131922331685,0.9213186898162588,-0.21622633971614993,-9.59296741049951
1478632484426,63.727454337593834,1.2006718190676837,4.632289445324079,0.7975683937902213,-0.2021604075314317,-9.672724335501854
1478632484459,63.70662843046415,1.2173289077225344,4.28222084330451,0.7344213745224224,-0.1840542594743776,-9.82266126470149
1478632484493,63.68342215552753,1.224190850710617,3.9650934767353125,0.6723217873711342,-0.18435353468189714,-9.862913602016354
1478632484527,63.646389631621865,1.2261999341424104,3.5650243520046203,0.5711667381176027,-0.1873462844738038,-9.931297868203558
1478632484560,63.61713779387428,1.215692103561941,3.3636769242455262,0.6118681617736816,-0.13766659545898435,-9.872789957859133
1478632484594,63.59220682586781,1.2009423937326749,3.192902482750402,0.491260244010156,-0.15771804349594748,-9.748441168500273
1478632484628,63.5513544349175,1.1832226929295822,3.0394568898264906,0.4816834305196651,-0.1698386825506226,-9.627832807778752
1478632484662,63.52008506620172,1.1575415921968584,2.9191963416900335,0.5656301559116458,-0.16041151123046873,-9.649231396108354
1478632484696,63.49121377536331,1.1378152272378634,2.729644601963164,0.663942029615771,-0.20201076964226083,-9.774777345662796
1478632484730,63.452360352962316,1.1569642839279866,2.168795433636621,0.5466261482681147,-0.28491000669174826,-9.721955015807273
1478632484765,63.42789135013003,1.1748047181833052,1.7032904629876409,0.2995744878644502,-0.2952349922180176,-9.627683425903319
1478632484798,63.40442874447432,1.1774371520548832,1.3256926609010133,0.17761983566284179,-0.27667992935180663,-9.748740352376247
1478632484832,63.392024070686524,1.1776936501305086,1.1670369985314537,0.21039046403636455,-0.2672527603149414,-9.895684620832233
1478632484866,63.35775656575176,1.1506322076530522,0.7298135253098811,0.08903437652034918,-0.23642741394042968,-9.943717898913473
1478632484900,63.32454220653777,1.109278554795501,0.41613464697846514,0.0025438392639160153,-0.21891981658382573,-9.910348640209808
1478632484934,63.30242819182571,1.0700656864308775,0.2733612287967506,-0.03920505218505859,-0.19138649064216295,-9.889399457881831
1478632484968,63.27921914492469,1.0231633024661204,0.23699672623494197,-0.004339490509033203,-0.18749590837783178,-9.875184314782917
1478632485004,63.25679502686805,0.9717703938686086,0.2867082308447425,0.0794575653131469,-0.15562309991864604,-9.783007283722132
1478632485037,63.21220044974759,0.8549461085440756,0.14528104994453359,0.17896658094654558,-0.1171662460271851,-9.754875188169722
1478632485070,63.19048185732623,0.8065186584729427,-0.24455654611940258,0.37499184872170443,-0.10983400344295659,-9.794828598478581
1478632485104,63.16315989248977,0.7817416719038616,-1.187685544834926,0.9636661499465815,-0.1132756614795653,-9.927556973775335
1478632485137,63.15431596621874,0.8031061606569676,-3.342835219913688,1.5783773713927716,-0.1515828948919312,-10.19600686231982
1478632485171,63.17791350367998,0.9089540645277024,-7.458209225428853,2.3036709098815917,-0.20021510469741186,-10.347440226922556
1478632485205,63.275962708296646,1.1181959573062392,-14.017313910189618,0.9949404273986816,-0.22206221082935806,-9.655216799794044
1478632485238,63.43007005221717,1.359420587058643,-21.826913074376325,-2.0994155807495116,-0.36317046432495115,-8.487893578869476
1478632485271,63.659247692473365,1.502150095673,-30.39918575941101,-8.297255783136189,-0.3194762840270996,-10.329035020855814
1478632485307,63.74120193089044,1.4137453897491896,-31.858790962682185,-10.08078609008789,-0.07003039855957031,-13.530980319976806
1478632485338,63.759368268811194,1.3469026021442216,-31.586057901019874,-10.791863983154297,-0.2524386306928587,-15.1573914352417
1478632485372,63.800619683843315,1.310605137904247,-30.501761938199106,-10.823736792755126,-0.476895043182373,-15.145270789337157
1478632485405,63.84933273605579,1.3652098612509889,-30.290349966622543,-10.296862789916991,-0.7846995758499018,-13.861829061889647
1478632485438,63.882535624322664,1.4624095415519802,-30.618780437849622,-9.52248848272115,-0.6082768410171382,-12.114959675598143
1478632485472,63.938540865574986,1.6296638413522762,-31.714198050761862,-8.518868782043457,-0.5593453628540038,-10.205434214019775
1478632485506,63.978917062042285,1.8296269747365819,-33.41174594491134,-7.461978678949177,-0.29822775799294465,-8.82218442406021
1478632485540,64.05974799758116,2.078222527436497,-35.56993811444451,-7.139808771923929,-0.26396072389907205,-7.236175023419037
1478632485575,64.14878153995767,2.5031904864800825,-38.799228906801595,-5.953631103327777,-0.164751020005811,-5.31003986088857
1478632485611,64.20535300594824,2.809929641749616,-40.99959023093633,-4.996399881799519,-0.0713771369934082,-4.569483213751018
1478632485644,64.30640671271493,3.2572795029501966,-44.63382430516564,-5.301810084942728,0.010773907470703125,-4.010437710626423
1478632485679,64.34579289006571,3.5202690266917567,-46.050921609156255,-5.554098792620748,0.00718260498046875,-4.277091628265381
1478632485713,64.36664843352371,3.7776751418797843,-46.724953681396876,-4.881926676531881,-0.031872809600830075,-4.532373380279541
1478632485747,64.39913326230096,4.051107948344985,-47.789937512447445,-4.059817535345256,-0.1423053977081552,-4.332308050183206
1478632485781,64.49595924021813,4.4713819672097355,-50.562207267566436,-4.5027451347351075,-0.14769231491088866,-3.7169983696535227
1478632485815,64.55132623409469,4.7237827297140935,-52.02782888069061,-4.7509936271116135,-0.13781623306274413,-3.5372833152770995
1478632485849,64.58109106935875,4.944535087126554,-52.633641846802384,-5.189880718939006,-0.232387198638916,-3.7659295738220213
1478632485884,64.57575992801284,5.138029958130061,-52.24007603511077,-5.368698239953815,-0.6634931350708008,-4.294449444171041
1478632485918,64.55436723185146,5.333721357972651,-51.380793092330165,-5.404012568310648,-1.0389338737708982,-4.990114664050191
1478632485951,64.45707235267037,5.646499922016806,-49.547903253509986,-5.368997076769918,-1.2493243537902832,-6.3034842935588555
1478632485986,64.35794815763535,5.816656164409065,-46.916769945265386,-4.964975985009968,-1.2521674682617188,-7.629422719164937
1478632486020,64.28338443883705,6.023129144706685,-45.467040851474174,-2.3678654418945313,-0.9446622016685549,-8.700828108215331
1478632486053,64.34176524691156,6.425814869236903,-48.52151733424467,-4.963928375653177,-1.462557939147949,-7.703942538098246
1478632486087,64.37923167279105,6.6378503559795226,-49.90885126698672,-6.950367711694538,-1.5542857902526854,-7.364713871179148
1478632486121,64.38885402540147,6.734651726892548,-50.189385865970614,-5.5950997883118685,-1.3073837257827632,-6.468833628800977
1478632486154,64.42190231299503,6.809266480746333,-51.082813630005354,-4.3077673370361325,-1.4440028945480472,-4.695179239300638
1478632486187,64.48155475912161,6.841913651786393,-52.315687687792284,-3.0633810241699218,-0.9542389809097163,-3.0138509773254394
1478632486221,64.55260246714901,6.82702868135468,-53.83063621216641,-2.7564742988586426,-0.8828618439163081,-1.686714777319133
1478632486254,64.58894461588298,6.771683067252544,-54.92825950297757,-2.9308021072387693,-1.1182418334463262,-0.8007108177185058
1478632486287,64.56994044443164,6.620767675315443,-54.48311302406152,-4.027046900121867,-1.016787526680762,-1.1260226760312915
1478632486321,64.39316711450499,6.220122962009279,-49.54983984943512,-5.687126914624124,-0.6833948998382314,-3.475183417455852
1478632486354,64.27810876723649,5.9609417595530845,-46.361184916305575,-4.509628756769001,-0.5187935357024893,-4.955997290392965
1478632486387,64.23104623484146,5.705519210821869,-45.16802231438014,-5.143792629241943,-0.5861304939270019,-5.427655455835163
1478632486421,64.23209965093932,5.454808740163665,-45.26633947586253,-6.008997181115672,-1.0504559692604,-5.387701923370361
1478632486454,64.20755828728872,5.008010598637444,-44.49932374412056,-7.760056347247213,-1.2015899216582997,-6.055235492938384
1478632486489,64.17525020367793,4.715335664001128,-44.08005771942566,-6.133645524243265,-0.7875427302788884,-6.191255636364594
1478632486521,64.22945608885523,4.213357629963474,-46.0692176842241,-8.599972217150777,-0.821959366585547,-6.330119442251511
1478632486554,64.24712468876807,4.079998623458258,-46.540953502363,-8.8482211479187,-0.9421183715377933,-5.735759062780812
1478632486587,64.24621733889377,3.486727168093849,-47.34901654969194,-10.819247372381389,-0.7356184692161623,-5.912929620306193
1478632486621,64.14598861052025,2.9982901352988818,-45.56524439870131,-9.806351017053425,-0.5554547714565182,-7.514052053600921
1478632486656,64.02338361746,2.31142793657692,-43.93221818228332,-10.103829988805948,-0.21338324122773483,-9.13791969492808
1478632486690,63.98928336766738,2.0815196754415175,-43.67387100715257,-9.61406640396118,-0.17013793720854445,-9.616460897882282
1478632486723,63.84428306715408,1.3514861198155192,-41.18519996608081,-9.382726668548584,-0.17163433607902842,-10.354323629760742
1478632486756,63.78641028620074,1.1023089227201914,-39.86945377687907,-8.15046085545644,-0.12150572511977516,-10.781987901306152
1478632486790,63.693621027208685,0.46947713460929574,-39.22386136682015,-8.522909289605915,-0.025438392639160156,-9.974992450360208
1478632486824,63.59251527721129,-0.09970406185742049,-38.59917729159949,-7.895029758099466,-0.5591957423749089,-8.880393086596579
1478632486857,63.43964284674418,-0.4983981958317027,-37.03026530017363,-8.539967976434529,-0.748636959009571,-9.519046233312785
1478632486890,63.26903100409637,-0.8996065603497106,-33.7499799643328,-7.812728929901122,-0.5463268913269043,-11.19229421081543
1478632486923,63.10677203334097,-1.1666074970015108,-30.838834397847332,-5.40670611824356,-0.4333504639556631,-10.474033858899027
1478632486957,62.96583353310688,-1.3817511645975156,-29.254372295732328,-5.79262120607905,-0.19168577041625975,-8.807968577708397
1478632486990,62.713967439703815,-1.7147095376245967,-25.961636614083268,-4.060566088690236,0.08664017257690429,-8.713547085339203
1478632487024,62.55356359401891,-1.8989467540000782,-24.242128317216004,-3.7354033747908657,0.26650458599587434,-8.769960589820798
1478632487057,62.39823727937753,-2.0873404329523297,-21.726761231256926,-4.718821907629445,0.27892448427504857,-8.260444421154633
1478632487090,62.21879661964863,-2.372617530715372,-16.638946622479793,-3.106177397111524,0.4531026504848385,-8.786121725021488
1478632487125,62.043901799614005,-2.6316544098997046,-12.029733791274518,-1.0287585989136248,0.5645826607192866,-9.87772800791636
1478632487158,61.91337333022663,-2.799045344284871,-9.685857053400198,-1.1679215338775888,0.6531681404113769,-10.561123017352447
1478632487192,61.80299569934245,-2.899657226641976,-8.402770236004843,-1.5656582390052731,0.5933130989074706,-10.647762897668406
1478632487226,61.70102453382781,-2.9720498617962527,-7.459625207948202,-1.7027262566497547,0.5639841148708248,-10.419415768200532
