sep=;
timestamp;gyro-alpha;gyro-beta;gyro-gamma;accel-x;accel-y;accel-z
1478632277171;69.50639875036875;1.508703197259806;-8.215939399162039;-1.48231006631162;-0.1782183769447263;-9.95149923697207
1478632277204;69.51562163436381;1.500476426333438;-8.44980115409961;-1.6253636520385741;-0.16460136413574217;-9.588628175718803
1478632277238;69.51785512290856;1.4899715771432904;-8.76322773189127;-1.7543512116805648;-0.16071078643798828;-9.275287124777398
1478632277271;69.5136500666214;1.463945480078048;-8.759658346271497;-1.7542017019409686;-0.16385316698378882;-9.085696098150684
1478632277304;69.48999918282354;1.384611827049627;-7.892721793539176;-1.310675814714271;-0.13213001325302756;-9.223362766674905
1478632277337;69.47124806481183;1.3290499425441509;-7.229037030527421;-0.8674491889953613;-0.13078327481918967;-9.577255389039497
1478632277371;69.46079551274306;1.2773544178293252;-6.888459364723078;-0.7326256714751943;-0.1304839813453611;-9.953444525820947
1478632277404;69.45809018481044;1.2594545137558428;-7.04679328468647;-0.9280524002517573;-0.1810614936994505;-10.039336327715963
1478632277438;69.46118639721936;1.2705742448891648;-7.726368604374401;-1.514332586581446;-0.29493572614365254;-9.947907715286128
1478632277471;69.46043456910034;1.289990986912165;-8.095973377381618;-1.7081132469177245;-0.29822773516005835;-9.79572636359399
1478632277505;69.45538573899594;1.296360024271996;-8.226829040680402;-1.7693150999207048;-0.270694425201416;-9.681702402214484
1478632277538;69.44163103345636;1.29000098953033;-7.9920892673470325;-1.5993266541854478;-0.23702596435546874;-9.660454248356377
1478632277571;69.42609282042389;1.2806115388238006;-7.6301868442198995;-1.256507013569679;-0.18884264681166968;-9.705495264127833
1478632277604;69.4057025436266;1.2708594785340752;-7.3377697200180965;-0.9296983956268057;-0.17357962492790538;-9.819369004523335
1478632277637;69.39257627291079;1.2693216039982291;-7.285677073512185;-0.8696937895843758;-0.12554594955444334;-9.924115500685106
1478632277671;69.38337433980399;1.3211095411752194;-7.834039203968655;-0.8204629814147949;-0.1906383140398073;-9.646537869008327
1478632277704;69.38459697550596;1.3661680644643184;-8.630789409394115;-1.0585363724639638;-0.20545242539558092;-9.66509296155729
1478632277738;69.38510736572294;1.4444247128586418;-9.829183938609665;-0.6093243225097655;-0.27997194978465556;-9.381080837570316
1478632277771;69.39803152051672;1.5489839928085494;-11.743266737148756;-0.4085106582641601;-0.3414730163463624;-9.011924467236176
1478632277804;69.42601200852755;1.6515897363577021;-14.196340617306973;-0.8900444671630859;-0.3731961746437009;-9.503484256095968
1478632277837;69.51175191029654;1.812384396016692;-18.027688289061718;-2.4455272486479953;-0.3410241172348149;-10.458322056634724
1478632277871;69.58755795821473;1.9111944642146952;-20.218900738562734;-4.356249774523824;-0.4384381607498042;-10.471939078576861
1478632277904;69.59719531096326;1.9329709468963034;-21.44615841390952;-6.133046827697753;-0.3381809981968021;-11.45954697113037
1478632277938;69.59804830098068;1.8814811329752283;-20.995482896497787;-5.482123251342773;-0.33533786089248024;-13.159879062652587
1478632277971;69.58310405953051;1.8281929069960412;-20.383219128088655;-5.367052080181986;-0.39803601686782203;-13.708300588171184
1478632278004;69.57568530795568;1.798202647967914;-20.338881616360947;-6.198288822937012;-0.42242696454697287;-12.568660890197753
1478632278038;69.5647651610641;1.7249083071194449;-19.754900605151125;-6.259041690063476;-0.24585457841071764;-11.57207415689677
1478632278071;69.48433394811543;1.5902607197264595;-18.018968218583627;-5.632359405517578;-0.29762918702830793;-10.91411819768697
1478632278104;69.42698627345868;1.3805781096853278;-15.142993370609798;-4.275744889831543;-0.5161000953674316;-11.003451701001078
1478632278137;69.33023825046395;1.0892311436016806;-11.714064890207084;-1.9077297920669427;-0.3896563201904297;-10.60736052545756
1478632278170;69.28161589585415;0.9584038954635106;-11.469674508594165;-1.5083471189636737;-0.261117618560791;-10.355819859667866
1478632278204;69.28565112215023;0.8829900172087823;-12.650987009067466;-2.5239374260833487;-0.22221183701667468;-9.45320593425366
1478632278238;69.27046359413004;0.7413276128326873;-14.358240989969596;-3.4103906272888183;-0.20739771881103514;-8.86991852739863
1478632278271;69.23067337376965;0.6048540230178412;-14.599381089034905;-2.5891794213226063;-0.09023147963371593;-8.740482219342141
1478632278304;69.21157563420931;0.4542728035818802;-14.851996523202747;-2.715623178233299;-0.011073182678222656;-8.482357133660837
1478632278337;69.1818870195674;0.30322244464578896;-15.120282602348356;-2.4102129476906264;0.003591302490234375;-8.410381592382862
1478632278371;69.15520908324271;0.15069746092564396;-15.645981182257897;-2.249801409060694;0.05162497329711914;-8.31132164482437
1478632278404;69.14558672128447;0.02613227629543834;-16.65745447266276;-2.274790815823339;0.07107786207129975;-8.03913077052012
1478632278438;69.11642519235257;-0.14188324493626153;-18.649014761802974;-3.1034838677282095;-0.15337854157047112;-7.5534069625854485
1478632278471;69.07175901118472;-0.2708096394340958;-19.2079611002069;-3.3069910156913567;-0.1916857795494143;-7.718906444604694
1478632278504;69.01808561683292;-0.3876481446442059;-19.100800432455806;-2.921973379019089;-0.19976619188613257;-7.92600430368632
1478632278538;68.91112614791987;-0.5110772373545286;-19.21484512322916;-2.071582986450195;-0.023942016601562498;-8.299799330139159
1478632278571;68.83626014086269;-0.5198875755772571;-20.275005529880623;-2.145503816577047;-0.008230068206787108;-8.476072427368164
1478632278604;68.77809499960546;-0.4679814883904122;-21.904734902381335;-2.04135604436025;-0.07377133865356444;-8.055740471472218
1478632278637;68.69647842752123;-0.3560325663318951;-23.889023587538983;-1.3543699516296386;-0.27503390657729465;-6.821978501538187
1478632278671;68.63242016911825;-0.20943483782032904;-26.050572356524704;-0.8508394149780273;-0.21158757856617447;-4.6766243225649
1478632278704;68.55842948597211;-0.05596325542938273;-27.91486668847863;-0.4860229370117187;0.043544542694091797;-3.534290563201904
1478632278738;68.47405118596623;0.06847917886129182;-29.281130990200705;-1.0720037933349609;0.15173252907075802;-3.500023551940918
1478632278771;68.30095876025767;0.11559414742042061;-28.870571938555674;-4.004751189422607;0.04234744186401367;-5.732018049621582
1478632278804;68.1224324677427;0.09097414681491538;-26.410241489224035;-3.0482676261901855;0.1548749118998472;-7.88679947069697
1478632278837;67.97675504231304;0.1782356901791297;-25.64675628445128;-1.900696842956543;0.1622071601922973;-8.341398474386521
1478632278871;67.86008715332606;0.4549571639186968;-28.21941913379654;-3.937713542938232;-0.1514332550048828;-7.237970601598918
1478632278904;67.78029309848907;0.65775504121339;-29.691426902384077;-4.567089395683352;0.015412673187255858;-6.672490535382181
1478632278937;67.649840475486;0.8121059038914679;-29.638796307819206;-4.770147678784281;-0.03396773605346679;-6.854749136761575
1478632278970;67.50183602326761;0.932771420401018;-28.37792262671429;-4.419995411991794;-0.15143325272159416;-7.1905359195984895
1478632279003;67.3388897308504;1.0764433107390685;-26.91176722363329;-3.8100727399963885;-0.18345569935536185;-7.473350698443502
1478632279037;67.13063078785584;1.2982743212860892;-25.41421212127773;-3.8500258340697733;0.07676409072875977;-7.936030461529642
1478632279070;67.00898409049096;1.4419553895099293;-24.999423724210857;-3.846284857443161;-0.16699556579589842;-7.288997462872415
1478632279104;66.8924213670799;1.5718410093346433;-24.49071416771297;-4.609586529950052;-0.2265513275257079;-7.817367622552439
1478632279137;66.71774566807616;1.7306546450972569;-23.614481491606316;-4.146158670176659;-0.4664204109191894;-8.168716716180368
1478632279171;66.61497012565266;1.9756100253474316;-23.35497516786132;-3.927538309180154;-0.5497685562133788;-8.456768920754827
1478632279204;66.52882415748138;2.070830687809857;-23.110052462012277;-3.203142619146779;-0.29284080882417035;-8.710255149388033
1478632279238;66.47923070311748;2.1763357158792984;-23.97948519999692;-4.559906626306101;-0.6724713912963867;-8.874108663431695
1478632279271;66.44970092944074;2.3425799646122383;-24.826234306452484;-5.140051689147949;-0.7218518005371093;-9.126098178100586
1478632279304;66.44133197479255;2.4196923091809803;-25.848410489797814;-5.780350995635986;-0.5674258117233403;-9.786448777361958
1478632279338;66.4065727562975;2.468901823339617;-26.734695382184814;-7.830386167144775;-0.543932707933057;-11.914744854028521
1478632279371;66.34468161396778;2.5146926063164723;-26.136451590503306;-5.685480608721822;-0.6643909424270503;-12.36335780557841
1478632279404;66.32880034892824;2.565857033966488;-26.643354080201544;-5.0842368629455565;-0.9302969825744628;-12.133664376068115
1478632279438;66.34728767207791;2.688025789647569;-28.278340252222215;-5.006425382055714;-0.9080009796142577;-10.9842982338503
1478632279471;66.36034978179836;2.7032147313354167;-28.595128035479;-6.011541239575296;-0.7829039428710937;-10.089016158294678
1478632279505;66.27403558308372;2.557338227861121;-26.04974895611743;-5.616797094726562;-0.1349731185913086;-10.463559226635843
1478632279538;66.21912750958873;2.3299228341476352;-22.32911287157856;-3.66327826440779;0.11596914291381835;-11.291204813031106
