sep=;
timestamp;gyro-alpha;gyro-beta;gyro-gamma;accel-x;accel-y;accel-z
1478632457855;63.021967771634536;0.6904703973560141;3.5638079169798393;0.6061819151353236;-0.12060790863037109;-9.781810032195004
1478632457889;63.0125551620191;0.6758447430829226;3.3668730043086046;0.5172972144638188;-0.10729016303739626;-9.749189429584307
1478632457922;63.00114372595963;0.6491042444594757;3.289234720118397;0.48138418956147505;-0.10953472937708138;-9.7843542316477
1478632457956;62.98592329368315;0.5934574607655607;3.3504883116708606;0.5219359664806398;-0.06943184814453125;-9.958531948620452
1478632457990;62.96895225068062;0.5415829709624929;3.4752753570841395;0.4004302276611328;-0.09546879547989665;-9.870993932154681
1478632458024;62.95743874071742;0.4946995375341434;3.7389396497934886;0.5192424759132321;-0.06584054108771961;-9.834931402079318
1478632458058;62.945241598504744;0.4429084770163185;3.95388031054398;0.8432079154525883;-0.04519055633544922;-9.870395573535887
1478632458091;62.93511937672084;0.4123128269227901;3.9541968530813367;0.7012017815355095;-0.06584054736676334;-9.69591794488891
1478632458125;62.925283652392174;0.3836429636030263;3.9003587412213534;0.5858312552521004;-0.04833294487275998;-9.629927825562934
1478632458159;62.91420972483771;0.3476218846781144;3.931193814975947;0.7055413268434698;-0.03965396499633789;-9.8042558873881
1478632458192;62.90345837787724;0.3261657737848664;3.9132676597945513;0.7565677154762205;-0.06703764876766363;-9.952247534588723
1478632458226;62.895085581588866;0.3247100309721019;3.7878079642572327;0.641047480236282;-0.07945756759643555;-9.983072643501218
1478632458260;62.88186793997743;0.3390047057901397;3.6050634441146503;0.5635352111927;-0.08723872299194335;-9.971999698285012
1478632458293;62.87107123810519;0.36259128774777377;3.474541258372965;0.6060322826689633;-0.08080430488862912;-9.939079151463229
1478632458326;62.862604809906394;0.38453463497849516;3.3730884393276606;0.5361515342712402;-0.07122749996047059;-9.894038643723492
1478632458360;62.85715778842405;0.4094422554152752;3.3440762823980004;0.5264250900268554;-0.0794575653131469;-9.888352277783303
1478632458394;62.850662483570474;0.433110905179095;3.34997060856273;0.5966051261901855;-0.049829322052001954;-9.906607846246287
1478632458428;62.84402316386439;0.4588244795202748;3.311271812755937;0.5669768739385915;-0.056114099126623476;-9.928754321200586
1478632458462;62.83743832369849;0.5033857827225527;3.292245522762926;0.5385457519144169;-0.04773439103278797;-9.869198271776408
1478632458496;62.833231357698985;0.532262066535258;3.276505075849875;0.6682815201248042;-0.039953235637280156;-9.83403357645676
1478632458534;62.83031380570605;0.5642748466213756;3.157068312678554;0.6509235672218259;-0.040402153015136714;-9.757269581626122
1478632458569;62.82966692179911;0.6108901145923851;2.948961700231554;0.5707178253063233;-0.05012860182609875;-9.725696302961138
1478632458603;62.826464028908724;0.6304771671005692;2.8460681590118253;0.6417956642593257;-0.05835866546630859;-9.724199415466888
1478632458637;62.808079917512714;0.7144249915121503;1.9346797228519403;1.7986439606597646;-0.10788871002750237;-10.081384695301857
1478632458671;62.82805670091223;0.9101007571567269;-1.756515625688577;3.108272396629397;-0.1556231129405265;-11.040711318206787
1478632458704;62.90583931632286;1.1757638147905385;-7.143679597686259;2.1959319082397966;-0.27772739714470224;-10.78872181267105
1478632458737;63.0481966759603;1.4812918144080875;-14.26118978733109;-1.6460136413574218;-0.5904700027023442;-10.82897425501719
1478632458771;63.20157476673382;1.6455821567844682;-19.900213688342664;-6.5105825019836425;-0.4746504791259765;-13.506739320428668
1478632458804;63.32553146657316;1.6937608768191772;-21.118213935709854;-8.046911779785155;-0.2234089515464846;-16.48991429672241
1478632458838;63.35722644652174;1.7199026024786725;-20.956215909033777;-6.1927522315979004;-0.17911621170043945;-16.983568751525876
1478632458871;63.48859313105821;1.8933440748637287;-22.828326464654992;-8.198943585205077;-0.27039514999389647;-15.600767655181883
1478632458904;63.633096290627584;2.1378529201334615;-25.06207987932124;-7.766790185546874;-0.3293523498922237;-12.139799517822265
1478632458937;63.73537164288854;2.312174232097912;-26.410199414429705;-7.996334269714355;-0.4311059318653075;-9.773280887426807
1478632458971;63.816386398988456;2.462288164112442;-27.313277324646343;-6.959345675659179;-0.2760813880699221;-8.566753089241217
1478632459004;63.88720153263534;2.6271376460909996;-28.520531791493088;-6.19110607182607;-0.4068646354896482;-7.3235633109495035
1478632459037;64.01676359516186;2.8863552989346037;-31.062900150969735;-5.573850919784419;-0.36481648709946307;-6.1064111880980425
1478632459071;64.09850251289345;3.0607031270263123;-32.9116935467504;-4.907664307845942;0.01631049880981445;-5.771372593279928
1478632459104;64.20252639671578;3.248438877084219;-35.272137551746475;-4.419846048382669;-0.02454056701660156;-5.0197430557250975
1478632459137;64.33409820632296;3.4389484736409246;-38.30369690875596;-4.120271711786091;-0.018854338073730468;-4.442590818023682
1478632459171;64.47560934393576;3.6163848656640787;-41.69952127498259;-4.477007466888428;0.00239420166015625;-4.154238863317668
1478632459205;64.62806110292915;3.7821715517455408;-44.810649962630144;-4.693533225659281;-0.08274959487915039;-3.7388451675415038
1478632459238;64.75708944321389;3.9212957675562237;-47.214418972701374;-4.279336484582722;-0.03516483688354492;-3.502567098943889
1478632459271;64.8784111891789;4.046501208123233;-49.088811492160055;-3.5356370093747973;-0.05117606048583984;-3.0617350105285643
1478632459305;65.04522555579855;4.175770443043514;-51.12744523346249;-2.9296050064086914;-0.2376245147705078;-3.1735143005371094
1478632459338;65.22486654368763;4.274411734309581;-52.850902177536504;-3.678540920965373;-1.1622353049347176;-3.699191348675638
1478632459371;65.2332665258193;4.306913884332433;-52.33073787664999;-4.909161158807575;-1.210418576812744;-5.086780848339945
1478632459404;65.19026613690971;4.26978333200248;-48.2391581306149;-3.3517329788759347;-1.2554594590118153;-7.098658394357376
1478632459437;65.14956873821782;4.261043469033181;-45.07725172183432;-2.1727380065917967;-1.2729671317169442;-9.297882147216797
1478632459470;65.16333015483615;4.523377600922091;-44.33173681074909;-3.7995977424070237;-1.3117232345581054;-9.797522398431598
1478632459504;65.35570354304112;4.696571952602838;-46.22660914346982;-8.490587421063333;-1.3034931663513183;-9.126996003723145
1478632459537;65.3857971329975;4.733969082376016;-45.94207690877346;-7.520337015621922;-1.0287585258483887;-9.166649968719481
1478632459570;65.4683842598851;4.84707574701079;-45.84916876671174;-4.809502076312154;-0.9708487457938957;-7.922413220391794
1478632459604;65.66420235487489;5.005162301671047;-47.82924177046829;-3.8088752738401292;-0.7929296897224616;-4.929960347338765
1478632459637;65.83978223892566;5.042611238025135;-49.07908286754355;-3.201196964971721;-0.26755199898984283;-2.992303454644978
1478632459671;65.91813350567926;5.02444238506493;-49.234681808150775;-2.918382186126709;-0.3043628860473633;-2.2020669769287107
1478632459704;65.9673298740358;4.947180868602598;-48.44087414049137;-3.1783027038574216;-0.4243722807953134;-2.06529791483134
1478632459737;65.96722847058584;4.788337115810692;-46.05986536487;-4.932803900201618;-0.4825812721252441;-2.7187656227111816
1478632459771;65.89490976217392;4.585961589195284;-41.73132355462724;-5.570708712768554;-0.5135562195708975;-3.5817259758546944
1478632459804;65.82636161005534;4.381500889297013;-37.41869004525822;-3.908833339282125;-0.6425438796775881;-4.89704022064209
1478632459837;65.80316874935248;4.197129686615872;-35.04927133438133;-4.552274962383881;-0.7303811702092352;-5.877615584210306
1478632459870;65.81884041356749;3.943404552828078;-32.863763023317006;-7.875277448272705;-0.6477812117922003;-7.729829880081303
1478632459904;65.79365626494578;3.7993556239243116;-30.68153812026678;-5.653158959374949;-0.446219316145312;-8.148515511808638
1478632459937;65.804892911404;3.65477007628735;-29.833934989965787;-6.428431311389058;-0.40895957107543945;-7.983166233648732
1478632459970;65.76960385061919;3.3719970887995845;-27.275769057419563;-7.821856823730468;-0.5204396041427739;-8.148216254867426
1478632460004;65.70431546708132;3.125053726529523;-24.534041350405737;-7.119308274078369;-0.2093430076599121;-10.013299457727
1478632460037;65.58577175533105;2.87505894471016;-21.86399691753706;-6.301838044738769;-0.14215572357177733;-11.857433651788533
1478632460071;65.5224896343421;2.725159142158105;-20.28338640080153;-4.255394102654979;-0.07631517791748046;-12.696600749151408
1478632460104;65.45737098320757;2.627816084037661;-20.243060483727902;-4.193444280828908;-0.5764040314163081;-12.048520579528807
1478632460137;65.36966140600384;2.497477020611317;-20.236341156882784;-5.3399675277709955;-0.7722796730041503;-11.775581590270995
1478632460170;65.31099750786879;2.400657775158945;-19.185002938381626;-5.126733796282857;-0.7109282554626465;-11.961132218933106
1478632460204;65.22216913694913;2.3211710010949913;-18.227471403880237;-4.996249805804342;-0.5958569199050776;-11.820921784210205
1478632460238;65.1335704240943;2.263450674040159;-17.141135072174276;-5.0297687751770015;-0.6587047317504883;-10.699837002972513
1478632460271;64.96196518917675;2.124090942908082;-14.537973333263635;-3.023278219427541;-0.7324760704040527;-10.632649645819141
1478632460304;64.84434523456022;2.026775242243968;-12.606672570686452;-2.370558900495898;-0.7809586540222168;-10.702530114514008
1478632460338;64.71586585005572;1.8901910747465929;-10.528344892001456;-0.955136824798584;-0.6869862388610839;-12.279261764526366
1478632460370;64.63046673875802;1.8111660720243101;-8.782433405309623;-0.1788169364929199;-0.2503436973903561;-13.941286629486083
1478632460404;64.5875337440965;1.8317352895191965;-7.492563896217008;-1.1234791838272473;-0.18764554598159155;-11.760019425610452
1478632460437;64.55113723957359;1.8993417346760741;-6.819473693687236;-1.8846856193542478;-0.3468599609485594;-9.600748401498235
1478632460472;64.4688978631816;1.942624901874521;-6.04797681796648;-2.254440138244629;-0.2817675941799069;-8.974814706829935
1478632460505;64.33655203712597;1.9168472042974858;-2.8767964226969034;-1.6481085678100584;-0.1361702194213867;-9.231891708230412
1478632460538;64.21459608624922;1.8551384792334131;1.53849228494387;0.8004115242446772;-0.059106835218798365;-10.202890520886331
1478632460573;64.14374062945936;1.8748709087621773;3.0559962435364714;1.064970825958252;-0.06419451374663039;-10.178798976278863
1478632460605;64.08091726530982;1.923762299561485;3.8802734786931428;0.6217442573215579;-0.11417349166870117;-10.185232991381733
1478632460638;64.02460345413805;1.9868230855531614;4.47304425985727;0.589272865339648;-0.15607203898774458;-10.02856280383775
1478632460671;63.97113855297127;2.0594423309002248;4.77148972826021;0.5086182151794433;-0.3263596206499147;-9.633968031731294
1478632460704;63.91893085809886;2.1194648279159125;5.007428660777706;0.4032733421325683;-0.45504794390029274;-9.273790383413619
1478632460738;63.874531572861144;2.159402671877727;5.351389577601106;0.6368576598678715;-0.5517138450622558;-9.236530437414348
1478632460771;63.83192861888531;2.275888643046944;5.667119926145348;0.9083002411220455;-0.5966051079238764;-9.394697421121037
1478632460805;63.765171054924636;2.3935543646554236;6.724245464913738;1.3186066008636728;-0.4902127807838376;-9.999832219519092
