sep=,
timestamp,gyro-alpha,gyro-beta,gyro-gamma,accel-x,accel-y,accel-z
1478632571490,58.68381032839804,0.7469112065305883,7.661297656974177,1.1773486298492177,-0.08649053497314453,-9.715819959961857
1478632571524,58.663158770052576,0.7306174520283211,7.818123621509388,1.2107179250854998,-0.08738835831241448,-9.605686625085397
1478632571558,58.643629865119884,0.7030490970587675,8.140700390669107,1.3802571965729293,-0.08529343870964366,-9.585485603376757
1478632571591,58.60798190769433,0.6770155446162498,8.577754128336608,1.6261119131226092,-0.08664017714348156,-9.260173434536718
1478632571625,58.59450547383656,0.6761736685556241,8.634380819016865,1.6714520157302728,-0.10399813803797005,-9.163208340365625
1478632571658,58.555050209635134,0.68740637477667,8.543089627292794,2.2384289877075703,-0.03965396499633789,-8.493580027008056
1478632571692,58.5281521470417,0.6966446673113306,7.331822215082923,2.294243813909963,-0.04728547822150867,-10.442011411694436
1478632571725,58.51231322662181,0.7337345931143143,6.356704463120543,1.6858172804901375,-0.15502455977840582,-12.631807958984375
1478632571759,58.51196487301428,0.7430190397160141,6.272963200954653,0.6332663391113281,-0.3327940307617187,-12.954575978033244
1478632571793,58.493135960418364,0.6198991528835052,7.88899590011151,0.4312556471008807,-0.41314942398071286,-13.05543201522827
1478632571826,58.47190258543808,0.2631323011849133,12.216538099068064,4.11129316329956,-0.19183540802001953,-14.803947415161131
1478632571860,58.46863734274773,0.10443217099858136,14.261484976998958,4.689492864227295,-0.2528875526372925,-14.111574222564697
1478632571894,58.479075111517595,-0.006364195204264653,15.528946811660772,3.579181698199361,-0.2527379208131071,-13.187562019348144
1478632571928,58.503049124635616,-0.140424273938473,17.001199601622258,3.353079461581446,-0.46716861263772,-12.581230741174519
1478632571961,58.5342358367214,-0.3148053539214841,18.717790919131488,3.4714428426880386,-0.2299929924121825,-12.217611364038287
1478632571995,58.524947588728935,-0.4158122804631244,18.89949201827569,2.130390491662547,-0.05431845016479492,-10.835857730920612
1478632572030,58.52431682104933,-0.46178573686380253,19.043916985828833,2.10450333234258,-0.08215105359726585,-10.670208611297607
1478632572064,58.505791255623606,-0.6606980258986432,19.800580829240985,2.915239832980372,-0.08200139772719703,-10.06372754938975
1478632572098,58.473273656176794,-0.7694435249042406,19.727590514169762,2.7881975804535672,-0.05746083984375,-9.379434394670696
1478632572132,58.44198143305905,-0.8623312247588354,19.35267284677436,2.2198737787108866,-0.03441664886474609,-8.601169317980855
1478632572166,58.39547057396447,-0.9856033572445957,19.08798886266365,2.9457658310821278,0.06554127957993186,-8.522310593060404
1478632572201,58.34155393375995,-1.0289859757891668,17.790848815550547,2.975842975738109,0.1768716447185794,-8.305036500140279
1478632572235,58.26901951012629,-0.9972564267419878,15.262752476236919,1.9529202936034649,0.18166006009750998,-7.7148659370422354
1478632572269,58.17480699687278,-0.982453798055849,11.840113112542499,0.9293992300171404,0.21877017213020006,-7.389553932598978
1478632572303,58.122071263092245,-0.9982847635330437,10.033558801617714,0.4634276588439941,0.51714755859375,-7.048230704553425
1478632572337,58.03600355891902,-1.1024643916315517,8.474877321902163,-0.2593219673156738,0.6136638130187988,-6.426935373742878
1478632572371,57.95951684702471,-1.2973272397234514,8.97263166748488,0.38187516479492184,0.5747580360412597,-6.489034394781291
1478632572405,57.873077620135,-1.5261564027911636,10.133394526606404,2.1015104706695302,0.3746925506812986,-6.790404528753459
1478632572440,57.65367373322554,-1.7091508319879591,9.405923527862349,3.684377079772949,-0.0652419952392578,-5.436932695007324
1478632572472,57.55547245687046,-1.612471006640295,7.233139604383932,3.5678093864440914,-0.05611411967622116,-4.664054471588135
1478632572505,57.46541787248313,-1.4160734149926697,3.878194216040497,2.595763512420654,-0.33683422779692335,-3.8476317054748534
1478632572540,57.393745944470766,-1.323825906940177,2.078785353239772,-0.706139888674952,-0.40940848388671874,-4.246415919494629
1478632572573,57.28755956815792,-1.4343692620479438,3.796993818137575,0.6813000350343879,-0.6438905907119624,-6.128557991845906
1478632572606,57.19169559232747,-1.5246375758493653,5.914306049969568,2.8681038781981916,-0.1441010124206543,-8.3256866355896
1478632572640,57.091756950165404,-1.4479052604239775,6.36951334211506,2.5697264963012185,-0.06254853663789108,-8.120533480834961
1478632572674,56.99086428566357,-1.2828008799783646,5.653236463454089,1.3380594528198242,-0.026485855865478514,-7.705588259478658
1478632572707,56.84097077355935,-1.0907982043002766,5.705821452349508,0.6440402100494131,0.026036943054199218,-8.211962348993122
1478632572741,56.68571590253967,-0.9468093922320767,6.319658766048824,0.6754641068389639,0.42227731781005856,-8.221688354846089
1478632572774,56.58026889575474,-0.8035202801738549,6.839711551609316,1.1059715659210458,0.4192845657348633,-7.851036156463622
1478632572807,56.48801850514037,-0.7203965634996908,6.995957464227899,0.19033903198242186,0.3363853332519531,-8.775347561822459
1478632572840,56.37476554919042,-0.6113789917946288,7.643290971827324,1.3204021505024457,0.2258031440734863,-8.686163476916402
1478632572874,56.280384221174906,-0.4382372601502634,7.376218526597185,0.9008184111664072,-0.013467384338378905,-8.717288244628906
1478632572907,56.16306985163873,-0.2439035860835021,6.474463614242898,-0.07062894897460938,-0.010175357055664061,-8.383895371191203
1478632572941,55.98535881953153,0.021515356351443773,5.958622711278818,0.6865373260498047,-0.2551321224019106,-9.019107510608062
1478632572974,55.94040654003524,0.1256575041697045,5.430316229155949,0.890942327034974,-0.052073886108398436,-9.432106968191452
1478632573008,55.79824506836962,0.5341709600129957,2.4151370984264835,-0.7100303933074698,-0.3176806236488279,-9.503933218925539
1478632573041,55.71052860248845,0.7952348513274542,0.2767619130444914,-2.120215262471046,-0.04578910675048828,-10.438120468670501
1478632573074,55.63669442924564,0.9402950249039973,-0.9792093950937385,-2.726397286633402,-0.32606033859252925,-11.52284367752075
1478632573108,55.512809767222194,0.949893699086215,-0.47224392797164516,-1.5867571776680183,-0.2813186950683594,-14.283657759149373
1478632573141,55.41088191875613,1.01143358280179,0.03961567009845835,1.358410230863234,-0.24630348665541968,-16.67576420059204
1478632573174,55.38373438093778,1.1494316689792219,-0.32897924623435076,-0.1758241844177246,-0.5400421119689941,-14.657751768548787
1478632573208,55.232679349455594,1.020572490148399,0.2839454651773135,4.448875725245755,-0.019602526092529295,-19.237709614562988
1478632573241,55.35302838620737,1.3889503344633922,0.30948523485224233,0.33309329683608374,-0.2916436851612059,-12.580781536102295
1478632573275,55.347476053572336,1.456091005649208,0.09820511435881615,-1.5300445612340408,-0.6441898841857909,-9.201814878668262
1478632573309,55.339228259287054,1.4533135033148947,0.6507352184498593,-1.8432359300475567,-0.4171896392822265,-9.053972560827434
1478632573342,55.29364343916789,1.2670577982630111,3.619660198768178,1.1517605996062978,-0.06494272003173827,-9.647734581679337
1478632573377,55.32224490703198,1.155219328890947,5.234166084313438,1.5701473762512206,-0.022296002960205077,-8.655787116418406
1478632573409,55.34979959641443,1.0050671452546898,6.818242869889261,1.7595885460784657,-0.007481880187988281,-8.279748183496295
1478632573442,55.40267892477788,0.8289499261690838,8.334630337709093,2.022352141747996,-0.0047884033203125,-8.749610113171487
