sep=;
timestamp;gyro-alpha;gyro-beta;gyro-gamma;accel-x;accel-y;accel-z
1478632659804;43.97722994644492;0.12649851665624523;16.249278920905233;2.5959130586928687;-0.010175357055664061;-9.421333401501577
1478632659837;43.982618718833315;0.18153911594565295;15.390021331474752;2.2858640715667975;-0.02454056701660156;-9.371503647337201
1478632659871;43.99930910864784;0.18718402951666704;15.147920049692639;2.2195746861664576;-0.017357962036132813;-9.428515526420611
1478632659904;44.01628738555919;0.15946841873310627;15.294474695048526;2.2622213301727547;-0.020350714682150283;-9.471910493159736
1478632659937;44.033138627607585;0.1048602959096618;15.71519640196201;2.5902268480163064;0.0037409400939941405;-9.858275192492828
1478632659971;44.050381326530946;0.06351526822953454;16.079455383004145;2.766051219663699;-0.00852934355701218;-9.703849130613822
1478632660005;44.08007638714153;-0.02115396409643481;16.743274097098134;2.707991843104642;-0.028880057525634766;-9.812336265475489
1478632660038;44.1010224943054;-0.06865950295292139;17.18791184749696;3.4035074071137235;0.008080431173849502;-10.140042435046285
1478632660072;44.10670168906217;-0.0571617615474765;16.849520041212983;3.48835174578242;-0.04788403206148068;-9.599401955325343
1478632660105;44.111282984322266;-0.011404540726281512;16.081293560658285;2.2987330150879917;-0.051325699373949464;-7.994089559527486
1478632660140;44.12147546714584;-0.030371159774016474;16.237553214093147;2.657863117980957;-0.021996727181863386;-7.448361364746093
1478632660172;44.13625549733417;-0.05919298243005147;16.377712572069257;3.2363620210509745;0.02289455337524414;-7.0618477264955635
1478632660205;44.14389646975056;-0.07567526050148239;15.741060290250353;4.050839571380615;0.09591770401000976;-8.23440791649185
1478632660238;44.14925006013381;-0.04632054498462739;13.840105131651788;4.365677089691162;0.14065934924664616;-11.355099923706055
1478632660271;44.16631538997724;0.11889613371638061;11.139921298177466;3.538779691314697;0.04504091644840082;-13.517662573242188
1478632660305;44.20808718512894;0.3359966516239287;8.311650353098086;-1.3795090690612792;-0.11372457885742186;-12.74074442678243
1478632660338;44.23403453581123;0.173347946144648;10.167373201322066;1.5304934477875007;-0.059256491088867186;-14.278120875549316
1478632660372;44.24658656958657;-0.013666248016080334;12.973150140955779;3.513341298675537;-0.015861585998535155;-14.938920533752441
1478632660404;44.301909259649065;-0.13541202221276927;15.091142881359454;4.374355924578756;0.2457049430902465;-14.597297884368896
1478632660438;44.32590413266813;-0.06062495035657981;14.53132880346359;3.038391617407277;-0.20066403235006727;-13.036428331811726
1478632660471;44.29755010238666;0.012231886673898363;13.812742151600448;1.5363292047362773;-0.22325930109922626;-11.667393748883157
1478632660504;44.32825453301291;-0.01701833941947256;14.44369038069697;0.03995324020385742;-0.03247135973045806;-10.46774900647588
1478632660537;44.33129950853458;-0.22081701259304215;17.134659203552967;1.1239280418395996;-0.17103578566398936;-9.682899884353764
1478632660571;44.37218372923367;-0.5818307709833579;21.633364997420692;3.824138619950879;0.014664485168457031;-9.656713303695804
1478632660604;44.39737094262958;-0.7348812398606323;23.10122374734339;4.255842978933639;0.03561374969482422;-9.497947623443602
1478632660638;44.36466743186371;-0.7895503712988012;23.05545266305439;3.9203556631004903;-0.011073182678222656;-8.897751012100093
1478632660672;44.337145518194944;-0.9264323413170199;23.42323787148548;2.9935003362793475;-0.013916297149658202;-8.255357254083455
1478632660704;44.3554702997777;-1.0925937251128626;24.716891783032363;4.525041101162694;0.25049334869384765;-8.735394668678474
1478632660738;44.33736974376353;-1.1935615026080504;24.909719469887158;4.199130454972852;0.16579845583266578;-8.215104227215424
1478632660771;44.306803826963616;-1.2598995514529223;24.497032806847994;3.3948282434325665;0.13452419664687476;-7.817367622552439
1478632660804;44.28860421222639;-1.3404633242180124;24.087517383399057;3.544017117044143;0.20260931777401128;-7.819612405804544
1478632660837;44.224391760582805;-1.4633787935565559;23.09130568381067;2.8532896823607383;0.052073886108398436;-7.3721956783019005
1478632660871;44.17942103017716;-1.5790289167437972;22.76842768804962;3.471592370693944;0.04189852905273437;-7.7310267982482905
1478632660904;44.12957600597627;-1.6814412364700144;22.064587043150798;3.586962917526951;0.1393126182334963;-7.982417753368988
1478632660937;44.022810361112;-1.7875251076529894;20.73450373428075;4.347870287908986;0.08649053497314453;-8.272266011047362
1478632660971;43.92869242186378;-1.7638569796874488;19.16496354457877;4.305373208441212;-0.08484450306547806;-7.46646722254008
1478632661004;43.824073507205405;-1.6179692741328588;17.009907791559638;3.638588046087697;-0.12943652725219726;-5.33398231588155
1478632661038;43.71586322245265;-1.4049543358448053;14.597266177880641;2.3096565418961457;-0.0565630142211914;-2.3829788398742675
1478632661071;43.57618975298763;-1.1457073851230497;12.061845867650453;2.1293431106346192;0.4248211570739746;-0.6426935081481934
1478632661106;43.49844977030069;-1.044451490832549;10.512833356975886;0.6700771896362304;0.31753099517822264;-1.4170681076049805
1478632661138;43.43783592514973;-1.116017125064141;11.111234143222667;0.2467524085998535;0.10280102464980445;-6.344185194341838
1478632661171;43.35813225369532;-1.2040952244966296;12.95229726202063;2.3636755524566397;0.29882630384140646;-8.456918741021678
1478632661204;43.280632538665365;-1.1395075864493711;13.34863512239523;2.879925321960449;0.16445171968211653;-8.933664329263381
1478632661238;43.185287667692116;-1.0160903316527192;13.030927420898903;1.687313619995117;-0.11507131729125976;-9.266607723634223
1478632661272;43.09370566389798;-0.8841588542283972;13.482643724181118;2.754828248684667;0.02633621826171875;-9.193285242993012
1478632661305;42.96478708401689;-0.6309349417702348;13.90200434612242;2.3591864137836365;0.1396118820245727;-8.96329264787305
1478632661339;42.83582062589742;-0.2419430581379418;12.717948692484223;1.5388731170654295;0.28850129548225084;-7.4739496872499585
1478632661371;42.74492252991829;-0.012642067935464553;12.168498505333305;0.7091326042175292;0.22460604809539653;-6.9250786643981925
1478632661405;42.71297913653095;0.07245790364197342;12.447812061730582;1.0127473022460938;0.018704701611615016;-6.897395999963581
1478632661438;42.59522657651969;0.27327008132220537;13.280842359328341;1.5189712427001445;-0.11566986770629882;-8.04406866531372
1478632661472;42.51682925216542;0.42055694204771965;13.723104025830017;1.9794062225341795;-0.06374561748919368;-8.53113921168223
1478632661506;42.44906023168205;0.610772764046928;13.724828869404854;1.8766052252838388;-0.05342061997565906;-8.378807984924316
1478632661539;42.38266030222055;0.7756507154662082;13.285898115911943;0.8499415893554687;0.07691372833251953;-8.71519309898056
1478632661572;42.32487936483126;0.8670502026718604;13.262170613857316;1.9274819374969228;-0.01331774673461914;-10.174159881768748
1478632661608;42.310065841731806;0.9361340895558812;12.848045398496575;1.8161516333648935;-0.03411738279038109;-10.6134962517336
1478632661638;42.281374560880515;1.0440607972185314;12.053929881929541;0.5270236404418945;-0.177470205194359;-12.25157880783081
1478632661672;42.30026544368136;1.0818925691017103;12.228563454991777;3.1105168693542478;-0.22789807965927755;-14.258518349456786
1478632661705;42.30296005421648;1.1378438042489636;11.587287356670075;1.6711527953216805;-0.5544073036636226;-13.832799366760254
1478632661738;42.31649735932207;1.0916538556490647;12.063315434096545;1.5384241677215322;-0.4557961410522461;-13.810204088592528
1478632661772;42.31410315811593;0.920652356356878;14.181727111274075;3.9936780067443847;-0.10265139161262195;-13.715782760620117
1478632661805;42.27450724925823;0.705121757415552;16.10001675464389;7.538143927001952;-0.009127893829345703;-14.33318751373291
1478632661838;42.38309314083245;0.6805936709903565;17.847658822481257;5.5906105140686035;0.14933832855224607;-13.802273295593261
1478632661871;42.41083643781512;0.7164875137204468;19.212574599907757;2.4006359309874474;-0.1782183906444581;-8.209417998272553
1478632661904;42.38507407764831;0.7162815210376587;19.499675717819994;2.2649146974425762;-0.18345570677604991;-8.035539468029887
1478632661938;42.37024998450139;0.6350524220496719;20.965612921303837;4.592677407659963;-0.05865793610725086;-9.127295393095094
1478632661971;42.367372407759035;0.6213804811440392;21.67402056485416;5.269188941192627;-0.07242460021972656;-9.18131438538928
1478632662004;42.38601409954475;0.6529238948638689;21.87705716586565;4.704606335272267;-0.034715924072265626;-9.443629246344043
1478632662038;42.425115409395936;0.7022860084588676;21.732078752049233;4.083310858331248;-0.036062662506103516;-9.541342784262262
