sep=;
timestamp;gyro-alpha;gyro-beta;gyro-gamma;accel-x;accel-y;accel-z
1478632127921;73.33320714540969;1.1862204487676702;-9.770911809602653;-1.7615338805931153;-0.1617582405311521;-9.748141432068449
1478632127954;73.35517985467662;1.2193655237912648;-9.698378400651384;-1.7218799703957046;-0.20455460833535472;-9.80440539027783
1478632127987;73.37610108924417;1.2642676553513368;-9.695010304318805;-1.6982371742027345;-0.24196399842967511;-9.705794095235714
1478632128020;73.39950174526167;1.3040730728927652;-9.674447873937778;-1.8011878181899896;-0.24166473007202147;-9.56902523863432
1478632128054;73.42063620210939;1.333740619999464;-9.471751193122092;-1.6831237944893072;-0.2531868232782348;-9.529072007563617
1478632128087;73.44920225315053;1.3618285765087161;-9.00632087251463;-1.4287398132987785;-0.23074118299968102;-9.508123217961284
1478632128121;73.47416221758326;1.387557598490601;-8.794569193003642;-1.4447510734336915;-0.2656067489568726;-9.399187097223102
1478632128154;73.4946965212874;1.412628103285499;-8.59624883773636;-1.360505056851171;-0.3096002113121096;-9.535955611331202
1478632128188;73.53292025403664;1.432008350606526;-8.289503438689305;-1.1646294517959468;-0.26979660414543466;-9.986813510529975
1478632128221;73.56663321026855;1.4531235338228292;-8.274655525587965;-1.2618938577071763;-0.2888005798229249;-9.850792901312886
1478632128254;73.59794004421427;1.4811245199415564;-8.402182123412727;-1.33910687038037;-0.27129298246632094;-9.580248268978856
1478632128288;73.63403915219543;1.5016759129239161;-8.565293100350473;-1.5107411881930892;-0.2542342830796202;-9.412953281844965
1478632128321;73.66910132960503;1.5034874233722897;-8.652196693278448;-1.5049053376294788;-0.2328361183000612;-9.513210768624953
1478632128354;73.70434466221934;1.4950628475756438;-8.747299440466756;-1.493981821952357;-0.21727380065917967;-9.610624793873633
1478632128387;73.7618439715733;1.492512636081262;-9.002533418644296;-1.5870563661105697;-0.2530371843901252;-9.634417236803518
1478632128421;73.7978536780756;1.491611300938613;-9.144915916010214;-1.612644400920067;-0.2786252113508177;-9.784503780774026
1478632128454;73.83446350494538;1.4933344045471038;-9.22229422976117;-1.481262657884229;-0.2600701610426942;-9.903315965094045
1478632128487;73.88736443138787;1.5199859214653677;-9.856795864508364;-1.158195089633204;-0.23104045107192359;-9.725845630037645
1478632128521;73.92997699989057;1.5797055254415135;-11.353082190421938;-0.6603507453918457;-0.15726911241835914;-9.748291526329936
1478632128554;73.99955074377391;1.6983213178056769;-14.464976135107285;-0.25528175201416015;-0.08693944778442382;-10.056395343338139
1478632128588;74.12614585577795;1.918969767349559;-19.731958048118;-0.2814683326721191;-0.19422960968017577;-9.860669028826802
1478632128621;74.3427345355995;2.207828954649943;-27.237797847002494;-1.4592659118652342;-0.2786252090675291;-9.179518875708059
1478632128654;74.65893102265433;2.448340525003076;-35.36156316720683;-4.449473855535686;-0.4954501106151612;-8.444049943630956
1478632128687;75.19258326973802;2.454519331374507;-44.003811862620466;-9.482834225463867;-0.6361094718490727;-9.668684129333496
1478632128721;75.48510437035287;2.312733598494488;-47.34200061892734;-12.69181263809204;-0.4580407188083743;-11.713481984710693
1478632128754;75.70616931085273;2.280173422844542;-50.42819141144595;-13.231854750061034;-0.39489363375332176;-12.042235800170898
1478632128787;75.91608174007426;2.389073729997107;-54.376036033727104;-12.66308192590922;-0.7673416320800781;-10.047267559106647
1478632128821;76.41571108421599;2.252643288151749;-59.73810305799739;-15.726612879943847;-1.1294645966460928;-6.311265067645162
1478632128854;76.69659310395376;2.1246084858767347;-61.7704087627062;-15.594183600616454;-0.8860042518615722;-4.403086344500631
1478632128888;76.82720111514226;2.251329832681716;-64.51612132270965;-11.718120750427245;-0.8885480911254883;-3.1390977247375993
1478632128921;76.97799941148048;2.3565366877840543;-67.92729556137884;-11.821969247436522;-0.6838438309158198;-1.6276082160949705
1478632128954;77.07854412160505;2.4760241012201183;-70.36226350675275;-9.72779105588384;-0.37888241271972656;-1.6300025638855993
1478632128988;77.19647647555774;2.565582257115687;-72.7406602340285;-9.829245205102488;-0.21817162628173828;-1.418115716961771
1478632129021;77.33531571845438;2.7027935862643506;-76.32783422989368;-8.649053278118744;0.05087678527832031;-1.4875474920410663
1478632129055;77.43657978946705;2.7692726773348566;-79.01159437156376;-8.447790701061859;0.035464112091064454;-1.139639990234375
1478632129088;77.56847568134751;2.806819532807094;-82.08231187482491;-7.918821990966796;-0.09935936889648436;-1.0527005972488783
1478632129121;77.65575485452081;2.832034415155618;-84.46079816347012;-6.695983493041992;-0.047285482788085934;-0.8485948417884763
1478632129154;77.82519927785066;2.81434804507494;-88.9959004269943;-5.743240577642619;-0.1470937644958496;-0.038756139373779294
1478632129188;257.9401619972673;177.2216959537548;88.10639385400431;-4.076128326416016;-0.18974046330107375;-0.0032920272827148436
1478632129221;258.0437178748602;177.30393271102295;85.16484946552187;-3.528604334259033;-0.29972412033081053;0.00613514175415039
1478632129254;258.1420684216413;177.4068895908764;82.85503813753911;-4.336647394561767;-0.31693243563002904;0.017956512451171875
1478632129287;258.2097496782708;177.5117030251855;81.94095694992107;-5.34714984049052;-0.3924994186788448;-0.003591302490234375
1478632129320;258.24984739424497;177.5782041930748;82.13140265363683;-5.791274832971394;-0.6675333503723144;0.022744915771484374
1478632129354;258.2433439522372;177.61973688904445;83.82128065631736;-8.047211054992676;-0.9404723396301269;-0.7502829452514648
1478632129387;258.2394909178869;177.62405650188137;87.51995608144223;-8.57902295262441;-0.8065466842651366;-1.993771395962499
1478632129421;258.30288331162603;177.59638730938778;88.01895535843258;-9.87204187943819;-0.856824919128418;-1.8659809188842773
1478632129454;258.4233047214443;177.4414784590687;87.78151906791479;-10.378564738906734;-0.4468178745518613;-1.0812813613006844
1478632129487;258.48628197766635;177.36519682543098;88.69657964406908;-8.75454793489985;-0.44891280985224147;-0.8028057441711425
1478632129521;258.5569454717884;177.26528239818623;89.82106279723402;-5.783792952783405;-0.4375403716598637;-0.5397428207784541
1478632129554;78.64177126919407;2.8094326265032925;-89.29546671627351;-3.7366006034851074;-0.5952583877563477;-0.0652419952392578
1478632129587;78.72018578378929;2.844097729280637;-88.45564557419206;-2.7611130645751953;-0.4094084747535642;0.21667526851044966
1478632129620;78.79748500497139;2.814022739545418;-87.07125290007114;-4.594622623443604;-0.26830022354125976;0.7130231453826651
1478632129654;78.80554323327307;2.739246232621;-80.91599028945684;-7.754070989227294;0.020500351715087888;0.3247136001586914
1478632129687;78.7862210833611;2.6998445034152683;-75.886541937562;-6.137386025945842;0.014065934753417967;-0.7615057655334472
1478632129721;78.82460726155404;2.635234353365596;-73.11374372641633;-6.6009633223935955;-0.19093758239746092;-1.6614262414794414
1478632129754;78.861962535205;2.551947838847388;-70.98596048035964;-9.786748381363042;-0.5636848716293461;-1.7696144481934606
1478632129788;78.85699057596375;2.4848366063963883;-66.57174600618782;-9.438840514230169;-0.3746925735141849;-2.3460184978760776
1478632129821;78.7983238409134;2.3995605393121178;-62.78915421807;-7.01127007029429;-0.7677905448913573;-3.311629954937845
1478632129854;78.81834297030674;2.3399324832386226;-59.9247659288719;-8.670152362911962;-0.4180874774628726;-3.9175126125611364
1478632129887;78.77565447710369;2.1798392463923655;-56.40159184017333;-9.164704606805369;-0.5617395645141601;-4.9019782250335435
1478632129921;78.69585797707539;1.9993482383544139;-52.40189583924838;-8.23380921994634;-0.294187542691431;-6.057779186071827
1478632129954;78.69334521469398;1.9343925339353851;-51.442124723392936;-8.582763819653168;-0.3651157508905395;-6.554276864944584
1478632129987;78.65208568431031;1.815596755556663;-50.244496647846105;-8.602965188421681;-0.10414777221679687;-7.080253005627542
1478632130020;78.62882951038908;1.6468055085690172;-50.08173953698145;-10.897358201543986;-0.27323826560697634;-6.930166415991261
1478632130053;78.54853393635788;1.4166421618883445;-47.87665192505742;-9.772981539154053;-0.2645592743141111;-7.861211221258341
1478632130087;78.50925284782356;1.3089124151698837;-47.76259277306236;-10.66512064050883;-0.2588730613542604;-8.140884341076761
1478632130120;78.42606061042443;1.1967713403177187;-47.67969844389474;-10.446051480865478;-0.09442133710556663;-7.8402619567319745
1478632130154;78.3718174609669;1.0846517650377892;-47.17124088697317;-10.260500559942423;-0.07466916427612304;-7.927351188250631
1478632130187;78.25143988481815;0.9627295165055616;-46.11379792280987;-10.2150110206604;-0.08319850769042968;-8.621520178222656
1478632130220;78.15508983554248;0.8623940300944392;-44.40625085733548;-9.727491707611083;-0.1360205852425599;-8.824728044128417
1478632130254;78.03311321324861;0.7994101059014281;-42.74508184168572;-8.38389580958262;-0.17283143005924065;-8.924686109570413
1478632130287;77.83346598175525;0.6959282972438638;-40.43288449598253;-6.706607689843699;-0.4370914497154299;-9.786000156811625
1478632130320;77.78411658881993;0.685753285203704;-39.831357413490494;-6.615029695538431;-0.38621465530395505;-10.286088590185344
1478632130354;77.68256294172154;0.7307584599204459;-38.042263678049444;-6.471227848727442;-0.3703530693054199;-8.533084208270163
1478632130387;77.56927911235843;0.7848093063074925;-35.72143905188896;-5.646425093675823;-0.34401685104370117;-7.3642652140961955
1478632130421;77.5351687292886;0.7958810367510623;-34.9110743125037;-6.075586024386622;-0.29179332733154295;-7.222109161730855
1478632130454;77.38667943254211;0.795398496800388;-30.487616339580367;-6.551882480621337;-0.21607669982910155;-7.873631726892292
1478632130488;77.2706373953775;0.7685502048257695;-25.96263864072263;-5.807435255786031;-0.07018004072990734;-9.18266093659345
1478632130521;77.16201234604014;0.7366140175163106;-20.593894224182293;-5.513397510528564;-0.03366846084594726;-9.88520966890864
1478632130554;77.04485996080763;0.7001248609549588;-14.236156979766983;-4.948216281127929;-0.0846948882946046;-9.909451289511285
1478632130587;76.83907199596332;0.5638109016319041;-2.6204629078302064;-1.105073667233251;0.020500351715087888;-10.653000432995706
1478632130621;76.78983498208598;0.5215692683811954;1.2288007378546433;0.7603086647033691;0.11806407849960959;-10.559327293042093
1478632130654;76.68488266402171;0.4582842722029781;10.610200155009393;2.531269705200195;0.013168109130859374;-8.912415387670695
1478632130687;76.61056858507436;0.4678131997005354;15.006612883935647;3.453186908898875;-0.055665184032055545;-7.418733265332132
1478632130721;76.59864270901286;0.48408254517739274;15.46551112413201;3.410241062750295;-0.06329670867366949;-7.311592594909667
