sep=,
timestamp,gyro-alpha,gyro-beta,gyro-gamma,accel-x,accel-y,accel-z
1478632257610,73.1402646151412,1.9533819669471377,-3.3442829231482807,-0.6031891967386356,-0.3730465461730957,-9.849745570517307
1478632257643,73.16642504469517,1.967223822223751,-3.5164669859397244,-0.6214449547145748,-0.3607762535316404,-9.852289674642705
1478632257677,73.20418241985107,1.9732918859579276,-3.696643002786829,-0.6760627211860847,-0.3281552718950319,-9.889250030340627
1478632257710,73.22844904701896,1.9698222055234544,-3.8098213785098594,-0.6935703208259772,-0.32501288678265405,-9.812336423022405
1478632257744,73.24907312596527,1.9561006000711152,-3.925790836844263,-0.7318774971561273,-0.31379007106724893,-9.859771522864651
1478632257777,73.27176355084325,1.946466522864939,-4.094851612162558,-0.6218938812255859,-0.3736450874549802,-9.92680874922392
1478632257811,73.28760727908465,1.948445702133323,-4.312982061309705,-0.74025726004889,-0.3773860549484379,-9.974692901158052
1478632257845,73.29947670413833,1.954543955851838,-4.559987687439933,-0.8783727340698242,-0.3764882201927248,-9.950302081343064
1478632257878,73.30926008152693,1.9227165162470607,-4.652965598895773,-0.8007107937439751,-0.28446108474731446,-9.901520240783691
1478632257913,73.3129427284291,1.910628309235651,-4.63176073412637,-0.8204629540153313,-0.27413607638815884,-9.830891136545455
1478632257947,73.31657462509222,1.8498144360977007,-4.456301524229094,-0.8822633117675781,-0.2099415672081057,-9.44632272321172
1478632257981,73.30795903398946,1.8048856535299154,-4.169598686175881,-0.49679680794980374,-0.15936405713730492,-9.421333462579549
1478632258014,73.29964476353575,1.7492013898207814,-4.151398882727502,-0.31109657821655273,-0.1637035385131836,-9.443479389544576
1478632258047,73.29688797101693,1.726496552275127,-4.28769116188422,-0.4514566505432129,-0.1859995506065432,-9.451859095355124
1478632258082,73.28697941270688,1.6880909958431267,-4.9316257518110485,-0.5349544334411621,-0.2699462383242615,-9.299378267526068
1478632258116,73.2872220538442,1.6722970763806986,-5.179270340042394,-0.5678747428009286,-0.2973299198122986,-9.373448990985006
1478632258151,73.28099265204027,1.6329053812062257,-5.894494477597767,-0.4996399954864755,-0.2886509410775208,-9.331850065933354
1478632258185,73.27876749409312,1.5850831178843292,-7.148672524053806,-0.6524199523925781,-0.3259107009887695,-10.730063798931985
1478632258219,73.283186154865,1.5686870247221567,-7.646984098940206,-0.7556698989868164,-0.32007483444213863,-11.156381039782612
1478632258253,73.29943117004761,1.5284534415537434,-8.46475199716644,-1.3789105780117445,-0.3767874771339353,-12.342109558105468
1478632258287,73.28789700178439,1.3468841737617205,-6.956701362832749,-1.9211971946716306,-0.3464110618370119,-14.602834183447062
1478632258321,73.28677776603458,1.2252038837092607,-5.041963110531733,-1.749862138366699,-0.5165490081787109,-15.45666664276123
1478632258354,73.27901447814924,1.1157149661595904,-3.1370755116183235,-1.650951682281494,-0.7019500175033696,-14.833126747894287
1478632258387,73.25276511263291,1.0161278629139643,-1.609939189222257,-1.8372504806960932,-0.6804022025619633,-13.842525811004638
1478632258422,73.20717266889457,0.8352682318818268,1.064972030276522,-1.7889175346816888,-0.46671968612670894,-12.772317376653849
1478632258455,73.15971383233241,0.625701903498264,4.249539496815182,0.44906243061674755,-0.019901801300048826,-11.979836919403075
1478632258489,73.12075957813711,0.5428740505005697,4.941443159411264,0.9184756164440186,-0.010175357055664061,-11.285069525146485
1478632258522,73.09111448876038,0.5081861201643242,4.366519026299732,0.43634328909609466,-0.008379705810546874,-10.500968700641021
1478632258555,73.05515904133976,0.4672272257731051,3.495536681464834,-0.10040683212280273,-0.011222815715405158,-9.987412188809179
1478632258589,73.00889892456942,0.4045365770020552,3.1826014424695934,0.18315642700195311,-0.03247136001586914,-9.55870023484174
1478632258621,72.973523527559,0.3266878330942093,2.8880976175399504,0.7336731895004399,-0.07047931022920528,-9.042151482391358
1478632258654,72.93333892292382,0.2936479719278486,1.6640089724788878,0.8162731285095214,-0.17971476211547852,-8.26268935053721
1478632258687,72.91305245370452,0.2867952827724295,-0.6935496326246877,-0.01601122360229492,-0.1970727241516113,-7.527070890454202
1478632258721,72.88160737810375,0.29758605145060596,-4.7888386635757945,-0.97803134164121,-0.1548749198913574,-6.7139402977541085
1478632258754,72.86614007609094,0.2945673085454274,-7.532245949156917,-1.0468646028380841,-0.05850830478253483,-6.416311103875935
1478632258788,72.86402337293072,0.28526694956905735,-10.590539682974125,-1.4130279288360847,-0.013766657262609805,-6.025906595666706
1478632258821,72.86064422428838,0.27068537376741647,-15.593326834978592,-1.8326117332458496,-0.012569558715820313,-5.778555052129924
1478632258855,72.85434356017605,0.25013776425067763,-18.859756932926313,-2.03417365857549,-0.07736264114379883,-5.464466014099121
1478632258888,72.81329182965405,0.17679813633915514,-20.909747841028807,-2.7329812681335954,-0.12794015349788823,-5.040243407440185
1478632258921,72.72064271163156,0.011252546954427524,-20.341806776949444,-1.8918682243347167,-0.015861585427712998,-5.18718782659322
1478632258954,72.5865479661516,-0.2115527932410734,-17.929723839441206,-0.44636897201538084,-0.049978957372473085,-5.410297201538086
1478632258987,72.41049493290559,-0.5045118459847058,-14.5535990796471,1.2581529724121092,0.11776478959235828,-6.9630866157531734
1478632259021,72.34762648135715,-0.6207721846188098,-14.131157108898083,-0.2768295669555664,0.21443068618774414,-8.509591031414642
1478632259054,72.28171344637799,-0.6492245410619342,-14.469502967128589,-1.0803834991455077,0.19602526092529296,-9.415796688577347
1478632259087,72.20828329371957,-0.5300175153711958,-16.533781368497706,-1.435772808074951,0.013766659545898436,-8.200290104443207
1478632259120,72.1715445289791,-0.40106811339060533,-18.279168368804903,-2.27509005449824,-0.06688800431403796,-7.438335499163717
1478632259154,72.11155755272469,-0.26567322961883394,-19.436371587630145,-2.454655252075195,-0.1683423042297363,-5.497086719457805
1478632259188,72.0382000830417,-0.24952041033388853,-18.635649119633776,-3.7960068052429703,-0.05102642288208008,-6.126612410736084
1478632259221,71.91181505690571,-0.28170590682349783,-15.873613723844905,-3.1895256702698767,-0.12434884415778796,-6.643610623987018
1478632259254,71.80447440694198,-0.30728205635760364,-12.818952742045758,-2.1481974121757315,-0.14499884260979015,-8.359056040423736
1478632259287,71.69736343068824,-0.256831985371593,-11.180577983507865,-0.8705915786743164,-0.08304887008666992,-8.651447772039845
1478632259321,71.57185842933481,0.001900854669830118,-10.732303710587928,-2.567033092498779,-0.2890998563504707,-9.221566823168843
1478632259354,71.43071284639939,0.26381898310867613,-9.174650873409245,-1.3774141974075698,-0.0188543403570191,-8.775048432745411
1478632259388,71.3549813574672,0.37081484182037483,-8.053346289200727,-1.815104206671193,0.2472013214111328,-8.781033717700094
1478632259421,71.26315744008377,0.4493872152757654,-6.835585211977431,-1.7709610770294442,0.44008421092377975,-9.054720748846233
1478632259455,71.18189050072006,0.5289023436629697,-5.526728430135274,-1.4200608596801756,0.08589198455810547,-9.439289938498101
1478632259487,71.11226550454694,0.6358719647402028,-4.860538517995543,-1.0091559997558592,-0.13736732025146484,-9.327660139962845
1478632259521,71.05343788743609,0.7846885984762478,-5.305341957476056,-1.833509558868408,-0.3489548919677734,-9.442132724175973
1478632259554,71.0069266306153,0.9306023624804257,-6.111692268915302,-2.3508067550659177,-0.15352817460765364,-10.466701470184326
1478632259587,70.95746306164779,1.0531087250369984,-6.271924723720396,-1.4745289474487304,-0.15547347030639647,-11.248857371167093
1478632259622,70.92526999071917,1.2320671547269528,-7.881485813116426,-3.216909205627441,-0.20335750522198795,-12.098200117846577
1478632259656,70.83393158548306,1.2358537189546053,-6.696137000989629,-4.16635987454839,-0.2727893425208982,-13.749151653997599
1478632259689,70.82510614548049,1.2676022951368664,-3.3163099417710327,-1.3825018211364746,-0.19108722228450933,-13.986926098632813
1478632259724,70.81768026796952,1.3170654555767953,-1.1955307074922763,-0.8710404914855957,-0.2287958978611481,-11.656469765417278
1478632259759,70.80930824173356,1.2665766970952514,0.22000007907197666,-1.3506290046857785,-0.12823942642211913,-11.039364433642476
1478632259792,70.7933688872189,1.0892572988393214,2.6878135210748924,2.806303584378026,0.34671032791137696,-16.085743128967284
1478632259825,70.84338324103031,1.1836482691145138,4.0806238262814185,1.6169839462280273,-0.07826046676635742,-10.351629970229975
