sep=;
timestamp;gyro-alpha;gyro-beta;gyro-gamma;accel-x;accel-y;accel-z
1478632446971;61.118779587036094;1.5257687645606135;18.41751637588116;3.1178491735872695;-0.3033154319541994;-9.217825800876458
1478632447004;61.145856143751054;1.5248432447301763;18.412795883930958;3.1132102434739353;-0.2873041923688841;-9.242217113881791
1478632447037;61.17177094535718;1.5188056638710814;18.368166286503385;3.1259295722242557;-0.27084406052188714;-9.207052249598782
1478632447071;61.19991929426451;1.5006913755263496;18.25346231945104;3.087322902632522;-0.23313538209113757;-9.280673834200867
1478632447104;61.24238017042655;1.4647973096615243;18.062324268450865;3.029862264859816;-0.23463175356215796;-9.353098176408977
1478632447138;61.26910717825574;1.4408842647685176;17.941214369103697;3.025672338889306;-0.24121581098169845;-9.31090033447446
1478632447171;61.29581388441975;1.4203627611880685;17.790849459459036;2.9294554418701675;-0.2504933412731596;-9.350105683487042
1478632447204;61.320555838594856;1.3955221790860766;17.66884222292426;2.959382841607823;-0.22146364785623154;-9.405920204870402
1478632447237;61.35630145087963;1.3614188863770178;17.51257681092227;2.942623376900269;-0.22894552775880875;-9.42956322025908
1478632447271;61.37788340607393;1.3427411292308866;17.373382108905776;2.938134476545517;-0.21682488099803449;-9.432106831194133
1478632447304;61.399624979264665;1.3276813741268099;17.24011886280975;2.907458741088829;-0.21083937798928817;-9.430461137213184
1478632447337;61.42214321195897;1.317530369871792;17.122138990773195;2.869450735363038;-0.21832126274385372;-9.467272188667486
1478632447371;61.442885723183174;1.3079499241629187;17.010894477059903;2.8796260319115534;-0.18435352326545398;-9.484180708169378
1478632447404;61.4644292952894;1.2985705170904447;16.898048338513306;2.845658456544524;-0.175225624869531;-9.496301883796882
1478632447437;61.488435128221326;1.2994319037051818;16.778491156674225;2.773981779767526;-0.18570027311573503;-9.48477928598388
1478632447471;61.50990900896609;1.3117978197240392;16.655425915288184;2.7075426745650355;-0.22610241428631198;-9.501688490472361
1478632447504;61.54981417961257;1.340663573183257;16.52840788898069;2.8163293928781874;-0.21727380636740126;-9.443778577987127
1478632447537;61.5690404095937;1.3600392205945697;16.425957069077278;2.768145993992231;-0.23223755589775683;-9.416993878455681
1478632447570;61.587824674046736;1.3762529472172145;16.3038077817088;2.742707638741922;-0.2082955398670165;-9.404723613784512
1478632447606;61.60293995589796;1.390703436536611;16.16061692135122;2.8520928463921416;-0.21398176880988756;-9.473856247799494
1478632447640;61.606948832410964;1.4167156194015553;15.755354595546212;3.372233038330078;-0.21592706907520767;-9.702352626712061
1478632447673;61.59847436916567;1.493695566025773;14.183357801104036;4.269759385681152;-0.17492636792832053;-9.954192896502837
1478632447707;61.587555961256065;1.6581916841203943;10.653368830385103;5.149029945373535;-0.19093758239746092;-10.25361730323471
1478632447740;61.601516979738676;1.974574216920823;4.346236870787674;4.768202097674459;-0.3838204490772215;-9.458443076855316
1478632447773;61.7227699029201;2.429451657393003;-7.05254082999108;-1.7082628845214842;-0.9172785110473632;-10.902446464593709
1478632447807;61.826682644793635;2.5287719703893994;-10.246317102682408;-5.984007774353027;-0.6129156067336909;-14.368950901031493
1478632447840;61.8385870186331;2.5058348273124507;-9.18715112758095;-3.303848653411865;-0.2777274017112795;-17.315614594268798
1478632447873;61.889803302862674;2.5986922781919706;-8.904336233378206;-2.346317700018361;-0.23089082260131835;-17.46106234512329
1478632447907;61.97033827566309;2.762149380554526;-10.514889403391864;-4.576666110992432;-0.4254197120555909;-16.530765362548827
1478632447941;62.013927951851585;2.908029033286353;-11.29572655213992;-5.131821620941162;-0.697760128065478;-14.950292991638182
1478632447975;62.08382060522069;3.048906820306139;-11.738433092125108;-3.843741127777099;-0.6316203437362797;-14.05216809387207
1478632448008;62.15622388409869;3.2601023745091906;-13.860636453777573;-2.778321315942332;-0.8319850586379878;-12.996774366815387
1478632448041;62.34081319744203;3.6994656125672147;-20.231892311328917;-3.8724715842315924;-0.8462006857940927;-10.645069493865966
1478632448076;62.51042457464463;3.9969405517816132;-24.744295447216192;-4.64669636342153;-0.7888894470214843;-9.08674345177915
1478632448109;62.680018522370816;4.3105048015333125;-29.45023543439339;-3.406649541064352;-0.44487261424409225;-7.325808021136373
1478632448144;63.0504569600274;4.780970067083309;-39.289093302189286;-3.8878840747557577;-0.28251575936581935;-4.121169245147705
1478632448177;63.34645743289053;5.052154151077872;-46.497410903540306;-4.019864879663288;-0.27039511346127837;-2.6981156333923337
1478632448210;63.639266239281206;5.25858081567735;-53.27422566881321;-4.132691632898152;-0.19033903198242186;-1.7875705222532152
1478632448244;63.91086676250298;5.396813305667986;-59.025580169227;-4.052036964471638;-0.1345242057800293;-1.0128972321107983
1478632448278;64.13810032867089;5.455859504763504;-63.49792640417572;-3.840748375701904;0.003890577697753906;-0.6284779357910156
1478632448312;64.31175950826093;5.459387036330474;-66.73238935350413;-3.478176461791992;0.17911621170043945;-0.26396073303222656
1478632448346;64.4442577499529;5.404277560316158;-68.92560805915959;-4.537760334014893;0.009726444244384765;-0.32441432495117184
1478632448380;64.49093339253525;5.310530615477172;-69.27899121308933;-4.422539086858928;-0.36002807464599607;-1.2482768905639647
1478632448414;64.42742289662291;5.071581645835273;-66.24794314118657;-4.53267265548706;-1.048809928219579;-3.0892683296203614
1478632448448;64.39784941686398;4.853623649880143;-63.59405097033914;-6.4116721920289095;-1.329230834197998;-5.4433672580994665
1478632448483;64.44980211057025;4.754093960672371;-63.10764219830431;-8.396465514428913;-1.4041992736816404;-6.100874596758931
1478632448518;64.48117376368494;4.707423079272314;-62.40120696223348;-9.617059375232085;-1.518821678161621;-6.1632736236572265
1478632448555;64.44956240563401;4.691008830986824;-59.199600730821054;-8.245780319578666;-1.469740544128418;-5.939116420159861
1478632448588;64.43398727707287;4.717585982319973;-56.83124583324514;-5.396979162542522;-1.1694178368499502;-4.903474747201614
1478632448622;64.42884755369327;4.75135294033826;-55.25556120636191;-3.107973030090332;-1.0166378799438476;-3.9580644031800327
1478632448656;64.50735614092358;4.802944640842357;-54.669941605415524;-3.0437784980773923;-1.092504163316358;-2.721608737182617
1478632448689;64.5333348715431;4.8383307284614725;-53.820270938920366;-3.330783129827678;-0.8218097272693208;-2.278681137792766
1478632448724;64.51228162596269;4.845568514322535;-51.73580443512123;-2.8600235206604;-0.46148236999511716;-2.31758720703125
1478632448757;64.4587012695115;4.783419499131526;-48.28218934439832;-3.942950859069824;-0.32351646279599516;-2.497002693939209
1478632448790;64.36955314314588;4.629756822222651;-43.09921363174176;-5.4515971801757805;-0.3224690361022949;-3.8001965850830075
1478632448824;64.2239788964644;4.407627793261881;-34.93159602263702;-4.43959799288325;-0.2415150559356436;-5.717802477264404
1478632448857;64.17920155464087;4.2054287011205504;-30.84538577041986;-5.547814378589019;-0.33144729232788084;-7.281216380542144
1478632448891;64.13194582704541;4.060709153380707;-27.121790416341156;-4.657021504211426;-0.5134065819671377;-7.62553221453242
1478632448925;64.08733603682614;3.7574383560877185;-22.413634555872562;-4.907664344378561;-0.5202899756721686;-8.952518439008248
1478632448958;64.03400563682307;3.523808689511747;-19.800307977215088;-4.383633456011862;-0.5937620208519044;-9.385569947416801
1478632448991;64.02445022882439;3.316649802012848;-17.4219375067219;-5.355679330035299;-0.3887585128341801;-10.243142890167237
1478632449024;63.94552402621483;3.027184729068327;-14.702810925414628;-5.5558945899963375;-0.45699324644890144;-11.918186372784524
1478632449058;63.888072767091636;2.7989140704699578;-11.991082039301686;-4.21334600906372;-0.16160861206054686;-13.547290818786621
1478632449091;63.804552875810714;2.5878793297831497;-10.626538651297636;-2.188300280850194;-0.28490999755859375;-14.201207439477741
1478632449124;63.726566837771614;2.32327543044291;-9.19477064048786;-2.4551041648864746;-0.4209305930759525;-14.698752179718017
1478632449157;63.7101807080264;2.1863229698802122;-8.069171581599669;-1.7470190604278817;-0.8547299926757812;-13.78356859512329
1478632449190;63.660702305002246;2.0256643352468604;-6.889997681900063;-2.558204473876953;-0.9669581954956055;-12.981511331231891
1478632449224;63.44948211783262;1.5655207201523653;-3.1184483615757017;2.018461746713333;-0.13467383425063453;-17.52645397796631
1478632449257;63.519272335206765;1.5280041762679104;-0.5277497330593782;1.578676683132909;-0.6937199310302734;-14.815469510650633
1478632449290;63.48108049587864;1.4967040874487745;0.6226399014131576;0.6863876793128904;-0.4465186096191406;-11.011232856396585
1478632449323;63.436187923487125;1.4752422163913819;0.026357449362432166;-0.4888660554789094;-0.33848025970458984;-8.536525873156636
1478632449357;63.422621290334014;1.3970178282815868;0.5477015363451274;-0.7486369681427255;-0.48811786346435543;-8.353369738415628
1478632449391;63.39138426240735;1.2861400163475107;2.5396076132581915;0.7068880401611328;-0.5732616600036621;-9.20705190253891
1478632449424;63.384031651483426;1.1780192546590642;4.586862210545044;1.8623896163940428;-0.4186860153198242;-9.788693471565807
1478632449458;63.392564202152336;1.113155463875528;5.438891940687817;1.6852186935424804;-0.4144961624145508;-9.884012896872125
1478632449491;63.403191353983054;1.0968493285790164;5.133349859179246;1.034145461317431;-0.36361937713623044;-9.951947912321332
1478632449524;63.406828904032224;1.0812488436421621;4.852862060646378;0.641047512773145;-0.20545243452873546;-9.904213735917676
1478632449558;63.40708679875672;1.0545433065037209;4.723236685223045;0.4676175482818857;-0.046537294769287106;-9.681702673925832
1478632449591;63.39501425218857;1.0102330598436335;4.837316440842389;0.5538087715148925;-0.008978256225585938;-9.543138453773688
1478632449625;63.381141191595084;0.9059404170389044;5.414106169117986;0.9922469322646967;0.11342530364990233;-10.014646232693455
1478632449658;63.37071149174171;0.8443363067882733;5.699771195363263;1.2210428101470694;0.07092822418212891;-10.00237585785361
1478632449691;63.368194931373644;0.7306748902162851;5.918992941300557;1.2235867224762216;-0.022296002960205077;-9.760411706443596
