sep=;
timestamp;gyro-alpha;gyro-beta;gyro-gamma;accel-x;accel-y;accel-z
1478632559138;57.95417272232564;0.7139492611271258;14.44252073922687;2.624344221673533;-0.07541735686149913;-9.46652389561741
1478632559171;57.93396128996521;0.69002111242998;14.514436551312892;2.645742472076416;-0.06928221054077148;-9.476848530658875
1478632559204;57.91783525680104;0.6705241136759154;14.440602260892819;2.434454205250379;-0.07377133408698719;-9.441833773195441
1478632559238;57.90128109102075;0.6491394695787956;14.373498818561876;2.3466169021606444;-0.1028010360662476;-9.509918655718915
1478632559271;57.88817011443888;0.6285057522328944;14.438049481023217;2.3720553632984633;-0.13602058181762694;-9.568426921114721
1478632559304;57.875010596718;0.6070028875062795;14.566544041165514;2.528426650094264;-0.14589666823234873;-9.567080100482492
1478632559337;57.86314282875411;0.5934757168674961;14.651157282223288;2.5305216404789825;-0.14888941574096679;-9.561094911425933
1478632559371;57.85081186875438;0.589021998779735;14.702189382739078;2.5797523162178226;-0.14933832398566882;-9.55211655016907
1478632559404;57.832721569057284;0.5856879615705505;14.698457748232913;2.572120697961375;-0.11896189841394661;-9.575609685925393
1478632559438;57.81559549752232;0.5879716477178977;14.614861142369264;2.584690256677195;-0.06329670182380359;-9.371354493790632
1478632559471;57.80095094616861;0.6012150398384;14.485041870716971;2.607884012194723;-0.06778583906975108;-9.050531224734522
1478632559504;57.78400048584255;0.6439884270817994;14.164788790944522;3.0041245696136727;-0.05102642744865734;-8.581716794818266
1478632559537;57.76937144384781;0.7359717289645451;13.195950443149425;3.597587269592285;-0.048183308410644526;-7.9970826038636265
1478632559571;57.77068322756765;0.8657670790170438;11.160633261803197;3.510797459411621;-0.05940612869262695;-8.587852009637654
1478632559604;57.78589232782436;1.1162921082078816;6.987883713694582;2.3931541969299315;-0.1424550079124514;-12.810774825342
1478632559637;57.80617447145483;1.2221472405020266;5.739761583106046;1.904437783050537;-0.261117618560791;-13.018920147649943
1478632559670;57.84500769845252;1.2820237550682345;4.8903103884374985;0.48018710699770595;-0.48557402420043944;-14.133870225524902
1478632559704;57.87613910017909;1.189312870471528;6.299991230540919;1.4387655966827646;-0.4064157318115234;-15.291317090606688
1478632559737;57.91930201600685;1.076731282534428;8.124603616971227;2.160617360687256;-0.33054946670532226;-15.57832201461792
1478632559770;57.987285092471126;0.9963149348826656;9.929552615578139;1.1920131150176747;-0.7676409255539066;-13.92048671030253
1478632559804;58.0379660677126;0.9331560048357465;11.149994264516963;0.43065702362060543;-0.7706336410964839;-12.900407165472208
1478632559837;58.08450632044385;0.7969136160881923;13.29499920015978;0.49634793167114255;-0.5354033371192869;-11.692233591107279
1478632559871;58.15682930282294;0.5530337595582914;16.59911186114343;1.811213555908203;-0.11507131500797113;-11.442188862963766
1478632559904;58.2319361644332;0.30749647650732903;19.75770640841567;3.5742438764709976;-0.05327098850823749;-11.265466852923481
1478632559938;58.28998074905433;0.16327420366282724;21.274822204553512;4.129399240289255;-0.04115033989229123;-10.76388175125122
1478632559971;58.32406642734915;0.12299718930908392;20.6932826295711;3.2493804925780743;-0.06135141982479254;-9.530868151999078
1478632560004;58.3335771361456;0.1227272676919514;19.719372580042922;2.4993970417298375;-0.10998363648013909;-8.802282220901363
1478632560037;58.34219180196163;0.09222624802783516;18.918214811794503;2.2746410686217247;-0.06479308356962282;-8.476820396191254
1478632560070;58.350117966475565;0.023167382812151516;17.900747910223785;2.806752625053469;-0.028730419065641763;-8.19639959981069
1478632560104;58.33837410590082;0.01745663787002895;16.558708451497324;2.9273604423522945;0.09980828028070828;-7.772476268359274
1478632560138;58.32019396679531;0.0511747026072275;14.474082255064568;3.056796896539256;0.012270284079122938;-7.258770520782471
1478632560171;58.30254420085116;0.15602009691342358;11.339172200939107;2.4533085136413573;-0.017956512451171875;-6.865523190362751
1478632560204;58.29124583727869;0.2433560785981997;7.954867857398011;1.398812388444948;0.23163901518669444;-6.86013565210551
1478632560237;58.289263914565076;0.29049696865433494;5.64478368086711;0.5315127320220694;0.2587233986343257;-5.601235076196492
1478632560271;58.28972565467266;0.21225913819970696;4.224704400168076;1.7018284675598143;-0.04878185882568359;-2.4627356826782223
1478632560304;58.29388596452356;0.10827949849384158;3.3854891567748213;2.214636535644531;-0.050577511212445095;-1.9936217948913573
1478632560337;58.30421855660572;0.028001644080477176;2.098427832618443;1.6956933623382822;-0.03920505275588075;-2.3306056785583493
1478632560370;58.317338430932885;-0.1405397300702002;0.9043164944766134;0.6605003829956054;-0.08933364716129144;-4.071040647888183
1478632560404;58.306064371677515;-0.3353488864769217;1.70381494723565;-0.13811552653657272;-0.041000703430175776;-6.5264437957212325
1478632560437;58.26323278595135;-0.5782722530047633;4.112120640258137;1.0597335463592783;-0.0573111931068357;-7.956829942321777
1478632560471;58.232742021242686;-0.7254724252478459;5.5746757728702905;2.1179706436157226;-0.08379706723862328;-9.047538728387654
1478632560504;58.18134105814074;-0.7100697830780373;5.874435834598748;1.470488768679835;-0.1188122573852539;-9.431508381243795
1478632560537;58.1342254756748;-0.5885367128871832;5.990624106219154;1.139939292841358;-0.2475006148849614;-9.504232311469968
1478632560570;58.069724803462314;-0.5059716038914064;5.952406965542477;1.2147580307891592;-0.29358897857666016;-8.713098391723632
1478632560605;57.97833867026455;-0.27940028578032233;5.679639123435316;1.449838742828369;-0.29613280870742165;-7.848642100933938
1478632560638;57.90743465893077;-0.01567579193429547;4.900752871532802;-0.28730419921875;-0.35000234149436;-7.694066456250101
1478632560671;57.88200969285391;0.12284706141090838;5.282222377023842;-0.1349731185913086;-0.09621698150081792;-8.28109462966919
1478632560704;57.855822548985365;0.15492971633910194;5.6061583135137445;-0.34925416717529295;-0.14275427855339365;-9.056666329956053
1478632560738;57.823746843941585;0.2586241609204434;7.7302798143830636;0.5825392645020038;-0.19348141709479968;-9.257480286462604
1478632560771;57.80968837745239;0.28914545939464986;9.0502039603293;0.3546410478454083;-0.0405517917605408;-9.507973562091216
1478632560804;57.79185151747495;0.3257854528523362;10.50147068850132;2.1903952438354493;0.02558803024291992;-9.552864733621291
1478632560838;57.79232758463096;0.4341620934544433;10.446094478454937;1.8616414740410168;0.1041477813499514;-9.672724066073796
1478632560871;57.776277184327675;0.5915374333609654;9.494123269130572;1.5619172349791972;-0.10354922308610766;-9.93264508156143
1478632560906;57.806122935540834;0.9793864434395276;6.193017531831958;1.2624924811874516;-0.08469489286118187;-10.034847071739007
1478632560940;57.852387444721145;1.3235176938237487;2.564939766811123;-1.4914379966735838;-0.05087678527832031;-11.627140941210836
1478632560974;57.88266319342669;1.4403810215993562;1.7634675696830786;-0.42377367558134715;-0.2642600013898802;-13.392714881841838
1478632561007;57.89588098707818;1.5020341359290508;1.3309571236475264;-0.739808276455663;-0.26036943482315833;-13.757531359808146
1478632561041;57.9298460555135;1.6248328095952447;1.455422999782556;-1.11494985867925;-0.4993406837463379;-14.738555782318114
1478632561076;57.96070315802964;1.6114296943299915;4.221330160476207;0.24794950942993163;-0.44277766952514647;-14.457087449645995
1478632561110;57.94980644587564;1.4884781304301773;6.92920408810745;2.695571794128418;-0.26261399459838863;-14.400973348236084
1478632561144;58.04524340770817;1.5107205932584749;8.232899883591074;5.437381753949076;-0.035763387298583985;-15.376909799957275
1478632561177;58.141223693356274;1.7035286140594292;8.04736384177084;2.834136215209961;-0.17926585843735374;-10.768221022564544
1478632561211;58.26461033118511;1.801674068978322;7.230286850288436;0.9593267142364754;-0.19886838452988304;-9.296984431192092
1478632561244;58.35035742283142;1.888155675182446;6.8926096285852125;0.663343497467041;-0.3537432907215087;-8.402301234845071
1478632561278;58.454673830960765;1.868184167013737;7.204521572712185;0.689530114657618;-0.2796726722938474;-8.338705399377643
1478632561311;58.60045762063439;1.7781998673898474;8.406465558143545;1.706616852613818;-0.324863244612317;-8.599972071020305
