sep=;
timestamp;gyro-alpha;gyro-beta;gyro-gamma;accel-x;accel-y;accel-z
1478632239344;73.9219922185825;1.458772262905503;16.78470430687573;2.792537066396023;-0.24286182747716664;-9.45515118656992
1478632239378;73.94077652519336;1.4613085666711794;16.732780225955853;2.779668090908788;-0.2650081951169006;-9.477447481791069
1478632239411;73.97803685431373;1.4726130714825152;16.621651421459934;2.761412485913187;-0.28266542665233135;-9.473706413832911
1478632239445;74.01426175397927;1.4779541415340522;16.533762429372967;2.696319854283053;-0.2669534942405764;-9.566781176901422
1478632239479;74.07027209595621;1.4828679886501286;16.584237808940596;2.844910122680664;-0.27338790663566903;-9.47969185405122
1478632239514;74.10450128943701;1.4994549107626243;16.544800980021105;2.7647042734505956;-0.28416180497321764;-9.355642307933838
1478632239548;74.1517548466526;1.533729805468131;16.549381767988233;2.8936920728378928;-0.2867056442371337;-9.191040660670305
1478632239581;74.16666241233924;1.5428568943099685;16.527648733186076;2.927510034290282;-0.26246436241743937;-9.112481448419391
1478632239616;74.19597975101658;1.5820740467029781;16.18125498369417;3.5678093133788553;-0.19168576128310522;-8.709207814025879
1478632239650;74.22260083791294;1.6313157990744154;14.535564834955938;4.256142509869486;-0.22400748826179187;-9.309104730036761
1478632239684;74.25416004601952;1.689648145280888;12.489157266826869;4.073734124755859;-0.32291794206370833;-10.915165514782815
1478632239718;74.27951804909166;1.7268199412266005;11.438928117571837;3.075950582885742;-0.39698855364150365;-12.0301154465273
1478632239753;74.32478049194167;1.7216211739334781;10.305631211972932;2.1891980699401348;-0.22610241471442857;-14.421623629815876
1478632239787;74.36282076121891;1.687483745038687;10.79266741529112;2.9686604209899903;-0.18300678026503883;-15.660323421478271
1478632239821;74.41636898414356;1.6198053780840722;12.013040022504432;2.666841374206543;-0.5770026000976562;-15.177143598937988
1478632239854;74.44995973611738;1.6118846860524996;11.801118088879457;1.4522329810211434;-0.6814496292556635;-13.64620098261088
1478632239887;74.46570075701108;1.6007551406162182;11.591429932648618;-0.1288379768371582;-0.7673416503463871;-12.680739455413818
1478632239920;74.474240359026;1.5578831654562781;11.905759917598493;-0.20560206756591795;-0.8803180229187011;-11.453112700299172
1478632239954;74.46192621747271;1.4688200480405122;12.706371694101131;0.2793734062194824;-0.7954735198532231;-10.805780426434428
1478632239987;74.44164347145819;1.3221981366717424;13.924160310487737;1.5089455232482403;-0.5057751007080078;-10.31077886787094
1478632240020;74.41830010451075;1.2439303071966357;13.919656066846228;1.9295769004821777;-0.32980128781967794;-9.919027986554056
1478632240054;74.36173962205768;1.1662481160126654;12.694166931346757;2.0449474747146477;-0.05985504150390625;-9.219921138321048
1478632240087;74.32004890880084;1.1281270549341624;11.186358353227092;1.4398130233764648;-0.03845686416625976;-8.762478947094827
1478632240121;74.29758031485567;1.101912930692625;10.38666840267457;1.3506290846008806;-0.041449625374609604;-8.572738611657917
1478632240154;74.25749353240332;1.0441586567194154;8.6291229801134;1.2762591042007319;-0.02977787401503883;-8.333617574719339
1478632240188;74.18637146251002;0.9486817725452323;5.385272465392111;0.8071452255470212;-0.01900398481064476;-7.685537112835794
1478632240221;74.13393956177077;0.8848325051386937;2.455361678525213;1.5388731170654295;-0.010025719451904296;-7.611765628051757
1478632240254;74.09624142801545;0.8860659575619777;-2.2522439288256875;0.8900443940978496;-0.03202244720458984;-7.013813763427734
1478632240288;74.0714411220836;0.9134991761220237;-8.129895914526948;-0.030974983978271482;-0.05536590425795875;-6.092644674682616
1478632240321;74.05304822167304;0.8913419632513864;-15.965128300092058;-0.6640915393553674;0.2144306770545896;-4.202721739196777
1478632240354;74.03615692317854;0.7583535066202479;-18.875995988861387;0.3978863883972168;0.03456628646850586;-2.495057405090332
1478632240387;73.96026553639282;0.3849326490988383;-20.617953925288383;0.8029553817749023;-0.03142389450626215;-2.2622212936401365
1478632240420;73.88133752601904;0.04612943884147204;-19.813220070652473;-0.5553051475524902;-0.13572130489764095;-4.156782994842529
1478632240454;73.77598853047803;-0.2928344060781827;-18.162888253514645;0.27742811737060546;0.004938040924072265;-7.207444822692871
1478632240488;73.67047751113725;-0.512837784166244;-17.77394526213807;-2.795080855427589;-0.07556699903183617;-8.390479644952341
1478632240521;73.55957087187929;-0.618949935769454;-17.58677809438258;-2.213439361749217;0.003890577697753906;-8.947131750134378
1478632240554;73.43221721545143;-0.6791351863345517;-17.782068421707052;-3.2607529321975073;0.0013467384338378906;-8.748263484335505
1478632240587;73.18113353889346;-0.7179842891180757;-16.02859938750879;-3.275567036703415;-0.14395137481689452;-9.152883455304055
1478632240621;73.09356802332012;-0.7364634166479329;-14.91680420813349;-2.8283002938644026;-0.05252279891967773;-9.196876728146336
1478632240654;72.71006089176527;-0.6734654299684172;-10.90196951405979;-1.5421651808807626;-0.12853870162963865;-9.883862820876947
1478632240688;72.51797320427;-0.5145905009047594;-10.542386952460921;-0.6892308029174804;-0.18689736709594726;-9.37883587165512
1478632240721;72.36108101700061;-0.31078461317503536;-11.196233450821131;-2.1695955803802236;-0.09756372221794445;-8.747814534991607
1478632240754;72.17864434644784;-0.1094245625640073;-11.223825520254424;-2.01920977033535;-0.05686228828706662;-8.431181146240235
1478632240787;72.00593240418834;0.04199222030918733;-10.709653561328174;-1.6356885736327618;0.00718260498046875;-9.163058885424956
1478632240821;71.84005869079654;0.2607871906055103;-10.614165877013388;-1.5034090415069832;-0.008978253942297305;-8.343942277117819
1478632240854;71.67210756763873;0.3872780556022351;-10.236631233672753;-2.410063246154785;-0.011222820281982421;-9.389909090865961
1478632240887;71.51475062692434;0.5596126378179981;-9.08286192544309;-0.6935702934265137;0.1792658401710447;-8.864082441656292
1478632240921;71.38068577183307;0.5850389378228315;-9.343918535394119;-1.3639467582702636;0.4483142608642578;-9.03466938300766
1478632240954;71.1997674658885;0.7646570899472472;-8.885676818500524;-1.2861351312499492;0.08723871385878883;-9.210194365283101
1478632240988;71.0406003103505;0.9840583609190846;-9.010151433350277;-1.4811130476799328;-0.0037409400939941405;-9.734524400993157
1478632241022;70.95697944698452;1.1599888399455005;-9.553352990998924;-1.4891934691498054;-0.1321299949867185;-9.996390262371673
1478632241055;70.93221649469803;1.2534290731682876;-10.046685442809801;-1.9264344560042954;-0.12958617398911154;-10.174459120443649
1478632241088;70.85380043355583;1.4984043459305227;-10.862157825679185;-2.305316850457713;-0.2087444618114503;-11.37006368408203
1478632241122;70.81791639309574;1.7594778342307447;-11.881387572654956;-1.7549498168945312;-0.13108254089355467;-11.85503915786743
1478632241155;70.82345523617988;1.8556504674926981;-12.614090135374227;-2.251597023773193;-0.1370680450439453;-11.858480968884377
1478632241188;70.84408513128989;2.005320627407349;-13.929206493161663;-3.4955343507628887;-0.20395606305771505;-12.83890640258789
1478632241222;70.88201175891267;2.1718840567693505;-14.140711530304234;-3.7056256195068356;-0.48392799229277295;-12.453589572906493
1478632241255;70.90513791404727;2.1746141606490146;-12.9638362922611;-3.423409171881154;-0.488417138671875;-12.783689834539592
1478632241289;70.90678418904784;2.117550862902041;-11.232360054439502;-2.2623710043091325;-0.6440402465820312;-12.389095765686035
1478632241322;70.97547300761718;1.9764061917879447;-8.141242337591683;-1.0977415159805677;-0.35329438590173956;-12.093262223052978
