sep=,
timestamp,gyro-alpha,gyro-beta,gyro-gamma,accel-x,accel-y,accel-z
1478632170375,75.32400433163654,-0.12278989150617688,-12.890275777401493,-2.2101474303646245,-0.006284779357910156,-9.529521157836914
1478632170409,75.29527352727226,-0.17434638503764938,-12.880241929098228,-2.156427571714064,-0.0010474632263183592,-9.546579827540862
1478632170442,75.2653467210008,-0.22266432632205865,-12.851480321254805,-2.1007622826507313,-0.007930792999267577,-9.55750366459086
1478632170476,75.22504123268946,-0.28755985648026516,-12.86450428117494,-2.1543326064455206,-0.000748188018798828,-9.673472313458099
1478632170510,75.19769014763294,-0.31595638529837605,-12.942848596574816,-2.1627123487886855,-0.014664485168457031,-9.729886000602784
1478632170544,75.17332061212517,-0.3356137094937519,-13.100372232886368,-2.1627122186412335,-0.0020949264526367185,-9.687987298020115
1478632170578,75.140821625308,-0.3508833423075196,-13.435424549052668,-2.3340472977790516,0.014065934753417967,-9.650577979278564
1478632170612,75.11916193027812,-0.35909156907394474,-13.640860636657735,-2.378340046758251,0.015113397979736327,-9.591920102536818
1478632170646,75.09803380201049,-0.3654958218970459,-13.80179090013812,-2.3846248991813974,0.01780687484741211,-9.583989254738622
1478632170680,75.07686425915007,-0.3673234549026523,-13.921862677907797,-2.420088924507494,0.023942016601562498,-9.533860436000104
1478632170714,75.04516466848212,-0.36729291600961317,-13.99467010823986,-2.475305277926661,0.012868833923339843,-9.567828393532569
1478632170748,75.03336825461415,-0.35940148891622276,-14.002568649788538,-2.417844351317943,0.008230068206787108,-9.575310410717874
1478632170782,75.01186409057611,-0.34577047983555914,-14.037622460948471,-2.3503578696541023,0.019901801300048826,-9.552266101007861
1478632170817,74.995078057922,-0.3310852106984918,-14.14241473260293,-2.363825247142615,0.03561374969482422,-9.613168824933794
1478632170851,74.9762028080837,-0.29339458095120885,-14.459681322892832,-2.520944724240503,0.013766661829187067,-9.490016796765827
1478632170885,74.96388608966338,-0.2651862676308758,-14.69703281946443,-2.649184228294436,0.012569558715820313,-9.468768493923136
1478632170919,74.95226472312893,-0.23227813351416582,-14.840331367134269,-2.564040217125998,0.015263035583496093,-9.600599138353811
1478632170954,74.94278861140934,-0.18058834979892385,-15.030651130380498,-2.556857640686637,0.004339490509033203,-9.61780707006054
1478632170987,74.94171880787076,-0.12066397625206053,-15.344115617512637,-2.5643396224809694,0.007631516650103731,-9.68753857700508
1478632171021,74.94504260155196,-0.0686072963245306,-15.714759459721744,-2.383727137490921,-0.000748188018798828,-9.637260360408108
1478632171054,74.95709837435521,-0.005865713156579318,-16.417252581937664,-2.2701519770415497,-0.002693476939028551,-9.513510171696636
1478632171088,74.998945869059,0.10047164707235585,-18.254396871284236,-2.3747487716674804,0.001496376037597656,-9.327510603965429
1478632171121,75.03941086722821,0.18459283473486138,-19.96803855393655,-2.3847743449889123,-0.004189852905273437,-9.027038248808402
1478632171154,75.14162148966457,0.3715432795290812,-23.708652876276325,-2.122459917858988,-0.009427169036865234,-7.293187461908161
1478632171187,75.24712318573052,0.5376266920187851,-27.103874330113065,-1.916558428955078,-0.05416881484432379,-5.119102424621582
1478632171221,75.36782367433112,0.6845500284468891,-30.858376605851536,-1.7974468963623045,-0.05611409684333484,-3.431339891815185
1478632171254,75.4972928403093,0.7801411332540727,-34.9061298923233,-2.3575404472351074,-0.02858078231811523,-3.2544685364320873
1478632171287,75.60099650041093,0.7676490631350734,-38.707815342285116,-4.420294668933004,-0.10998363419685046,-6.256348505456745
1478632171321,75.71415724804838,0.7028912233628591,-41.86857349421521,-7.7287820149961854,-0.008080430603027343,-11.05028812484741
1478632171354,75.90053254120892,0.7148953135310093,-45.555805318330464,-10.116399839782714,0.029328970336914062,-12.624326078796386
1478632171387,76.305626422409,0.8205814634720991,-53.420920074346135,-12.748226014709472,-0.09442132797241211,-10.164284165246784
1478632171421,76.4889900785603,0.7850517719800306,-56.20329048393411,-13.676727346038817,-0.15562310791015624,-8.621370540618896
1478632171454,77.19573101264108,0.025331615504215615,-63.569771910536026,-17.14338171234131,0.19093757497677288,-7.887098818969726
1478632171487,77.77929499665603,-0.8442949866044703,-69.04943319642135,-19.80917620784342,0.38741175613403317,-6.3064768104553215
1478632171520,77.9879087074171,-1.182491404560333,-72.39677292035675,-21.173571294403075,0.8285434302841312,-5.076305923815816
1478632171554,78.10901892267208,-1.2321131810479602,-75.63825265713251,-20.972008857616782,0.5316624061584473,-3.1591490905761717
1478632171587,78.18342015040659,-1.096249950713683,-77.75101330687417,-16.048932278442383,0.41898529052734373,-1.9675848975029306
1478632171621,78.25822584665342,-0.9618726521146777,-80.06819613889395,-12.708273066766559,0.1521814395987487,-1.1525088241577148
1478632171654,78.3537697481044,-0.8428694747941652,-83.76808246909245,-10.573093879522755,0.06075286712646484,0.10504559783935546
1478632171687,78.3970131858208,-0.7143300850732648,-89.67997902484208,-8.21375741571635,0.03516483688354492,1.3374608887050532
1478632171721,258.4250655735001,-179.48947069456824,77.7278270839988,-5.284003356225789,-0.018255787658691406,2.1920412026778795
1478632171754,258.43787434839766,-179.63944369511003,67.8345905562578,-3.5161844131469726,-0.2528875549205812,2.2686557106018066
1478632171789,258.43179480870805,-179.77723259349963,56.48307550135524,-3.1227871528625486,-0.29074586182193596,2.893991256713867
1478632171822,258.4342980647633,179.95665962997066,39.84708099505015,-2.816628907831013,-0.04548983154296875,1.999008748626709
1478632171855,258.42976991605616,179.84857959660275,34.763367781635935,-1.6289546622678637,0.009277531433105468,1.9240403091430662
1478632171888,258.4972117002666,179.55990470899042,20.158236471955004,-0.6542156036376953,-0.1406593475341797,1.409137314605713
1478632171922,258.5570314824197,179.40983027725025,11.171066632042795,-0.8254010223388671,-0.1080383510561951,3.2185552192687985
1478632171955,258.6361297106071,179.2603450037204,2.8873717451687635,-1.4873977448394522,-0.16564882736206055,6.526294450378417
1478632171988,258.75510107792564,179.03600740979115,-5.919979935286824,-3.4057517885070294,-0.5276221908569335,6.848464503534138
1478632172021,258.8758345629798,178.86193552027606,-7.821285505068593,-0.733523533630371,-0.4086602958679199,6.833051538085937
1478632172055,258.987959288803,178.7869403530168,-7.625401902842099,-2.3916576747618614,-0.2905962265014648,7.605480848693847
1478632172088,259.13815490002133,178.75549223346155,-5.289608131382363,-1.163133094024658,-0.22834697762918074,10.317512486974895
1478632172121,259.5073927158337,178.67025364847098,-3.4150435285346936,-0.5781996643951163,-0.1234510139686521,9.880421201656246
1478632172154,259.64305590439403,178.60264605428782,-2.3184665430129514,-1.4294879556518048,-0.0992097312927246,8.486696551104634
1478632172187,259.85587995045927,178.56034177719263,1.8715418656222598,-1.0652701011657715,-0.06239888076782226,5.606920720617473
1478632172221,259.9968524188645,178.56912144181337,6.071007755199604,-1.4112322410583495,-0.034715924072265626,3.4726398704528805
1478632172254,260.20224749423363,178.6885370106955,13.705451864546054,-0.2561795776367187,-0.2225111226416986,2.1157260795593262
1478632172288,260.33001515615933,178.84495155780172,17.94321366624427,-0.28101941986083984,-0.23133974454575218,3.2044892845153807
1478632172321,260.44879607653553,178.98541248428845,21.976624900914125,-2.370259643554687,-0.27727848890000023,5.306149137060344
1478632172356,260.5654135263387,179.1077907453431,28.314687468154965,-5.088875665194728,-0.381126976776123,6.704962041528523
1478632172388,260.7061549825505,179.20952672325498,36.03731405750896,-4.688145979662984,-0.7529763855865225,8.0932996744127
1478632172421,260.76969990997924,179.24798407906067,41.96790496205044,-4.033930814416706,-0.41808746490478516,7.072770778379682
1478632172454,260.84459426709986,179.35191606875995,45.215432906602686,-4.328866531427204,-0.485873299407959,6.701669557588081
1478632172488,260.852545540576,179.47916432317854,45.941231598239824,-7.441627818707376,-0.09442132683076779,7.208492249386571
1478632172522,260.862124877708,179.59790244245943,49.965796615925576,-8.259846236065775,-0.2413654457313474,8.058583512878418
1478632172554,260.8747017825723,179.73667333421798,55.27957711920406,-7.284508042498677,-0.23148936844978016,8.073397927911579
1478632172587,260.8165553859388,179.85898227358146,55.89895289647455,-10.228478404998778,-0.24361001892089842,8.17889214630127
1478632172620,260.7813326247984,179.98228936890436,56.93955468601197,-11.344176378631591,0.012719196890402235,8.556278182983398
1478632172654,260.7139465404091,-179.88152048054792,60.150587821529996,-10.659135282488911,0.26156652908878164,8.37611450805664
1478632172687,260.66952364896923,-179.85301700751918,60.640336858029514,-10.498424788311869,0.4219780311860959,7.5333555236816405
1478632172721,260.54040817429427,-179.71555507090804,61.345824980006185,-11.975347499029338,0.1936310592651367,7.065438882855325
1478632172754,260.45458667657306,-179.62126986574356,63.67180602670052,-12.827084739629923,0.029179332733154296,7.663240963745117
1478632172788,260.3407154300636,-179.58866882310056,67.81787232273638,-12.425457703399658,0.062099607272769204,6.610839696502685
1478632172821,260.24115379775714,-179.60024604077898,73.59620287648214,-12.92779113922119,-0.14260463181647937,6.348375339508056
1478632172854,260.0202216574457,-179.55969142534286,81.58018237398647,-14.00682789993286,-0.26276364133530294,3.774458917236328
1478632172887,79.85625582831362,-0.6872799874260057,-89.90084007502732,-16.871041273498534,0.20679916839599607,-1.4730325268870044
1478632172921,79.7666807382386,-0.3424833130379611,-76.08266094608373,-10.571298301342875,0.04863222008027951,-0.4786906944274902
1478632172954,79.6290779637606,-0.162562994740361,-66.9922017223915,-7.445368466540425,-0.14006079711914063,-1.3953706550598144
1478632172987,79.34794119431879,0.07836804899021708,-56.29627195960315,-5.196465065765381,0.02573766670503537,-5.17671273767231
1478632173021,79.1574871898051,0.22661946057174553,-51.751384431800986,-5.7249852283753455,0.017657237243652344,-6.100126374490803
1478632173054,78.97570729158417,0.3688001642400284,-48.338107414274916,-5.859509580285847,0.02289455337524414,-6.460004717918205
1478632173088,78.77001838502487,0.46621113884728,-47.30644838956361,-5.503072515869141,-0.02483984222412109,-7.5173443731445815
1478632173121,78.44583531850374,0.6273577487508417,-49.20143556142845,-6.811354158606007,-0.0863408928028075,-7.462427153369039
1478632173154,78.242450272566,0.7527262862963265,-51.3912613435902,-7.508964667334035,-0.1771709182849852,-6.647051996612548
1478632173188,78.04231018954492,0.8851799701490198,-53.26243347126534,-8.003816259500198,-0.2072480812072754,-5.68967057122495
1478632173221,77.82929047816148,0.9991077609858677,-54.59212115364624,-7.7631991205186575,-0.2356792213550536,-5.3748331077133304
1478632173254,77.53034168939192,1.1185750374867336,-55.94932730608159,-8.593837331124954,-0.08813654861450194,-5.305101710366643
1478632173288,77.33385744217556,1.1717956999357486,-56.13904094885117,-8.341847661192435,-0.03037643356323242,-5.490053765780828
1478632173321,77.13578728588546,1.1333949642206136,-56.316402301492545,-8.191611370020313,0.009277531433105468,-5.750124090078659
