sep=;
timestamp;gyro-alpha;gyro-beta;gyro-gamma;accel-x;accel-y;accel-z
1478632665237;44.839734253950226;0.32970148324727055;23.081087882205047;3.70263286743164;-0.05551555056675642;-8.944437981005757
1478632665270;44.857780032394466;0.31995903127353265;23.029336217962356;3.874117485991807;-0.05057750807292322;-9.15827053690357
1478632665304;44.87426811099502;0.3120243403523272;23.053492437106016;4.105756498895213;-0.0377086738641723;-9.284265198339893
1478632665338;44.892474899709455;0.3106026494378543;22.8834882703425;3.7158009400298817;-0.03591302376069943;-9.22096832755273
1478632665371;44.909336970922986;0.27578170716338746;23.170409663543833;3.8916250194163293;-0.03576338958187261;-9.261520373899955
1478632665405;44.9232359915686;0.22635182988806343;23.58255540801246;4.328417253289744;0.006733692169189453;-9.415946362713724
1478632665438;44.92066725973069;0.20987878427298481;23.684164090650633;4.447528712817281;-0.030077158926535046;-9.058312170067476
1478632665471;44.88871300512467;0.24717039599449228;23.120051328959306;4.2390836769104006;-0.007781155395507812;-7.893533308996632
1478632665504;44.85984666050237;0.2942198662785365;22.254311233453972;3.7883753559498814;0.02483984222412109;-6.92537779347524
1478632665538;44.82153347754528;0.33567329060079826;21.01293670233013;4.032883022396825;0.09382277299079578;-7.002441451672464
1478632665571;44.779118279559725;0.4163800569611094;18.931396876843902;4.35161122800298;0.17836803281479513;-8.250119645690917
1478632665604;44.73692325785849;0.6353683369485331;14.07259632140176;2.7645546563964336;-0.055665184032055545;-12.1204965591982
1478632665638;44.710062672769496;0.7975538265859168;10.971123645560718;0.9867102861266582;-0.19841945801887195;-13.634230266571045
1478632665671;44.699384421740916;0.859694362150948;9.922334210592993;-0.4170400016784668;-0.3043628860473633;-13.578116165161132
1478632665705;44.66530651851579;0.6804051212246198;12.4937305492469;1.3298294576782732;-0.16026187362670896;-12.75271485056132
1478632665738;44.70585177510775;0.37601002369084213;16.32141314449144;4.6453499172486366;0.09501988295402843;-14.322712881469725
1478632665771;44.67129529899219;0.23085063804279887;18.391523353403308;5.2849010357178745;-0.34820671764870637;-13.128904078674315
1478632665805;44.66709436389755;0.14493837976550017;19.530778239777707;4.052186309814453;-0.2325368385259644;-12.743437903650104
1478632665838;44.55340999832303;0.0621992336848529;20.450134060653756;3.2715270771302283;-0.032920272827148434;-10.708815113067626
1478632665873;44.53560464352675;-0.01387578084351182;21.38062351428352;2.933345946502685;0.09516951342251122;-9.951050068432465
1478632665905;44.46357113747072;-0.11057122975279392;22.09603891247649;3.2450411847321314;-0.03531447334566037;-9.428964468914643
1478632665938;44.44526391267742;-0.25038714293782777;23.35599397377812;2.572120771026611;-0.03067570877075195;-8.95685833137608
1478632665971;44.42663289292487;-0.4628864954231602;25.459203686990875;3.7897220624176784;-0.05252279891967773;-8.7153430014458
1478632666004;44.4292476928527;-0.6590160689008777;27.355780832821452;4.1959881200928235;-0.0900818374633789;-8.776694300256297
1478632666037;44.434016091435645;-0.8501460761461445;29.005416416264516;4.196736344644241;-0.04863222122192382;-8.094646431112848
1478632666071;44.4370603471129;-1.0436260109210367;30.738822432031704;5.30016388863828;0.26545709993666966;-8.328230401788279
1478632666105;44.41918215129308;-1.2420541119306314;31.535932766043533;5.52372246865537;0.5888239890609868;-8.158391776319872
1478632666139;44.36445583866308;-1.2974411450217642;30.709600854844595;4.703708217388764;0.45774142990112304;-7.606977443927153
1478632666172;44.251456634904734;-1.367734389504423;28.91520527474112;4.100668966497853;0.4055179061889648;-7.444919626794382
1478632666206;44.17238740959881;-1.4224060801249228;27.632280621895863;4.052186346347071;0.479438882446289;-7.948450163445994
1478632666240;44.092329306224315;-1.4846466619791658;26.49883476430093;3.6297594274658707;0.41150341033935545;-7.7030445663452145
1478632666274;43.99965996195897;-1.532920054525787;25.248489937060313;4.034678774106642;0.32037410051650367;-7.9821184781614685
1478632666307;43.89396282507408;-1.5290891462305853;23.341307791886234;3.5072063030518588;0.030974983978271482;-7.697358629663288
1478632666340;43.74527885735557;-1.5483421050051545;21.251490458436642;2.6943745471678673;0.0613514175415039;-7.714716299438476
1478632666374;43.66316434632898;-1.5802457100419316;20.552068313823785;3.297863176660938;0.12674305038452147;-8.232911248193309
1478632666407;43.572752508231964;-1.5893933881193063;19.582103203065643;3.2903812919063724;0.32935235674208957;-8.722675125299022
1478632666441;43.473231664276746;-1.5853238137855414;18.57143993592062;3.946542015429586;0.41404724047011693;-9.722104498147406
1478632666474;43.351462909649484;-1.4961031683549189;16.58925511104476;4.566490900067239;0.5717653022323734;-10.391732957635448
1478632666508;43.14121462661174;-1.2221000444162777;12.978109143041365;2.558054763207957;-0.7357681159530766;-8.66326906967163
1478632666542;43.07589711028178;-1.132895196291598;12.372233266677076;2.433107473666407;-1.0693102616683579;-7.917175685064494
1478632666575;42.86324406567679;-0.7142777041223987;10.2688465501876;1.6983867981067624;-0.05566519773178734;-2.7157728706359863
1478632666609;42.654365114628106;-0.23660358487352995;6.827818543107965;0.27398645248413084;0.03785831203875423;-1.9930232444763183
1478632666643;42.58539438239582;-0.11962043675132167;5.9150465385049085;-0.5533597856383771;0.014963759234332246;-3.4567782844543453
1478632666677;42.38867248816059;-0.08942166477209877;7.655951633703106;0.11192892761230468;0.3414730015049863;-7.713967965289205
1478632666712;42.259860785521916;-0.0954091195156362;9.709308035161405;3.277662072753906;0.3181295421683287;-8.6619225504335
1478632666746;42.12918337749706;0.0036417479118503486;9.688347137010542;1.7742530586463865;0.3019686884543149;-8.371924947412312
1478632666780;41.94142814106959;0.1816128274414163;9.40132986590938;1.3754687989608383;0.2480991401838255;-7.145344924871623
1478632666814;41.8255472716178;0.21470062822881272;9.33971970043095;0.36526539077758785;0.2150292434526491;-7.470807151440531
1478632666848;41.717859399831646;0.15883226233044173;10.536175561116009;1.3153145005157216;0.16160861891041275;-8.141931658172608
1478632666882;41.61069565402002;0.07299488241235777;11.641822220177954;2.0626047484909185;0.21697452659330446;-8.891166921002045
1478632666916;41.503826228245295;-0.00569659163512908;12.579083952419541;1.585859361178614;0.11372457892877463;-9.205106723287887
1478632666950;41.34019493532145;-0.14897744919390135;14.44125093409382;3.190124074554443;0.3196259170642821;-10.270975557531788
1478632666984;41.20688326491926;-0.054931258028450725;13.5925373704573;2.923320227050781;0.03277063522338867;-9.388412988823
1478632667018;41.05973170804255;0.07633059354975821;11.845321515969315;0.7263409286499023;-0.026036943054199218;-8.973318184661865
1478632667052;40.86660311355077;0.07431835311293206;12.605990274113967;1.9457377616882323;-0.4080617283282161;-9.332298905679396
1478632667087;40.75061213274552;0.0977110430405655;13.362068304362467;3.0092122116088866;-0.2126350383675599;-9.081805593518167
1478632667121;40.63428704878416;0.16015260043023913;13.150701888361446;2.2897545624995836;-0.3441664954973268;-9.07163009033203
1478632667154;40.53478512766969;0.26891872036324543;12.84904576927312;1.8368015130858868;-0.22610241014785132;-8.666411240154877
1478632667188;40.345200069260876;0.46531412373121794;12.006061092831862;1.0628758995056151;-0.46507367248535153;-9.521290902400459
1478632667221;40.27202781024449;0.5542686704130827;12.14962597456531;1.2747628194946794;-0.44592005920410155;-10.258555636419727
1478632667255;40.23867208901124;0.5829289581943023;12.308036149276052;1.3715782760620117;-0.45340194852524435;-11.098471579388528
1478632667289;40.15423481569182;0.7304244816577918;13.179746162083859;2.2925976952373284;-0.40342297060317356;-12.56117871774882
1478632667322;40.102171313026965;0.8905343807513391;13.124074193766926;1.974617746148631;-0.2599205177307129;-12.853720233099162
1478632667354;40.04695810109027;1.0389327862440896;13.601311191510264;1.435772735009715;-0.015113397979736327;-13.23155576711446
1478632667388;39.96089701784126;1.0431719000482647;15.306392015691515;2.940678225619532;0.38890811390532176;-13.695880959320068
1478632667421;39.92311881901783;0.9886482143679377;16.37175078431047;11.426177493230998;1.8734627808059565;-21.263055165973306
1478632667454;39.99858959518864;1.6484558119819457;15.820510872100808;1.6659155157227068;0.19991583862304688;-9.034220433663762
1478632667488;39.98995695726385;1.7265625896277979;16.184199116835504;-0.046537294769287106;0.3703530693054199;-8.759037282208352
1478632667522;40.04831216913314;1.7190575899299427;18.790163967757117;0.3010708587646484;-0.04713584518432617;-6.173748548181354
1478632667554;40.107604824913864;1.4995945110890285;24.303402974977683;4.345475976650976;-0.0008978256225585938;-6.482899691418558
1478632667588;40.190878218600915;1.3289362061318903;27.840786566402898;6.766013891601562;0.03950432739257812;-8.474725725466945
1478632667621;40.2954880965792;1.2777783347280989;29.893840874930422;7.774870616149902;0.13841480174409224;-10.12492918319702
