sep=,
timestamp,gyro-alpha,gyro-beta,gyro-gamma,accel-x,accel-y,accel-z
1478632496805,61.7388621266461,0.6656106937810886,5.774063058398522,1.1218331336532719,-0.08215104903068858,-9.875483297729492
1478632496838,61.722410724957,0.6127516093946321,5.544269185611567,0.8526350844894536,-0.10205284975991526,-9.85363639937681
1478632496871,61.70660637692527,0.5872084339483233,5.413924773463379,0.8664017120693112,-0.10624269638614496,-9.700257814423855
1478632496905,61.68861604591594,0.5593422400572382,5.344871102821571,0.9127893952072467,-0.08753800048275151,-9.645789831686578
1478632496938,61.66801599966133,0.5269741604009686,5.295887489615574,0.8711901405057986,-0.07676409529533702,-9.683797554712696
1478632496971,61.645501853749835,0.48994438083643277,5.306134188313968,0.9156325213805364,-0.07152677916374522,-9.706243419038946
1478632497004,61.61924049991127,0.44267620545464187,5.327665303084843,0.9711480484008789,-0.029179332733154296,-9.794379992769622
1478632497037,61.59137079887343,0.3999835692056282,5.235178363231382,0.9451111144798342,-0.026485855865478514,-9.807547935220413
1478632497071,61.539524236760414,0.34965784812713463,4.8677806714148515,0.8892962654445553,-0.024839844507409725,-9.890297320037009
1478632497104,61.4998448991787,0.32043268295756183,4.571617044904211,0.7332242812557378,-0.013168109130859374,-9.918428997747599
1478632497137,61.45060728713568,0.2880399703354366,4.3824704028924835,0.8843582564865239,-0.0022445640563964844,-9.949703549194336
1478632497172,61.40427591333938,0.26809434292367335,4.205327823065632,1.0209773887191897,-0.00718260498046875,-9.967809754048194
1478632497205,61.32996878237641,0.26893667919234304,3.5979851070773834,0.7468412529655266,-0.02483983994083246,-9.819369442914752
1478632497238,61.301952595326156,0.2763058146840239,3.3472401757437305,0.6121674232814693,-0.03366845970430295,-9.774777433569408
1478632497271,61.2253757667706,0.30807662729264124,2.8265710551152448,0.55425767062644,-0.08918401184082031,-9.870096225263131
1478632497305,61.15112207253464,0.39797191048686686,2.068461100460584,0.31543605502585415,-0.19333178405761717,-9.865906646352494
1478632497338,61.125639625864274,0.4176593156547766,1.7725366688499449,0.23388357924309092,-0.21742343826293944,-9.85588100909898
1478632497371,61.05581400932064,0.4863880319104893,1.1177512678798693,0.026186580657958983,-0.21906945190429686,-9.977835327369625
1478632497404,61.009723222203775,0.536168132229512,0.80844272460701,0.2549824768066406,-0.16639701538085935,-10.027963778498675
1478632497438,60.94285885408816,0.638928782802102,-0.07635663655615946,0.2843114551350649,-0.1484405029296875,-10.077494081071483
1478632497471,60.92151426393811,0.6759493432842462,-0.5573531933169353,0.5354033188529778,-0.11073182678222655,-10.141988016156107
1478632497504,60.87424659494451,0.8418861587945057,-3.6938834803979725,0.6757634185791015,-0.09202712631225586,-10.130615412139893
1478632497538,60.873724956346734,1.0228373473687142,-7.623504767460327,0.6305728622436523,-0.05955577542954124,-10.1102647710938
1478632497571,60.95850193540137,1.414382181413839,-17.163169081061515,-0.5777507881164551,-0.1237503074424807,-9.596109727113229
1478632497604,61.020970913950414,1.5748171317996398,-21.415039678937667,-1.1839327209472656,-0.12300211942368186,-9.435698562942632
1478632497638,61.32622245281661,2.023989650741461,-35.10037679605752,-5.892579180189501,-0.22191258464204147,-8.941894507068023
1478632497671,61.444886464735276,2.1428714001529214,-39.231595682235465,-7.073968153204396,-0.3242646873474121,-8.812757108892873
1478632497704,61.73017035336125,2.3734150255895816,-48.88055036059196,-10.970082369232177,-0.5603928078140131,-9.091083271081745
1478632497737,61.93080822530757,2.4289265564677383,-53.379670675062954,-14.263007477569579,-0.6102221481323242,-10.24299354482442
1478632497771,61.98843611770267,2.524953324876182,-54.65808560818624,-14.086285467529295,-0.6428431457519531,-9.624989949035644
1478632497804,62.058063190817535,2.634439381401425,-55.72116311108807,-13.774889614105224,-0.8632593360900879,-7.585878614862263
1478632497837,62.11620330824717,2.8131346445561825,-57.226532774215045,-12.804040840911865,-0.9898527488708495,-5.754613510452397
1478632497871,62.19886834668228,3.0179984790143095,-59.44659367331895,-12.122291918182372,-0.8485948509216308,-3.7053264904297887
1478632497904,62.240465876967406,3.2286100459204055,-61.40921196082173,-10.918307758331299,-0.9153332221984862,-2.7626095867432654
1478632497938,62.27610513843028,3.4485224214215964,-63.014661970156716,-9.628282122448832,-0.7604583023071289,-2.4283190338134766
1478632497971,62.322525658940165,3.6897749793811587,-65.12413129162118,-8.854655286319158,-0.743100340270996,-2.115426950482279
1478632498004,62.37258983921389,4.059944115796083,-67.89576878957394,-9.053523804992247,-0.3081038261413574,-2.065298207092285
1478632498038,62.36482475175838,4.440958760649612,-68.96600437222978,-6.885424845532327,-0.28745383682250975,-2.316839019012451
1478632498071,62.39376817499046,4.677544478037937,-70.46069338142703,-7.210138153430074,-0.2699462737152353,-2.077119650854543
1478632498104,62.403013100068655,4.889655955220788,-71.70465199825749,-8.439411214447022,-0.34267007607724514,-2.0744260278563944
1478632498137,62.39704735477416,5.069164329287213,-71.99455928183382,-6.859237972613424,-0.323666136932373,-2.1932383583068846
1478632498171,62.41207405297623,5.251163358862976,-73.27098509594572,-6.579565729577839,-0.29089550170898437,-1.9041384347777812
1478632498204,62.45694197379412,5.380291091746106,-74.92239449873851,-6.77693772893697,-0.2593219673156738,-1.5236100814819336
1478632498237,62.49770564008122,5.479225599280073,-76.49517647786269,-6.420500664520263,-0.13377601776123046,-1.3055881658691912
1478632498271,62.53527178347824,5.529956800875359,-77.88568123898857,-6.1273605987548825,-0.1379658706665039,-1.1457752050537615
1478632498304,62.61846152681205,5.511414316968796,-80.32988206803203,-6.692242260687053,-0.34656065377499906,-1.0658686150481924
1478632498338,62.65539491275703,5.424660931474185,-81.52522779268386,-8.381501754052936,-1.753154165649414,-1.432480841299385
1478632498371,62.64809996550655,5.4137422395536285,-81.50523536013364,-8.185476054736226,-1.273116769320704,-2.020107723822072
1478632498405,62.55174218513582,5.433411486211076,-79.63736336350189,-5.055207460077106,-2.118269918823242,-4.112490264129638
1478632498438,62.56117594312909,5.450420342043686,-79.29197949165359,-1.7268179473876952,-2.2197242872375993,-4.38123954661265
1478632498471,62.60609072562835,5.413113020250866,-80.81542553491586,-6.995258408300578,-1.7208324432373046,-3.8295255554199215
1478632498505,62.54541209341268,5.369233374986641,-79.03928953068818,-10.915165368652342,-1.1381436141967773,-3.3156700241088863
1478632498538,62.463298361934385,5.371284385333995,-76.87545796117959,-8.219144953973592,-0.9774327957927481,-4.416853150177002
1478632498572,62.50042165666333,5.391597392187531,-78.80847078273507,-10.195707696710153,-1.0241197783981448,-3.8640918418884276
1478632498606,62.610880061243684,5.440074179095465,-81.69682834884786,-7.223306554821878,-1.0205284759079105,-2.0555717628479004
1478632498639,62.67553800690816,5.428388319411514,-83.39605750139772,-5.53539423828125,-0.601393529510498,-1.265335559126269
1478632498673,62.72300356066248,5.4046402346858535,-85.3019561398719,-4.206612316894531,-0.4230255423614755,-1.1839327209472656
1478632498706,62.826822490373125,5.316449467822588,-88.07971973207627,-3.4295442405700682,-0.37184948187563566,-0.48557402420043944
1478632498747,242.92750158884675,174.74731564240747,89.3275870642065,-2.5377041221618653,-0.29089550170898437,-0.34057519529038105
1478632498781,243.01297926194295,174.85703832202933,87.01251987954188,-5.587917037200928,-0.41748887795712797,0.45115738446884784
1478632498815,242.9901091648613,174.99679221132448,88.03815969434002,-9.247454128619284,-0.5337573691437021,2.064101179327443
1478632498849,242.94421376197977,175.0974530013146,89.2985235671114,-7.001094859369099,-0.500537784576416,0.56877251362456
1478632498883,243.06972505541032,175.3214872775775,85.39770767747822,-10.104279193878174,-0.7327753364784177,1.4954782119750976
1478632498916,243.12016468449545,175.46523799599208,83.80731902771606,-11.640458834075927,-0.8164227661132812,2.4901192911010233
1478632498949,243.0486244126962,175.5821442254012,85.4812440764264,-10.232368946163914,-0.6347627334152348,2.5240870271544904
1478632498982,242.88652335906227,175.83984011295863,87.7875887431513,-11.166107922418416,-0.36227267523501067,1.9529204397339373
1478632499016,242.79540463195107,176.00255432928367,89.19727910760504,-10.91591341054067,-0.906504585310351,2.0045453947647474
1478632499050,242.71165747919252,176.12813581166193,89.46047096124,-10.215160731329396,-0.7275380294799805,1.3013982216323725
1478632499083,242.6366906880492,176.32406513556757,88.86437051771586,-12.462568121393025,-0.7445967163085937,1.0848726272583007
1478632499117,62.512149356850934,3.3461353528375617,-89.65174993086073,-15.84602368774414,-0.8026560883010737,0.34401686474343296
1478632499151,62.392453418809254,3.2071639956422824,-88.74031783755821,-10.861744817175342,-0.3028665282760747,-0.515202269744873
1478632499185,242.3932451539572,176.93060146105472,89.05147418949063,-11.688642142486572,-0.4653729431262938,0.17657237928638933
1478632499219,242.3021662045616,177.1684812394526,87.7809773486288,-13.381940974371135,-0.5186439369146363,0.6573579933166503
1478632499253,62.080771007495784,2.6239099720671013,-89.43345054662684,-12.86090342260152,-1.451784031677246,-0.17058686371955553
1478632499287,61.94245181881314,2.5139942048999417,-87.07574324744628,-12.88903499984741,-1.7170914666106922,-0.6096236068504396
1478632499320,61.77321606543129,2.446913323256663,-83.76049712901326,-12.691812930352985,-1.636287197113037,-1.06033207108732
1478632499354,61.49617515575688,2.3408132394065455,-76.9882609187992,-10.783334493609518,-1.5129858481476082,-2.0205564905028788
1478632499387,61.20250123016728,2.2143831669286573,-69.41869003371971,-9.70310081473086,-0.7823053924560547,-3.506607615639502
1478632499420,61.00282006633943,2.107460291107014,-63.89834654226953,-10.238354486846923,-0.42871173020515124,-4.416853095378075
1478632499454,60.75336794700595,1.9058084940733453,-56.39596371102806,-9.613916766357422,0.09127893829345703,-6.134842625073343
1478632499487,60.5504289530969,1.788252108519654,-50.09944773637786,-7.992144197613373,0.10893619380341842,-6.320243565899343
1478632499521,60.34299236914096,1.618097399868566,-43.892080293081946,-9.670330142974853,0.24974516067504882,-5.8702829762998965
1478632499554,60.10319275832997,1.4166397573467537,-36.77519256889415,-5.385906381723098,0.13078326568603516,-7.105691325201466
1478632499587,59.905740254898355,1.234455372005628,-31.63446498014889,-5.572953021096624,0.01705868682861328,-7.527220454992726
1478632499621,59.692689246164235,1.001714814840294,-25.059886814836588,-5.135712271704152,-0.1292868896484375,-7.5956050591066475
1478632499654,59.42264296475085,0.7163579109660962,-17.780401177281384,-1.4326305645264685,-0.1518821678161621,-8.621370394488423
1478632499687,59.29500015835631,0.5655692371948748,-14.929293817451951,-2.486528002310521,-0.21966800231933592,-9.204508446867484
1478632499721,59.17767244430365,0.4441290240869168,-12.672335464613083,-0.8179191421508789,-0.1867477294921875,-9.868151055145264
1478632499754,59.041441739070734,0.3149885642913206,-10.657829613273336,-2.0338743651016613,-0.29553426742553707,-9.88625711386865
1478632499787,58.959707392239935,0.21760442772082605,-8.655043034018187,-0.5582978996276855,-0.09023147506713866,-9.806650027399463
1478632499821,58.89582296142806,0.1576968445017593,-8.068449301334706,-0.229843359375,-0.028131870006305324,-9.96676221775664
1478632499854,58.84324050364623,0.1279172429737781,-7.813745917025378,-1.6148890015090815,-0.01960252495088498,-9.936385601530317
1478632499887,58.78417690893854,0.07407183756961695,-7.0397565582617405,-1.322497151161963,-0.015113397408914169,-9.771036528866388
1478632499921,58.70329430554531,-0.03380786250842395,-5.117229916668301,-1.0717045181274414,-0.007481880758810439,-9.844209075076318
1478632499954,58.64986610425089,-0.11524903411861473,-3.6413445162969054,-0.6878840964496834,0.003441664886474609,-10.026916790196392
1478632499988,58.59616131746728,-0.1789542143287325,-2.6675796433886965,-0.485274742143054,0.017806873705767792,-10.198102007968165
1478632500021,58.521166900715826,-0.2584216777993069,-1.5629014097723966,-1.045069006391894,0.027234042742633028,-9.957634323927294
1478632500054,58.46554413796603,-0.3455516561449488,0.14321553029523956,-0.4062661056242068,0.0384568664495484,-9.761309532066155
