sep=;
timestamp;gyro-alpha;gyro-beta;gyro-gamma;accel-x;accel-y;accel-z
1478632234706;73.72390133132144;1.0257851229743737;13.564200022955525;2.271648480943311;-0.13676876070327124;-9.531765895441085
1478632234739;73.7086331237068;0.9986277571513833;13.555209820574397;2.2960394264818786;-0.09846153870734851;-9.558251356279792
1478632234774;73.69140299016009;0.96469925323062;13.465894797618171;2.3382372465824472;-0.076614453125;-9.523535675377765
1478632234807;73.67130273788744;0.9305359304673865;13.265264464513177;2.2345382810040086;-0.09352350234985352;-9.408164787193108
1478632234840;73.63807535664814;0.8770113361797446;13.14537358669501;2.234239089136524;-0.14709376278338313;-9.44482636544043
1478632234874;73.62717979731146;0.8641918045266282;13.205228796465114;2.2676082199760246;-0.17956512679500738;-9.433154559281933
1478632234907;73.60628503578899;0.8502882318504057;13.437292345156983;2.3570914887580554;-0.23777415237426758;-9.459490722744725
1478632234941;73.58690001010582;0.8498993032378719;13.71637973127723;2.551770075181592;-0.27249007644653317;-9.500042709726443
1478632234974;73.55386511149224;0.8930131216201576;13.812224792751794;2.7723358483245595;-0.28655601119995117;-9.588329019242291
1478632235007;73.51502863930993;0.9189736882892453;13.045819244323166;2.7560254225799814;-0.21757307586669922;-9.395445590873528
1478632235040;73.48514498055084;0.944363551184589;12.124118206031023;3.0578444328308105;-0.11881226195183116;-9.165004101208597
1478632235074;73.45996313781174;0.9644557193954157;10.708548763145378;3.4160768562316894;-0.0941220618980471;-9.627833215345774
1478632235107;73.44568508748053;0.9925862253523249;8.768700631037813;2.9040169761657713;-0.16744448631327685;-11.343428482873737
1478632235140;73.46013780028943;1.0233292555627171;7.28468281163772;1.0570400512252933;-0.1753752668614861;-13.578714423315226
1478632235174;73.43439667968117;0.9836253258324249;7.291863315591305;1.806724391262792;-0.21966800231933592;-14.648025032043456
1478632235207;73.43355695809089;0.8382716349488719;9.564054097477316;1.6537948241523932;-0.2768295669555664;-15.34129605026245
1478632235240;73.44628982903222;0.7161763128446941;12.115458631897411;2.958634701538086;-0.21682488784790038;-14.90719736175537
1478632235274;73.44208809983868;0.6350490579279477;13.545670916027914;1.783829910952784;-0.1551741905322997;-12.993631684875487
1478632235307;73.42972111431057;0.5920925490508154;14.010070714769938;0.9873089096069335;-0.15786766739997546;-12.120047354125976
1478632235341;73.41853048498668;0.5330279973490991;14.798088042044073;1.2589011604309082;-0.10743980406608898;-11.29359886856079
1478632235374;73.39589888142514;0.46586338077487227;15.423868095522906;1.3829507339477538;-0.11073182449893793;-10.723330106762797
1478632235408;73.37338641853601;0.40426955266422504;15.933600459216205;1.0917559570312498;-0.08230068206787108;-9.944167030920461
1478632235441;73.34177716227839;0.3191892652962609;16.582409474903567;1.7688662601746619;-0.033069912714196834;-9.734075725643894
1478632235475;73.30665019286211;0.24523482771919283;16.76431305306091;2.4947582029480486;-0.014215572357177733;-9.68559316029204
1478632235508;73.24223767860948;0.20955239443748444;15.282973558929076;2.14385798559878;-0.04010287723679503;-9.017311786297709
1478632235542;73.19455387933499;0.20263964485276603;13.696007279901874;1.950975077819824;-0.025438393209982313;-8.605359097820893
1478632235575;73.14032859038439;0.1932193293359145;11.993617879431563;1.327285545349121;-0.02962824640066683;-8.027907950238138
1478632235609;73.09443919902013;0.1548569496586439;10.635169599331075;1.2527660552093758;-0.02947860708444059;-7.673565958404541
1478632235642;73.01476519733302;0.08922734050677378;8.151271797956666;1.5174748940620104;-0.03815758781709592;-6.720973265130818
1478632235676;72.95886736319757;0.06260754312221836;5.569256984043988;1.3153145005157216;-0.02498947982788086;-6.245275030517578
1478632235709;72.90817008627232;0.045884946248420995;2.2445046985240893;0.8346785537719726;-0.04010287723679503;-5.604975724029541
1478632235743;72.85605522439789;0.015012500794205321;-1.0194457177554141;-0.15382744981517316;-0.1485901425313248;-5.1045875770568845
1478632235777;72.79179177455583;-0.12437691002819275;-2.0937874678424095;-0.8872013526916503;-0.3500023688938236;-4.744110589599609
1478632235811;72.70701062576919;-0.40156115994749997;0.20695503915116784;0.2690484115600586;-0.34715924985581076;-4.851400751495361
1478632235845;72.5823986685618;-0.8148665622833089;4.982326248120074;3.7768529727660116;-0.2922422218765132;-4.802319617462158
1478632235880;72.50431083421606;-0.9919176370821762;6.100570860514906;3.832218886157125;-0.05731120223999023;-5.306598342132568
1478632235913;72.43409973502334;-1.1040971613480948;6.041442408642902;2.251746661376953;-0.05057751007080078;-6.874052241516113
1478632235947;72.30455520696239;-1.174434555082878;6.096318161595399;2.3738509460449215;-0.03965396499633789;-7.899519032342732
1478632235981;72.20355647263166;-1.1477938495555975;5.332451995357532;2.014720697021484;0.14903906247788107;-8.373121609850973
1478632236015;72.10612565641934;-1.0913525651631086;4.363225784048887;0.7754220649663941;0.28850129091567356;-8.8703672210142
1478632236049;71.99418526887624;-1.0181558598245006;4.047828249880139;0.5939116493225097;0.0778115448219236;-8.299799622400105
1478632236083;71.87785838129501;-0.9628211611911731;4.30459798121035;0.24570498190615325;0.1532289130998659;-8.364741904040425
1478632236118;71.74971805562603;-0.9032262953210041;5.356106094007225;0.6358102149078622;0.03486556167602539;-8.192509022112935
1478632236152;71.61492778231172;-0.8146550868310315;6.360458950342772;1.622819812774658;0.04085106582641601;-8.959401741381734
1478632236186;71.407710921899;-0.5358366623553609;5.988672417069714;0.6958148574829102;0.06539163740959483;-8.331671993609516
1478632236221;71.20211808780066;-0.16515920178162796;5.623766917546462;0.3532944190094247;-0.05057751235408941;-7.0950669822692864
1478632236254;71.07659982990396;0.022491836141643445;5.960411325613987;-1.1634323692321777;0.03995324077467958;-8.762029815087839
1478632236287;70.85195074946958;0.24022185029107312;8.160354958611151;1.3334206323043443;0.11985972517814952;-10.553191785961761
1478632236321;70.69037471842505;0.5054420457393775;7.906532825185491;1.7902642548492178;-0.017657237243652344;-9.284265381002985
1478632236354;70.54881553857994;0.7332064268179416;6.769684247300259;0.2792237686157226;0.016609774017333982;-9.968707269143499
1478632236387;70.36418891735;1.0840494125248754;5.193266432898569;0.49530046844482417;-0.09427169036865234;-10.253617668560892
1478632236421;70.22899934005036;1.3189343482974947;3.2476522484093095;-0.9190741988250986;-0.7728782051528803;-11.265616782788186
1478632236454;70.1244879597786;1.4916798740651938;2.280894727058348;-1.1982978943755849;-0.9274538681030273;-13.17394528966695
1478632236488;70.02161815643863;1.6742688332873321;2.0519756382664367;0.24794951856308614;-1.0983399933303706;-14.225747714233398
1478632236521;69.94030500661334;1.8893856810647747;1.6987256366158683;0.3745429130775388;-1.061080248260498;-14.548366680200397
1478632236554;69.90376467077054;2.0796902603407768;1.92753144664999;0.34102408412712976;-0.8129811012268066;-14.579341079656778
1478632236588;69.8447298145647;2.316655788556335;1.8590840453749802;6.495768525341898;0.11477204208374023;-19.214366148376463
1478632236621;69.91305988758933;2.7630795033340965;0.09825177040417243;-0.5454290554295468;0.15771803436279297;-12.888286519567668
1478632236655;70.00925275777314;3.0542255279089154;-0.3930853468578132;-2.9400795975726797;-0.013018471527099609;-9.808745143365057
1478632236690;70.03486487801422;3.1480653463319834;1.7498591312379879;-0.8613140289749018;-0.38950667345351536;-9.037662135082856
