sep=;
timestamp;gyro-alpha;gyro-beta;gyro-gamma;accel-x;accel-y;accel-z
1478632575334;57.9809007520829;0.8759637778815801;7.4279395983641106;1.5165771871704607;-0.09382277755737305;-9.586083952862396
1478632575369;57.972634326355156;0.8381794514906317;7.507636188043458;1.5572785788604988;-0.11058218461188953;-9.622595875239652
1478632575403;57.967605923723774;0.8097240214765372;7.386525276995973;1.357811579983495;-0.13721767922277212;-9.709834737512201
1478632575437;57.96202687759407;0.782957826911001;7.23459166841301;1.238550438898892;-0.18749592207756358;-9.670928620324656
1478632575471;57.954290592793164;0.7489860837782141;7.259183762394268;1.2659342008728534;-0.20979192047119138;-9.856629096653078
1478632575505;57.94808382400556;0.7333164056069478;7.3608659312606335;1.47542675480498;-0.2275987953186035;-10.13555374532491
1478632575538;57.94039918207898;0.7138258273350313;7.2010689019256295;1.7311574013641102;-0.21398177337646482;-10.405948822253569
1478632575571;57.93574919094611;0.721329122897004;6.549616432887311;1.644068389041163;-0.1545756469671265;-11.00180568735972
1478632575604;57.92759771098085;0.8087593835710183;5.174200348391336;1.2791022369384766;-0.11611878508415538;-10.756100522790476
1478632575638;57.89647845236351;0.948995029560731;3.23594927887001;-0.21398173684384672;-0.03636194684677757;-9.016862800421192
1478632575671;57.88230593362876;0.9549319785134326;3.2597675390034717;-0.1158195053100586;-0.03037643356323242;-8.634089736938476
1478632575704;57.844298492710806;0.8945905907913285;4.27421723212382;0.7237970985191408;-0.016160861206054686;-7.833228989355265
1478632575738;57.78689255597911;0.6702229766924864;6.77958286601488;2.826803899560496;0.10968437268906273;-9.15737254688423
1478632575771;57.77609375967014;0.6161172269254391;6.615294147011031;3.4460043769836424;0.271292957350146;-12.808081348474323
1478632575804;57.778506674708424;0.6924302561881144;5.481416827680164;1.7880197273254395;0.026186580657958983;-14.715062678527831
1478632575838;57.74289921162366;0.705701495342501;4.839375645856692;0.5196913978576659;-0.2498947982788086;-16.38187594680786
1478632575871;57.733369090974016;0.6646673814992338;6.1661927337136175;0.30750527572631836;-0.5289689201576169;-16.52103891830444
1478632575904;57.70505514631063;0.6048398450512096;7.775941525865873;1.5804723891769534;-0.4783914192199707;-15.782876618957518
1478632575937;57.678809773835404;0.6116877030616177;8.563047594899771;0.6866869636535644;-0.42871173477172847;-13.842675740869343
1478632575970;57.64491665759492;0.6019830191133291;9.264654642803492;0.09053075027465819;-0.40761284177475604;-12.467805145263672
1478632576004;57.584722872890566;0.501625911127287;11.393562542142227;0.4091092086791992;-0.3506008964759763;-11.096825127355753
1478632576037;57.549698725090835;0.38689227257929787;13.261076490753753;0.6464344482421874;-0.053869538495159935;-10.35058261660151
1478632576071;57.489491040528115;0.22320080141964338;15.622848237643604;2.2207715678008273;0.08454524384097895;-9.827449407726899
1478632576104;57.424175984347514;0.22854276127336973;15.495198766633504;2.9752444390228017;0.1669955703624757;-9.567080022850678
1478632576137;57.34497081319579;0.40095477238276067;13.008683673064919;2.369661111405957;0.19722236632194834;-9.040655325549467
1478632576170;57.26807212010335;0.6579717646419435;9.297056173607885;-0.11177929000854492;-0.007781155395507812;-8.009053466033935
1478632576204;57.197473421097335;0.7840989711405838;7.407838697683976;-0.443076944732666;-0.0076315177917480465;-8.128015653283894
1478632576237;57.13336626866131;0.7794570699113361;7.3440664148179815;0.27967275449223816;-0.00987608184814453;-8.090605960083007
1478632576270;57.0257110412451;0.6534625096397123;8.729759289674575;1.204732329603564;-0.02633621826171875;-8.051999750573932
1478632576304;56.95256298618905;0.545574596509551;9.953611940845684;1.66980606145442;-0.03965396956291515;-7.872584263665973
1478632576337;56.89087283014639;0.4124962843316279;11.455521554152831;2.0840029532280284;-0.04504092101497808;-8.043021202087402
1478632576371;56.77353593873429;0.3356517020639458;12.183210285046181;3.4510920555114746;-0.04758475571231684;-8.11828862451762
1478632576404;56.68136276101137;0.4365058281038401;10.875645193546614;3.366995722198486;-0.21891981430053709;-7.438036223956197
1478632576437;56.57629308790352;0.6801601769863778;8.369744278456437;2.9242180526733397;-0.5696703483802732;-5.199008905029297
1478632576470;56.48182787093624;0.9651241430504527;5.507612487991189;2.2746412147521973;-0.8105869178329594;-2.8158804275512694
1478632576504;56.39784836454892;1.1956806481705609;3.640258037782107;1.684769780731201;-0.49889177093505854;-1.211765315246582
1478632576537;56.30848094074395;1.2920770325619833;3.3586931022872446;1.9873370520660651;-0.11686696853637694;-1.2687772422790526
1478632576571;56.23412732739805;1.2278280293693933;4.651121262735861;0.7425017807228025;-0.18330606917229014;-4.042759140777588
1478632576604;56.09825228070567;1.1511981787004217;7.637498735671186;3.8700771999083456;0.12360067897187545;-7.6924201503477985
1478632576637;55.956984822143866;1.387552021217823;6.108853777419399;1.5601216567993164;-0.03681085052490234;-8.461258158465474
1478632576671;55.85879779881612;1.540797753145867;5.628251502440673;-0.06015431671142578;-0.4348468765258789;-8.24144066467285
1478632576704;55.74856401633784;1.5776430494029379;6.709564591169185;0.08604162216186523;-0.7603086647033691;-8.994566505200043
1478632576737;55.631270600188;1.6445136706409698;8.51761499458324;1.8032828359741717;-0.29284079284114994;-8.857199623339996
1478632576771;55.51410732421815;1.7167629452806747;9.333803720827168;1.8107645882979966;-0.03755903854370117;-8.968080795465037
1478632576804;55.39959053029463;1.864883950289922;9.838688270292613;2.039410901641846;-0.15936406627045943;-8.308478457287698
1478632576838;55.28570240046338;2.0075127828877783;9.268842944036153;1.6605284249900374;-0.31109658506641863;-9.3725514758897
1478632576871;55.16983311214046;2.1680477596013996;8.849867315686154;0.9368810736725106;-0.5978022270202636;-8.699930209527537
1478632576905;55.00769563609307;2.4680106744785;7.814604717042979;1.0537480787415057;-0.36885667956809043;-8.415918110656738
1478632576937;54.853302384934864;2.6921159714325253;6.882557199577587;-0.5548563078064471;-0.7603086647033691;-8.68915615592636
1478632576971;54.768533396144115;2.7443771230944067;7.193694539025271;0.5410895021300762;-0.31468786244047803;-9.189993179177678
1478632577004;54.680012353601974;2.8818550086237047;6.258044742875578;-0.7769183656554669;-0.47120880053977016;-8.681225509057565
1478632577037;54.59902713756743;2.913780417236845;5.480964928828249;-2.0040965002197773;-0.6241384361488279;-10.03469756199941
1478632577071;54.50705045398585;2.8631411069073085;5.871338253145387;0.19123685760498046;-0.4861725623428021;-11.713332054845988
1478632577104;54.433921825370284;2.832692277709847;5.605457274839117;0.3107973030090332;-0.4933551704627927;-12.883199133300781
1478632577137;54.3706901402977;2.8276497819857664;4.872971007791993;0.2952349922180176;-0.5865794250045903;-13.576619789123534
1478632577170;54.31777270407275;2.7970505077851984;4.558483068275097;-0.08125321884155273;-0.7468412803649902;-13.589937535858153
1478632577204;54.23025880616368;2.562030235106276;6.6968615169164405;1.6482582054138182;-0.4688145988796139;-13.550433208465575
1478632577237;54.16024089313718;2.3978098870916416;7.972839475605711;6.403441831561177;-0.1476922966445796;-14.390798283441365
1478632577270;54.21944881593442;2.3587947708681947;8.099356411268653;4.3165959556579585;-0.2501940734863281;-13.72281602025777
1478632577304;54.26153996383357;2.439261559976833;6.785461443878427;1.6528969345977529;-0.5705681922691408;-11.42767416152954
1478632577337;54.26738225635325;2.5309399495687632;5.253950688923596;0.006584054565429687;-0.6507739570175297;-9.580547343256976
1478632577371;54.259000989463395;2.5310418868004008;4.771179577748006;-0.07556698989868163;-0.5466261756675783;-9.45335587325152
1478632577404;54.256714141193335;2.4448805824625475;5.475504074953859;0.5660790184905752;-0.38352119670258833;-9.931747182873636
1478632577437;54.247121941147185;2.315128015075672;6.9928118746631736;1.3666402534042483;-0.30945058284150434;-10.210671384020895
