sep=;
timestamp;gyro-alpha;gyro-beta;gyro-gamma;accel-x;accel-y;accel-z
1478631787915;77.79806344750925;0.8542704091347608;10.977510934683986;1.6256629637787117;-0.11851297989444573;-9.730933445562794
1478631787948;77.8363727864052;0.8566345475345278;10.587353726438868;1.6135422265426256;-0.14664485031548904;-9.952845792742819
1478631787982;77.86401411035145;0.8622378038133102;10.35847148072907;1.5144821511199698;-0.14739303779468255;-9.993996243374609
1478631788015;77.89120284465085;0.8646260387831992;10.183296893761876;1.471087337361183;-0.11596913834724108;-9.95120019922657
1478631788049;77.91279889029288;0.8771349776820035;10.00016158613097;1.4440029128143563;-0.09292495193481445;-9.657461245904312
1478631788082;77.9319546253036;0.8719185870356287;9.843485515155438;1.31112461107783;-0.06000467910766601;-9.375544045301806
1478631788115;77.94657852691034;0.860374436364961;9.953961350988173;1.4682441863571294;-0.06434416961669921;-9.354445197970605
1478631788149;77.95763284235449;0.8421255316537845;10.214974767533215;1.7901146263786125;-0.06045359191894531;-9.325116300698928
1478631788182;77.97086119347574;0.8323116398553901;10.353034918647833;1.9354127487624995;-0.04683656997680664;-9.396194235550054
1478631788216;77.99272443445149;0.7714706305031931;10.529568175955397;1.977760172360204;-0.0754173477283446;-9.582044102887064
1478631788249;78.01066653666595;0.742706796997947;10.506498963131591;2.0328269201416522;-0.13512275790753484;-9.715071686034323
1478631788282;78.0312000810935;0.7146752959730907;10.416766303202266;1.8748095923050305;-0.1752256385692628;-9.739612106920452
1478631788316;78.06728774538463;0.6923316489432806;10.278586533680237;1.7319056658730783;-0.18166005096435545;-9.703400268034892
1478631788349;78.09295093407442;0.6781598193970874;10.265458733001722;1.8131587808249983;-0.1858499038696289;-9.73721821578755
1478631788383;78.11811360898966;0.6579688265919256;10.253460659238025;1.9180547684600575;-0.14320318679809568;-9.757269353297259
1478631788416;78.14650652692;0.6050811782621212;10.1287849480701;1.8644845885124521;-0.10729015932705224;-9.733925932776508
1478631788450;78.17191340774546;0.5459530701803658;9.913055317559463;2.027439820275828;-0.09501987881556778;-9.659855515670687
1478631788483;78.2009721306878;0.4442712187438116;8.77422893148306;2.7213093889098614;-0.1131260284423828;-9.514108283720258
1478631788517;78.23348079359145;0.34441726947677814;6.517149450164471;3.2499790429931132;-0.1839046195873292;-9.5809963473998
1478631788551;78.28992475903215;0.21395675809502035;2.7810822377807263;2.7614123763153327;-0.16430208892822265;-9.677363019020017
1478631788584;78.39444964366542;-0.03291752096050574;-4.461655335620773;-0.3437175393035635;-0.06404489269671321;-11.218032024792581
1478631788618;78.44665672274103;-0.20308123551281196;-8.484556872860022;-2.8649615615844723;0.1295861694225343;-13.655777789251506
1478631788651;78.47919314703937;-0.31012890789546055;-10.457904759650916;-3.318363500976562;0.1842038856616942;-16.530915000152586
1478631788685;78.52486573488743;-0.33261531333067945;-11.261597701815345;-3.102137163543701;0.2914940521240234;-17.887379878234864
1478631788718;78.59897912558158;-0.3223103496764074;-11.978238496106854;-3.9637504859924313;0.21921909407463389;-17.791312536621092
1478631788752;78.68042591337486;-0.2633682741483199;-13.052976994229136;-5.071068607684224;0.07885901718139648;-16.45789184951782
1478631788786;78.76416028042914;-0.19018384418741122;-14.5263323962522;-5.663932939910889;0.08828618621826172;-14.850933622741698
1478631788819;78.85571779044636;-0.03305960691381598;-18.525423271020497;-5.315426960754394;0.2738368143095489;-11.849502274267374
1478631788853;78.92404919614563;0.10830521576744033;-24.730059287573738;-5.682936769457906;0.3221697768777958;-8.964639445672393
1478631788887;78.95820486281849;0.20504342059699276;-29.43569971439488;-6.134842332812398;0.2742857162752072;-7.582286873980611
1478631788920;78.97029871485559;0.3180515796255995;-33.96803775722395;-6.393565749713033;0.43230302812880833;-6.651989745275676
1478631788954;78.97221890928363;0.44669187739168653;-37.978066419751464;-6.005854855368798;0.3796305961719481;-6.030844490460306
1478631788988;78.97707081334039;0.5806524152820048;-41.9910105562008;-5.329492895507812;0.2721908012390137;-5.576245304107665
1478631789023;78.96983074223328;0.7113808013206625;-46.46163532791823;-5.35358425745219;0.14619592974013648;-4.978143948010355
1478631789057;78.97152990811658;0.8539934377056518;-51.070247883650836;-5.62966578251943;0.13407529296874998;-4.182221095220744
1478631789091;78.97511143438288;1.0187533902352235;-55.598092669095514;-5.298069290979206;0.1361702194213867;-3.0986954986572264
1478631789125;79.00322373073588;1.274748942294188;-61.38911473698079;-4.347421302032471;0.17178395084990186;-1.6693571075439453
1478631789159;79.0548255855517;1.4366380636530571;-63.800459272738784;-3.6444238395690918;0.049530046844482416;-1.4624083015441893
1478631789194;79.159770722776;1.6471856122855228;-65.99248132725559;-2.7536311843872068;-0.013168109130859374;-1.7281646858215332
1478631789227;79.2461756444974;1.748436701097642;-67.07242339948183;-4.068197533416748;-0.30885201644344484;-1.9759647037781773
1478631789261;79.33489142283635;1.8687651450781249;-66.534503812125;-6.5509848011292515;-0.6018424605880863;-2.5746646102905273
1478631789295;79.62175278901552;2.199828977749261;-59.88739203270836;-5.9497407630920405;-0.5849333748306147;-6.369474533899128
1478631789329;79.72899882020451;2.3795915739448277;-59.20013322365829;-5.29926609954834;-0.8880991783142089;-7.333589030401408
1478631789362;79.78313811013585;2.6501256817893295;-59.16368009387938;-8.086566037042438;-0.6679822631835937;-7.023540353802591
1478631789396;79.88734829071255;2.799803426695581;-59.23762016624973;-8.830563801077194;-0.3423708282691892;-6.5349731391355395
1478631789429;79.97431181766532;2.9036000413279157;-58.61120560918538;-8.014889588308893;-0.569221453835303;-6.214000844397023
1478631789462;80.06755236889731;3.027644441006262;-58.15470886384586;-7.219116482720896;-0.5967547729270998;-5.915922883838042
1478631789496;80.15581566246927;3.1003339485358636;-58.42284045757592;-6.918494609832763;-0.6040870018115966;-4.902277536773681
1478631789529;80.31874674367427;3.1568761871704667;-58.73619472347647;-5.1699792098999025;-0.7547720550979488;-3.2634466465272007
1478631789562;80.45081475035688;3.1670900693154524;-57.91172089687329;-3.9571664314270016;-0.6811503631812985;-2.3026234466552733
1478631789596;80.58556734625259;3.1712801691203216;-56.17286899506378;-4.035875811004638;-0.7091325859512202;-1.6594813179567456
1478631789629;80.8062076336926;3.188845933922927;-50.802564926726596;-3.916165727996826;-0.7942764190231449;-2.2623706389829517
1478631789662;80.94358987822875;3.19858692357567;-46.612838720151366;-3.6337995697021483;-0.6376058296203613;-3.563619533538818
1478631789696;81.08314233696737;3.1708223036232637;-43.04195791911773;-5.059247236987203;-0.22864625854492185;-4.944475487164408
1478631789729;81.18281615036163;3.1774631764998933;-39.81704531187768;-5.051466300787403;-0.5542576934593264;-5.293280595397949
1478631789762;81.3037966485576;3.114034411845169;-37.03499262600146;-4.285620971679688;-0.5005378005594364;-6.556970305279642
1478631789796;81.43428133612728;2.9668121769901505;-34.144792871877286;-6.004807364743017;-0.31154547276152295;-7.501482787146046
1478631789829;81.50787470689592;2.92999033565057;-31.662068500194692;-5.0906712251082995;-0.15906477279663084;-8.098237331744283
1478631789862;81.59859012609286;2.7846636858208167;-30.51570400256758;-4.538807760708592;-0.11177929000854492;-9.235483120318502
1478631789895;81.67687592402162;2.4500283098232636;-31.492906484747763;-5.079897600765387;-0.06778583450317383;-7.289895142364501
1478631789929;81.74384958310925;2.242627039675585;-31.99673401660556;-8.723273748779297;-0.06075286712646484;-7.268197689819336
1478631789962;81.77899862989796;2.0981217535616854;-30.47173584101075;-6.726060651397705;0.0143652099609375;-8.565256283945358
1478631789996;81.77664579088719;1.9290027271938186;-29.91456246984447;-5.789628673199564;-0.04040217128144577;-10.060136100769043
1478631790029;81.79591088272892;1.7218779907892432;-30.811213538143054;-7.556699282129109;-0.08843582382202148;-9.87817692072764
1478631790062;81.77770393250745;1.5279348553153445;-31.257894517097196;-7.753472438812255;-0.12569558715820311;-10.198400954382121
1478631790096;81.79016876687312;1.3184117031967497;-31.97443518872813;-7.399878927258402;-0.09172785110473632;-9.815628256225585
1478631790129;81.74916577642342;1.0826062473676725;-32.966946673115444;-8.389731237737834;0.10519523544311522;-10.129119182232767
1478631790162;81.7349303570083;0.7720301128499786;-32.252774874224166;-7.990498110906779;0.14529812238388695;-10.428544027356057
1478631790197;81.725609551608;0.5799321386160609;-31.218419468044022;-7.534253641565144;-0.14050970993041992;-10.801889556475729
1478631790232;81.69973913585474;0.4025695229677359;-30.340972716216054;-7.370100751849264;-0.5108627746692626;-10.650605792944132
1478631790266;81.65740150827718;0.13602620515548566;-27.097818772556323;-5.4414217500548805;-0.42796356045266143;-10.531195131274313
1478631790299;81.64997582622372;0.08231371161233925;-26.290641669608732;-5.166088559136912;-0.4170400165198429;-10.38724390258789
1478631790332;81.60010881770913;-0.04894022221204766;-24.954042208766225;-4.609137434475683;-0.26740239963116763;-10.182389876910298
1478631790366;81.53170947018768;-0.17974170857820013;-23.695119940529917;-2.925714428710937;0.014514848706341581;-11.527033530426024
1478631790399;81.53648916509331;-0.26305223025457036;-22.669792798602987;-2.880673509979248;0.010773909753991756;-10.371831229400634
1478631790433;81.48552973596759;-0.4218593158083406;-22.34601636915487;-3.144185257134959;0.041748891448974604;-8.137143400982767
1478631790466;81.42791148922255;-0.561889928843738;-22.844012269842725;-3.8564602373317114;0.08738836059570312;-7.961767983245849
1478631790500;81.37168850413515;-0.7100008786205145;-22.94329979602246;-4.055178934025485;0.12375029516980429;-8.581566828420945
1478631790533;81.31519504876862;-0.8491051258676127;-22.795463026742485;-3.9481880656035613;0.12569558715820311;-9.298480935093853
