sep=,
timestamp,gyro-alpha,gyro-beta,gyro-gamma,accel-x,accel-y,accel-z
1478633816376,25.20806721084111,-1.9678529538646314,14.423092185432289,2.4196400573619874,0.2775777549743652,-9.515454937672416
1478633816410,25.210138247749764,-1.9121023558391377,14.58373008207558,2.4434324751756966,0.1859995597396977,-9.459191319673042
1478633816443,25.210287971864258,-1.832099171526931,14.76203441239048,2.490119227168942,0.08529343414306641,-9.491962277981772
1478633816476,25.20788858843806,-1.7380805770094307,14.951000650000136,2.5441385082991386,0.025737667846679687,-9.474304714227845
1478633816510,25.201017327001885,-1.6376009540799565,15.129964932246455,2.591423946563096,-0.01750759963989258,-9.474604025967983
1478633816543,25.19592006562859,-1.5444806970356997,15.312429093633893,2.7247511816604995,-0.0022445640563964844,-9.494057246675249
1478633816577,25.18889813094657,-1.491372203263454,15.51082193042788,2.8507458796294403,0.07556698989868163,-9.435249513134034
1478633816611,25.193790421533528,-1.4425101890617886,15.822521507175315,3.0349498794555663,0.1541267410057131,-9.424774948798687
1478633816644,25.22534130008511,-1.5071337564326925,15.925737815572617,3.252522882257029,0.7342717216491699,-9.392752276119344
1478633816677,25.238442874846584,-1.4975381137474355,15.95491701610293,3.047070415762253,0.6739677673339843,-9.270498301331978
1478633816711,25.239800224982325,-1.4900323581990667,15.964052384852124,2.9869162451812996,0.9141361031020991,-9.357737120222044
1478633816744,25.228995634570445,-1.470761119689911,15.952829355397961,2.92915613013003,0.9247604095016606,-9.322722272568708
1478633816777,25.26218057996295,-1.4689310573495842,16.051237024937194,2.02639235704951,0.9955389595474116,-9.094973702649026
1478633816811,25.273392292455863,-1.4817785009990168,15.991174634095492,2.893691853642184,0.4750993919372558,-9.441833518608759
1478633816845,25.286310711852067,-1.4847068364574147,15.90829295909468,2.7673978439331055,0.43843817901611326,-9.496301340374186
1478633816879,25.29320983227765,-1.513270400782367,15.88132567434504,2.879326716746483,0.32935236587524414,-9.403077426042396
1478633816912,25.301612084419876,-1.45090659151278,15.846462496860928,2.676268403249274,-1.0640730551346205,-9.406369492141017
1478633816946,25.30054893014603,-1.4898821964078512,15.836247590016018,2.669385074189852,-0.32187046742094677,-9.228150822935346
1478633816979,25.298337481632718,-1.5468438220264302,15.668742812690356,2.7073931145930894,0.10594342346191406,-9.478045776477781
1478633817013,25.314335643109864,-1.690568068412817,15.462650606050532,3.0529065380372105,0.6486789940322749,-9.57067138013984
1478633817046,25.302825763914147,-1.7256785241103259,14.98514318387139,4.709993362072855,0.8203133438110352,-10.281898810345306
1478633817080,25.21214004974202,-1.8512785612477407,13.659090792135961,0.2362777763366699,0.18584991300278342,-7.027730060577392
1478633817113,25.232011776408008,-1.966448543369922,13.514114066377536,2.0316297645126467,0.9714472870757803,-9.3058128123519
1478633817147,25.2272921089739,-2.063166161517511,13.182578983617665,3.7811926094055175,0.1637035385131836,-10.983699245043843
1478633817180,25.24494440160202,-2.2002390375181915,12.803059974314037,3.7466263229370114,0.7095815170288086,-13.037026297704875
1478633817214,25.261751720642973,-2.24448479123203,12.518486916869799,3.241300135040283,0.8782230964660644,-12.844293356323242
1478633817247,25.297882950468082,-2.303031661426132,12.492702432190372,3.0555998687744137,0.8385691314697266,-12.760945211029052
1478633817281,25.367846107836904,-2.386763519636601,12.636193579812565,2.607285607910156,0.852934341430664,-12.67954235458374
1478633817314,25.434769682934732,-2.4309692964168677,12.75943412722299,1.5013140785217285,0.6817489227294922,-12.042684712982178
1478633817348,25.494347811793283,-2.5130411358332094,12.73915839234444,2.0706850877624006,0.744447078704834,-12.508356935882567
1478633817381,25.579808011728552,-2.6436520197532025,12.639686656702915,2.8104934007506817,0.8854057014465332,-13.14805739969462
1478633817415,25.651514709689867,-2.719369473877285,12.864330248680234,2.3237223853180184,0.7766191635131835,-12.29647008895874
1478633817449,25.740380972337046,-2.794115606369325,13.254749454996434,2.4582465545654295,0.7770680763244628,-12.399869673156738
1478633817483,25.81845586538709,-2.8881922981414045,13.320947281202164,1.4957775602478534,0.8186673301696776,-11.98178206212148
1478633817517,25.890870851542758,-2.9796962345248024,13.18112901432802,1.8903717752318827,0.5698199951171875,-11.764059787042438
1478633817551,26.016149098510436,-3.085568949762238,13.12337413840505,2.1051018370918464,0.8270470542465336,-11.352555938311665
1478633817585,26.10259713642581,-3.095457941137688,13.323860293111487,1.4748282957214862,0.8037035697937012,-9.906907413714752
1478633817619,26.184774241801097,-3.0760037978620662,13.351517787994878,1.6276081430297344,0.6353612655639648,-8.680926087719573
1478633817653,26.25490028586576,-3.069082266889876,13.234903604390553,0.9277531433105468,0.46567224116669964,-6.293009133855998
1478633817687,26.32385326845723,-3.0081302477206355,13.207523628467397,0.361374813079834,0.2850596351623535,-4.039317475891113
1478633817721,26.397806678835035,-2.987493207435709,13.257087184128201,0.29239187774658204,0.21218612213134763,-3.0611364601135254
1478633817755,26.46931826116761,-2.971329138266386,13.398365594449121,-0.0047884033203125,0.3356371269668452,-2.844161934661865
1478633817790,26.286866028151717,-2.8868350803566867,14.980132634478732,6.5212067718505855,0.44966100386467295,-1.922992845916748
1478633817823,26.361758473265024,-2.8445443832565847,15.253357337447161,8.17500186086446,-0.34671036444399506,-0.886153889465332
1478633817856,26.594623001695098,-2.890129423062302,15.236694720750652,3.4536359678406265,0.02693476867675781,-3.578433656311035
1478633817890,26.67871117713512,-2.917379705714761,15.326226737499711,1.5713444770812988,0.08918401184082031,-6.589141951696575
1478633817923,26.701749155171218,-2.9276034525866463,15.42202471513645,0.3796307468689978,0.5123591484235716,-8.036137872314452
1478633817957,26.72888418411345,-2.831724815380061,16.12729377386929,0.7755717002868652,0.7942764007568359,-8.792705377728119
1478633817991,26.73239766246156,-2.7527622738467095,16.626329948026797,2.072331101403758,0.3823240684730466,-9.092878502201755
1478633818025,26.719570464087884,-2.61813224243876,16.952485738496037,2.4715641917021944,0.2352302948440425,-7.4697595420837395
1478633818058,26.695330127936884,-2.521347865802635,16.73368541728943,2.0061914266724137,0.42437225739160495,-5.894075282232463
1478633818091,26.677696808777537,-2.5132270895365454,16.61243535104444,1.3823520374022424,0.22939444656372068,-5.702988354492187
1478633818124,26.6470650413864,-2.471810423885646,16.50070849662549,2.10031340637207,0.2941875289916992,-6.625205198724568
1478633818157,26.610840968021694,-2.4130078444331873,16.442729285435977,2.1402667927064,0.2663549255592283,-6.968473715618997
1478633818192,26.577372982537597,-2.40121435730679,16.280997318691497,2.423829796102829,0.40267480712972753,-8.011148392486572
1478633818225,26.5248943634826,-2.3546542848188747,15.92218787164237,1.8363526733398436,0.3025672439354006,-7.735515780230611
1478633818258,26.479424397156937,-2.3235690288056774,15.700584253615187,1.9252374099731444,0.20635025558471679,-7.584232601220905
1478633818291,26.426488423730397,-2.32970079910966,15.344523133911334,2.085798631872609,0.38546646157693465,-8.422202670818939
1478633818325,26.334526791138522,-2.4349395023342697,14.556638409112425,2.4211363923003897,0.5274725532531738,-10.363601234259082
1478633818358,26.275491983950083,-2.4450114153406526,14.198557772423186,2.8125884002685546,0.6456862602233886,-11.385925416211037
1478633818391,26.218776557997373,-2.4285848449677068,13.845495330216412,2.3240216080098994,0.5877765258346684,-11.602301537378132
1478633818424,26.161565955796256,-2.4040072840217923,13.72140311675634,2.3228245628349815,0.7085340538024902,-11.656619841412454
1478633818458,26.105934361456885,-2.399752687376821,13.577578956057229,2.5984569162230935,0.5671265365158208,-12.505962734222411
1478633818492,26.03856131773805,-2.375227353641076,13.524665862671377,2.8272528854370114,0.6024409927368164,-12.584672113800048
1478633818525,25.984320230155536,-2.3532023687314383,13.576041731973238,2.988861570562795,0.4538508522033691,-12.599186961364746
1478633818559,25.89996357303327,-2.3005494459571074,13.646264136600799,2.927210731683299,0.3595791572681395,-11.707945247241108
1478633818592,25.81076023124589,-2.296321953730562,13.627167375783639,3.8757635749816894,0.13691840744018555,-12.313528775787352
1478633818627,25.791527071639052,-1.6165483188961354,13.780799376740193,6.030844344329834,-5.865943650187645,-6.724564275360107
1478633818661,25.7723217712808,-1.949676443160415,14.678474390748015,-0.4257189826965332,-0.25782559127807614,-0.596305850982666
