sep=,
timestamp,gyro-alpha,gyro-beta,gyro-gamma,accel-x,accel-y,accel-z
1478633662285,214.41348659774815,178.6951296851223,-71.3080647206113,9.26047265494531,-0.22056582194826185,3.1587000624588164
1478633662318,214.41352402149872,178.69237187697237,-71.32445591137942,9.247603999118484,-0.22879590128608104,3.0898670033329863
1478633662351,214.41379332622935,178.687082619703,-71.3424637043519,9.27154620180807,-0.2428618309020996,3.116203022948594
1478633662385,214.41156775700205,178.68419863416796,-71.34850980931614,9.289801532095506,-0.24271218759011826,3.120991514175519
1478633662418,214.4107234312977,178.67704571787226,-71.3445717388309,9.263465557717554,-0.2340332208426058,3.1402948535379633
1478633662451,214.40754813088975,178.67175532256343,-71.33619422716684,9.256881267973396,-0.23762451248721916,3.1868321203369647
1478633662484,214.40889269843726,178.67308090362366,-71.34530542476631,9.252841132586985,-0.23268648183794574,3.1467290256169274
1478633662517,214.41223502953002,178.67456641533485,-71.37132548929979,9.26511122201575,-0.2287958997163201,3.0750527618297605
1478633662551,214.41400346613491,178.67798537137932,-71.39309289735694,9.29533845065842,-0.21502923317785025,3.061734919197019
1478633662584,214.4131126578637,178.68491630256264,-71.39125566589898,9.278279387087183,-0.2041056846784544,3.0927101269375763
1478633662618,214.41206369108696,178.6862543856714,-71.36487151700076,9.25628314681662,-0.21996728437672136,3.160346195972827
1478633662651,214.41070055674456,178.6790845627591,-71.33669437603355,9.265111420661862,-0.2548328346363036,3.229029824132519
1478633662685,214.4127082897343,178.67578026951594,-71.32695217209533,9.250596586796897,-0.24016835745935677,3.210325283492752
1478633662718,214.41851504482185,178.68565311551754,-71.36394967581151,9.287707079282555,-0.20245967560367426,3.1393969782538766
1478633662752,214.4266338628533,178.69912080016516,-71.4206859690192,9.291298373495868,-0.21742344568362748,3.0844800450310577
1478633662785,214.4302159127928,178.70373179782027,-71.45191440411647,9.283367343034582,-0.22026655487495808,3.07639961442803
1478633662818,214.43125830523195,178.70431556228485,-71.46145662964862,9.282020585192791,-0.23208791772317489,3.096001944157737
1478633662853,214.4332518497073,178.70749080855452,-71.48989387973015,9.293692458137482,-0.22969371606301864,3.064877505238796
1478633662888,214.43526376494282,178.71593106386285,-71.50084745186462,9.278878099615714,-0.21188685206122754,3.0861258508931493
1478633662921,214.4316535022443,178.70809713832335,-71.48748522708274,9.26196932781043,-0.2359784942792845,3.1669301135409387
1478633662955,214.43098943733338,178.70799102763507,-71.48598402700067,9.25448698183156,-0.2437596496747923,3.204189881443698
1478633662989,214.44144858271216,178.70795656931617,-71.50836622398714,9.288604856670641,-0.21368249531483452,3.071311750953819
1478633663023,214.44676069425574,178.74625096171724,-71.58185714714851,9.32616345568128,-0.17866729888916014,3.000981997271627
1478633663057,214.44437883653023,178.76229095161972,-71.5946329129147,9.278130271214875,-0.22071546326236566,3.0487166211998553
1478633663094,214.44534300210069,178.80526581772173,-71.59555213264889,9.312247412547483,-0.2528875457874266,3.0259717099949484
1478633663128,214.4252388057477,178.8308062058609,-71.6259182902311,9.424026775050443,-0.44113165588378905,2.5231892015319315
1478633663162,214.39652892056475,178.90785848737792,-71.60788531496458,9.442132596311811,-0.08693945691757834,3.054402790777222
1478633663196,214.4081762324999,178.96015479369544,-71.4621479617251,9.211092437500833,0.014065934753417967,4.085854697595164
1478633663231,214.41155467465026,179.05200686511722,-71.000640758734,9.453056232717818,-0.788440515943896,3.8193500522337853
1478633663265,214.28559904272285,179.35549845616677,-68.67890304859456,13.210456572723388,-0.18599954147338865,4.061164492974803
1478633663298,214.30038699616426,179.42095429040555,-67.76074305568034,11.758822178649902,-0.969502062158985,4.074781441851705
1478633663332,214.26104322237916,179.4441691694177,-67.09889221407249,11.263820985412597,-0.5027823668991215,4.180275989034958
1478633663365,214.1776014284159,179.51193172233235,-66.2434107899204,11.620557032775878,-0.3929483292068355,5.088426715850829
1478633663399,214.0135063504187,179.44415517111446,-64.30736187048822,11.827954751586914,-0.14604630126953125,5.159654288305714
1478633663432,213.91495134392306,179.3545674799374,-63.01759624054847,10.785728987530618,-0.1919850456237793,6.431274571990967
1478633663465,213.84073819652994,179.2867983308221,-61.507681367754245,11.032032191058248,-0.3510498184204101,6.15579188959971
1478633663498,213.7847792234737,179.2189572634944,-60.144803827827616,10.603619585363566,-0.05416881256103515,6.349273311261087
1478633663532,213.6261762203009,179.1164456291899,-58.45995905786782,9.806799345342814,-0.10190320359382313,6.74461600652486
1478633663565,213.59764154610755,179.07726800409938,-57.863975874598566,9.584438158416747,-0.17507598954905987,6.8550485580995675
1478633663598,213.57689088085797,178.9994982193007,-56.738392471317205,9.028983446325734,-0.1470937576459837,6.531082634503021
1478633663632,213.45643420893416,178.8891680684184,-55.115066110553556,7.95234060414643,-0.16759412534409202,6.350021353149414
1478633663665,213.39336435717334,178.84631062876613,-54.067521451255566,7.350049459075927,-0.10339957506484351,6.137535955810547
1478633663698,213.35581749038775,178.81817373996728,-53.190390631930434,7.271190405361913,-0.13302782974243163,5.772120982228126
1478633663732,213.2951898761165,178.7900501754955,-52.461940888489494,6.370372067260742,-0.016160861206054686,5.5882163489410654
1478633663766,213.20801390097776,178.7200324515975,-51.34915621264707,6.624456718444824,-0.06434416961669921,4.885817254229635
1478633663800,213.10306647373693,178.63157294268552,-50.07177241025385,5.765686656598001,-0.20006546937694072,3.931578547314554
1478633663834,213.01285198752043,178.55565744585203,-49.15362295256093,4.7337858872011305,-0.12644377517700195,3.368941011047363
1478633663869,212.96270482598115,178.53182295658362,-48.67012962234151,4.709244735662639,-0.21502924116936045,3.2556656372621653
1478633663900,212.85995221393097,178.47982120958324,-47.67727122514136,4.436455968530476,-0.1836053398132324,3.0602386344909664
1478633663935,212.72451740979966,178.404348043845,-46.07977906112317,4.330661890411377,-0.15771804349594748,2.8898014038085935
1478633663967,212.6095683924696,178.35488705284305,-44.991587939121644,4.132541703033447,-0.10085574493408203,2.824409478704631
1478633664001,212.49284841439615,178.3053926233325,-43.906869567761824,4.125059822845459,-0.09771335525512695,2.8293475196287035
1478633664036,212.3637682701747,178.29117022634242,-42.821466667037896,4.502894626208395,-0.14963759462661108,3.3821091201782223
1478633664069,212.1050339368151,178.33710304521398,-41.18538421601799,4.386177295275777,-0.4127005203025881,7.669675581636186
1478633664103,211.93682404663048,178.43812983530438,-39.84890484810884,4.963778738049418,-1.0896610488449223,10.72587379989624
1478633664136,211.91187875072438,178.44903506003268,-39.49853570551451,6.703914066845551,-1.099387456556689,10.633697035980225
1478633664169,211.82711046274443,178.41552970599847,-38.55025348454044,7.583184845733642,-0.847846662902832,9.437793306732177
1478633664203,211.77491704036424,178.38633143776346,-37.89447602166052,7.203404315130412,-0.6177040283203125,8.544755941363423
1478633664237,211.62706977589406,178.34889205398275,-37.31851173534074,6.604704700879007,-0.4997895965576172,7.772176997718331
1478633664270,211.4857314053429,178.23850695435115,-37.010124537619134,5.833771770875272,-0.3924994437950197,6.847117326708883
1478633664304,211.10137848215012,178.03719328337408,-36.942722483760086,4.826561055401712,-0.16265607528686524,5.806986489105224
1478633664338,211.04498156675567,178.02602504226945,-36.95437898283275,4.5730745162412525,-0.10878653793334961,6.14965674784556
1478633664371,210.98144415133189,178.07007511988724,-36.68952128417279,5.126285102667286,-0.18315643613510765,5.6603413451597095
1478633664405,210.7648683723131,177.9846960336982,-36.8630901679909,4.436455968530476,-0.22355858915024435,4.946420629882812
1478633664439,210.64290540821145,177.88829049189135,-37.129395514531396,4.1454103908263145,-0.13931262736665084,4.884321024322509
1478633664473,210.18273928772737,177.48484001575412,-38.21080377997728,2.574215697479248,-0.24031799163818357,3.1866824096679687
1478633664507,210.029860733839,177.35699745608258,-38.741053223920325,2.294093810980022,-0.39145197143554683,3.577984743499756
1478633664544,210.0687898094349,177.4547401163627,-39.46159409712932,3.7822399265013633,-0.45609541854305424,4.731541030883789
1478633664578,210.17058766054538,177.6311826847286,-40.062219030485366,5.6911667645994575,-0.47061025469130835,6.122721686907857
1478633664612,210.1894418158604,177.6736465752927,-40.622721211978316,5.424961832837015,-0.29029693302763626,6.434417034735158
1478633664646,210.22956747201292,177.730772558767,-40.87983642318949,5.777358243560791,-0.42721537243386265,6.833350594097748
1478633664680,210.41249682129572,177.88505783193298,-41.44037051280481,6.968623462820611,-0.35883098865729407,7.9777789145872
1478633664714,210.46595553097794,177.87784907834984,-42.22128960573726,7.311143462902679,-0.2814683326721191,8.102277620111034
1478633664748,210.49430033992152,177.87449894343172,-42.68737551383294,6.977751027856394,-0.19991583862304688,7.8091377735413605
1478633664782,210.60597120551972,177.89088826531673,-43.198038666683594,7.638850034332275,-0.1936310592651367,8.132654272869974
1478633664818,210.61008907356353,177.83643857335588,-43.486286521779405,7.83307986320816,-0.3485059768732055,8.114548049749805
1478633664851,210.62656704620315,177.7880176232946,-43.674280669923235,7.569717607525735,-0.3664624973158876,7.996483907318114
1478633664883,210.63211456569906,177.7658755589127,-43.703849528849396,7.634959383569285,-0.31379005051765124,8.033145193304494
1478633664917,210.63049739037342,177.68098577769283,-43.6973892620378,7.721599410015717,-0.15861585998535155,7.980173408508301
1478633664951,210.63728738539214,177.78275544861182,-43.56959004368013,7.4622778810914605,-0.16744447860717773,7.838466597747802
1478633664984,210.6231711744355,177.76273375328105,-43.49481503757022,7.621342580822855,-0.22415714869843795,7.663390491751022
1478633665017,210.59420396352382,177.75031016902201,-43.44122074287131,7.138461923892237,-0.2516904312576167,7.523030638620071
1478633665052,210.61377505595604,177.7349903718812,-43.253610469647484,7.136965365191549,-0.23852233125991187,7.320870162875391
1478633665085,212.14833613865216,177.41862181608613,-40.452261430593104,27.27983240650594,1.8938135497162119,-20.176387471991777
1478633665118,210.79442211910552,177.20826015690815,-41.02842746459982,1.3633482078552246,-2.6737247405121103,0.6168062026977539
1478633665152,211.05027342327932,177.17180009929015,-40.71985902645252,0.24435820693969726,-0.4406827522056643,3.0111575004577635
1478633665185,211.37182016303444,177.19922910929742,-39.79309316778476,30.794669496697185,-6.34029468970932,29.066804670605062
1478633665218,211.345896565846,176.9140862411959,-40.03369584046492,-1.3462895210266113,2.466177201434225,-0.7812579292297362
1478633665252,211.27127304489736,177.13729918569726,-40.126300663827465,3.841047650909424,-0.8438064476013183,5.095010770416259
1478633665285,211.3631765191519,177.08368154822895,-40.2543915609913,9.265710354669391,-1.780089007391408,11.998242636926472
1478633665319,211.4752043158,177.09489099055992,-40.47180922013625,2.6815058593749996,-0.07242460021972656,4.010137850897014
1478633665353,211.63552489750583,177.12920936702452,-40.817682480821794,4.999242704010009,-0.7996633544921875,5.914875055285543
1478633665387,211.73388773690382,177.16984286225855,-41.12939908325042,7.0250365106444805,-0.6142623451675288,8.075941767175495
