sep=,
timestamp,gyro-alpha,gyro-beta,gyro-gamma,accel-x,accel-y,accel-z
1478633678866,24.271352080191562,-2.1231995770470697,-5.763231844254876,-0.6600514701843261,0.35284547765703755,-9.771036044809199
1478633678899,24.25575493649735,-2.1424107772473833,-5.624454437035449,-0.6956652198791503,0.4402338119949214,-9.760112765737862
1478633678932,24.24577318277597,-2.1681303160183187,-5.632034559723131,-0.8080430968353525,0.45998597569121047,-9.74619669805871
1478633678965,24.235802961689473,-2.2018921453028724,-5.698092815344685,-0.9530418777963495,0.47794249727553684,-9.756371528245523
1478633678999,24.22529083685678,-2.2434077869953604,-5.786057707702807,-0.9938929578933194,0.5086182060462888,-9.753378908030246
1478633679032,24.218725708971238,-2.2854700792071645,-5.850497103063868,-0.9436146973430412,0.49245736310654314,-9.749937515568647
1478633679066,24.220882140389584,-2.3080354156866103,-5.920163840468732,-1.0362404197361086,0.46417584229621567,-9.750236473827162
1478633679099,24.221589929354348,-2.3172397793631085,-5.989763104753354,-1.0158897061956027,0.4094084747535642,-9.74933852833195
1478633679132,24.22474305069729,-2.311599957818693,-6.039347157050534,-0.9989806586832157,0.35718496930771504,-9.737966515687491
1478633679166,24.22697590198375,-2.274935344158251,-6.089136751260338,-0.9829693871318594,0.2983774001632817,-9.736320373040327
1478633679200,24.229804573918756,-2.2499157280590962,-6.132349442658127,-1.039682097751493,0.3103483901977539,-9.731382534187299
1478633679232,24.227950745340156,-2.2226862675670005,-6.182471126835674,-1.0830769440471426,0.3362357002147706,-9.733926186221547
1478633679266,24.224660900712106,-2.2043500680801085,-6.201027594995832,-1.040879183169373,0.31588496783713343,-9.711330586110124
1478633679299,24.22235092210719,-2.201324309993795,-6.2079387053492505,-1.0579378490202718,0.35688568725032965,-9.756970463965517
1478633679333,24.21363865808773,-2.197630801269505,-6.207693856163953,-1.0375871262039058,0.37169979603740355,-9.776273708000662
1478633679366,24.197899375393536,-2.2135460385045085,-6.213718893781007,-1.046565423528687,0.4209305702430661,-9.73826576948918
1478633679399,24.195630339210222,-2.2146740906471267,-6.207472917314095,-1.039532437885669,0.42108020328024864,-9.735273002287197
1478633679433,24.1835857325418,-2.224495330244032,-6.197337426387652,-1.088763239205384,0.3778349440705977,-9.760411721284973
1478633679467,24.183282789853273,-2.2328817883615275,-6.175667964357122,-1.1275193169303703,0.39474401013470484,-9.740061397045178
1478633679500,24.185146164562592,-2.253276075123918,-6.119655508647626,-1.1074678917262935,0.3799298622463131,-9.735272575312223
1478633679534,24.18970189316347,-2.2793887414016383,-6.058070701401045,-1.0562918632064946,0.4103063209257205,-9.728090187244176
1478633679568,24.2037517105183,-2.2929594233796147,-5.961792725136181,-1.0221744724246031,0.35523967817554947,-9.733926217045942
1478633679600,24.21140554864391,-2.3024829732605316,-5.903313843894714,-0.9304466475776861,0.37529112507086826,-9.735123180878704
1478633679635,24.224482564209552,-2.338171133500775,-5.753926406676197,-1.0108019882810417,0.41494505810116533,-9.714174075040896
1478633679669,24.24530092086764,-2.409627325032649,-5.51687752210894,-0.8623614922012202,0.43005846293076755,-9.769540115154529
1478633679701,24.251523813705624,-2.4837725436053053,-5.386472258190699,-0.8798690918411127,0.5175964714050293,-9.795426923989691
1478633679734,24.27414516968808,-2.5606801948362534,-5.221267292641489,-0.5104138298919424,0.6045359374557622,-9.749787717991977
1478633679768,24.24579279590896,-2.6068113096819037,-5.223465687404418,-1.0848726089919916,0.39848493881225583,-9.458892190595995
1478633679801,24.2544882281492,-2.682046535510361,-5.133887906114627,-0.6296750548874027,-0.13347674255371092,-10.426299390234425
1478633679834,24.24091457574416,-2.6951592652818466,-5.126015031081939,-0.6449381087372079,0.1590647545303218,-9.99863484469438
1478633679867,24.23140640219717,-2.761768549205691,-5.137480885365717,-1.009006334752636,0.3818751739280764,-10.75101313652359
1478633679901,24.21687274394062,-2.8082801178141876,-4.9728332465243215,-0.9603741226638667,0.5496189231761963,-11.926865499933063
1478633679934,24.173836155540425,-2.8757097177134012,-4.345095988217837,-0.34356797476504,1.096843635559082,-12.492495642144977
1478633679968,24.15208361454196,-2.9084873822256805,-3.9005811115882647,-0.9669582137619145,1.3609540061950682,-12.860005596978962
1478633680002,24.162559445639076,-3.0061530241195724,-3.1503892848447923,-1.991377267367579,0.6407482192993164,-12.3862526512146
1478633680035,24.16867675880433,-3.0801085115302684,-2.3328766217373795,-1.244386349398829,0.43409868850708005,-12.729671244104205
1478633680069,24.172845526042913,-3.1324023593169574,-1.3113700639478316,-1.2262801628112792,0.7339724464416504,-12.365303386688232
1478633680102,24.198718405465065,-3.2089706340991255,0.4079043816194261,0.03172316971378168,0.9503484214782715,-12.456582324981689
1478633680136,24.219260586881415,-3.278696588886828,1.4352313000838568,0.8066963036025874,0.838269856262207,-11.983727204839884
1478633680175,24.23772253978626,-3.3606842378489112,2.519234704325215,0.3193266464233398,0.8051999275649897,-11.84261923675537
1478633680209,24.273105185082876,-3.428265179306579,3.6893489744350574,0.9849147079467773,0.7092822418212891,-11.513416216222941
1478633680242,24.28225346716159,-3.50566650073184,5.0214449800916405,1.5716437522888183,0.6370072792053222,-11.1435120597288
1478633680277,24.303331527381463,-3.5732885243476065,6.103781290700384,1.03070382383042,0.8818143806899897,-10.44470474243164
1478633680311,24.32562767306723,-3.643458159565542,6.864436612491456,2.274192301940918,0.6061819271225889,-10.262296247720158
1478633680345,24.343058386274723,-3.7497970235457685,7.9133235772067945,1.9182044791290536,0.5479729049682617,-9.149441571221873
1478633680379,24.3561079484438,-3.838436348203507,8.622900673097261,1.6651672546386718,0.7809586448890622,-9.140463497659377
1478633680413,24.363868686283602,-3.9483090537433756,9.39607364284887,1.4591162377288565,0.7820060898490715,-8.84373216593638
1478633680448,24.354920513147448,-3.9661522623708536,9.610904518206327,1.2023381462097167,0.815225647016894,-8.331522648266702
1478633680481,24.35254232294483,-4.008266214671843,10.55391800291004,1.0497077903747558,0.8399158699035644,-7.534552478381246
1478633680514,24.375452053902983,-4.011151710279949,11.585470075677481,0.9265560424804687,0.7722796730041503,-6.636128159277141
1478633680548,24.39289434850721,-3.978447730152002,12.356060080200109,0.9368809640746563,0.6856395249725988,-5.982661035919189
1478633680581,24.40987772176927,-3.9299540163531206,13.203231393092373,0.7748235122680663,0.6061819647968514,-5.393537789916992
1478633680615,24.457265607793435,-3.838977502899544,14.512154942598531,0.5406405162535608,0.5955576675304444,-5.3664533836364745
1478633680648,24.488040091891452,-3.766158144479226,15.43494913916884,0.6232406196594238,0.6473322638753582,-5.845443645532429
1478633680682,24.512216470068996,-3.689387060619588,16.41977742575888,1.0690110412597655,0.631321034208078,-6.657825904083252
1478633680716,24.51354079583239,-3.6068076162312575,17.41833572315057,2.151040627111867,0.4127004746368155,-7.523628933306783
1478633680749,24.50432010556386,-3.532577433843696,18.465527881984553,3.9833530120849607,0.239420166015625,-8.572289333520457
1478633680783,24.585931825499355,-3.408564013058324,20.05048218701945,5.130923795318603,0.04803367080688476,-10.130914468151703
1478633680820,24.690920710283116,-3.2932294124194543,21.014516866547552,4.688894386877492,-0.017956512451171875,-10.75235980189219
1478633680854,24.79971792267436,-3.0851403854430544,22.475540691278535,3.9474400419815443,0.06928221054077148,-9.892541984558106
1478633680887,24.852535706053487,-2.9641582795890544,23.321564845526332,3.5218706055572255,0.13602058181762694,-8.901342570318654
1478633680921,24.900092533983237,-2.8659212677516344,24.005294269610516,3.6894647035018537,0.16071078643798828,-8.380304324429295
1478633680954,25.00773071443569,-2.7462621835976395,24.208295831739225,3.592649338266067,0.14380173721313474,-7.81527254996933
1478633680988,25.167515437877817,-2.6330258645150604,24.054120919708808,3.501968913855031,0.1714846939086914,-7.584232601220905
1478633681022,25.387951176190082,-2.480257026571368,23.426801278086295,3.6439749632904306,0.165349552154541,-7.2072953312195835
1478633681056,25.415662092675703,-2.373654576030226,22.472152552777317,3.066373776245117,0.06359598159790039,-6.2864253715515135
1478633681090,25.366088740603917,-2.223064478247915,20.923772307738446,0.8761281700134277,0.006284779357910156,-3.807528827667236
1478633681124,25.38534640997916,-2.154775822914153,20.717591383703045,1.9505263111390172,-0.08828618621826172,-2.913743420410156
1478633681159,25.454042815014265,-2.165378158669116,20.27363954336527,1.9020434352599083,0.022296002960205077,-4.1666590766906735
1478633681193,25.509849605104744,-2.2068609401558157,19.95143303005498,2.187252781091258,0.2593219581825193,-6.6868558914735905
1478633681227,25.533538467986613,-2.183496815120678,19.673668898864623,2.6557682645935565,0.42826282652702646,-7.637503442028909
1478633681261,25.581290250757572,-2.1684394846681316,19.312017216639724,2.7139771097930145,0.32815526961174324,-8.487594522857666
1478633681296,25.608804727353785,-2.136505155726581,19.082382614062617,3.215263170294842,0.45444938435209914,-9.660753117138519
1478633681329,25.647973353028675,-2.082407062645451,18.84147091651599,3.3393126924376935,0.5728127471923827,-10.292074678857624
1478633681364,25.685663958751412,-2.0100102645167826,18.60900257090223,3.5166333259582516,0.5012859908615239,-10.648511012621968
1478633681398,25.77290943112615,-1.8874296358935048,18.34752443126437,3.646967715365626,0.383820439944067,-10.879252489880471
1478633681432,25.82631956946821,-1.83707869909003,18.283289409721686,3.584868000207469,0.3666121383445803,-10.861594960375875
1478633681465,25.874928263276157,-1.8107274302735643,18.25081719176598,3.792265865148976,0.3155856920587917,-10.844685911151021
1478633681498,25.935987676631257,-1.780069536141245,18.217091846661546,3.612102080624364,0.31349077473930953,-10.445901843261717
1478633681532,25.995780379931045,-1.8019473190546293,18.27111776206619,3.620332185363769,0.3149871456395078,-10.295665908282622
1478633681566,26.09039481999468,-1.884248808151317,18.326579945003875,3.93112934224233,0.3660135787963867,-10.497975510174408
1478633681599,26.158362539432222,-1.9594873292597148,18.335379836372788,3.953425491333008,0.4964975510085933,-10.474931538391113
1478633681632,26.28140856506377,-2.19795555355923,18.459949607348968,3.6975451158385724,0.6416460631881841,-10.115801289367676
1478633681665,26.360252027710853,-2.3287391264045882,18.482239688390855,3.609259112283401,0.6753144875015131,-9.936086381121724
1478633681699,26.44301631967864,-2.561473710200993,18.571262239174935,3.56017794171758,0.7070376960312016,-9.861866166189499
1478633681731,26.531999651646544,-2.7953986714287473,18.661652297803897,3.336469632765185,0.6955155640090815,-9.554510820327884
1478633681765,26.615660040489484,-3.019051806214278,18.676386391776386,3.148524859525135,0.6462847923721187,-9.305064971392973
1478633681798,26.706875223891092,-3.2254684316496385,18.73852883581427,2.933495584106445,0.6988076004249509,-9.308656127752736
1478633681832,26.744442939694718,-3.3318804237675557,17.1245162485207,22.601263964135942,11.466130806500091,-46.42775945881307
1478633681866,26.80639792494035,-2.9801695464101767,16.390654517837167,-0.45295302658081055,-0.5678747428009286,2.0455454588741064
1478633681899,26.77458884005953,-2.9960008918911765,16.474550450565886,-0.11656769332885741,0.41165305707626976,-4.345625650787353
1478633681934,26.87219956190156,-3.465622662887541,16.294951815664103,10.348188195745646,0.0076315177917480465,-22.290466953387856
1478633681965,26.901089908848032,-3.088367695859941,16.203528483860254,1.8911199632506817,-0.18824410552978516,-5.484068247930705
1478633681999,26.90519337094274,-3.109216314503448,15.5485065644122,1.4791678592957556,0.38950669171982444,-4.037521824645996
1478633682033,26.922449473148326,-3.1194514943991143,15.210164854908417,3.3261445833068337,0.8716390419006347,-11.975796704101562
1478633682067,26.961584663752568,-3.1394388637461437,15.19941499533354,1.610399745532125,-0.7357681342193857,-6.5583168975830075
1478633682101,26.963172565875094,-3.1474268522275275,15.189711230826427,2.6903343957984354,-0.23478143683169037,-11.608735954339801
1478633682134,26.973074881194783,-3.109186576672715,15.396108083746386,2.243516593170166,0.2448071380172856,-8.630498215252533
1478633682169,27.002054412602494,-3.1381802826917755,15.67462815942726,2.6300306686704684,0.6265326652084476,-10.625167765631154
1478633682203,27.028194811928078,-3.138473091672378,16.085760902537515,2.3540987458160147,0.6991068664993159,-9.621847705487161
1478633682235,27.03520644545189,-3.110157836877025,16.488569279693817,2.3439233522277325,0.49679683534926733,-9.28830555977188
1478633682269,27.026489749626684,-3.1384045868845623,16.865872259439115,2.564040322157275,0.6046855613597901,-9.532513800314254
