sep=,
timestamp,gyro-alpha,gyro-beta,gyro-gamma,accel-x,accel-y,accel-z
1478633729035,24.527484561606688,-2.4611052357648586,11.275039015128387,1.8261773528167977,0.44173021771527127,-9.644742137848109
1478633729070,24.518805027345763,-2.481819601767129,11.22948023755109,1.8857330300649278,0.4997895965576172,-9.626037349471526
1478633729103,24.51228096969059,-2.5054103065893076,11.186122513684898,1.8071733771393075,0.46941317212753925,-9.592069889695983
1478633729137,24.507660955410042,-2.5089155998841415,11.192503902682763,1.9128174683114862,0.42960957641298386,-9.619902074715812
1478633729170,24.50681359307067,-2.50170372124629,11.196759945692316,1.8822913765948963,0.3984849525119876,-9.622446010448673
1478633729204,24.50124303354373,-2.486465950983423,11.242687383823377,1.98599030906565,0.37319618377685543,-9.630526291496295
1478633729238,24.500535045526075,-2.4674034468618977,11.278497438629103,1.9710265760891372,0.3859153778131469,-9.586233608732465
1478633729271,24.50286110950836,-2.459523670804527,11.31367068575049,1.9548656144183827,0.40372226293535785,-9.595810594611248
1478633729305,24.506862541845233,-2.4643946212110444,11.355495811422918,2.0473417129074223,0.43379943042422525,-9.653271364814694
1478633729339,24.512352903048406,-2.463916502361347,11.386187413133793,1.9964649687282974,0.43424834209386026,-9.594613617078755
1478633729373,24.522245141615294,-2.4653890371763665,11.422024315300895,1.9981109412704594,0.41210195618781725,-9.64489193756536
1478633729407,24.52726654598594,-2.457613185897816,11.42726168083586,1.9529204226092725,0.3887584854347165,-9.587879800470336
1478633729441,24.536204461092577,-2.4565119624864793,11.431243177686865,1.9478326424750965,0.3957914733610232,-9.592668356770986
1478633729475,24.54091217113931,-2.456274709630365,11.43641928366116,1.9518729742243304,0.42422260180694715,-9.626785883408552
1478633729508,24.543823054561326,-2.4606484893978617,11.455832037817155,1.9963153037250738,0.4167407341770464,-9.599402117153424
1478633729542,24.544525537510104,-2.4733427866262105,11.470625102056472,1.9901801437046145,0.44038344959868114,-9.617508197853464
1478633729576,24.544727977276718,-2.482669414766065,11.481278383799765,1.9945196342136478,0.4345476138764468,-9.612869300847814
1478633729610,24.539530435371653,-2.493175609825836,11.489359692920596,1.9921254645195323,0.4243722568207828,-9.619752400008611
1478633729644,24.534624095622203,-2.499044990493908,11.487647387201296,1.9988591840881853,0.38786066437873523,-9.612719772841908
1478633729678,24.52858144853343,-2.513347836389933,11.469013941106079,1.939303361280405,0.41090485992431636,-9.614215998182457
1478633729715,24.527448573678022,-2.523915169283536,11.46338665114232,1.9310732080211164,0.43813890323777155,-9.601047900253983
1478633729748,24.52653360946256,-2.549744097320001,11.45023006710929,1.956810882717662,0.4254197040640807,-9.616609990921702
1478633729782,24.53058451427664,-2.5731941511614034,11.455707869728627,1.9096751516977672,0.44801499478989276,-9.630825530171196
1478633729815,24.53512104308454,-2.6020566313872298,11.47464442036733,1.9322703271175035,0.43200376319608763,-9.630526257246965
1478633729849,24.5345623294865,-2.682603791533014,11.538919749518735,2.017863091267017,0.3051110740661621,-9.767594859413336
1478633729883,24.493368108974153,-2.7206521140111306,11.567037636050737,2.003198628931446,0.5964554794532713,-10.258555636419727
1478633729915,24.499661732271637,-2.7735773718605032,11.658340271708612,2.094028553948924,0.3097498215164058,-9.54313821631167
1478633729949,24.493490539207937,-2.8319997535863473,11.602006555256319,2.231246327928174,0.3413233833091799,-9.968108974456786
1478633729982,24.482971791110295,-2.892015714272629,11.548686308479834,2.221220645008888,0.41464580915146504,-10.027365246349945
1478633730015,24.468495889251738,-2.9114772987677995,11.593112730222117,2.368464028842188,0.661398208618164,-11.07782159006968
1478633730049,24.465162262423753,-2.9063228477513934,12.180671540420054,2.3687632675170898,1.3853449356079102,-12.021286535644531
1478633730082,24.44564540347475,-2.9404291166282714,12.53798628459267,2.3086089142730457,0.8462006492614745,-12.252326995849609
1478633730116,24.380429613134503,-3.042938405477471,14.038981440703246,3.161543292236328,0.7103297233139164,-13.179780863952637
1478633730150,24.449149722935275,-3.0636127961661863,15.322959092061804,2.8917466926574704,0.6561608833534177,-12.409146912328898
1478633730185,24.489587345636643,-3.079046305340582,16.209104212052946,2.9023708529265595,0.6239888168113772,-12.279411109869182
1478633730219,24.524489704059985,-3.091118643563368,17.224319750180126,3.256563170623779,0.9398737892150878,-12.397625401361285
1478633730251,24.548085278031177,-3.1016194503970045,18.550215581669313,3.648763439675979,0.7531260597229004,-12.076802378900348
1478633730285,24.59072663704327,-3.100470625186697,19.720253393995833,3.9974189468383785,0.9917980377197265,-12.179453482818603
1478633730318,24.619706810093213,-3.07427669808686,20.765386522543288,3.9848494611877947,1.0957961723327636,-11.07662434310913
1478633730351,24.647556396539287,-3.0775029463175425,21.859550561105,4.756081524835154,0.8313865082229487,-11.445780165454
1478633730385,24.68471883490747,-3.0638355931749897,22.79136382962252,4.728398568139598,1.0850222648620604,-10.90274530140981
1478633730418,24.727023070515354,-3.0178424196053335,24.069736460024565,4.5997104481019075,0.8155249404907227,-9.816825503186136
1478633730452,24.74475529899987,-3.0035561426374104,24.75654546342677,4.590432734005712,0.7350199096679687,-9.301024719558843
1478633730485,24.770665994534777,-3.011212746866523,25.368773929532253,4.3550528928894545,0.7050924071823247,-8.80422762391467
1478633730518,24.791130586259413,-3.026315268113977,26.04538403407169,3.8893806699890643,0.6811503723144531,-7.951891901397705
1478633730552,24.806243047096462,-3.0205649305308513,26.406553995162312,3.4885013833861795,0.5924152824180666,-7.390301682226359
1478633730585,24.817939791585136,-2.969121698356227,26.73191828117597,2.6393079089842737,0.3838204536437988,-5.811924237768352
1478633730618,24.82787693455861,-2.936905630317925,27.035717471075493,2.042702782794088,0.2281973639999516,-4.388571643066406
1478633730652,24.838910165517508,-2.927113119803573,27.308065104067378,1.5830162101745604,0.2780266677856445,-3.6557962974548337
1478633730686,24.850542979150976,-2.925054024332081,27.69147736009546,1.258452247619629,0.25677810978544874,-2.986616933441162
1478633730719,24.83792689320641,-2.944681016204056,27.954487108422118,1.4022539848327635,0.3321954803466797,-2.9631238296508786
1478633730752,24.817955399819386,-2.9948428859091645,28.32739162017594,2.3258171291075644,0.3956418334739748,-3.422511273193359
1478633730786,24.82172613699752,-3.059812991447871,28.907254939930983,4.5385083941695274,0.42960955126113254,-5.762693466131389
1478633730819,24.876109088561655,-3.074182903485899,29.270483966158476,5.382165441629104,0.47435119935187975,-7.807341756970063
1478633730852,24.955628715883485,-3.1088844163627876,29.80394148669161,6.094141050720214,0.5442319660159118,-10.39203215977773
1478633730886,25.03135940058139,-3.0547660404724724,30.515191245932336,6.082469171496481,0.31812956385957075,-10.956465639550983
1478633730920,25.085285876788923,-2.9914225482955783,31.343651666023955,6.089502431134134,0.07377133865356444,-10.265738314465432
1478633730954,25.16005696895735,-2.926546656229076,32.22780504029316,5.934028741632029,-0.09038111267089843,-8.653991757434234
1478633730988,25.27461772293701,-2.902272580520377,33.080180744185625,5.2652984365601085,-0.058957215881347655,-8.024615722026024
1478633731022,25.482366241547627,-2.853926335374901,33.8307269991689,4.235043388543651,-0.01750759963989258,-6.45790977319926
1478633731055,25.685163658404928,-2.855028888703195,32.11888481222883,3.373131010083109,0.29658173065185545,-5.357175852203369
1478633731089,26.05736466576847,-2.7141908366917384,30.085644809378024,4.216188977404683,0.581641384080518,-3.5788822768613695
1478633731123,26.098480975584614,-2.7725342465479956,29.654939560642273,1.253963119506836,0.12389993591308593,-2.7219080123901365
1478633731157,26.188434428930673,-2.8384019215180762,29.82519737895653,2.5336640529908236,0.022296002960205077,-3.1994016059875485
1478633731190,26.29807872020358,-2.953513782771642,29.990885061543477,2.8827682903014122,0.27892447514189406,-4.506785350036621
1478633731224,26.407413430299204,-3.054563525293542,30.07958480404035,3.5751417751587926,0.5511152900806395,-6.553678131866454
1478633731258,26.490919823752733,-3.0737096042427745,30.166963428279654,4.091540853472798,0.48018707503166513,-7.020248472650349
1478633731292,26.590626238931407,-3.107867151627261,30.162932839092562,4.549581485516205,0.6670844375610351,-7.90595290131513
1478633731326,26.724353157589174,-3.1218292118970767,30.079977086246807,5.3401170557769015,0.7127239067077636,-9.384971086474508
1478633731360,26.790811542691568,-3.049173395138878,29.95594758728921,5.490802232360839,0.6156091110008303,-9.348010525280609
1478633731394,26.90854550342099,-2.9391960562098114,29.565636010070367,5.423166145059279,0.683095642897021,-9.077615375286713
1478633731429,26.94457212612211,-2.893104828995433,29.400089410093553,5.450998775891215,0.5933131080406252,-9.007136429242044
1478633731463,27.05045731754964,-2.7910517737158855,28.754029249636005,5.415684155273437,0.49649757155819096,-9.203161690167336
1478633731497,27.119237949911,-2.6957369843444687,28.25061316455949,5.330540285668894,0.4088099289051024,-9.05277597145401
1478633731531,27.224864960383247,-2.513356207044887,27.653214675069382,4.7129860958817416,0.3155856971961912,-8.324789065695366
1478633731565,27.319592340094516,-2.397642346069415,26.831197024634697,4.036623925958201,0.3259107009887695,-7.744344691113382
1478633731598,27.349914920262087,-2.3655215662769957,26.563258820493907,4.002656336035207,0.26859951701508833,-7.6626422671996055
1478633731631,27.440577716079297,-2.324701568872821,25.808621785438568,3.691709249291941,0.6124667304550298,-7.978527321801707
1478633731665,27.49298584350475,-2.3484590445158915,25.2521704829986,3.5660138082642105,0.6549637916564941,-8.192659098108113
1478633731699,27.27668635381507,-3.6674950869733203,24.51101898457151,53.40296701273173,18.018312854589894,-68.55781490097046
1478633731732,27.32857921119007,-2.7203413708902424,23.577154911044644,-1.851465779058635,-3.5411737468443807,14.658948577117918
1478633731765,26.56144686426476,-2.2222406940554658,24.53653226809123,3.4905963098388164,5.878363735696487,1.9565116691589355
1478633731798,26.563069946828676,-1.6651560517539277,23.87875518148984,0.618601853942871,-0.09427167210234329,-3.5607764190673827
1478633731832,26.727672765622913,-2.44960864147665,23.00000832535908,-2.639307762853801,-3.7292682513030244,3.2942724312931295
1478633731865,26.72787165486072,-2.6155973489539055,22.468673045143042,5.7721210735596715,1.1420341918945311,-12.34944209295064
1478633731898,26.631357715762274,-2.436051301897515,22.03266560898649,2.733729383087158,-1.2949638594696298,-5.571606830652057
1478633731931,26.726498120601388,-2.6293153455543345,21.769429613508088,2.5858874305725097,-0.06569090805053711,-8.699032201241888
1478633731965,26.639394535612286,-2.3695713619268477,21.403495639887154,3.988889676489308,-0.48332942361142484,-7.673865379742533
1478633731998,26.590130483770253,-2.495865262106058,20.697687908592737,6.6976295066833496,1.3117232710907234,-16.28850208206177
1478633732032,26.588616636272878,-2.346489886771908,20.39994415303688,1.2627915919981896,-0.4278139091491699,-5.347898613031208
1478633732065,26.523473257802138,-2.3917514203947214,20.212079778930597,4.359093108190969,0.6718728591476567,-12.189479202270507
1478633732098,26.47393420694063,-2.4440673168902274,19.98227270850913,3.3349733731753073,0.19647417373657225,-9.861267871502786
1478633732132,26.471030737963883,-2.459876949949584,19.849073706653144,1.9381062438964842,0.4682160484645748,-8.557325500079244
