sep=,
timestamp,gyro-alpha,gyro-beta,gyro-gamma,accel-x,accel-y,accel-z
1478633103946,35.81876265714346,2.168562001208404,-0.1103331580971288,-0.06808511199398198,-0.35733458179529987,-9.83044263472613
1478633103980,35.81690126968693,2.145894527798039,-0.10240657709392431,-0.12554595183773198,-0.3350386039512697,-9.795726621605606
1478633104013,35.813502665013544,2.0917489095530755,-0.08324134934275808,-0.1812111415780091,-0.30945054630888624,-9.846752886940772
1478633104046,35.808966716462166,2.0345885437368234,-0.07972336571488875,-0.2644096447018615,-0.30301614761352536,-9.857676409182348
1478633104080,35.77724033805864,1.9865665506700778,0.015649306977332644,-1.2482769553522797,-0.46297876429902385,-10.084826323655713
1478633104113,35.77978786931612,1.9035839407864363,-0.30123607724620827,0.40521864924775436,-0.6581061813354492,-11.702858007104695
1478633104146,35.77212400733781,1.7912594008156726,-0.4726934718900248,-0.45833997118300757,-0.5479729049682617,-10.870723000335692
1478633104180,35.71315881995698,1.6071804258946532,-0.2635277942405485,0.5237315994594479,-0.526125814819336,-13.184120646722613
1478633104213,35.68856534000153,1.5021639134003177,-0.21520427620023794,0.32202012557430426,-0.4370914405822754,-13.303531162261962
1478633104247,35.65612323275846,1.3669525260451059,-0.24642390201140912,0.3429693786842283,-0.35224691925048823,-13.050792957250772
1478633104280,35.6195870318665,1.154290157658136,-0.4313039660448674,0.15876549758911132,-0.2916436988609377,-12.445359504699706
1478633104314,35.60677883152412,0.9801014980159067,-0.642757946845772,-0.03396773605346679,-0.2914940521240234,-12.475885575866698
1478633104347,35.58494541777803,0.8114740072221986,-0.8985395643505912,-0.09711481397324241,-0.35568858413696286,-12.448951099450886
1478633104380,35.5834438512695,0.6377167349650344,-1.1979345379877273,-0.2359784942792845,-0.32441431581801733,-12.329689636993407
1478633104413,35.579586304113185,0.46642166516838285,-1.508031557392459,-0.47554830474853516,-0.20859481964111326,-12.292579219000041
1478633104446,35.57668393163332,0.2258866755782293,-1.9397183767291148,-0.7658452560424804,-0.2246060432434082,-11.923573034258931
1478633104480,35.579858420017224,0.06801195606686775,-2.1777983917969195,-0.9268553176879882,-0.14305355147762455,-11.730540525408834
1478633104513,35.577586702592825,-0.07687486390717573,-2.3506763521869924,-0.9311948081970214,-0.13198036765775759,-11.534515410614013
1478633104547,35.57881012494953,-0.1977417868769946,-2.4356833323702003,-1.0084078117370605,-0.0430956298828125,-10.855609675421192
1478633104580,35.57255850968991,-0.3317001869151582,-2.506793641722891,-0.981323405456543,-0.019303250885009764,-9.924714041966991
1478633104613,35.558496488507885,-0.3896736436971926,-2.3309114988358224,-0.847846662902832,-0.014664480601879767,-8.343493656567484
1478633104647,35.53886385980538,-0.40786699003355925,-2.040570581384029,-0.5928642043625004,-0.016011219035717658,-6.3803977867126465
1478633104680,35.51526743830282,-0.419857702714729,-1.7448615309747235,-0.4369418121116701,-0.021398181904223747,-4.548085328674316
1478633104713,35.49111540018816,-0.4430143119614244,-1.3673011452516841,-0.586130512193311,-0.0137666641124757,-3.4810195762634275
1478633104746,35.448826724872205,-0.4765911473559329,-0.6082107338089028,-0.6976105269943363,-0.015861585998535155,-3.1663316955566403
1478633104780,35.38102465907445,-0.5183952313689966,0.694503037672258,-0.6609493232063484,0.0008978256225585938,-3.623175299835205
1478633104813,35.194860614295706,-0.580411861130588,2.7672577199867985,0.34865561676025386,0.1470937644958496,-5.13271944656372
1478633104846,34.74084364110986,-0.6373365587833659,4.2796271879458505,4.920234049224853,0.5901707000953611,-7.899818307550251
1478633104880,34.584004923360546,-0.6554140502763255,4.737499506073916,3.49373891871348,0.43140521163940426,-9.584288228552042
1478633104913,34.55598505057384,-0.5973704568105506,4.798751954965448,0.5075707154205069,0.08529343642635503,-9.87099425181509
1478633104947,34.4715679470988,-0.49049100699336884,5.038472874493198,0.5380968596527352,-0.19916765973740255,-9.004293387835844
1478633104980,34.3397278572353,-0.39721584394059967,5.270237886642729,0.4522048750946298,-0.2430114639392821,-7.444321441705524
1478633105014,34.22824774543644,-0.33338010021684605,5.585761081567739,0.4333504639556631,-0.1910872200012207,-6.871059489440918
1478633105047,34.08302512992357,-0.27165808702849575,5.979144307637168,0.6790554458618163,-0.09591770401000976,-6.431423917333781
1478633105081,33.95755052209493,-0.21533623316494546,6.371586204600621,0.370951619720459,-0.05342062910881359,-6.120327923639119
1478633105114,33.74399251159298,-0.13403168672249083,6.922119424253012,0.7516296471526845,-0.1438017394964234,-6.184821146337687
1478633105147,33.593502964760226,-0.09195789102420085,7.161157016594421,1.067514683488477,-0.12345101853522937,-6.286575009155273
1478633105180,33.458092246196486,-0.05042446041587365,7.2882268418562415,0.7240963280608878,-0.059406129263449105,-6.365733593805134
1478633105213,33.242092100719255,-0.03846768005196697,7.416544977374025,0.9802759239639155,-0.09666589202880858,-7.454496506500243
1478633105247,33.08812420742377,-0.03656975397968788,7.529718815579813,1.1549029527526349,-0.12300210857806086,-8.26777688293457
1478633105280,32.939982596467985,-0.053666946916304886,7.64362679790806,1.1969512655396013,-0.04728548164644162,-9.084948056262359
1478633105313,32.78326794248932,-0.04891369184078228,7.775080909842351,1.335814922441935,-0.02094926338472287,-9.674669533019186
1478633105348,32.63978972978586,-0.05106550047724462,7.832549006606936,1.2814964751312508,-0.022595278738546765,-9.658209647767361
1478633105381,32.4263878089806,-0.0731917326330556,7.789453555871211,1.144129136613477,0.0691325717953674,-10.526107745007424
1478633105415,32.27582109999818,-0.053217996615731275,7.949881967005421,1.3563152935605167,0.06703764819684147,-10.780940291949362
1478633105447,32.13717357124739,-0.029750745060862786,8.090838254600396,1.3431470742654403,0.09965864182071527,-11.12615424382314
1478633105480,31.928232160764356,0.05185443383300678,8.39421905043437,1.4737808142288586,0.06239888019700011,-11.997194881439208
1478633105514,31.79159307408639,0.13395041314850856,8.636364780457372,1.5406688322426285,-0.013317747876263455,-12.495038896887003
1478633105547,31.654336128943807,0.2411498492983538,8.899446995253026,1.7136497834579087,-0.03950432782069474,-12.812120979253947
1478633105580,31.342135809662135,0.43598059330553884,8.582537965524436,9.916783568628132,-1.5038579680179944,-36.30537411487996
1478633105614,31.07222717724631,2.0997809752493843,9.680827048444389,0.15442600708007811,1.1142015610625966,8.34498988647461
1478633105647,30.98349022602661,2.2519018294258237,10.753539295530215,0.9169792358398436,-3.853467498956248,1.5825672973632812
1478633105680,31.105741834195886,1.7447573110784136,10.552327086107171,-2.1755812671937047,-0.10235212097167969,-5.932083525848388
1478633105714,30.876339316634713,1.2520411145137715,11.343204449138463,0.4251204322814941,-0.8948328339507803,-3.5218706420898434
1478633105747,30.303478903296142,1.5901198160138632,12.868024051930297,3.5935470542907715,-1.2135609847580082,-1.0375871444702147
1478633105780,30.42386243974255,1.6526577773907678,13.581229004588256,0.1683423042297363,-0.5150526321411133,-5.505766284997761
