sep=,
timestamp,gyro-alpha,gyro-beta,gyro-gamma,accel-x,accel-y,accel-z
1478633852976,23.0857724798142,-2.318477212161457,2.6417330623763076,0.5339069793479982,0.4553472282409668,-9.779266305383052
1478633853009,23.088687212861522,-2.3763708450631857,2.580410929358346,0.5149030128036626,0.5096656875389162,-9.803657408896653
1478633853042,23.091290515953357,-2.3998209751066337,2.508131373839914,0.4719569931251462,0.4719569931251462,-9.788843357156118
1478633853076,23.093299759135707,-2.3884230912759454,2.4178413650810233,0.43933601377182635,0.3517980155723635,-9.811139087013597
1478633853110,23.092804723928257,-2.3562174048117113,2.3148746087122776,0.372597617378796,0.28057051618271506,-9.793781222588054
1478633853143,23.09210512527667,-2.3251874931423,2.1615406642545776,0.26216507265395483,0.33668459475974083,-9.79048929327269
1478633853177,23.088161437491028,-2.327162249564449,2.07725220336033,0.22535421299589797,0.4112041465482791,-9.791237158348855
1478633853210,23.08212645198038,-2.3428380118145165,2.024813106425401,0.2545335639953613,0.42512043456478277,-9.809642464380827
1478633853244,23.073786413636757,-2.3540555022599636,2.000040552382831,0.25947160491943355,0.4085106708222476,-9.778368204053391
1478633853277,23.05549693772837,-2.348791776317316,2.013322193505736,0.3232172423874028,0.35419218983305617,-9.78360602707506
1478633853311,23.039959445061836,-2.337504739821509,2.055110875152371,0.3887585059843142,0.35568858413696286,-9.809642939304862
1478633853344,23.026529182453338,-2.328551855305922,2.0984034706332206,0.4005798743980471,0.35359366681748067,-9.789142212559616
1478633853378,23.00587502506298,-2.3342588432845934,2.107961065132401,0.41314943311386737,0.397736739947836,-9.814580929996584
1478633853411,22.983785756559964,-2.335564323448144,2.1052119915702,0.553509478041064,0.38097735743867234,-9.854234894992922
1478633853445,22.961142464073458,-2.335569202401652,2.046458861379395,0.400579856131738,0.3820247898405941,-9.818920075729034
1478633853480,22.906669406939745,-2.358702022495044,1.7922440457175306,0.22700024490356444,0.42586863628331334,-9.785102089731293
1478633853514,22.863649791021174,-2.3869935946057654,1.630676399626787,0.2946364406613342,0.4412812820711056,-9.816376396295324
1478633853547,22.832576686938307,-2.4281584931759608,1.52034933380975,0.16909049224853515,0.5274725532531738,-9.814281305445904
1478633853581,22.784380702045993,-2.513762272616418,1.394367720950933,0.1660977447399171,0.6470329986572265,-9.793780950484265
1478633853614,22.75396262221154,-2.596794599095351,1.3469771138336692,0.16355390547600107,0.6551134109939448,-9.740360354304755
1478633853648,22.750561478273966,-2.6533270395979853,1.4759835033298605,0.3694552436828613,0.51774609074248,-9.888651479925587
1478633853682,22.753391721993868,-2.6101136760112054,1.6117887520642022,0.21263504407578146,0.21083938369750976,-9.732130244998773
1478633853715,22.76161738064534,-2.517163823825651,1.7808000957932926,0.2235585708839353,0.050128597259521485,-9.808296155205252
1478633853749,22.78704495200928,-2.485637618206894,2.0384005367805518,0.2636614669578615,0.11297639083862304,-9.76475129513404
1478633853784,22.811379735907956,-2.48511330794167,2.308640425895434,0.33743280561142597,0.24016837230073287,-9.808745127382036
1478633853818,22.83318258064154,-2.5294331322316963,2.7240520041871243,0.7442974411010742,0.7199065116882324,-9.75502497647053
1478633853851,22.820246433149453,-2.610493176469655,2.9613408053141943,1.56416187210083,0.36376901473999024,-10.56516323265396
1478633853885,22.86152598901459,-2.8022705888108224,2.834800170357525,0.6325181693588383,-0.15786770849917084,-10.653898258618264
1478633853920,22.847312254947024,-2.9132399137445018,2.7519080915666403,1.0715548805236816,0.551863473532861,-11.266215187072753
1478633853954,22.899218753356227,-3.014047667691135,2.729626675847405,1.8278233664581551,1.075146183013916,-13.800626989690958
1478633853988,22.908464060212133,-3.0610266957283376,2.9670786399640883,1.5638625603606924,1.21296241607666,-13.96253516921997
1478633854022,22.987986835152533,-3.0583317612623455,3.4364009234141406,0.28685530467377973,0.5856815993820317,-13.447482244817913
1478633854056,23.13404141010767,-3.0864354289376106,4.921113873218081,1.200243256289698,1.0332476539611817,-13.971064220373332
1478633854089,23.238916064834935,-3.110413679421964,5.746506069498379,0.9175778090877691,0.7695861961364746,-13.247417353112995
1478633854123,23.32078876399737,-3.1403089839916754,6.671500293806871,1.244984881547559,0.6539163375633302,-13.176189853723347
1478633854156,23.429596423194916,-3.206679727758242,7.734406339259095,1.0087071600098163,0.5448305033020413,-12.922254255621134
1478633854190,23.52079289326541,-3.2421825160180235,8.706311293885248,0.7923311849731951,0.7338227905715815,-12.174964646966755
1478633854223,23.649459682482806,-3.3567511964804604,9.84385340875982,2.3560440711975095,0.8462006309951655,-12.752715142822264
1478633854256,23.716701313846265,-3.4376121467941156,10.417131228053059,1.411531552798487,0.8952817832946777,-11.867010312298685
1478633854289,23.80011362405585,-3.4824807145786267,11.292155787776174,1.6219219871520996,0.5831377566931827,-10.67140563906245
1478633854323,23.88059083105476,-3.477844789268642,12.400795801355956,1.143380930328369,0.6564601676940918,-8.760833079583943
1478633854356,23.963364084518712,-3.4825903270692256,13.23114377784108,0.43155484924316406,0.39743747558593745,-4.934150638635456
1478633854390,24.012175660161542,-3.496194877663037,13.801534116943015,0.00014963760375976562,0.2501940734863281,-3.067720514678955
1478633854423,24.054033138960012,-3.538016484759875,14.484674530282748,0.07691372833251953,0.17058686828613281,-2.382529927062988
1478633854456,24.10493594898256,-3.5863007564514096,15.245794878556126,-0.28730419921875,0.3633201019287109,-2.0944775398254394
1478633854490,24.15628127284645,-3.6556604246303546,16.145595862596288,-0.5970540390014648,0.31094690408017484,-2.9646202056884765
1478633854523,24.033030745647174,-3.692943835332792,17.61079154782236,1.4272434646606444,0.12000935821533203,-1.8460791175842284
1478633854557,23.858501137181037,-3.722613578490357,18.309410037070954,6.4263365310668945,-0.5207388610839844,-1.3816039955139159
1478633854591,24.185049573750934,-3.894184361923862,18.814915140639265,2.2849660632811486,0.12389993591308593,-6.569838700811564
1478633854626,24.239817762552914,-3.9462456089133378,19.0707253285952,1.2469301521301268,0.5758054901344236,-7.859565353747457
1478633854660,24.204550268898622,-3.9397168064644226,19.48044437706675,2.021005330248922,0.6079775566764641,-8.921693448826764
1478633854693,24.19984745643013,-3.9270071686687724,19.888516496236562,1.9657893467225134,0.5494693084053229,-9.42193195819566
1478633854725,24.12655527567226,-3.8319833521561724,20.169414780101153,2.4839843685425818,0.16505031347963958,-8.566453540039062
1478633854758,24.007770222489334,-3.789875228721774,19.073009717889374,3.7735610185485333,0.08364745703432709,-7.986457895605265
1478633854791,23.81501800136482,-3.8065668654829383,16.11477508406505,2.3943512612273916,0.2654571456024423,-5.836764664514362
1478633854825,23.61829006848252,-3.85441644333671,13.561520518708253,-0.429011009979248,0.31109657821655273,-4.155585894012451
1478633854858,23.491902936898484,-3.794703577776644,13.146055038707054,1.4381670828003434,0.4595370446136221,-6.857592105102539
1478633854892,23.350963228560264,-3.670671984477439,12.638582113468773,1.9684827139923349,0.5633855964218266,-8.601768014526368
1478633854925,23.278055869315278,-3.581542929155285,12.398781821325235,1.9360113722427748,0.6540659797336673,-10.043376652615331
1478633854960,23.18027305161436,-3.4459552652004524,12.135472361346645,2.315791592318751,0.6977601645980961,-10.517728039196879
1478633854993,23.09753945671968,-3.2606256072663324,11.69216928780183,1.9720739308592454,0.6883329864280764,-9.970652813720703
1478633855027,23.01059151652696,-3.1109137502530166,11.285135632231933,1.9669862877223872,0.47704469905244185,-9.90017375807818
1478633855060,22.94203291870489,-2.9545818863016104,11.003467028308119,2.177526373379491,0.48093526305046397,-10.463858501843362
1478633855094,22.86680107117964,-2.83455238940235,10.435562971906766,2.1730373183319345,0.4881178500500347,-11.048343128259479
1478633855128,22.791075950916692,-2.6985024965685684,9.88270104670904,2.318784307861328,0.5339069565151119,-11.259780770111083
1478633855162,22.70105612097475,-2.5233926600522256,8.908672763736359,2.0938790259430182,0.47075988772849087,-11.132588953045754
1478633855195,22.64808167772289,-2.429942531159835,8.338041125038279,1.9586066321441902,0.5624877616661135,-11.466729722241311
1478633855229,22.592050211263,-2.3516260755916236,7.674213370858146,2.055272560705617,0.544830506156152,-11.59661472391337
1478633855263,22.52672849402758,-2.2501842132366474,6.83155099183927,1.8160019592285155,0.4736030158996582,-11.280280829565227
1478633855297,22.482530094721376,-2.1888670852675935,6.196211326696386,1.553986515045166,0.49784431684189473,-9.994744248730315
1478633855331,22.44133213462298,-2.772366216046935,4.063971434953181,-4.1500493757385755,5.8312278174469245,-73.80515850557983
1478633855364,22.28152150732648,-2.6065221858647427,4.210613753131279,-2.0679916108947247,-0.886153889465332,3.0062194595336913
1478633855398,22.338871243757882,-2.424433745337011,5.62887577552289,2.965966871057078,0.29448680419921874,-5.931185992486775
1478633855432,22.425957620996044,-2.597572589007452,6.5885988957636235,-2.9975404054503887,-0.7399579871246591,-30.30071693572998
1478633855466,22.36895595122425,-2.2639571144605446,6.688643677935848,-0.44427404556274414,1.426196001434326,-0.8189666053771972
1478633855500,22.32037379730906,-2.3657892099283075,6.089961874572317,-3.407397875213623,0.2970306251968257,-10.12522827574145
1478633855534,22.316637832065005,-2.3849830208736393,5.706529723524986,2.18979669342041,-0.36541502838134765,-6.594678543035686
1478633855569,22.311800472760943,-2.292823193599257,5.651194291001628,-0.3534440931458026,0.8767267204284668,-9.547028611346335
1478633855603,22.28862545742108,-2.35854611908084,5.448072749651498,0.040701428222656245,1.124975541598536,-9.749039420946145
1478633855637,22.265595681469588,-2.339433892514,5.150783613819871,1.1031284331833011,-0.11222820281982421,-10.281300515658595
1478633855671,22.236820082384977,-2.354674504131443,4.992014124410524,2.13877027053833,0.45220482942885715,-11.368866583251952
