sep=,
timestamp,gyro-alpha,gyro-beta,gyro-gamma,accel-x,accel-y,accel-z
1478634047374,17.667249591398228,-2.501985459709585,13.540859955159377,2.3346458801601315,0.5909188789810054,-9.485677349068457
1478634047408,17.674279058943736,-2.5168857475380837,13.544507482691294,2.2939445215777785,0.5626373718704096,-9.560196633712225
1478634047442,17.683362861737027,-2.5466291191462123,13.556915585111934,2.2596774635093753,0.5566519042526371,-9.502586441675794
1478634047475,17.691707694838193,-2.5209118038643266,13.58545368815071,2.2252607735454335,0.33369186551743185,-9.545382994997198
1478634047509,17.6947774596552,-2.4415744276750266,13.611661573297251,2.2677578689962274,0.18899229354858396,-9.566032450026507
1478634047543,17.69336039442232,-2.3810517689301944,13.640057098766853,2.2723966712453985,0.22939442829741163,-9.557353711037035
1478634047576,17.69011062182893,-2.353535664673194,13.688103258803599,2.286163312524988,0.3317465584022459,-9.513510026136986
1478634047610,17.68613569358356,-2.3983574756213457,13.780229711535783,2.252644496132666,0.5838859481369145,-9.522188811933875
1478634047643,17.681471079010358,-2.4241379109049674,13.866882897104963,2.293196314151026,0.5427355888366698,-9.443180511629278
1478634047677,17.679999216828634,-2.469885995287915,13.992797969876321,2.385223425621906,0.4782417724830564,-9.46712247799849
1478634047710,17.681264793219466,-2.486704473416471,14.066864672925414,2.417395497872168,0.47390227284086867,-9.52233842955886
1478634047744,17.684094141218914,-2.492303548921713,14.116469355874122,2.357390882696584,0.4194342090468446,-9.489268650417047
1478634047777,17.68562496879296,-2.48592386965626,14.164221560857184,2.328810072979005,0.39055415494614276,-9.46023898382876
1478634047810,17.689171855813232,-2.4557761337148,14.221506311540738,2.3965958115840564,0.2973299004043452,-9.535805955461132
1478634047844,17.690958824238397,-2.4290094096357673,14.327974445795125,2.4223335734736864,0.25692776565551756,-9.506926123981073
1478634047877,17.693931567862407,-2.426121260397649,14.399149675755922,2.4790461358222644,0.2910451393127441,-9.50827277793323
1478634047912,17.69045111419599,-2.4467974912983705,14.469154311816741,2.512415353426733,0.26051906814575193,-9.494356049812843
1478634047943,17.69391304897611,-2.48754360342853,14.554337795751547,2.6255414686340837,0.1753752716064453,-9.582792254373244
1478634047976,17.693129158255505,-2.6313058268279645,14.671484162563342,3.4882022543091327,-0.9709984107971191,-9.668235015592817
1478634048010,17.715517469669905,-2.87117212943408,14.853664868578505,5.073313317871094,0.7746738746643066,-13.662661703546345
1478634048043,17.757644958415938,-2.94859774707734,15.11868480625825,3.776553989819437,1.0393827957153319,-13.205518531799315
1478634048077,17.80242831146878,-2.9887902199376692,15.67369031303936,4.935048318127542,0.8735843307495117,-13.186813831329346
1478634048110,17.860766482262417,-3.0544476100858295,16.103856940537593,3.505859272357076,0.9757868141174316,-12.469600796508788
1478634048144,17.91687047636344,-3.1302455049193796,16.453332627666118,3.886088569641113,1.1074679054260252,-12.8490820519045
1478634048177,17.966852552499255,-3.1867666854831973,16.92150146306916,3.6872201942443845,0.5418377540809568,-11.81613323475942
1478634048210,18.05325014689471,-3.3270004039114354,17.60521672417998,4.251353960418701,0.6373065361465327,-12.034603990118205
1478634048244,18.118320662190364,-3.443395605550949,18.030174728552065,3.793762241186574,0.8946832328796386,-11.84276887435913
1478634048277,18.162743279322502,-3.561461056287642,18.27231758317919,3.978714319433644,0.8116343627929687,-11.846809089660644
1478634048311,18.230695893839307,-3.74057409031978,18.534875159499112,3.8633435077391565,0.917428148651123,-12.058546006719768
1478634048344,18.253326515729455,-3.84691647433606,18.464032305747708,2.3054665611267087,0.5273228791167959,-10.70627127380371
1478634048377,18.28093527123321,-3.969269494609558,18.594234115028655,2.60982948370669,0.7930792999267577,-10.767173632403463
1478634048411,18.2920863255678,-4.063661865301786,18.69774124974277,3.081786568163382,0.6991068933279573,-10.700884027807414
1478634048444,18.313547687322462,-4.135166811533064,18.939570550030847,3.9571664314270016,1.2153566542694345,-10.167575900268554
1478634048478,18.307941034334217,-4.168877180586757,18.919732020707155,1.479017929431051,0.547673611494433,-5.909937452752888
1478634048511,18.288766355975035,-4.1896810813732825,18.83531286569291,1.2683283294677734,0.2952350287506357,-4.018517848968505
1478634048544,18.27711378950364,-4.222403801456756,18.759487691247422,0.5012859725952148,0.18480247717592865,-2.3324013298034667
1478634048577,18.234409523410406,-4.313996246886838,18.387849072829162,-0.3001730331420898,0.11028291397094726,-1.0748469078063965
1478634048610,18.252706081165442,-4.395540902217805,18.87892627945752,-0.5855319435119628,0.11342530364990233,-1.9621978981018064
1478634048643,18.245769828746425,-4.493757190788757,20.384854547448093,2.310853368731588,-0.09307458953857421,-3.7502176254272457
1478634048676,18.161860340887273,-4.689408245962834,20.98177348294863,5.701641762188822,0.337732071685791,-6.744316585186868
1478634048710,18.240681364655213,-4.7912396587768455,20.87348212230749,3.8818986071379853,0.3016693726470694,-7.881412736157327
1478634048744,18.31861055458479,-4.8727814264383635,21.103509687958216,3.933224451358057,1.1080664193084462,-11.328314792633057
1478634048777,18.325528039954175,-4.885753505597259,21.370172805150464,2.0551227039061484,1.331774673461914,-11.982680326135457
1478634048810,18.21475414805352,-4.8216178257929965,22.00138706540406,4.106803889056295,1.0491092216934077,-10.40968925089091
1478634048844,18.164201387735318,-4.7440824628791205,22.781493461196444,5.191078258160501,0.7552209907421144,-8.397213190991058
1478634048877,18.17849548820937,-4.7021759293829755,23.12806112852599,4.988468796539307,0.8819640730926767,-8.032097583947703
1478634048911,18.200384217231566,-4.682049253050964,23.27271759787328,4.191798157589696,0.7698854736272828,-7.832630512005463
1478634048944,18.251782123332834,-4.653938851157422,23.609511542842046,3.5877112608093764,0.9383774405769537,-8.90822595489053
1478634048978,18.235436767669366,-4.6515359694421,23.58966681484856,2.4597430767334996,0.9120411766494624,-8.655637698010354
1478634049011,18.20515519245465,-4.611087922172663,23.577626079973772,3.0844800724305212,0.9250596299102529,-8.452429576376266
1478634049045,18.18697920200025,-4.583853679657563,23.5681343418421,3.2851438798766583,0.839766204900341,-8.285733395385742
1478634049079,18.170260537137928,-4.546684974016999,23.5305591070166,3.4314895659515634,0.856375978917675,-8.069506984887644
1478634049112,18.105556874966116,-4.465687945643621,22.930880538131465,2.9107505952697244,0.675464143371582,-7.546523340551555
1478634049145,18.055655558039028,-4.415897787094828,22.76354542249764,3.0728081201415507,0.5919663787399418,-7.287052320154011
1478634049178,17.968983952963033,-4.219851778420246,22.340620252768247,2.9516015880309046,0.2210147772857919,-5.56412495046407
1478634049212,17.883357299818275,-4.150146263265607,21.560043060216376,2.0863972553528845,0.23986907882690428,-4.567388287298381
1478634049245,17.82796404819949,-4.124924392033266,21.2379289607182,2.4317607717651875,0.4312556105682626,-5.716904651641846
1478634049279,17.755571778725628,-4.089947083606093,20.791614089083843,3.179948680966161,0.6515221039371332,-7.810334582110494
1478634049312,17.676346496756306,-3.9608877638148123,20.324521446721597,2.9611784312041474,0.4165910523345694,-7.273285222216695
1478634049346,17.611280264515315,-3.875465703091477,19.89257665400141,2.761711578457616,0.45534719170834864,-7.125443708093464
1478634049380,17.513996503696077,-3.7489592422824263,19.291883532017593,2.930053864421043,0.7205050895027351,-8.244882110363617
1478634049413,17.44448495475573,-3.650605793938228,18.93186928673093,2.753930532659963,0.5641337798740481,-8.286332091931254
1478634049447,17.376496329150395,-3.573023424341536,18.59983219442671,2.5083752248901874,0.5937620197102602,-8.237699432317912
1478634049481,17.292929748253968,-3.4841388497414054,18.2846784065583,2.846107223510742,0.6844424087303225,-9.09991150611108
1478634049515,17.248970296864147,-3.395598479085284,18.378133690796226,2.7714379861693828,0.8403647827148437,-9.127894085074029
1478634049549,17.190607080712134,-3.430124978481155,18.131478968859405,3.142689082026761,0.8661024505615234,-9.977685854162647
1478634049583,17.124325305668737,-3.300397916279714,17.86624196724674,3.5877111877441403,0.974888988494873,-10.681281940106302
1478634049617,17.10520088169416,-3.37421794038445,17.695046190097834,3.0831331330672835,1.0322001907348632,-10.232219491223246
1478634049651,17.095090941311085,-3.1855288257353287,17.92408506697424,3.016843792476483,0.8400655257736332,-9.681702381664886
1478634049685,17.09726967629171,-3.054273054980355,17.879416130648142,2.989609542810818,0.7942764007568359,-9.94970325693339
1478634049719,17.09993205988628,-2.934585479670225,17.6509504670205,3.2647931292327117,0.7730278610229492,-9.717914900970458
1478634049753,17.113530765412545,-2.7800044108691613,17.629025737340093,3.481917401885986,0.5009866859712522,-9.58249268690478
1478634049788,16.9125356726519,-2.7761011532779234,17.279837993521387,22.251561176410316,17.638831489596328,-49.86822665993571
1478634049822,17.285998391239993,-2.221980318959651,16.60251190222548,8.524704648590088,1.5949872184753418,0.22789807052612304
1478634049856,17.367607855753302,-2.7994110236059706,15.52567503586392,-0.9238625656127929,0.045938744354248044,-9.7514338338105
1478634049889,17.353411549958707,-2.3886393911937236,15.295518985419937,-1.3141174362182617,-4.539855150869674,2.5742162820011374
1478634049923,17.384441974481327,-2.663187428519789,15.024829470936709,7.419930220031738,3.653252494723536,-29.772796638709305
1478634049956,17.399866499206492,-2.2993721986814273,15.182805440153107,3.7638345012389123,2.631078023440577,-12.015750236566364
1478634049990,17.48895636292571,-2.561401917606092,15.249633247896028,6.262782630157471,1.847575457089208,-21.62218483047485
1478634050023,17.651246746045647,-2.5505100177583944,15.424030069642727,1.4420575874328612,0.4964975738414796,-6.726210581262409
1478634050056,17.676125084301848,-2.413592349647557,15.443750558608507,3.082684201989695,0.25423427052153275,-8.90568202429507
1478634050089,17.742768614353547,-2.5221543714684653,15.449154347617805,1.6240170597352086,1.2265794380187987,-11.109544908197224
1478634050123,17.81761636790895,-2.444114630543506,15.509732882975323,1.812560294342041,0.5018845138770993,-6.71648384475708
1478634050157,17.805188732485327,-2.4400210163629033,15.606926839185991,3.928735286712646,0.356586418892676,-9.946112027508393
1478634050190,17.858228445386544,-2.4365484745839647,15.580075606256525,3.04407780981753,0.45863924182394983,-9.950451919876224
1478634050223,17.883465543076323,-2.3961557240292226,15.512821315080881,2.248903400775045,0.33907880098647436,-8.644863863604888
1478634050257,17.859456787344758,-2.384875393913108,15.45927895754675,2.6325742442145477,0.1541267318725586,-9.563638622825685
