sep=,
timestamp,gyro-alpha,gyro-beta,gyro-gamma,accel-x,accel-y,accel-z
1478633829831,26.915988270182318,-2.0680742137990866,15.553039584897947,2.8393734948089344,0.55485625300752,-9.465176816973567
1478633829865,26.91743374921955,-2.0957571768043266,15.503696344761805,2.7629085788229943,0.5023334358215332,-9.394847245954466
1478633829899,26.91754487399173,-2.131322772506492,15.449708094283087,2.705298156174412,0.4997895782913081,-9.379734153935406
1478633829933,26.922572423527466,-2.1706742228657916,15.39171312852511,2.6499322747493395,0.48452655184096655,-9.424026603803794
1478633829967,26.922801067063308,-2.20788921428305,15.238163946903681,2.7703905594756826,0.35733458636187715,-9.589675209686858
1478633830001,26.91914217938192,-2.189456623231191,15.051584489920705,2.436698876621341,0.24869770658188498,-9.495253879431157
1478633830036,26.919033398980645,-2.1484601289406906,14.940370327128555,2.5242367690759995,0.26545709993666966,-9.507375011676176
1478633830070,26.91156105075391,-2.0974220218850728,14.804935400676234,2.4497170878535366,0.2241571395652834,-9.442581876732559
1478633830104,26.90308374310192,-2.0588383250001105,14.736880218747503,2.43026424503054,0.21996728666000998,-9.498695692731394
1478633830138,26.892856476315238,-2.015679763968489,14.690503911166068,2.4660276734283193,0.21547814028090795,-9.477148188602651
1478633830172,26.872459987645467,-1.9268549401494448,14.649302831425398,2.4794951310459927,0.15547347030639647,-9.493907591946824
1478633830206,26.855785399757472,-1.8611816515798303,14.7103192408822,2.5225907127656857,0.15367781906127928,-9.444227566146932
1478633830240,26.85937308663812,-1.8545733365562294,14.820628095772124,2.3753474316803738,0.40895957107543945,-9.475801208532658
1478633830273,26.84664236756499,-1.8677950859154135,14.881610620631326,2.6177601031760216,0.22071545641249976,-9.595960180841013
1478633830306,26.8285956605268,-1.9576942297441755,15.02120705608812,2.6232968589119148,0.5240308701003902,-9.435698352880078
1478633830340,26.827047088446164,-1.9758136486813322,15.094797903953593,2.424877268462302,0.6205471245254389,-9.460837366422085
1478633830373,26.824109602717176,-2.009204328373365,15.171733922520025,2.63182632105723,0.5518634826660156,-9.39783989756496
1478633830407,26.836669827805842,-2.1116092670311044,15.3138256127324,2.7620108536651355,0.5407902817214839,-9.481786563591438
1478633830440,26.8662516548957,-2.1261134155578945,15.39764992709239,2.4965539089920927,0.6489782875061034,-9.140613317926228
1478633830473,26.884933819165962,-2.2001913725119966,15.4926196774877,3.0199860094817352,0.5808931777954102,-9.636362589584477
1478633830506,26.906369228676862,-2.257179285438906,15.497921079699765,2.3900117524520494,0.5704185455322265,-9.283068060977198
1478633830540,26.93455801767796,-2.2547624872768632,15.463568696032212,1.5059528442382812,0.3176806327819824,-9.12265673240982
1478633830573,26.945294109188552,-2.2629575427755464,15.541667208906263,2.399738123631198,0.32830491634865755,-9.627833173104934
1478633830606,26.95764288359373,-2.285969167777572,15.699537209184484,2.393603182806447,0.3016694091796875,-9.443778985554149
1478633830640,26.9826879563483,-2.304868758892052,15.91919863179203,2.414103461456299,0.22176292877197265,-9.371653417371702
1478633830674,26.994409774493448,-2.305814152858075,16.14970993827023,2.6774655207759,0.0805050308227539,-9.441833759495708
1478633830706,27.022556066362643,-2.3073828087063144,16.390620887553528,2.7008091422260505,-0.24495679388735442,-9.310152394192478
1478633830740,27.029975419176157,-2.316150109275933,16.698320596839515,3.17156886555776,-0.1637035385131836,-9.383774182435369
1478633830773,27.086165388195298,-2.381517771966919,16.78286578431628,3.1069255851303224,0.2275987953186035,-9.60658457857212
1478633830806,27.043459097064268,-2.605648940767319,16.239988076184716,4.072087964984029,0.35359366681748067,-9.184456880099512
1478633830839,27.132441095540024,-2.7808038324084476,16.99020870307495,3.9815573608398434,0.5095160316688474,-11.355997895459085
1478633830873,27.127755703028985,-2.8021021814520815,17.049248970305186,5.159654361370951,0.9648632690429687,-13.5990654296875
1478633830906,27.233603253095986,-2.839834726945426,17.853744486216723,4.191648483453318,0.637456182883447,-12.87332275919169
1478633830940,27.31106130266163,-2.87838719268409,18.488362204481895,4.029591177777201,1.4203601348876953,-12.44625762258321
1478633830973,27.393930758906343,-2.9322954342625924,19.18077240726477,4.959139972332864,0.6382043891685549,-13.697078060150146
1478633831006,27.487453966110838,-2.9623547251769473,19.997341448747118,4.332008701910451,0.9222165519714355,-13.107506193597613
1478633831040,27.642593148506556,-3.009333541095234,21.482578175849067,3.0573953738890585,0.7396586936508305,-10.895712480163574
1478633831073,27.682015472976534,-3.0380908488880296,21.795400748540164,4.511124913610891,0.7615057472671382,-12.817957138061523
1478633831107,27.822301493732162,-3.1104524660863992,22.969391764230217,4.836287280450389,0.8309376319442875,-12.867038272094726
1478633831142,27.913870150260017,-3.126739568792332,23.664530948117022,4.755034134674072,0.7445967163085937,-12.25771394958496
1478633831175,28.02694814376496,-3.162900336768488,24.31566475314761,3.5561375072203574,0.6197989547729492,-10.462661401013284
1478633831208,28.11704654906376,-3.134236903966567,24.862182933418953,3.868281749592628,0.5367500766234163,-9.817423615209758
1478633831244,28.20624397040359,-3.0569913523046934,25.56227100820409,3.5398270814757793,0.8479963005065917,-8.16542476196289
1478633831276,28.2845474137916,-2.9642025632114586,25.854874790937362,2.8990790813721716,0.4019265854324214,-6.489184470776468
1478633831310,28.386591488347534,-2.8171371651506,26.22626639713128,0.7757213378906249,0.16460136413574217,-2.9231705894470212
1478633831343,28.447324857263446,-2.770759210746384,26.487357194675585,0.2510918991088867,0.12958616485595703,-1.966986301422119
1478633831376,28.516867488104346,-2.7393849431213084,26.994091243267942,-0.11162965240478515,0.20380639805449172,-1.9430442848205565
1478633831410,28.48723742350878,-2.6549722177701875,27.843977266489258,0.821660082244873,0.3381809844970703,-2.339284659576416
1478633831444,28.13333780240428,-2.5630598406492187,29.043892329563693,13.505541927337646,-0.5099649536132812,0.7257423782348632
1478633831477,28.49341598477982,-2.581151545352692,29.221610153831566,3.2387564419068395,0.09561842880249023,-1.8884265594482421
1478633831510,28.607628909816324,-2.5937583845675967,29.399469833184572,3.3385645774841306,-0.007930792999267577,-7.23497828791514
1478633831543,28.592378243782896,-2.5724624851212425,29.57715228493591,2.658761089733988,0.0857423469543457,-8.265981432618853
1478633831577,28.55282970572495,-2.505330549692592,30.0524641481413,3.377620138195902,0.04938040924072265,-8.423100469042033
1478633831611,28.514487982750833,-2.4833621286813856,30.563107952249325,3.481468635205179,0.11611878051757812,-8.75080732359942
1478633831644,28.46384198523894,-2.3865030160107477,30.973282543954234,3.582473579351604,0.1632546257019043,-8.11843844478447
1478633831678,28.37599288647623,-2.3147930107100203,31.166974744431688,3.78089348032847,0.21936870884550735,-7.02309129486084
1478633831712,28.25378227466394,-2.3133267608584367,29.994066806346577,4.714182977516111,0.3157353256667964,-5.710170959472656
1478633831746,27.998333638115067,-2.397883666111882,27.610264194848437,2.565985483141988,0.18166006923066452,-5.105036782129108
1478633831780,27.92830784296262,-2.3907663330958697,27.767346046026717,3.1241338912963865,0.22595279994355513,-5.807734384863078
1478633831814,27.835192996494847,-2.381942141968574,27.75243829215799,3.547458526202291,0.4349965027131955,-6.867617824554443
1478633831848,27.744350865859253,-2.360203635606253,27.51123187860932,3.8271313537597655,0.3694552505327272,-7.285256230517477
1478633831882,27.648843968240268,-2.3539506836256616,27.15675604524304,3.9375639418670905,0.3586813362121582,-7.830086965002492
1478633831917,27.55281719582689,-2.3202541073218605,26.81428224432671,4.131643749546725,0.4346972366388305,-8.373271320519969
1478633831950,27.456673070984586,-2.2839189814363765,26.532015111125478,4.261978111554636,0.2823661400283687,-8.316109865481593
1478633831984,27.370710179003904,-2.279532880787845,26.296952685969718,4.686200910009816,0.4520551826919429,-9.285461970376408
1478633832018,27.240222756143357,-2.261848923432647,25.777472501263684,5.027225008978322,0.5473743728195317,-10.288632867840677
1478633832052,27.14792008667968,-2.2199894290866604,25.371567465719647,5.1665376911439,0.35419222636567427,-10.179247487231343
1478633832086,27.06423560694818,-2.194013757884004,24.909961792159326,5.243601057080179,0.4773439742599614,-10.333224727630615
1478633832120,26.943256537204334,-2.1459176491638243,24.265823086694304,5.113715324755757,0.5289689292907714,-10.570101054382324
1478633832155,26.856766146584036,-2.1439336219776792,23.78393272751016,5.172672759832814,0.383970085539337,-11.015871329852192
1478633832189,26.779093441414233,-2.112249095157838,23.475707926065997,5.481524847058206,0.6705261024475098,-11.483638625335693
1478633832223,26.63394354470185,-1.9667840918774016,22.766810960831183,4.440047051825002,0.25154080278701146,-9.63591345757749
1478633832256,26.583024922853966,-1.875769258855827,22.753374700886376,3.515735463803075,1.2785036865234374,-4.680813590948284
1478633832290,26.46447305053226,-2.065263712445745,21.657178204570656,19.686472203716633,6.3205425990782675,-40.037786034503576
1478633832323,26.40962770974263,-2.1881343446526076,21.20878029648166,-0.5801449897766113,-0.22520459365844725,-1.1131541343688964
1478633832356,26.34861147314985,-1.859222543060034,21.67883381632337,1.2479776153564452,-0.0234931037902832,-2.8281507110595703
1478633832390,26.35509060572451,-2.074787190916971,21.504440380075742,6.522553510284424,2.5170541693756356,-29.45002657383382
1478633832423,26.35673031814169,-1.924620810137238,21.223437100216834,-0.5213374114990235,-0.7478887435913085,-0.03456628646850586
1478633832456,26.243395033750012,-1.8738181250102603,21.10367983590994,6.740575498962402,1.9304747261047361,-16.41389839401245
