sep=,
timestamp,gyro-alpha,gyro-beta,gyro-gamma,accel-x,accel-y,accel-z
1478633162833,33.90681693389223,2.0350920933458996,8.03715752690644,1.3989620146322645,-0.3507505526314562,-9.702501939375308
1478633162867,33.90744435457023,2.0268633057636376,8.031848120502463,1.427542808366823,-0.3101987366109737,-9.768492287743673
1478633162900,33.9115679511889,2.010780342262782,8.024522266182453,1.401954709625244,-0.2873041946521727,-9.708936709247777
1478633162933,33.919287701355614,2.0005901318681185,8.010951620475659,1.363797063869699,-0.30900163578089557,-9.708637243956478
1478633162967,33.92637929089993,1.989308943398543,7.972413593302006,1.2683282746688462,-0.3097498329328489,-9.728389512684045
1478633163000,33.93011742681555,1.984869983430424,7.957750278364219,1.3290812650928971,-0.3520972896382387,-9.722553501148585
1478633163034,33.934624676886635,2.008420598167415,7.966892478700649,1.3163620413738535,-0.41689035037497524,-9.71611940270568
1478633163068,33.93501671047872,2.025814392415514,7.9679155714905905,1.2844891404414782,-0.44577041246718724,-9.727192608216788
1478633163101,33.92784568169076,2.0658418403247327,8.037703299498697,1.3418003929138183,-0.3746925735141849,-9.75352855476716
1478633163135,33.919388879706545,2.0412520638337197,8.104960710101212,1.4094365783967893,-0.35494037956432145,-9.74694446823569
1478633163168,33.9086116971026,1.971710697668832,8.178823739942501,1.4525322196960448,-0.4028244201881345,-9.666589349011332
1478633163201,33.889724670764686,1.7867831834815013,8.298659166970443,1.895459526824951,-0.23119010237541515,-9.894936441946587
1478633163235,33.83664764024104,1.6200256187164446,8.228516237212132,0.37933132553100585,-0.04848258361816406,-11.922675500897318
1478633163268,33.86213518873434,1.524096908785692,7.860106938574896,1.9987094003539532,1.150862737451121,-11.613374281664937
1478633163302,33.79932490251347,1.3877820160156153,8.809036926923671,3.95671737248525,-0.7701847282852046,-13.22856272277832
1478633163335,33.819055916022265,1.374300900779141,9.11192094773527,3.380463106536865,0.23403321228027343,-12.83172379760742
1478633163369,33.84497298730629,1.266155379142798,9.311754324296407,2.0380641997406257,-0.505625463104248,-13.006800086267292
1478633163403,33.8715691481217,1.132196210547679,9.777052732037761,1.8969559028625487,-0.26351182022094727,-13.021614209039509
1478633163438,33.89287090554828,1.0146438877429225,10.139727042089598,1.5958849710326641,-0.41748891448974607,-12.930185340881346
1478633163472,33.92300972792627,0.8816882270483054,10.625483637084846,1.9675848883697762,-0.4311059364318847,-13.33031629333496
1478633163507,33.96500263576578,0.6592997188634426,11.392699583811813,1.9460370682909705,-0.3919008842468262,-13.015927687835692
1478633163540,33.99813830302777,0.4889645132051765,11.961390163468145,2.0145710011938642,-0.2620154350501951,-13.031789273834228
1478633163573,34.02518739659472,0.31373173409500604,12.57467402018681,2.1381716501975765,-0.13976152191162108,-13.118279808807372
1478633163606,34.05706834692618,0.16070540649171686,13.169429226896057,2.2260090568915327,-0.057610477447509766,-12.753463330841063
1478633163641,34.08268394434422,0.023558058772018813,13.7940520574256,2.1508908616439437,-0.033369185923838814,-11.909208262689411
1478633163675,34.11578217985463,-0.10792391149553726,14.784356194941896,2.071433275781199,-0.038756139373779294,-9.29399180698106
1478633163709,34.14507787619016,-0.1380416463612396,15.321466994453434,1.4431049775939433,-0.04578910675048828,-6.445938764898479
1478633163744,34.17296275039142,-0.17614502260503315,15.726057576293872,1.0004768726073205,-0.05746084212703863,-3.8610990898132322
1478633163778,34.225444998713165,-0.27897338394999616,16.056126303909465,0.10684124908447265,-0.04324527205314953,-1.776647269439697
1478633163812,34.24731588186608,-0.38495484158833315,16.682580074075528,-0.20290859069824219,-0.02708441084709484,-1.8454805671691894
1478633163846,34.246817261858816,-0.5131244312539631,18.16516634887777,-0.7324760704040527,-0.01975216369628906,-2.938134349822998
1478633163880,33.88239826261449,-0.8226172580879831,22.977769146120206,8.314613452911377,0.04519055633544922,-6.658873221179097
1478633163913,33.84164217808392,-0.9044582039234734,23.327548281507426,8.406790216827392,0.12524667891350108,-5.879111521856487
1478633163947,33.9420469560098,-0.9373237965267674,23.8090067130977,5.808034098462015,0.13811550827026367,-8.203582570117339
1478633163981,33.974463977157214,-0.954837752824751,24.233929744265982,4.543147324282862,-0.09681552963256836,-9.042300846000481
1478633164015,33.940218074231154,-0.9156256262312183,23.677750680717132,2.4277206295289098,-0.23253683624267577,-7.182754764202982
1478633164048,33.92953716399029,-0.9470003711142535,23.431048321557206,1.8103157302856445,-0.3302501914978027,-6.793846485900879
1478633164082,33.90366021553217,-0.9516986340888078,23.432370904833835,2.931400511523336,-0.18480245890961958,-7.593360056658834
1478633164115,33.857941543873764,-0.9239882512107743,23.509812393028426,2.712032003607228,-0.04159925384521484,-6.85310326925069
1478633164149,33.7890529494598,-0.8805184794781966,23.433957498656905,3.122487877655029,-0.02648586499863304,-6.943633581133931
1478633164182,33.7640312172787,-0.798402321201555,22.894016625186335,2.4507646743774414,-0.05566517946547828,-6.139481536920369
1478633164215,33.74433893545691,-0.6968835419751088,22.30911130006016,2.1552302608214315,-0.0383072265625,-5.413290245874226
1478633164249,33.7030744579639,-0.6018979154996927,21.959064366515545,1.8517653465270996,-0.012719196319580078,-5.813570835931599
1478633164282,33.65502573817983,-0.5360949874429662,21.84110552463468,2.311451919146627,-0.05057751007080078,-6.8143469837464385
1478633164316,33.634785886819735,-0.47032259745961336,21.504692469434758,2.5966613380432126,-0.026785131072998045,-7.798363719940185
1478633164348,33.60649628765211,-0.3921352541227359,21.115311069046246,2.8499976550780235,-0.10848725359267554,-8.625710104193166
1478633164385,33.565578057083044,-0.27828787139413325,20.773131337177137,2.9692589714050293,-0.06434416961669921,-9.827299770123139
1478633164416,33.55399836133358,-0.22449234099097812,20.677781995810246,3.350984471196728,-0.04683656997680664,-9.899724881799518
1478633164449,33.53065401946101,-0.05198591482857729,19.932597580457216,3.647117225105222,-0.05252279834885557,-10.853963588714599
1478633164483,33.52105347221515,0.00310818223135981,19.768316947145667,3.8441900405883787,-0.03875614037271807,-10.931924780273437
1478633164516,33.517539203178586,0.12024529127620408,19.34110601670417,3.7819409070221703,-0.05297171173095703,-10.825382660266012
1478633164550,33.50628672723386,0.3206737867824432,18.648642076522705,3.7075708718230946,-0.05536591560304914,-10.514286447375639
1478633164584,33.506438935581606,0.3847622225009091,18.44788049978672,3.727173434448242,-0.03366846084594726,-10.847229896545409
1478633164617,33.50189887124996,0.6238903172270884,17.87151453124036,4.047846673174948,0.011971008300781249,-11.381436141967773
1478633164651,33.50743974048782,0.9336002897162273,17.198755504366027,3.7855320268493142,-0.05012860639267601,-11.292701335199176
1478633164684,33.51152354071972,1.0498328834073194,17.004409507597746,3.6637271635193374,-0.04578910675048828,-11.241974041394144
1478633164718,33.51586913530393,1.396553843006708,16.464969462174075,3.43642771647349,-0.2150292297529173,-11.100715997314452
1478633164751,33.509521906708144,1.633457694674434,16.19109213156221,3.219452971826121,-0.3107973030090332,-10.785728841400147
1478633164785,33.37979953805647,1.6365549532591892,15.568450831922451,12.010512335912882,-3.045274892381299,-31.304934894561764
1478633164818,33.39845202906847,1.8796236790032532,15.66062198356414,4.30327820892334,-7.003339313827641,-1.513584362030029
1478633164851,33.33255767060798,1.649190645979304,16.900227346438516,4.765658404541015,0.49784432597504924,-8.710404695660248
1478633164885,33.317923299344116,1.9638374579074045,17.132814425134804,6.356455770111084,-0.350750537504669,-7.492653949328512
1478633164918,33.27756162830833,1.6685576721414879,17.24258777508598,3.797353397546336,0.09217678218232467,-15.432275713348387
1478633164952,33.30942765996894,1.9223937873394896,17.18130428139736,0.7941266170226037,-0.37813423383408223,-2.6722283279418946
1478633164985,33.26703345461799,1.794595197867053,17.012823428786554,6.41646044921875,-0.4978443077087402,-16.066290240478516
1478633165018,33.29888467276878,1.8926501952201633,16.75206707987465,1.6005237367492169,-0.6028899055480956,-5.5258174316406246
1478633165052,33.28222713292148,1.9016789674178398,16.4718386799124,4.043656820269674,-0.31438859864940166,-10.676643028259276
