sep=,
timestamp,gyro-alpha,gyro-beta,gyro-gamma,accel-x,accel-y,accel-z
1478633838973,25.486841072591883,-2.2793960271844314,3.061659546880974,0.43724107818603514,0.3113958625572268,-9.783905106847342
1478633839006,25.48002818296262,-2.2398560765142372,2.9670455086901657,0.49096097336921374,0.2991255699157715,-9.789741201936895
1478633839040,25.4706735258317,-2.241801574347566,2.926390270569974,0.5297171173095703,0.3913023429649416,-9.768791779863612
1478633839073,25.47059147286509,-2.3487280615075368,2.9596885321953033,0.7369651985168456,0.39339725400538006,-9.82655160037065
1478633839106,25.473334957323733,-2.3890600375894175,2.9369994752477644,0.42811319348984395,0.6863876701797358,-9.726593717591744
1478633839140,25.47007428727752,-2.5393888468689547,2.8755629888418786,0.43888710096054706,0.6196493354354985,-9.766546902996673
1478633839173,25.46439611828701,-2.6143480323863626,2.8452937883134455,0.412401235961914,0.5837363105331547,-9.719411491637187
1478633839206,25.462421565690633,-2.6874742520773807,2.8350583179531323,0.4355950645446777,0.6649894928420893,-9.853636298912111
1478633839240,25.45569999276346,-2.717607762707075,2.828907043890492,0.20470424194335937,0.455047945041937,-9.636212650586618
1478633839273,25.46262768613854,-2.706287250117474,2.9124232845701443,0.3652654090438969,0.5870283195495605,-9.773729448611638
1478633839307,25.462925542302962,-2.6472431829130554,3.0654141700733204,0.4520552100914065,0.2825158141647465,-9.844657695626653
1478633839340,25.468876614214217,-2.583199818800443,3.304101299479325,0.582539182303613,0.2754828467880375,-9.774777230927542
1478633839373,25.472909528067564,-2.5270861532370836,3.465739003225551,0.6000467865100828,0.2814683326721191,-9.774477690002309
1478633839406,25.47091843820362,-2.4592438051190224,3.6171634329702624,0.5011363075919915,0.21921908950805663,-9.756671282372833
1478633839440,25.468342250350467,-2.3695509125595016,3.820026798056728,0.880317986386083,0.10100536427153274,-9.861865983526409
1478633839474,25.454410112798325,-2.28926869529634,3.918859053147318,0.7071873062354977,0.125097018476855,-9.756820411944872
1478633839507,25.44219671131619,-2.2727539108472947,4.200302595714484,1.1263222069671377,0.18974046330107375,-9.922918509452883
1478633839540,25.437143421054525,-2.302595970523058,4.28827050852311,0.9403226837600581,0.26171618724213913,-9.755174580966605
1478633839573,25.33614611464917,-2.5374175929105274,3.7214020609263603,0.030975020510889587,0.446368961740582,-11.11986946446523
1478633839606,25.333369927095497,-2.7099641292219308,3.867727172877497,0.2241571304321289,-0.0020949264526367185,-9.814880086473096
1478633839640,25.373705963252156,-2.8239316232154645,4.457143798974659,1.9734207183837889,0.6070797675865236,-14.733019190979004
1478633839673,25.406555534402674,-2.8374183949650638,4.613205822083933,1.9415479087829588,0.8424597091674804,-14.372242928314208
1478633839707,25.441534576353114,-2.84492692331501,5.135133934865997,1.87061968460083,1.277456186764501,-13.929614896392822
1478633839741,25.57800765686353,-2.924534224339844,6.444711980052747,0.9323918907607905,0.9831190567016601,-13.29170979156494
1478633839775,25.67368268564746,-2.9769277759973867,7.3467864586480855,2.1233576704163104,1.1405378158569335,-13.779528087560832
1478633839809,25.781685727290714,-3.0146610257056308,8.382843050522824,1.5577274003402328,1.2478279777526855,-12.607716304779052
1478633839843,25.912102461197826,-3.0847125439362015,9.451132555153134,1.9900304193358866,0.9727940620422363,-13.250110537719726
1478633839876,26.093767266958967,-3.2248133973670146,10.92612234091163,2.2303484475066884,1.0494085151672363,-13.289614865112304
1478633839909,26.207461954962394,-3.29323635430558,11.920969632357037,2.4889222633361814,0.7942764007568359,-13.15060153121948
1478633839942,26.339215747344973,-3.352748685404947,12.810691920570475,2.6789620201110838,0.9044096771240234,-12.94440062097758
1478633839975,26.454125173527757,-3.41895763455432,13.579022743264918,2.6409540322234855,0.9496002334594726,-12.69570350805074
1478633840009,26.570066503066435,-3.4258088521389687,14.397657470540967,2.2828712190269025,1.1091139190673827,-11.636717601720989
1478633840042,26.727271766813672,-3.3445004609160134,15.376314025654757,0.9705494979858398,0.7454945419311523,-7.3062054950438435
1478633840075,26.802661404712133,-3.2567401855674882,15.974630058084463,0.34401685104370117,0.2835632773910649,-4.161122485351562
1478633840109,26.88409478871625,-3.2318651673049597,16.273210161725313,0.4046199344359338,0.1240495735168457,-1.682225941467285
1478633840142,26.902787734451234,-3.248720569685518,16.183333944001863,-0.2952349922180176,0.08753799819946288,-1.2032359718322754
1478633840177,26.97645024567791,-3.246609060812251,17.600632290247535,-0.647332273864746,0.244507844543457,-1.2924199836730956
1478633840210,26.788183517060325,-3.2526357987695946,18.674413069495753,9.131036511285602,-0.5779004622528329,-5.249586415100097
1478633840244,26.81728135487016,-3.2292573250433216,19.31319706363065,8.617778945867716,-0.48931496429443355,-0.07751227874755859
1478633840278,27.096241397133234,-3.309064926016569,19.291271328479823,2.1408651239257304,-0.03696048812866211,-4.139425032806396
1478633840311,27.183510452691998,-3.3708627342952933,19.816835495821643,2.2931961314879357,-0.03935472632143646,-7.848941083880513
1478633840344,27.22695618385843,-3.413884338650356,20.268087404167023,1.9524713077269493,0.4950012023704592,-9.680206334420852
1478633840378,27.215579766394878,-3.4252234950925793,20.565580445582288,2.2260089935302734,0.15337854385375976,-9.14270805029933
1478633840411,27.194634944452616,-3.4140755069745357,21.167732153460673,2.424278891577199,0.3537432952880859,-8.469039167730509
1478633840444,27.184098892004428,-3.405709041456588,21.304382364658323,2.360084213433787,0.3136404357467778,-8.115296383899077
1478633840478,27.110632096177326,-3.3901277807905843,20.977505135437966,1.7914615383423864,0.5511152786641963,-5.057900644683838
1478633840512,27.055968692268596,-3.397487156173893,20.970394405148042,1.5798738204956053,0.5771522282828504,-4.757428336334228
1478633840545,27.010094274415902,-3.423484060426551,20.950469654632897,1.7063177418030797,0.22400749282836913,-4.9215804953977464
1478633840579,26.964110110382986,-3.477603468396054,20.83397973470075,2.296488377966359,0.40132803501738235,-6.305877967779338
1478633840612,26.88099390322514,-3.5103659108421383,20.616352112840477,3.130568454388529,0.8219593574523926,-7.747037875720113
1478633840646,26.821216041340612,-3.5346599644334407,20.370243697721193,3.186682281803805,0.8649053314651363,-8.86438211872261
1478633840680,26.762708953958875,-3.498795679609769,20.0831232754464,3.4213142910942898,0.7845499747787602,-9.651924827310257
1478633840714,26.68982387935649,-3.435238578089119,19.82490284599742,4.241926645251363,0.967856021118164,-10.323647847924754
1478633840748,26.624501065520796,-3.3480188063189464,19.573185495376134,3.4295442405700682,0.7848492134536617,-9.61301879460439
1478633840782,26.563732108885674,-3.2811036409330616,19.506266044417572,3.6405332253387197,0.8143278396606445,-10.221146308545023
1478633840817,26.497568973353562,-3.1828989254097384,19.375870114239344,4.019116253253072,1.0019733947753906,-11.202918626812846
1478633840851,26.36688273872093,-2.902920513906344,19.2097832364814,3.803039736087061,0.6711246528625487,-10.546757734326272
1478633840885,26.3144537651156,-2.784434178335408,19.14794183323948,4.009240463665873,0.7718307784591801,-11.165509079742431
1478633840919,26.260456918073242,-2.6606583252056524,18.9948290631894,4.316596028723195,0.750133307647705,-11.69567510986328
1478633840953,26.2117222869605,-2.5384685082137004,18.888244796442592,4.3566989795960485,0.6992565223693847,-11.69402895009145
1478633840988,26.163445349420943,-2.3889710679236504,18.7030699992823,3.6809353418212383,0.45130701750603036,-10.622923274639993
1478633841022,26.156977345117394,-1.6379590499616032,18.851621493901423,2.6120739016326144,-1.792059942626953,4.337245944976806
1478633841057,25.871622381532397,-2.050338911995379,17.16872221514834,-0.8182184173583984,-1.9829974884917958,2.4304133757442234
1478633841090,25.902825591810036,-2.0732128204200455,18.330019013792207,5.60542463684082,-0.18525135345458985,-21.34221228931844
1478633841123,25.79242737526403,-1.6758015832028155,17.55139279402558,0.11911153259277343,0.15921441953354515,1.9678841270446776
1478633841157,25.766257721657798,-1.9286674465201183,17.2361863005635,1.1085152225218713,0.20021512296372093,-7.721300061742961
