sep=,
timestamp,gyro-alpha,gyro-beta,gyro-gamma,accel-x,accel-y,accel-z
1478633201552,33.97829915240529,2.0941699301215912,-7.774040324630515,-1.265036343284254,-0.39743748928566924,-9.715221294526152
1478633201586,33.97937990727641,2.099984949813195,-7.799683122236564,-1.2759598883587169,-0.3699041496442747,-9.725696154547377
1478633201620,33.98211398452902,2.109279781779036,-7.857171749611251,-1.3452419904432782,-0.37394437636223155,-9.707739257094499
1478633201654,33.983109603001566,2.1094705594846954,-7.917940626470059,-1.3730746566661867,-0.3556885812828521,-9.72390027611504
1478633201688,33.98582372760123,2.1055403799735974,-7.978500039216486,-1.398064145627222,-0.34985270617388886,-9.716867597574344
1478633201722,33.98827056145913,2.0982241500211236,-8.05979982814124,-1.4450503075420158,-0.34222119066542944,-9.725696213912881
1478633201756,33.990716160522986,2.09541747435993,-8.106202267727216,-1.4561235267528565,-0.3517980235638737,-9.69412235643423
1478633201790,33.990806888832395,2.0959283512787366,-8.138351230443838,-1.4749778054610825,-0.35972878366951444,-9.710582822212189
1478633201824,33.982315176865676,2.10022544695863,-8.134148061093368,-1.3507786422895383,-0.3506008987592649,-9.695618787841576
1478633201858,33.97886869002449,2.106733114129396,-8.121280778181571,-1.275660590318311,-0.39803603970070833,-9.703549529181439
1478633201892,33.97445357227026,2.1155538626942327,-8.10091274537535,-1.2981061578170396,-0.39175122837675735,-9.71522142067785
1478633201926,33.96557499198222,2.117136677375332,-8.10906987402226,-1.3172598213306395,-0.37304654503145135,-9.704896701725529
1478633201961,33.96978876727881,2.0217203689323258,-8.197345218612199,-1.5480010382942389,-0.2648585495216306,-9.69561902644524
1478633201996,33.96959022651155,1.9856751130786854,-8.214109340545406,-1.5481506576316897,-0.23493104703598655,-9.723301948320644
1478633202030,33.97287289752663,1.8599976076031175,-8.226309291120158,-1.4249989348535774,-0.2790741401451174,-9.785251557800871
1478633202063,33.974545252264896,1.774858395324301,-8.188960752366096,-1.2767080535446294,-0.2908955108421389,-9.804555356675152
1478633202097,33.988759948794105,1.662210125245575,-8.701078274395524,-0.7547720002990216,-0.4109048690574709,-11.672481135150045
1478633202130,34.00449278280682,1.450382486079127,-8.687062185553478,-0.8611644096374511,-0.9190741622924804,-13.260435824640094
1478633202163,34.05721870747018,1.3788681801840719,-8.742366245382204,-1.7645266418014651,-0.16983867570075672,-13.415310452270507
1478633202196,34.098998382479,1.3385223040217211,-8.79254000701719,-1.3230957472427747,-0.38307226562499996,-13.087454462432861
1478633202230,34.143830736142505,1.2707143560772673,-8.749491022217144,-1.2565069587707518,-0.2518400825611083,-13.514070978491008
1478633202263,34.20350343997647,1.2120785985935503,-8.709296061991157,-2.3671172538757324,-0.23807341844863256,-13.517512935638427
1478633202297,34.25951402708946,1.175841984411109,-8.651464542649448,-1.7033247887984848,-0.2680009483337402,-13.721768557031451
1478633202330,34.35592928238417,1.1519866906071707,-8.446192351615853,-1.6829741294860838,-0.5241805259704589,-13.077877655792236
1478633202364,34.399051201866364,1.1321155529187161,-8.463413085923849,-1.8971055039336904,-0.5234323196853511,-13.168857611139117
1478633202397,34.556609718304614,1.1127310449469472,-8.393370774875228,-2.538152961907908,-0.2855085479736328,-12.79401512145996
1478633202430,34.642847545298466,1.13107499651233,-8.315234625014565,-2.403778393731639,-0.2745850028991699,-12.400618153436481
1478633202463,34.72317949782082,1.144765244980951,-8.178743911222886,-2.7111341049194335,-0.16026188047657486,-12.143690241650491
1478633202497,34.81435839214885,1.2102944183943325,-7.890054321594689,-2.7111341049194335,-0.1149216796875,-11.431265610150247
1478633202530,34.895895481631364,1.311847858237482,-7.45266151131093,-2.6185084281921385,-0.14050970993041992,-10.201244361114501
1478633202564,34.99549076010431,1.5266815832182499,-6.774594989392052,-1.9301754508972166,-0.21592706679191906,-6.6066498435974115
1478633202597,35.060505244248,1.683506294814769,-6.293891722133099,-1.3699322441543451,-0.2991255676324828,-4.300285456848144
1478633202630,35.11907580149075,1.8097330038512638,-5.897625175659521,-1.0657189957107416,-0.21517888333969748,-2.7659014678955076
1478633202663,35.17309395356541,1.9054958871170815,-5.2941955381430414,-1.1930605965103023,-0.16041151123046873,-2.1517887420654294
1478633202697,35.21172295331709,2.0067622233341122,-3.484127690093251,-1.2005424949645995,-0.06913259120332077,-2.7590181381225585
1478633202730,35.21481369462223,2.03718521426998,-2.8262260516974207,-0.46043490905208745,-0.04115034103393554,-3.5716999641418457
1478633202763,34.92638087464555,2.1137653808746575,-0.9019788290681916,6.284929159910697,-0.12045827102661132,-5.976675824029743
1478633202796,34.994244969573124,2.1549629746586922,-0.6324388373886061,8.811260933784673,-0.5229834251403809,-7.990797970636189
1478633202830,35.24819689344322,2.2227586629092815,-0.5988759552029462,1.2485761201057117,-0.2237082176208496,-7.99453876459971
1478633202863,35.33003661542315,2.3132955785217297,-0.15657070273828522,0.12838906630916752,-0.692672449537646,-9.567529163990821
1478633202896,35.38610663670557,2.413971229502142,0.30121697439333706,-1.462109044602979,-0.5527613174217287,-9.031826414666696
1478633202931,35.41059975659681,2.515370132727708,0.9807803262228779,-0.48063601980898524,-0.7003040038620121,-9.899874062745551
1478633202964,35.4246386858895,2.6995160978108204,1.5533312166741873,0.4225765930175781,-0.6889315277099609,-8.052299025781453
1478633202997,35.439228158719764,2.756129218815024,1.9103007127512304,-0.2319382858276367,-0.6916250228439458,-7.379079446466267
1478633203030,35.462653992965826,2.827717256795611,2.1337927211806087,0.16789340968476607,-0.6597521767104976,-6.12257219543457
1478633203063,35.52022881288654,2.820834448169256,1.8119877272989229,0.16295534136123022,-0.47539866942806397,-5.142745166015625
1478633203097,35.56826011760974,2.7553611791027395,1.1690530097087544,-0.39055414581298825,-0.30466214298857375,-4.8041152687072755
1478633203130,35.59939157698733,2.6341061284354765,1.0190950716613467,-0.637755467224121,-0.2302922721862793,-5.5355438758850095
1478633203163,35.6041275012319,2.392977444953871,1.2068108912959261,-0.46896423191679637,-0.19138651347504929,-6.66201546472758
1478633203197,35.591303299895806,2.2136198246412513,1.1618523186600456,0.050727138541406015,-0.0474351203918457,-7.666083785955608
1478633203230,35.59132187287117,2.0277422816134396,1.0244024217750045,-0.5246294753143563,-0.008230068206787108,-7.927052351434528
1478633203264,35.58181258341261,1.8405751771386982,0.9042455157602113,-0.042646717071533204,-0.005835866546630859,-8.879645190838724
1478633203297,35.57399408792531,1.4729489261564217,0.17866779151570988,-0.9681553191585699,0.1096843635559082,-9.948356929491506
1478633203330,35.569517001276864,1.3238886207646772,-0.10052205373846883,-0.20694881170797744,0.053719899749755856,-11.032780671337992
1478633203364,35.548821084134225,1.2230920302963664,-0.4640961112314987,-0.5443816207443364,-0.01780687484741211,-11.360486731310933
1478633203397,35.52746560412736,1.1640353767465388,-0.8132103833765201,0.07092822418212891,-0.23657704469432356,-11.531672150012104
1478633203430,35.514423537186694,1.1166101414179792,-1.4268166812257221,-0.6308721191848627,-0.14933832855224607,-11.667243819018452
1478633203463,35.50067664342647,1.1109526433019388,-1.9401707426228922,-0.09546880946503952,-0.24570493624038062,-12.276717925262451
1478633203497,35.485473598660455,1.1332865889048256,-2.581270868285971,-0.8245031967163086,-0.14514847564697264,-12.506411354772746
1478633203530,35.47847769841005,1.1988896835847438,-3.274524347519084,-0.44277766952514647,-0.18285714266127906,-12.77156918863505
1478633203564,35.45656595260925,1.3111361186667363,-3.8619889879326355,-0.6735188716473698,-0.2717418929943116,-12.238859319250285
1478633203597,35.42229077630427,1.5711873431318488,-4.4739120677548865,-0.47554834128115325,-0.4004302367942873,-10.791265725000201
1478633203630,35.44795107607591,2.356283564762947,-4.37860348464035,3.568557720593363,2.9019220497131344,-15.122675511169433
1478633203663,35.356812218957536,1.4734202065493445,-4.115727972036568,-3.7128082244873046,0.8683469963516108,2.1788725638240574
1478633203697,35.45072654774782,1.927482059777371,-4.030580735637947,3.7954083278931674,-1.44400283974912,-32.62713217686117
1478633203730,35.28895207618357,1.9070993165126238,-3.2804632661792943,0.9865606850555166,-0.4011784156799316,-0.6892308029174804
1478633203763,35.1996247536954,1.8135550372476623,-3.1060740834163876,-3.1600469527313484,0.9347861106872558,-21.95393139801025
1478633203797,35.18454353944549,1.9097344910210348,-2.9434526408917563,-0.9835679695129393,-1.4743792733123524,-1.9418471839904785
