sep=,
timestamp,gyro-alpha,gyro-beta,gyro-gamma,accel-x,accel-y,accel-z
1478633520562,29.853676319884862,-1.9441764422859174,48.14337891847339,7.28151563634171,0.2893991165382322,-6.550086710645211
1478633520596,29.85361311473804,-1.9406396046017533,48.14239731306342,7.2966287654642095,0.31109656451682094,-6.560262428460479
1478633520630,29.853152203817153,-1.9353735310274138,48.137727425491775,7.288249141281232,0.3187281131329655,-6.547542854827453
1478633520664,29.852379982377244,-1.9353075625377036,48.1428647836723,7.295880803490985,0.3296516546397899,-6.542156080330259
1478633520698,29.849355443507648,-1.9389278622588741,48.162074490862416,7.295282343265847,0.3526958206453244,-6.54589682120732
1478633520732,29.848551665900178,-1.9443885741279128,48.17360166601978,7.319224044202756,0.3500023723187565,-6.522853025237249
1478633520766,29.845742017341042,-1.9531782962344997,48.184509237458485,7.338527137540851,0.3517979961644101,-6.518961982890259
1478633520799,29.844277716353254,-1.9618331361926273,48.18978092202062,7.329548867615533,0.36870704653090797,-6.527940566196941
1478633520832,29.84096293629638,-1.9677799436702392,48.187675326229765,7.319074411165574,0.36706103517283917,-6.498611320152925
1478633520865,29.83741239530951,-1.9800945629695268,48.17882729689283,7.351845046388963,0.3933972602844238,-6.510133438475314
1478633520898,29.834584862929372,-1.9906099474950831,48.16464950098885,7.355885535685112,0.3682581497026491,-6.504447508643253
1478633520932,29.83067626998357,-1.9976057408192291,48.12268735235057,7.325958003516716,0.36840778730640883,-6.514921736764348
1478633520965,29.824333948502833,-2.001827075033494,48.05747637302834,7.326855831422563,0.3497030765616393,-6.511031213865522
1478633520999,29.81937720507728,-2.005396076395662,48.0011367854849,7.279570318380903,0.35254619674129645,-6.538415167064906
1478633521032,29.816585835562748,-2.0086901703774096,47.94506539895513,7.296628610771405,0.3260603545755497,-6.567444740609181
1478633521065,29.81521582126517,-2.0033452816880417,47.88235621500936,7.289146819631673,0.32471361271677884,-6.590937997950625
1478633521099,29.813622269382794,-1.9725093134515412,47.81167011093468,7.196371630881494,0.23882163386689498,-6.591835444547271
1478633521132,29.81007063840447,-1.9265129059055637,47.7206249493879,7.181108517666184,0.23852233125991187,-6.634183158122632
1478633521166,29.807316756887467,-1.9220713008035157,47.68020802098517,7.231686090527422,0.28715457074814477,-6.668450233315699
1478633521199,29.807933578472348,-1.928467857056117,47.65674374022399,7.174225137660885,0.3374327867742948,-6.693290052706934
1478633521233,29.807979806798706,-1.957075519940081,47.63565109696027,7.149684853772073,0.3233668446001888,-6.677428274912154
1478633521265,29.811152780765333,-1.993010787509045,47.656830794936745,7.157465598175627,0.31977555466804186,-6.69164426739444
1478633521298,29.809240857769726,-2.05030828935786,47.6867087010724,7.029375818490423,0.4125508872654056,-6.74296966408994
1478633521332,29.791419674594223,-2.052086537978624,48.01091583957484,7.867496512072905,-0.2786252547333017,-8.338704960986226
1478633521365,29.792821152216163,-2.1733839474423378,48.23421748085203,5.771073464202881,-0.32531218710634857,-5.726331820678711
1478633521399,29.789019380527183,-2.2320437725672777,48.552150528111106,7.598896702796872,0.6346130592788569,-6.800280756732076
1478633521433,29.80042231066398,-2.2857241927133694,48.737207138238325,8.772953725488483,0.6476315490722656,-8.388384937695413
1478633521465,29.818309095299217,-2.2871774298295215,49.2177235074003,8.57543194239512,0.3743932720488461,-7.612812945147604
1478633521499,29.844794273477046,-2.289149931787331,49.80124446247055,9.364022114209085,0.7353191848754882,-8.956858048248291
1478633521532,29.85258047970413,-2.276378591384989,50.32867379611325,9.716717654009909,0.6627449470520019,-9.067290307562052
1478633521565,29.86297182667922,-2.240719292963968,50.84638310652426,9.837624837847798,0.730381143951416,-9.192387636566162
1478633521599,29.87905335166231,-2.140585934247193,51.7725567795215,9.635015668487549,0.3628711919715424,-8.094646321514993
1478633521632,29.885052268615386,-2.0785586950816843,52.4240247492401,10.104428977612406,0.6220435188293457,-7.905354606628418
1478633521666,29.907265062817892,-2.0083407034961334,52.964925826937474,10.05834015726298,0.5719149033035151,-7.54188501322642
1478633521700,29.91531634131149,-1.9409296266398515,53.35551012804499,10.398167447662352,0.5401917313064448,-7.461080414935201
1478633521733,29.921055908020048,-1.8534578031463398,53.608801950695316,9.963919413812459,0.4375403442604001,-6.791153301294147
1478633521766,29.905959865994884,-1.7489296708459259,53.51998110174136,9.925611602728068,0.45759179229736324,-6.187814227206446
1478633521800,29.904560547437463,-1.6799598898215755,53.30411207546652,9.38257732320577,0.4611830947875976,-5.89557222680893
1478633521834,29.897283235613997,-1.6181750296994113,52.99480093217586,8.982595569964499,0.3169324538963381,-5.547963541268743
1478633521867,29.898876827299993,-1.5395636072796868,52.38099234954471,8.34962887138687,0.3719990829467773,-5.343259262792766
1478633521900,29.89602130169112,-1.464183775741297,51.950804237238806,7.583184736135788,0.2940378822547849,-4.8693571908812965
1478633521934,29.903498606821632,-1.3974713342526686,51.54595308278248,6.712144573443755,0.1991676551708253,-4.319738199206442
1478633521967,29.912826379483366,-1.3467212487642328,51.20572691129504,6.032190936633199,0.16460135500258766,-4.00879140472412
1478633522001,29.93337305679112,-1.2849212022376177,50.97561004765202,5.147982774408161,0.050128597259521485,-3.5519478004455562
1478633522034,29.987657087668513,-1.1984339812762268,51.52389008129013,4.193444500024617,-0.04863222122192382,-2.959682457025349
1478633522068,30.08536537776315,-1.1220072225769848,52.760090875197996,4.192696019744873,-0.0469862075805664,-2.786701094818115
1478633522101,30.188315729383643,-1.0638399522105217,53.972039683398506,4.740519287109374,0.01705868682861328,-3.063680591638386
1478633522134,30.33955767269453,-1.0003559952392926,55.56273115198622,4.3801919372558595,0.06778584363632835,-2.992303162384033
1478633522167,30.45105952848549,-0.9778703100490087,56.66259806997309,4.05083927911967,0.05566517946547828,-3.1174000529967247
1478633522201,30.6063345785105,-0.9352440703242781,58.575987758036156,4.794089256994426,0.16370353537366172,-3.7530610321596263
1478633522234,30.762573799009875,-0.9190824607313238,60.45807134901191,6.476016215515136,0.30092122116088865,-4.6103344439742155
1478633522267,30.795401457067666,-0.9582659608315683,61.00190597384471,7.2717889923095695,0.36930560607910157,-4.007145318017527
1478633522301,30.817751846234682,-1.0161582327927259,61.72047849497518,9.288454905114694,0.28371289672851563,-3.923946883392334
1478633522334,30.874486032481965,-1.061510642134087,62.42344082368741,10.258106358282268,0.4267664459228515,-4.170400126382522
1478633522367,30.948624426833117,-1.0910998454438754,63.212931072871335,10.482862185259908,0.4246715194702148,-4.783465279388428
1478633522401,31.009575249352785,-1.0955738987265868,64.49172095925898,9.979032300335541,0.2672527694480959,-4.730493640722707
1478633522434,31.0346004362954,-1.1032229997071388,65.38136483075266,9.62065045852661,0.2172738029424683,-4.512471688577346
1478633522467,31.049138782503018,-1.10957052692562,66.24414831905204,9.304915187658741,0.01945288848876953,-3.959411139330582
1478633522501,31.070129275247112,-1.1327347397149816,67.09072082868573,8.738836023037694,-0.0613514175415039,-3.38091190975029
1478633522534,31.136877027092456,-1.2193292756024154,68.16559328854176,8.627206114904581,-0.058657940673828124,-3.47742814590903
1478633522567,31.162467216586627,-1.2525976122480806,68.48252711484677,8.55971988440249,-0.07272387542724609,-3.4299932447128927
1478633522600,31.23490761780298,-1.3728803985128073,69.13440372501519,8.711452378082274,0.07257423782348632,-4.162918209661916
1478633522634,31.26680117899409,-1.4748839004347776,69.18104512264118,8.440159329400583,0.2406172588541929,-4.283376407623291
1478633522667,31.263064161930988,-1.5145610648455679,68.84542745820042,8.143128832067921,0.2813186859352048,-4.0524855119567365
1478633522701,31.23886278423058,-1.6329844698880736,66.95211841303698,5.394285685674846,0.005985504150390624,-3.077596450396627
1478633522734,31.36503996929005,-1.397613363438723,65.86317080734436,5.988946107538044,0.10983399202651344,-2.7115828716002404
1478633522768,31.670845176803734,-0.8013866150767213,63.94760936881843,4.83942974319458,-0.003142389678955078,-2.067393133544922
1478633522801,31.85170880293006,-0.5956981258509851,62.649424035869906,4.579808792932331,-0.07167641220092773,-1.7066168708801268
1478633522835,31.871019488918815,-0.7190154558437393,62.09689687875723,6.539911326190084,0.0475847534290282,-3.006668518475443
1478633522868,31.870810772409357,-0.8325048714566046,61.532161283566495,7.995137168884277,0.09277531433105468,-3.8539164848327636
1478633522901,31.86480964353086,-0.8769964875329692,60.8597455690939,8.519916478165216,0.07811082916259765,-3.9056910957336424
1478633522935,31.866018274906498,-0.8858402607091564,60.060638340070994,8.254758685402106,0.1273416053661378,-4.026598279571533
1478633522968,31.8638415757175,-0.901397381838012,59.17282537677068,8.13639517643135,-0.0032920272827148436,-3.8337155544556674
1478633523002,31.86646333699639,-0.9300873359326681,58.22637555462162,8.369380589841876,0.07796119155883789,-4.361487017590179
1478633523035,31.870704675676357,-0.9443145206321034,56.73301685139544,8.639775965881347,0.10998363419685046,-4.8310497816557065
1478633523069,31.885966772692566,-0.9480518504424879,55.301772010472874,8.70037904927358,0.0665887336730957,-5.276521457771491
1478633523102,31.889004117003257,-0.9442457712798442,54.85582737206731,8.746467504296824,0.07422025146484375,-5.426008930737153
1478633523135,31.90859641219999,-0.9247354071212941,53.74003494789035,8.682273191479593,0.11312602387580555,-5.843348235022602
1478633523170,31.883386793462684,-0.9478797152006153,53.3424109268609,8.731802872997894,0.09711480027351062,-5.920860847130301
1478633523203,31.81977960684636,-1.0123572103653935,53.333970415484195,8.39377181836553,0.14903906019459245,-5.83003054308691
1478633523237,31.713009636821763,-1.1294662655536172,53.810755271171246,8.912116185528411,0.16609774245662848,-6.30034188789688
1478633523271,31.6904403064119,-1.1628744444240613,54.008990657888205,8.814103555065765,0.25049333956069314,-6.265625963824615
1478633523305,31.69769746410327,-1.230041867987605,54.450875458764116,8.754697499438375,0.20829554386277158,-6.36992300831899
1478633523339,31.72547613431876,-1.2438934146432963,54.783070424534586,8.40798713499438,0.2688987739562988,-6.373664167608693
1478633523372,31.766753158259757,-1.2699691310921621,55.13047335394078,8.381201967388764,0.30301614761352536,-6.330867666802927
1478633523405,31.81210838756359,-1.2726499484910132,55.679368008540095,8.187122123176511,0.2873042083519045,-6.220884101104736
1478633523438,31.87053371663636,-1.331483301334059,56.42560769424273,8.192059976870915,0.28221651155776345,-6.021716523565724
1478633523472,31.22849248324568,-2.254725749635027,59.610818493532825,34.403480755615234,0.29343934097290036,-17.183185899463297
1478633523505,31.390971605521855,-1.7868898677381995,59.87310867278286,-1.0934019706726072,-1.032798686350975,2.014870334625244
1478633523538,31.28137540291729,-1.6687731172294482,58.38806015735381,1.281346800994873,0.8643068175827152,5.8726768126338715
1478633523572,31.449503031965325,-2.0857806396644913,58.72269448827854,25.767894058117268,-0.3591302490234375,-19.787029257965088
1478633523606,31.478185743491725,-1.5445125510034592,58.78149979466323,4.103512007904053,0.3781342247009277,-3.494786235809326
1478633523639,31.498315332483088,-1.532268168772568,58.609864283759016,13.056928683526813,1.1020809151580557,-8.883535622406006
1478633523672,31.49162081927261,-1.5061412866858037,58.710531906590944,5.342810642242432,0.2621650783621764,-2.241571596582234
1478633523705,31.46554364358284,-1.4488946118172887,59.12550197185373,5.69161618886739,-0.23942014774931594,-3.868879952947795
1478633523738,31.45035823079677,-1.4882197980964715,59.39240134909979,9.911246392767131,0.18570026169929188,-6.533476763097942
1478633523772,31.472927553539332,-1.4120580370773415,59.647099592090434,7.470058963421732,0.40147769088745117,-4.225766003241017
1478633523805,31.44307005686432,-1.4158804165456809,59.94809478415471,9.603142785821483,0.042646717071533204,-5.356278136178664
1478633523839,31.466078453904757,-1.3917584495105644,60.26966710299781,7.853131082916259,0.21772271347045896,-4.61781637896113
1478633523872,31.45901187984268,-1.370136592885263,60.75553722927164,7.986308696392923,0.27772738344497044,-4.569184230804443
1478633523905,31.434962060301075,-1.3697651369039723,61.09040775316746,9.107094165890476,0.023044190979003905,-4.606743178016599
1478633523939,31.4553479895528,-1.3482882981660103,61.426489158423244,8.429385421929881,0.18914193115234373,-4.624400442659715
1478633523972,31.449374956184435,-1.33362680809082,61.763391986394645,8.935010903300437,0.02558803024291992,-4.41445887545161
1478633524005,31.44641141893917,-1.2749863490709326,62.30147821222265,9.030779280233942,0.051774610900878905,-4.345326412112452
1478633524038,31.453813356075646,-1.20218052280353,62.678764383597425,8.727014501643623,0.2127846645548765,-4.365377686619479
