sep=,
timestamp,gyro-alpha,gyro-beta,gyro-gamma,accel-x,accel-y,accel-z
1478633488807,31.344400943628838,-2.457178911378027,11.126043145018143,2.0599112168243154,0.40776245197905225,-9.614066333535998
1478633488840,31.36884465358346,-2.4264931086167305,11.341323146062985,2.2854151222229,0.35673606562959026,-9.600000287115495
1478633488874,31.388646671733966,-2.4270866278761423,11.377886962965045,2.0998645483597183,0.39938277470961325,-9.590124291461496
1478633488908,31.4002855021155,-2.4318450447311895,11.332241766396793,1.93286894831449,0.4183867308364446,-9.627533525721367
1478633488941,31.405812177433788,-2.442620050306155,11.228698534920126,1.8426374161651358,0.4159925246097111,-9.636362221975007
1478633488975,31.407326107513672,-2.448748688493798,11.17811180026821,1.8255787613025634,0.40701426738518637,-9.637410121309454
1478633489009,31.408537718046702,-2.4567768316574075,11.146323212478844,1.846378411058057,0.4363432354388118,-9.644592367813608
1478633489043,31.409947759109606,-2.4660116325226373,11.136744375927302,1.8538602273139635,0.4300584606474789,-9.644891907882608
1478633489076,31.410749418688095,-2.4800243937838657,11.142436950156945,1.8930652775903356,0.45400048524055164,-9.610923853167671
1478633489110,31.414724568111957,-2.494913699784745,11.179586216930954,1.9366099409241229,0.43379941215791623,-9.622146831139275
1478633489144,31.414845974416437,-2.5088346613898356,11.207413987065808,1.9412486815245007,0.4596867278831545,-9.60778153469878
1478633489178,31.41335857912255,-2.54621875759215,11.268204976526953,1.998709482552344,0.4920084457286866,-9.60389103720154
1478633489212,31.41172217533096,-2.5546813190781745,11.279600857577849,2.011578334741993,0.498742119631567,-9.600000377305395
1478633489247,31.410181817719337,-2.594987028274418,11.319238492156723,2.024147893457813,0.5084685638759517,-9.597905325271885
1478633489281,31.408518568930557,-2.6139484162335815,11.32839736025537,2.019209752069041,0.5147533478004392,-9.606434925627514
1478633489315,31.406262126887576,-2.640361313634819,11.300117291319129,1.9809026670704362,0.4734533851457643,-9.614964089732311
1478633489348,31.404409001939868,-2.648106378680022,11.262702938802901,1.966687053614063,0.4746504631429561,-9.630975704347785
1478633489382,31.402404016319345,-2.650585863203154,11.238482111211695,1.9695300858871079,0.4860229507114505,-9.616759948185871
1478633489415,31.40048985212363,-2.645170560143937,11.158808353840366,1.9241898987977648,0.4375403705182194,-9.627084973669692
1478633489449,31.396488267962376,-2.6384131965232496,11.059473988306397,1.8523639448912,0.43469722522238735,-9.604190452260488
1478633489483,31.393048468131106,-2.6399530024538786,10.990031968068125,1.8736124149847833,0.45519759606001753,-9.636811447596829
1478633489516,31.3889803295497,-2.6410966853433115,10.946804137862568,1.7937060110672376,0.46073416713494225,-9.632770833861448
1478633489549,31.37521413339457,-2.6007492840728763,10.892026759576519,1.8709189050094224,0.31393968355483376,-9.60718299427313
1478633489582,31.36757620714499,-2.5468835393506826,10.857323428154963,1.8650830772786982,0.25737666020048783,-9.623194347309349
1478633489616,31.356185299013298,-2.5211228467115134,10.799165114713006,1.8435352937325107,0.3769371101711178,-9.623044859689111
1478633489649,31.345417676981064,-2.523340493876942,10.7374121908128,1.859097639343678,0.43709143259076516,-9.665092959274002
1478633489683,31.329814673671596,-2.5494455522210395,10.62485095340866,1.773953733206517,0.4676175208824221,-9.630077474226374
1478633489716,31.317366703252883,-2.568576123766744,10.536986440706192,1.7732055531792283,0.48722005154152864,-9.627833049807348
1478633489749,31.31239671262413,-2.5737531153823174,10.483927721853753,1.7503110740108647,0.43454760531411446,-9.66015455074046
1478633489784,31.308003733437133,-2.5791701964258853,10.432474715876573,1.6741455473968758,0.4336497859705996,-9.62813214349342
1478633489818,31.30660708088028,-2.5814875592148816,10.395716029025072,1.684919354402879,0.4456207934151476,-9.649829817517585
1478633489851,31.30801012244439,-2.5827237448764877,10.38127988628672,1.7137994575942865,0.41434650654448196,-9.660902747892413
1478633489884,31.305050197648193,-2.5911711921222285,10.391888594925033,1.7993921555284293,0.3615244415504392,-9.678709793986473
1478633489917,31.309069374853543,-2.5981731596407625,10.461502981239448,1.9791070021255872,0.30421323931044897,-9.670778770375053
1478633489951,31.334058667972137,-2.583277729176526,10.497397333170232,2.114080138983205,0.35359364855117165,-9.62618726906143
1478633489984,31.292179698403157,-2.6691433693024833,10.201755768221801,1.1628338918823748,0.4149450615260983,-8.779387630993499
1478633490017,31.287028773488554,-2.7506704052037096,10.142552633800069,1.7555484084087656,0.3480570663452148,-9.4611369738481
1478633490050,31.27799004834592,-2.8059761035191126,9.960928272576783,2.279878530883789,0.659452901502978,-10.578779889269917
1478633490083,31.25978722759763,-2.831339790972952,9.891922299834771,2.2593782157013194,0.5779004074539058,-10.89466472467631
1478633490117,31.20988027468394,-2.8451359810738786,9.862325408025047,2.4117091867309064,0.6796539780105464,-11.147402783557027
1478633490150,31.069756171792463,-2.887969647287936,10.696048141918846,1.8540099676657118,0.8643067993164062,-12.281655673925577
1478633490187,31.119842759622518,-2.8765278350248265,11.471136605368972,2.0552724145751444,0.6884826331649907,-12.547412058202921
1478633490220,31.233401431442687,-2.854266740453548,12.746258952369178,2.9878140342712403,0.8093897987365722,-13.410821324157714
1478633490256,31.351740390722,-2.7646038246668136,14.544728225813632,2.974496360601857,0.7059902328048833,-13.367576056671142
1478633490289,31.437507878286528,-2.6835996177541315,15.770216952074621,2.9354409642868675,0.7745242370605468,-12.810325620269774
1478633490323,31.5338470118399,-2.590450568446797,17.158690827336784,3.0903157745803704,0.5565022301162593,-12.258312499999999
1478633490358,31.629296204900704,-2.5083371985406835,18.611105612025558,3.4483985786437987,0.5687725227577146,-11.990760756738483
1478633490392,31.73756541978982,-2.4142705829144173,20.1038802738031,3.8090250941069796,0.35568857957038563,-11.541398740386962
1478633490426,31.901858042132236,-2.268041375229985,21.962447294151012,3.9489363266875963,0.6111199737548828,-10.25182209038101
1478633490460,31.9909330413508,-2.1943998468830452,23.14181366664489,4.23399596184995,0.39399580499124126,-10.037391331128031
1478633490495,32.06109624316296,-2.1428553602132863,24.089818953581442,4.528033780172653,0.5161000953674316,-9.665841087927296
1478633490529,32.149264417160815,-2.0993898457307973,24.893087356197466,4.777030789361521,0.30092122116088865,-9.369409177542291
1478633490563,32.27209588598459,-2.0366517442988714,25.144331932487212,4.5159133169312025,0.1548749198913574,-8.758438430399215
1478633490598,32.36239843605593,-2.023963444622982,25.640829845677285,4.059817864138819,0.24705169294052756,-7.798363427679241
1478633490632,32.425394850746216,-2.0427708084341534,26.11933693500626,3.4479496658325193,0.3664624779079342,-6.9952589928224675
1478633490665,32.46308220649738,-2.0583664409022524,26.47546549212891,3.0493150894165035,0.3604769720450771,-6.145017835998535
1478633490698,32.50521351391677,-2.071133519536294,26.776281333763272,2.503287473297119,0.29538461612204553,-5.256319815008342
1478633490732,32.56810244684251,-2.086762738232076,27.213612299654375,1.9391537071228027,0.2688987556899898,-3.9387612984254954
1478633490765,32.606486000150156,-2.119064978583352,27.462887278907658,1.4800655387878416,0.21158757171630857,-3.2908301818847656
1478633490799,32.590915243533466,-2.179186939530934,27.895107387828613,1.5806220085144043,0.18959082569731397,-2.5685294685363766
1478633490832,32.523416219897086,-2.341223320200889,28.405419858671756,4.718223279582593,0.11133035893095657,-3.4118870033264157
1478633490865,32.58387805640856,-2.4604180285284905,28.508075509404886,5.356726866326853,0.32082302246093747,-5.819256772613525
1478633490899,32.65721773397576,-2.584001431474372,28.65829431487612,4.967070582669042,0.8792705596923828,-9.619154082489013
1478633490932,32.67710797154137,-2.6648575185871826,28.88518923708565,4.413561013296433,0.9425672660827636,-11.375001725006102
1478633490965,32.635394592701736,-2.687885917511012,29.28125550598317,4.14062220670171,0.86191259765625,-11.372906798553466
1478633490998,32.55888785032694,-2.682847831871973,30.24482170544759,4.041711969812214,0.5940612869262695,-9.930550082043558
1478633491032,32.52105055693642,-2.656093770188979,30.822712525345818,3.708019528906047,0.3094505645751953,-7.746439544500783
1478633491065,32.50248079846498,-2.6605123521788565,31.399843413647915,3.8391023620605464,0.3447650390625,-6.947823434039205
1478633491099,32.487577826691314,-2.6986366680058547,32.10605745376666,4.129249456555024,0.22595276341093704,-6.341940776415914
1478633491132,32.48589121420101,-2.739670038197402,32.4678989453679,4.131494093676657,0.2570774215255864,-6.403741252899169
1478633491166,32.47714527225489,-2.771547907409222,32.73865694725461,4.200776669543608,0.27667991108549755,-6.44489130167216
1478633491199,32.46632025508916,-2.756501975340344,32.68681191445947,4.236689402185008,0.12868833923339842,-5.878064350891113
1478633491232,32.48359549003516,-2.726650304691519,32.52845933679383,3.4457049556456503,0.07257423782348632,-4.95105968786031
1478633491266,32.44094136657008,-2.8008797118203765,32.300595280739806,3.990535470934957,0.06703764648437499,-5.159055372564494
1478633491299,32.41428960364269,-2.8731969863241367,32.03859642119328,4.537460985742136,0.18884265594482422,-6.156390440014749
1478633491333,32.379524752605406,-2.9317726563244415,31.695500290797586,5.0980035042251455,0.21936874537812545,-6.862529999896139
1478633491366,32.34799379711863,-2.9714251864138475,31.27788858267723,5.3227590937407685,0.22101475901948286,-7.312191364520415
1478633491400,32.30254876542806,-3.0035166881615285,30.58392288814556,5.443815842117183,0.3312976729904301,-7.842955543197505
1478633491434,32.27346644438661,-2.9966760427121333,30.119959526015574,5.512200153970159,0.34027592921601607,-7.958026897021383
1478633491467,32.24301743818826,-2.9898720415576476,29.608888708251165,5.446808886453323,0.4445733299034182,-8.179789971923828
1478633491501,32.217003716127024,-2.964716408415808,29.07866223351193,5.72438660489507,0.516249746100101,-8.622268192711518
1478633491534,32.19674130359074,-2.926969819484795,28.536062944773942,5.518634826660156,0.4786906784444698,-8.71264961590967
1478633491567,32.18766918334001,-2.84496255840745,28.185289684869677,5.088277005181834,0.41404724960327144,-8.490736757272993
1478633491601,32.18089218118328,-2.8088537933509223,27.857990234042354,5.0065750561920925,0.4727051794314786,-8.646210139672778
1478633491635,32.17458876653627,-2.784746905577855,27.442711319715578,4.892850367736816,0.5371989929309813,-9.001300343499704
1478633491668,32.185983186611374,-2.732912882298981,27.348326261962555,4.906766664886474,0.6118681709068361,-9.353697046484426
1478633491701,32.191946907023635,-2.7214934449171815,27.459007959548483,5.043685145391896,0.5566518677200191,-9.44318004127182
1478633491734,32.2371176704691,-2.6904142045964328,27.673501789701977,4.653130917380517,0.5994482406616211,-9.616460678686574
1478633491768,32.280728721100736,-2.6603601682646487,28.033546254422333,4.463390591076761,0.7085340538024902,-9.920075449780374
1478633491803,32.31314993490346,-2.657543102239677,28.36277181097812,4.41894804009702,0.6681319007873535,-9.692326870727538
1478633491834,32.35638131542741,-2.6302809365130004,28.999341102140658,4.124162070288136,0.805050308227539,-9.357138784436136
1478633491868,32.21943549976803,-2.20914057265536,29.360036111046746,4.2534487772734835,-3.574991918359324,-9.024644028881937
1478633491901,32.398164951403906,-2.4907359948470345,27.84458088982037,1.3409025672912598,-1.3048398682525382,-6.6292448295041915
1478633491934,32.28603608605573,-2.7364358201645547,27.936259198353056,3.74363349779658,0.4764461183838284,-3.0123546012878415
1478633491967,32.23863398392655,-2.3949857295087957,27.93971728428982,0.8225579078674315,0.23328500599516555,-1.004217958831787
1478633492000,32.264060774588366,-2.512306007390812,28.27231292039087,3.273771495056152,0.003441664886474609,-6.158485512597858
1478633492033,32.23970062833785,-2.4973195542723463,28.62254003129691,11.706897930145264,0.6545148788452148,-14.841057540893553
1478633492069,32.28441020166062,-2.4071428040278975,28.545822416188297,2.173186919403076,-0.06419453201293945,-4.135235179901123
1478633492100,32.18112055327161,-2.5246833087623086,29.015709308010702,5.133617235653661,-0.030825346374511717,-12.51389352722168
1478633492135,32.26280446161677,-2.424709127038502,29.068527800674268,3.2314240531921383,0.6112696113586426,-6.613533173370361
1478633492168,32.215212973152255,-2.423863840112594,29.421970279961045,6.29360783040151,0.5773018753051757,-10.310180828912555
1478633492202,32.20344605078307,-2.377379097026583,29.89922527045574,4.759523189721628,0.5303156494583003,-7.996783365188725
1478633492235,32.19242712037432,-2.3788643683685784,30.12418135954627,4.2639236652649934,0.35942951966437975,-9.089736094256489
