sep=,
timestamp,gyro-alpha,gyro-beta,gyro-gamma,accel-x,accel-y,accel-z
1478633548678,30.466798002488833,-1.2230589761304351,33.912516136844395,5.514594410429242,0.1839046127374633,-8.112602760900929
1478633548712,30.45857646786788,-1.2299136691381662,33.82865754145723,5.52940881632925,0.22340894127168576,-8.120084458425827
1478633548746,30.449111342619457,-1.2369982302976181,33.72174887710458,5.481824108565994,0.21891981087560414,-8.15270529336114
1478633548781,30.4382109901943,-1.2491770652550347,33.60125351621167,5.395034350900969,0.2280477081298828,-8.163928147607042
1478633548815,30.419295912787803,-1.2521349281958152,33.4108379829828,5.347898558232281,0.21832126245844263,-8.239495626985724
1478633548848,30.39850877892355,-1.255610234102566,33.22056012381457,5.280112212272454,0.22714987337416967,-8.261791301152366
1478633548881,30.385439242950188,-1.2593288284639832,33.122925931593976,5.387552178452036,0.2356792282049195,-8.27226609781233
1478633548915,30.372416808614762,-1.2556457043342573,33.00067881235573,5.29881705430632,0.2069488105663331,-8.262090471328609
1478633548948,30.36296765291537,-1.2538512999213116,32.942200500229426,5.276670634150947,0.2162263388599167,-8.276904959427005
1478633548981,30.356930457579498,-1.2438399707954295,32.912620467694396,5.220108035488287,0.22116437093624552,-8.294861047186492
1478633549015,30.354524198432543,-1.2334152483763083,32.92809362758419,5.2476411993164565,0.20006547851009526,-8.295759114837645
1478633549049,30.35715045904942,-1.2160716475664255,32.973671038207,5.214870271832123,0.20904374008713894,-8.291868733502714
1478633549084,30.36030292701753,-1.2072143495846626,33.062485199149876,5.262305803215923,0.2114379381083039,-8.256703777888161
1478633549117,30.352919239524326,-1.2037176709326933,33.194219814263576,5.4349872828608605,0.2642600173729006,-8.195651483715482
1478633549151,30.32522967136058,-1.2003520913813317,33.38812776049556,5.953032936505228,0.17971475298232398,-7.895029465838522
1478633549184,30.323049091497282,-1.2010153804666726,33.26170195749432,5.723788091012649,0.07272386629409157,-7.948600166375934
1478633549217,30.307183493419902,-1.2210277603807826,32.95911628028621,5.399673100634501,0.04085106582641601,-8.1717093403914
1478633549251,30.290273384348815,-1.2436653457213709,32.71955043845652,5.295076142753433,0.2078466401846468,-8.280047426737775
1478633549285,30.269673301828277,-1.2592324498414285,32.5363359416383,5.196016070755711,0.3550900337219238,-8.317905452794628
1478633549318,30.262345903677282,-1.2691174057424748,32.38570860855106,5.1173068281753915,0.256478848277661,-8.332120815089251
1478633549353,30.254731258760454,-1.2864776517473906,32.24842081480671,5.082889896182856,0.1614589744567871,-8.358008065740764
1478633549386,30.253165769132252,-1.2833513153246159,32.162019427352455,5.125237338046869,0.15607201615485827,-8.35815792710681
1478633549420,30.254338736385375,-1.2734765980411513,32.11527883202247,5.135861612480389,0.1643020797950681,-8.386290029509086
1478633549453,30.2533138407589,-1.2760086250132623,32.09688732317383,5.209782813766512,0.15367781906127928,-8.27017091106479
1478633549487,30.256761084369007,-1.319664455300955,32.11531795720724,5.280860441390448,0.22655134101138136,-8.247575555265252
1478633549520,30.257148565416514,-1.3514313661057336,32.152230831419075,5.375431913856696,0.311545491027832,-8.29037201154689
1478633549559,30.25623868808801,-1.413316056913863,32.20534473291392,5.430947464851569,0.2817676124462159,-8.282441442309908
1478633549593,30.260071489566855,-1.4341167451533081,32.186574208533905,5.3034558611220675,0.2934393501060549,-8.207622301361663
1478633549628,30.2663620435748,-1.4606005377527294,32.13509759963562,5.421071346470806,0.2510919016062336,-8.292018449879931
1478633549662,30.27113405450822,-1.4966157007758765,32.01338661618185,5.226392616200086,0.14440029676132835,-8.34169806697116
1478633549696,30.27203878781956,-1.4662526973300631,31.905229782362976,5.349394806405716,0.036361937713623046,-8.18143619562774
1478633549730,30.305214267533653,-1.4515609035956443,31.698659267312838,6.47706338648051,0.2802712249921751,-8.488941051228949
1478633549764,30.26977148840883,-1.5252469301436866,31.06205801318706,5.259013529338035,0.24495676534624652,-8.30503636314296
1478633549798,30.264605200430324,-1.6067829725981269,30.63217242716818,5.2331262969528325,0.2003647468677489,-8.759785360629298
1478633549832,30.245669330636282,-1.6674227709232248,30.160667108931786,5.34759911862798,0.19797054064101538,-8.856301688119583
1478633549865,30.21216573618087,-1.740345908038765,29.778292321294476,5.548412709808349,0.28191724662504275,-9.105597643722406
1478633549899,30.126936211719762,-1.8376291208855746,29.82971936420853,6.245574305725097,0.6034884559631347,-11.190648489435016
1478633549931,29.928319020368072,-1.957294005216785,30.332011528012146,6.597671295110881,0.6443395217895508,-11.413309243829548
1478633549965,29.70049034888587,-2.0247221476105235,31.48089998795101,4.83119954712363,0.22670096056289038,-10.861445468902588
1478633549998,29.82035402158808,-1.8896056326090174,32.90363994544672,5.73994884262085,0.332045857584296,-10.390535783740132
1478633550031,29.785572192323606,-1.8386012245389596,33.87708414454157,6.193649911089986,0.720804337310791,-10.083180437878518
1478633550065,29.785973758547417,-1.7603559338263397,34.876499611784446,6.6171245489258315,0.8644564551864751,-10.878204588262737
1478633550098,29.811629442322825,-1.6348147773401382,35.65967582396815,6.461202311938628,0.443076944732666,-9.94506463734731
1478633550132,29.82696831291021,-1.5296358087878603,36.53720594886307,6.573430514758452,0.3223193893653806,-9.695768243353069
1478633550165,29.8611627812464,-1.3844210649141535,37.465209857165405,6.113743503747507,0.4209305793762207,-9.005789325482025
1478633550198,29.918785806324777,-1.2444474617203796,38.68040051615341,6.516717388009466,0.07930792085952125,-8.8995468460083
1478633550232,29.96469618997481,-1.0852101515717156,40.58642180307104,6.680571002517826,0.27682955782241186,-7.942913352911174
1478633550266,29.998464383570052,-0.9251268653590821,42.138759973365254,7.3609727118894455,0.2380734275817871,-8.1021278363768
1478633550298,30.02305751766367,-0.8341587735091051,43.12452326148157,6.895450181391742,0.19407997664299326,-7.686734104068018
1478633550332,30.030636043627972,-0.8048096535948348,43.52187674374412,6.840533135146135,0.15966332549495854,-7.427711411959864
1478633550366,30.047324985773102,-0.7365730440058798,44.82932399453407,6.830208295750338,0.040701428222656245,-6.686705760679486
1478633550398,30.07227309030155,-0.6421285398149467,46.05323917433668,6.250961405590921,0.1767220100402832,-5.848286321612447
1478633550432,30.07913282991527,-0.6258239268291972,46.336538438462206,5.965452492291107,0.014814122772216796,-5.3193175384521485
1478633550465,30.094330716646756,-0.5926127778669161,46.98957548742339,5.6872765522278845,0.13512275619506836,-5.072714767456055
1478633550498,30.11722318007703,-0.5849053114431098,47.51006941373057,4.988019737597555,0.09801262817935785,-4.82491474949941
1478633550531,30.143154591076907,-0.6270452838687418,48.15837911281121,4.80112251663208,0.1879448303222656,-4.383633309881389
1478633550565,30.163176448939588,-0.677043893637265,48.65386456410609,4.8603790077209466,0.2079962692260742,-4.5398551143370565
1478633550598,30.17732179735375,-0.717951117346755,49.1190677193225,4.470273774719238,0.14320318908138432,-3.9118262374877926
1478633550632,30.22045976579187,-0.7724097004388555,49.97109736336031,4.294599227905273,0.19587561875495593,-4.3278189220704135
1478633550665,30.255969878535467,-0.7979206212090877,50.58175233535167,4.204816665649414,0.3161842658775393,-4.433462778063864
1478633550698,30.289593978676894,-0.8356365254796687,51.30734767641494,4.876090956115722,0.3585316894752439,-5.387103080694377
1478633550731,30.323910742468467,-0.8318208493435544,51.986664701439345,4.852597852325439,0.4305073860168457,-5.274276327459514
1478633550765,30.31376908038238,-0.8445650594157016,52.80043268865912,5.697750892230123,0.7143699112159665,-5.805340438931249
1478633550799,30.149871726934034,-0.8709826277918484,54.082923063427536,8.485649270541407,0.3829226188880857,-4.416554021099954
1478633550832,30.11769278995961,-0.8831042878334813,54.88752011634941,10.197802842358499,0.10983400572624523,-4.392761642102152
1478633550866,30.173081108551244,-0.8439956199042231,55.65787388080327,9.676315793255716,0.28640637359619137,-5.488557663737866
1478633550899,30.184108877028635,-0.8063141332849451,56.36286198056062,8.735993200827203,0.24600422058105467,-6.5940802118163555
1478633550932,30.146991590453037,-0.7267417314807735,57.52164093359789,8.180538315206254,0.04519055633544922,-6.500257653454691
1478633550965,30.105364797246857,-0.6854393662460156,58.203383818743205,7.684190228271484,0.18749592207756358,-5.848586035211384
1478633550998,30.062340066447835,-0.638366362295887,58.82291945444437,7.535150882665812,-0.05252278978652321,-4.9818849063706585
1478633551032,30.080392201230122,-0.5660938597827482,59.05948879198434,7.450007086126506,-0.2721907921058591,-4.564844703762792
1478633551066,30.10686644453714,-0.4652302529617945,59.08436048370816,7.067982283727824,-0.21083937456435523,-4.0207626322206105
1478633551100,30.11522472918868,-0.4338040006209441,58.870782347429,6.772897075244039,-0.06793547667351085,-3.8391022159300743
1478633551134,30.17731534095956,-0.26364753539322894,58.599647945811235,6.137236826733499,-0.09531914902839343,-3.214964209039509
1478633551167,30.297391977789133,-0.00813371733626071,57.961297515400446,5.382763882446289,-0.096815533771029,-2.72265649266988
1478633551200,30.540481084902364,0.3832426763954271,56.73065917669636,4.181473491723835,-0.1375169578552246,-2.1350296227052805
1478633551235,30.574210883877758,0.3459965893374763,56.23913838807807,4.467580590112507,-0.10190320816040038,-2.1254525238037107
1478633551267,30.57509218176476,0.2676103037807358,55.792169914630655,6.023063042803853,-0.07631517563419184,-3.8293762100771067
1478633551300,30.573919239573577,0.244484885035878,54.99985712801642,7.259219652789458,-0.09217676391601562,-4.63592238288559
1478633551333,30.585512098132448,0.2249475519416743,54.42998964016862,7.787290555528272,-0.04339490451950987,-5.342212091827392
1478633551367,30.582110036846178,0.2031663107343917,53.86119067116352,8.473977573980763,-0.08200140457706293,-5.855917912469431
1478633551401,30.589072839101124,0.20286235996934018,53.30340260302088,8.68736057774648,-0.0998082839910523,-6.121973371024895
1478633551434,30.59608761857574,0.21578883002117508,52.77170302227424,8.955211742345988,-0.11192892532901605,-6.419004507678374
1478633551467,30.60718469703587,0.228074362203644,52.27262199616849,8.773851258850097,-0.10803834991455077,-6.358401168557815
1478633551501,30.62383924386589,0.24048492037395913,51.819692722338466,8.70636477261968,-0.0900818374633789,-6.475268210159428
1478633551535,30.65119511914375,0.23497515503928953,51.25395463246838,8.450484324060007,-0.08693944778442382,-6.4839470815796405
1478633551569,30.665389459710184,0.22794433055523347,50.988267423337916,8.358307560143992,-0.08245031967163086,-6.496366783495992
1478633551602,30.68363153169592,0.22588059303446859,51.02336096771692,8.507945163903758,-0.05551555213651736,-6.667402601126022
1478633551636,30.701514512388798,0.20745771784216938,50.942342594424076,8.550592100170999,0.14425065230770268,-6.751498970971628
1478633551670,30.724025263322794,0.07972909643254815,51.022519636648475,8.313266787542775,0.1265934116391174,-6.627598815862834
1478633551703,30.757174793952498,-0.1431247757499076,51.20990388889603,8.186075007010064,0.14769231262760002,-6.579864456796087
1478633551737,30.7832008694917,-0.26033347000899304,51.37954566294194,7.947552429154981,0.2635118247875245,-6.618620961496047
1478633551770,30.806817903905067,-0.3674266824879988,51.60599848382329,7.821856832863623,0.3585316986083984,-6.424690736621246
1478633551803,30.83685739623899,-0.4375822456011568,51.955676448524116,7.781604399650637,0.2841618095397949,-6.503998264755122
1478633551836,30.875778390708202,-0.6164523366251204,52.41228908893651,7.817666806428413,0.2561795776367187,-6.59363159126602
1478633551870,30.889023860402013,-0.6699413004105578,52.54192671123424,7.8528317483432355,0.22026655273437498,-6.6353803365845225
1478633551903,30.125942254001075,-2.212951154181387,56.026666959768725,46.40875548313558,-2.2716484261443837,-14.085537279510497
1478633551937,30.318987472023355,-1.653328852486211,53.94125772010337,-0.7981669784545898,0.18001402818984352,-3.2736221497133373
1478633551970,30.301126827243067,-1.577026832562113,54.335712149547724,4.35071303705424,0.11566986770629882,-3.4825159523010254
1478633552004,30.314461410668738,-2.0576630536154754,54.409551858424116,25.1035036819458,0.8096890739440917,-17.993922436633706
1478633552037,30.34569798774219,-1.676084155246222,54.445485329346106,3.0328549530029294,0.5280711036682129,-1.5708952720090745
1478633552071,30.34963105765067,-1.8623254316383062,54.997156401157426,14.538041393280029,0.37858313294562973,-10.003573378808795
1478633552104,30.43755676294036,-1.7157661704462965,54.91913743534208,4.854243573705852,-0.46791675042416897,-3.153163586425781
1478633552138,30.423103098200123,-1.7724431429402892,54.799597695650235,8.287977758512739,-0.3716998077392578,-5.4575828852555714
