sep=,
timestamp,gyro-alpha,gyro-beta,gyro-gamma,accel-x,accel-y,accel-z
1478632030172,76.1474702166226,0.4371698210715091,-36.644067699416176,-5.910385794742009,-0.06269815825863043,-7.754370383165823
1478632030205,76.1304517498999,0.47988498817957165,-36.807888463750174,-6.081720983477681,-0.06688800888061523,-7.704241539311129
1478632030238,76.09557813130202,0.530476930406862,-36.80213970894145,-5.869684514362292,-0.034715924072265626,-7.829637935743492
1478632030271,76.06950054959202,0.5532334175449791,-36.822447208930896,-5.831975996332568,-0.021996727752685546,-7.799860255807987
1478632030305,76.04436288935405,0.5676946025101736,-36.832744214929214,-5.820303966411785,-0.017357962036132813,-7.832780161025665
1478632030338,76.01965817021915,0.5814910647153115,-36.80834497903313,-5.782894743568357,-0.02289455337524414,-7.9339350966855875
1478632030371,75.99820980648393,0.5995225959120427,-36.79752136076072,-5.727229646301269,-0.04055178605231922,-7.9688006766279225
1478632030406,75.97211116720972,0.6456155970500068,-36.91372236386877,-5.816114341835375,-0.08948328248176257,-7.869441757539298
1478632030439,75.9580245664012,0.6672671813813421,-36.9949283906092,-5.945550937586231,-0.07721300810661633,-7.867795310073101
1478632030471,75.94604213901695,0.6831180254571726,-36.922063572223315,-5.862651568106003,-0.07242460021972656,-7.9442604475380385
1478632030505,75.93938262334592,0.7081772845959045,-36.811665325236625,-5.793069972759858,-0.10609305878238519,-7.913435187928495
1478632030538,75.93627450538764,0.7312958274780994,-36.78211140791434,-5.73156899067983,-0.08918400955753168,-7.844302603004217
1478632030571,75.93690720627099,0.7380898320667896,-36.82332255949111,-5.741445483519928,-0.07018004072990734,-7.793425770347658
1478632030604,75.94243235234886,0.7339166765601258,-36.84908483745603,-5.809231034895312,-0.07870938414421398,-7.80090747700571
1478632030639,75.95543958418725,0.7450807288412032,-36.819452163324776,-5.88734217116023,-0.12000935536122123,-7.839364538676437
1478632030672,75.9751516163477,0.7710202601257925,-36.78418019976856,-5.802796595100755,-0.16415244904117424,-7.876474590201978
1478632030705,75.98376591741096,0.778419652740706,-36.81092562023686,-5.827486781454808,-0.18285715636101085,-7.892785111844679
1478632030739,76.00406824911141,0.804821912352715,-36.882967414046426,-5.889287408635113,-0.21951836471557615,-7.883806604457344
1478632030772,76.0374608437084,0.8603025805404031,-37.05757366158907,-5.824943156820023,-0.24226328048706053,-7.769034923133207
1478632030806,76.06448045906176,0.8857843172123351,-37.19932553045217,-5.897516951685515,-0.2117372047534911,-7.717260184368165
1478632030838,76.0923356122921,0.8986624415012426,-37.270437000007014,-5.817311374166794,-0.1756745445306762,-7.718606749272067
1478632030872,76.13639258569034,0.8932391370859956,-37.47871934096824,-5.76688355649868,-0.12135609436588128,-7.859864829884376
1478632030905,76.14938968592287,0.8900506692768059,-37.597036879211394,-5.676951557568461,-0.10998364333000499,-7.933336838531494
1478632030938,76.1955107255365,0.8746792140618973,-38.61253508776981,-4.993855677209422,-0.12075755080070812,-8.591742295074463
1478632030971,76.24442043017949,0.8613733375367606,-40.59489249328815,-4.6891934428893025,-0.16190789069299935,-9.179668294116109
1478632031005,76.3745803421918,0.8475168349440813,-47.89142698906765,-5.029469353839009,-0.13976152076997678,-8.806023343658447
1478632031038,76.43136990815722,0.8406696720173995,-51.728758918424596,-6.326378319494426,-0.1426046369538788,-7.744942949267476
1478632031071,76.62657009560755,0.7342120026501692,-64.22366095056687,-12.586916677856445,0.017357962036132813,-5.987000672558695
1478632031105,76.71478639202903,0.6594707831219039,-69.41201965893642,-15.147066440582275,0.15218145215683615,-6.079775840759277
1478632031138,76.90283775627827,0.39693646576420977,-71.80649569361928,-18.5927715423584,0.12120644991225563,-5.308992689923197
1478632031171,77.07061377401328,0.4605316305674091,-73.44561491921958,-15.956007326507567,0.06449380722045898,-3.0819361783676777
1478632031205,77.15844519620387,0.591284752309492,-74.86007324674138,-14.730325714111327,-0.05985504150390625,-1.6225204645019025
1478632031238,77.24444654042924,0.7345147527115504,-76.69354364809942,-12.47813043218404,-0.14155717429838258,-0.6940192062377929
1478632031271,77.32245068644944,0.8899451109365908,-80.17578054326593,-10.756698854009807,-0.0618003303527832,0.26665420989990235
1478632031305,77.42132583961293,1.0798701152539274,-87.34950179500206,-10.506355289050191,-0.200514385613153,1.4255973779540507
1478632031338,257.4414306524137,178.78495229040473,87.43554447100928,-8.980949483257904,0.01092354507446289,1.7969979104857892
1478632031371,257.499818317865,178.66120663848156,80.96241514729411,-8.41202724069804,0.16145899272309616,2.046743107693456
1478632031404,257.54802160266706,178.46394143035297,70.16319326873639,-8.640075387219339,0.32920272827148434,3.3916857898215294
1478632031437,257.5867235981636,178.34300866270488,64.51185920680996,-7.745541499682515,0.3097498397827148,4.046649846339505
1478632031471,257.63443524167724,178.20768867823753,60.151990963069615,-7.288398912457376,0.11761515655517578,4.254795698370412
1478632031504,257.6774796144523,178.08341675771683,56.791986641709016,-6.904877587890625,0.027084406280517576,4.486734203393757
1478632031537,257.7345111618762,177.94265887315416,53.38471042997214,-6.055534548950195,-0.021697452545166016,4.91230318316035
1478632031570,257.77087240322135,177.78816695870418,49.71508452839269,-6.1041670624330635,-0.051475335693359374,4.794239332989603
1478632031604,257.8208639276334,177.62461913642846,46.11794190746209,-4.964676271411031,-0.2591723388450686,4.700865175982565
1478632031638,257.86055038505015,177.4643622559953,42.677386489672195,-4.6633062835693355,-0.507870036293799,4.160075022125244
1478632031671,257.9307570571122,177.20932058281187,38.53246986312761,-3.925293621826172,-0.7166144661392084,3.295020034790039
1478632031704,258.0235745517905,176.96665840609697,37.20426156694635,-4.1906013855531805,-0.3919008842468262,2.665344998168945
1478632031738,258.0551238452533,176.89496535960018,37.662108546352144,-4.909909127630666,-0.7650970680236816,2.147748526763916
1478632031771,258.17609488247217,176.78823739268697,40.144011145063764,-5.696553791400045,-1.1981482933044434,3.569006195013225
1478632031804,258.28749314884374,176.6861709710605,43.164948975602925,-5.873575003582611,-1.5185224029541016,4.536712870788574
1478632031837,258.45301722698014,176.527967136188,47.14844837894133,-8.321197653607278,-1.3781623671600594,5.945700547790527
1478632031871,258.5480123840061,176.3564055617574,49.43509393554227,-7.66548578352984,-0.8863035453354008,4.9093106502808626
1478632031904,258.6584805737849,176.18588312724896,51.50403837107007,-5.634304694366454,-0.16430212546084075,3.3442510986879466
1478632031937,258.81153315010715,176.05103783746645,54.301450713386835,-2.5233389122009275,-0.5936123923812993,1.8323124580383299
1478632031971,258.8992357339403,176.01341762860935,55.62362855002457,-1.3422493057250975,-0.6115688591666985,1.5441104331970215
1478632032004,258.97570074393843,176.042957015247,56.68520718589141,-3.4970307998657226,-0.7619546509452629,2.4392422866269943
1478632032037,259.04204981492103,176.0737980200789,60.25396022822892,-7.419631090954691,-0.4982932205200195,4.759373606916796
1478632032071,259.1101509480831,176.04111926695228,66.7226179087855,-5.8882400002077215,-0.606331565867993,4.145859321903902
1478632032104,259.1682822877415,176.05818655325237,74.66747669967715,-7.8963766426637765,-0.24525603256225584,2.4836850476692893
1478632032137,259.225506177415,176.10991877050864,79.16455424569939,-10.32634110559672,-0.5738601830192376,3.063231386566162
1478632032171,259.21548662435816,176.1975484621806,83.41789072064391,-11.051036020605265,-0.6320692725305794,1.3926771416595205
1478632032204,259.2522570493478,176.25518212251325,87.923932321106,-8.748562503814696,-0.834379278564453,0.6226420692443847
1478632032237,259.2848293069059,176.39576684837266,89.21070604784605,-9.637858563763276,-0.543034891443653,0.2150292366027832
1478632032271,79.28469768716015,3.438635053948327,-88.935750328532,-10.035895082954596,-0.3999813331161625,0.6368576233352534
1478632032304,79.33443264657616,3.2272948016131613,-86.68943667467073,-9.737667251896415,-0.5494692647374279,0.5071218026092276
1478632032337,79.34536160933762,2.853716339027876,-84.40481082272173,-10.052354854041988,-0.35718494190825145,-0.13736732025146484
1478632032371,79.34690891852924,2.5829789902862745,-84.3709116613835,-11.084554989977926,-0.3151367935180664,0.00718260498046875
1478632032404,79.35154277881,2.4435754685026687,-83.98379402580798,-11.965920476122944,-0.17178398738252,-0.28042086944580075
1478632032437,79.36477038196898,1.9761081895479022,-80.67427092697793,-12.064681586865335,-0.06748657756196334,-1.1366472381591797
1478632032471,79.3493531839658,1.5295396628868456,-77.80742944000967,-11.817629610797017,0.10519521717680617,-2.307262285437062
1478632032504,79.36832665040204,1.218946048879617,-76.88551871612117,-12.736105368804932,-0.1873462776239379,-2.003497931538429
1478632032538,79.3257187605379,0.9151725619915643,-75.81708527696003,-13.482797303827105,-0.013317737601464614,-2.772186283786036
1478632032572,79.29875298119686,0.6450054567758812,-74.11466609521617,-12.639888389587401,-0.35179800643920894,-3.0889689448149875
1478632032605,79.27338775118325,0.40203680002795406,-72.3783024651117,-12.744185799407958,-0.4864718543895753,-2.9797335500109297
1478632032638,79.17404144710436,0.15768501654041217,-70.12585761985255,-13.427281460571288,-0.8520365295078373,-4.704456624603271
1478632032671,79.10764674511694,-0.02409593689133211,-66.51223759753256,-14.118906465148925,-0.7501333276264806,-6.812700823974609
1478632032704,79.08738099110859,-0.07290456773555386,-61.081642195257906,-11.602001969909667,-0.7223007201982545,-4.815188451385498
1478632032738,79.03697064087545,-0.07429704411164491,-53.838024108804355,-9.304466201782226,-0.5460276275358279,-4.258985770471393
1478632032771,78.88322038698367,-0.12402382010369804,-40.260771992506875,-6.679672775036469,-0.18195933073845225,-5.957671702221781
1478632032804,78.69741265971898,-0.13996771581995093,-25.3281202874429,-3.5725976436339315,0.001496376037597656,-7.893533089800924
1478632032838,78.56925946453809,-0.13662864216969225,-15.773510236918883,-1.8210896377563475,0.07870937957763671,-8.788814726965128
1478632032871,78.49877713021402,-0.13145737533976787,-11.464127591688282,-0.9950900650024413,0.13033435744133312,-9.143306429467723
1478632032904,78.2822239602413,-0.09686596302907877,-1.7212099139688788,1.5064018301147966,0.16789339370174566,-10.523114627606049
1478632032937,78.08920457963778,-0.00729519798887849,2.196529994189425,2.3048680107116697,0.04010287709408949,-10.420762945025785
1478632032971,77.98472545343758,0.07285199942725347,1.8517982037234426,1.9256862497191876,-0.03905541343965451,-9.904662849658354
1478632033004,77.89379218457954,0.152312575600143,0.2654172948147161,0.6459855399974854,-0.12315174332770984,-9.416694587265141
1478632033037,77.81081789539496,0.22529367370268188,-1.3711136953127159,-0.19123685303840318,-0.15861585998535155,-9.609427820907719
1478632033070,77.72580734561481,0.31161906427229275,-2.416566131807572,-0.39594110183162845,-0.18764555968132335,-9.621847687220852
1478632033103,77.63678735610277,0.38561527492815895,-3.1220857865437073,-0.1623568000793457,-0.11477204208374023,-9.77118587877578
1478632033137,77.51217880279069,0.5086557402021272,-4.047795843844532,-0.5913678283249028,-0.09172784853603662,-9.471761079318263
1478632033170,77.47210539024474,0.5482211468135028,-4.239971409163642,-0.5409399375915527,-0.06269816054191905,-9.265560278674215
1478632033204,77.35148430008351,0.6252457795625719,-5.095507743685821,-0.6003460662841796,-0.14993687896728514,-9.38497123260498
1478632033237,77.229733028103,0.7069542550354145,-6.997472934602882,-1.5474024604797363,-0.09995791931152344,-9.641450222446537
1478632033270,77.18423916670399,0.7052421605693957,-7.875228359415822,-1.665616167449951,-0.04863222122192382,-9.646388299903226
1478632033304,77.02852387007493,0.713911889805918,-9.782949298186649,-1.9473837935958989,0.03651157531738281,-9.664494376750216
1478632033337,76.93022902502067,0.7022162783798677,-10.273756558928152,-2.1137808637756854,0.15352819059067405,-9.633519144036189
1478632033371,76.8266573297837,0.6801151479344577,-10.194828912778835,-1.7904139472519047,0.20694881513291039,-9.463680575649999
1478632033404,76.6662836999673,0.6083230988623765,-9.960456312898009,-1.7458218910991445,0.2147299431289546,-9.741108848284231
1478632033437,76.5556589050621,0.3735446167578909,-9.597494970327515,-1.4872480889693833,0.10953472595214843,-9.892242563220114
1478632033471,76.45285359302086,0.3206178205957658,-9.38921445224475,-1.1875240234375,-0.0004489128112792969,-9.71701729454361
1478632033504,76.35461934800418,0.24452315266771443,-9.087559645755606,-1.1800421797821297,-0.03202244492130121,-9.619154324517607
