sep=,
timestamp,gyro-alpha,gyro-beta,gyro-gamma,accel-x,accel-y,accel-z
1478632760821,37.15447230189503,0.32415759095818825,-6.348470552270448,-1.0419266578121342,-0.000748188018798828,-9.775525170638703
1478632760855,37.140296715572354,0.32268566044370095,-6.446092572087065,-1.107617553875406,0.00029927520751953123,-9.772233478999416
1478632760888,37.125395837004596,0.3092260252277515,-6.411067047977321,-1.2030863524948245,0.0028431144714355467,-9.772083900761162
1478632760921,37.09675753098645,0.26806910318064725,-6.008080654640915,-0.832583663851954,0.000748188018798828,-9.744401025693174
1478632760954,37.088296287612536,0.25119614441613164,-5.901673697969998,-0.701650724029541,0.008080430603027343,-9.850942584582418
1478632760988,37.075170000815945,0.2358685091824242,-5.976813142989102,-0.938227802973194,-0.013766657262609805,-9.878775562474225
1478632761021,37.06604874199895,0.2389894273006486,-6.110201919996721,-1.0190320953037357,-0.04653729648175358,-9.596409385913237
1478632761054,37.05830433882416,0.2335767255932526,-6.205227265820356,-1.1489175216674803,-0.06748656157894292,-9.486724510900675
1478632761087,37.04877390021903,0.21990982248375374,-6.177113985503364,-1.1985972243820315,-0.07122749938964844,-9.679906935915746
1478632761121,37.03211260483743,0.21328151433965828,-6.132318213113202,-1.002571968023316,-0.08454524384097895,-9.806201306384429
1478632761154,37.01655180210995,0.20594464248513797,-6.177735050430609,-0.9877578041519037,-0.051475335693359374,-9.828946258688532
1478632761187,37.008022173179064,0.20662463307942186,-6.267369346778216,-1.0772410934835321,-0.05162497329711914,-9.747094239625893
1478632761221,36.99634489531542,0.21043045658823203,-6.333528056808381,-1.1249755004993407,-0.07407061386108398,-9.695618898010252
1478632761255,36.97580658340454,0.19164296153740396,-6.226906926417997,-1.067664300542639,-0.024690205191183486,-9.860519290758344
1478632761288,36.963657760119716,0.178261967810811,-6.089199962303693,-1.0193313727945439,-0.018555062866210937,-9.913790250297355
1478632761323,36.94265000636977,0.16527585405785944,-5.928308167817517,-0.9647136177394772,-0.01092354507446289,-9.878625395147502
1478632761355,36.926488163936284,0.16102805644277277,-5.826890752863476,-0.8228572196075692,-0.015412673187255858,-9.715969575588963
1478632761388,36.91530073426588,0.15609165055375201,-5.79249458649072,-0.822857146542333,-0.00613514175415039,-9.768642308939922
1478632761421,36.905646185686884,0.15006889746029634,-5.806748270047959,-0.9533411644203122,-0.008230068206787108,-9.818471083002652
1478632761455,36.8973424186841,0.14855374671348423,-5.842200639474995,-1.0368389792843022,-0.010324995801068144,-9.86770205100244
1478632761488,36.88539691440088,0.14765583996423332,-5.871661276926169,-1.0500070290496573,-0.011073183819866972,-9.849745903877448
1478632761522,36.87518146146185,0.14701782871506625,-5.86533031597688,-0.9096469841224607,-0.008529342272662324,-9.869198774099909
1478632761555,36.864717701244906,0.17309413004616025,-6.078036948084871,-0.6925227936675772,-0.013916297149658202,-9.713276420664984
1478632761591,36.862491748665,0.20837252644556514,-6.487791892201139,-0.5523123589446768,-0.01960252495088498,-9.623793030868656
1478632761622,36.8660802096013,0.26736435924553903,-7.304012739584557,-0.3630208997864276,-0.02214636307315668,-9.619752751635062
1478632761656,36.88443661778701,0.3593899477551403,-8.760512934601103,-0.6311714857239276,-0.02184709014892578,-9.681104179451363
1478632761689,36.905943383990014,0.4738002482258638,-10.520334384213912,-0.8906430906433611,-0.03890577697753906,-9.769240681258449
1478632761722,36.97041961410326,0.6852733877468111,-13.744968987091175,-1.3865420364379881,-0.21727380065917967,-10.17475835911855
1478632761755,37.03957137744338,0.8523386941652209,-16.437005442945456,-2.0703859586853532,-0.2588730545043945,-10.903643565423787
1478632761789,37.13812799630394,1.0392253743085196,-19.510233453141858,-4.016123501177877,-0.07706335680312476,-11.558906193896382
1478632761823,37.23191315688427,1.1815856554569892,-21.94231358296645,-6.627898383331298,-0.050128597259521485,-12.271031988580525
1478632761855,37.26367156672105,1.1453800565652288,-21.382585855095577,-6.130951901245117,-0.029328970336914062,-15.419706154632568
1478632761889,37.278496239272634,1.2056113540701778,-21.120945341348573,-5.8642976913452145,-0.23104046477165538,-15.230115310668944
1478632761922,37.37453130683928,1.313835655783938,-21.988307187575696,-7.334337510681152,-0.33907881011962887,-13.888165280151366
1478632761955,37.41027764052177,1.3895214404703018,-22.425331890926877,-8.48460177078247,-0.4192845657348633,-13.027150508117675
1478632761988,37.439970106974265,1.5498334103232427,-22.687460569579425,-6.157288265637308,-0.5536591339111328,-10.761038782910257
1478632762021,37.49330847069099,1.7064492001183538,-23.744952828401498,-6.459406441497802,-0.5442319648742675,-9.400832855136134
1478632762054,37.48996904034199,1.828563983677102,-24.67453094341821,-5.9688943763732905,-0.35613749694824215,-8.942942041076288
1478632762087,37.5198440411898,1.9880225871789572,-25.56992318001599,-4.553771557617187,-0.10863690032958984,-7.8694414355956015
1478632762121,37.59405552685385,2.294709259055581,-29.085761832912034,-3.8365585227966306,-0.02079962692260742,-7.026981580297648
1478632762155,37.66027292204349,2.501439778599657,-32.183504781968026,-4.593126320471241,0.014514847564697266,-6.344335416467487
1478632762188,37.728523287990186,2.6669562577336503,-34.32433163686313,-4.745606673376262,-0.051774610900878905,-6.1541457298278806
1478632762221,37.760123687091166,2.793928940278574,-35.99342598764638,-4.309263420812785,0.007481880187988281,-6.416909508160502
1478632762254,37.82929258339968,2.9246785021579957,-37.863831049142,-3.838653303118795,0.024091654205322263,-5.9464485896788535
1478632762287,37.924070288397225,3.0641370160554717,-40.379605950976114,-4.497507818603515,0.0047884033203125,-5.677549669592082
1478632762321,38.06234272263665,3.1915346292143334,-43.22090160278354,-4.6124297905519605,-0.13108254089355467,-5.676801627703756
1478632762354,38.160126036475695,3.2432338548737607,-44.75574483644733,-4.122067070770264,-0.36975451889038086,-5.569362266595661
1478632762387,38.291645478106055,3.309212474528367,-46.64706424874705,-4.1386768447875975,-0.48497546465224584,-5.658097146429494
1478632762421,38.47193627775678,3.3854223923372704,-49.294743945283464,-4.094683389282227,-0.7127239158409182,-5.269039157458394
1478632762454,38.804996995149956,3.603718593168531,-54.70904621850676,-4.670488888549804,-0.5945102271370124,-3.461117482702434
1478632762487,38.92727751791294,3.6462604831979415,-56.069470458600875,-5.014206756646931,-0.5175964440055657,-4.069095505169779
1478632762521,38.93401278333919,3.59296373348924,-54.99149167006912,-3.3707363700315356,-0.6358102080579963,-4.918588181713968
1478632762554,39.006356883436354,3.577883293040582,-54.74610363202499,-3.381360932159424,-0.78589667667998,-5.237166274792328
1478632762588,39.19024590487169,3.488858927390744,-56.259825503348544,-8.012345621180813,-0.45938745267563497,-6.651391487121582
1478632762621,39.22328196005417,3.383615918420918,-55.318000356620644,-10.495132907159626,-0.36526539077758785,-7.403021463067829
1478632762654,39.25551921376257,3.331977926517579,-54.038926501462974,-7.360523835610784,-0.23837270278930664,-7.242161039026081
1478632762688,39.470171845411,3.31537720631483,-55.31742061052088,-6.026205432482809,-0.5371989860811154,-4.577863065692037
1478632762721,39.53451753354741,3.3048257485432657,-55.69805626982192,-5.348795854131877,-0.4207809326393064,-3.51304216959849
1478632762754,39.68309420824415,3.2338536282972976,-55.709144503250464,-2.9918542495727536,-0.20709844360351562,-2.247257825525105
1478632762788,39.79805922492183,3.157421351293677,-56.04393169765983,-2.8529905532836914,0.06673837127685546,-1.8888754722595213
1478632762822,39.92264901383992,2.9863132432812827,-55.42655282220118,-6.111498720495402,-0.07691372833251953,-2.694224763433635
1478632762856,39.922200838930316,2.931304131705594,-54.56327555163662,-6.223577870233356,-0.1044470474243164,-2.956539775085449
1478632762888,39.85094492778339,2.7126665670625676,-50.095120351521004,-5.198410208483785,-0.3911526870948728,-4.590133641461283
1478632762921,39.855639993876856,2.5704086382060676,-48.70784427667888,-7.546673544410895,-0.4671686149210087,-6.463895778531505
1478632762955,39.909807612820714,2.5750750926273116,-47.355665345245114,-7.414992032977193,-1.0172364303588866,-5.82224952468872
1478632762988,39.920803692765155,2.49597897288998,-46.36403935457825,-6.670395426266454,-0.680551821899414,-6.994659912684466
1478632763021,39.98189718807526,2.5830158656464404,-44.777484984921124,-5.89661948682256,-0.8143278396606445,-5.884947680664062
1478632763054,40.023273327509926,2.569836433342245,-44.17440727511937,-6.3364042216094205,-0.529866736647021,-6.671143614285253
1478632763088,40.048882521410086,2.510101675131307,-42.26802811252107,-6.8698623703445305,-0.4372410747611022,-6.84113185909111
1478632763121,40.109802657564714,2.472609479897823,-40.94326941777491,-6.8813841918393965,-0.4783914146533934,-7.404368025688442
1478632763154,40.15687338901464,2.3483641138755615,-41.12651170499171,-6.565798841703077,-0.006883329772949218,-8.052298952716216
1478632763187,40.20837291627992,2.2804032089751702,-41.12283831071405,-9.44901612701416,-0.22565350646972654,-7.887847080053761
1478632763220,40.21477560017939,2.239513820877413,-40.38108723476058,-7.843853843744099,-0.17971478038178756,-9.105597826385498
1478632763254,40.251465318351606,2.1870164093559947,-40.9370939021357,-8.86602787663564,-0.5789478706802241,-9.191938869885355
1478632763287,40.253086454328354,2.1467573756447162,-41.07327432327915,-9.044994889123737,-0.697161595916748,-8.756942209625244
1478632763320,40.23323977651655,2.0767178311723313,-40.571271371651434,-9.700407301330566,-0.30421323931044897,-9.460687567846476
1478632763354,40.13503950962261,1.9788635738225386,-39.12848576037777,-9.632621466827391,-0.42871173477172847,-10.44216119542867
1478632763388,40.05941688454329,1.9799554888500097,-38.41026648362124,-8.876951567840576,-0.2843114562767092,-9.939976958819479
1478632763421,39.95506664882417,2.0457139051223283,-37.523414277235474,-7.925705466870218,-0.10190318989409133,-9.032873950958251
1478632763454,39.79018343602704,2.028288306861671,-36.84657875901904,-6.584952464117482,-0.2867056305374019,-10.856956340789795
1478632763487,39.73210974240762,2.123569105205669,-35.891833328703534,-5.966350738038774,-0.5928641860961914,-11.198578697912394
1478632763521,39.64726202669956,2.222685078692687,-35.170161052134695,-4.7041574224609874,-0.5036801651222166,-8.823830291571095
1478632763554,39.6001716840033,2.434005447720598,-35.34597531775659,-4.197783844403177,-0.6417956825256347,-7.135319789941608
1478632763588,39.571713808188,2.5729529204507195,-36.536130533013434,-5.149030091504008,-0.5834370261924806,-6.821379951123148
1478632763621,39.516388064851846,2.658694823381772,-36.85873243296459,-6.0731917496612295,-0.5063736511230469,-7.021445573480427
1478632763654,39.393736472549215,2.742932146389284,-35.99632989114903,-5.395632460641302,-0.3498527084571775,-8.158691014994773
1478632763688,39.339605073668544,2.783330588794885,-36.09755059616699,-5.850830096944281,-0.34267010347670873,-8.428337922170943
1478632763721,39.293181183927665,2.9127756604414317,-36.85223790506567,-6.547991683727875,-0.43634325256347656,-8.307281466055475
1478632763754,39.28236448457356,2.9646106521910727,-37.061507310407535,-6.376806776483357,-0.5258265464616823,-8.00965190685112
