sep=,
timestamp,gyro-alpha,gyro-beta,gyro-gamma,accel-x,accel-y,accel-z
1478632452335,62.855192145476146,0.2847720600702366,3.5161416352746366,0.6184522014977352,-0.07466916427612304,-9.85109233178403
1478632452369,62.84404841929176,0.28305327607548103,3.4250087150831,0.5490203727611573,-0.07915829467220464,-9.838672474604053
1478632452404,62.82766676514978,0.2833869112944811,3.350496519451284,0.6214449684143066,-0.07302315063476562,-9.8036573792139
1478632452437,62.8154242012497,0.29112805564533417,3.281032381194204,0.5481225368637999,-0.07870937957763671,-9.839570345892383
1478632452470,62.8110430266354,0.29130840844944156,3.297071540398323,0.5460276184026733,-0.04354454041080316,-9.93698426154321
1478632452505,62.80863824742003,0.29885712500733336,3.2996816195250216,0.6220435005630366,-0.054617727370192,-9.966762345620802
1478632452539,62.811191658796794,0.32170889527156926,3.219975198478418,0.630722499847412,-0.06838438263492426,-9.908852602098928
1478632452572,62.82186284824693,0.37400344084223985,3.025171804159565,0.5038297947344661,-0.11641805572509765,-9.903465465700487
1478632452606,62.832024817159926,0.4146798550875275,2.92673373107448,0.5027823551972673,-0.10190320816040038,-9.868600159752788
1478632452639,62.84220262737291,0.4554088791155837,2.8469197383491047,0.4719569999750121,-0.11267711563110351,-9.802759283592462
1478632452673,62.85480182605834,0.4912706753670532,2.7770161576629553,0.3902548523391597,-0.08828618764531711,-9.833734561544144
1478632452706,62.87177061666318,0.5396833041181311,2.700037481608107,0.4008791404724121,-0.07661445540828862,-9.782408562060445
1478632452739,62.884464757463206,0.5865230567584957,2.6084392210433927,0.4135983390752808,-0.07960720748348393,-9.741108957882085
1478632452773,62.88756531880907,0.5996400919921118,2.569037820868404,0.3945943748142337,-0.08140285416202386,-9.708936663011182
1478632452806,62.89885919241124,0.6403259479772423,2.5590813790634606,0.43394904833462056,-0.08649053725643316,-9.72599555990235
1478632452842,62.90645704729047,0.6548744107977675,2.6193772082122333,0.49036243665390644,-0.08020575104865711,-9.844957249395385
1478632452873,62.912983945549975,0.6803264404786841,2.594797807592819,0.5310638557434082,-0.11641806020471372,-9.844508564912969
1478632452906,62.91675621730357,0.7147996511023619,2.4171917517030903,0.6661866119384765,-0.14395137481689452,-9.859173068347737
1478632452940,62.909041203553265,0.7558346945528376,1.947013365087094,1.4552256600311024,-0.20904373245239258,-10.076147251306102
1478632452974,62.916950527334954,0.8698588395499061,-1.0265447933220668,2.5583539836165494,-0.13916297492151497,-11.199925582476705
1478632453007,62.964114545202705,1.0338432647919023,-4.860388295224828,1.2211924842834472,-0.3066074409706052,-11.494711954144387
1478632453041,63.01031229240725,1.1427980270235225,-8.379663563378653,-0.8150760276794433,-0.5342062454223633,-12.679841629791259
1478632453075,63.108843560445365,1.2284366313173376,-11.129039251872985,-3.2218472465515133,-0.18974047928409418,-16.556802305603025
1478632453108,63.17159706500862,1.2897507780045705,-12.044749484194886,-4.013729445648194,-0.029179332733154296,-17.39716708831787
1478632453142,63.23325672753395,1.3947223878325044,-13.082402794953126,-5.257966120910644,-0.1508346954566892,-16.70823556060791
1478632453175,63.295426299681125,1.5204184796307654,-13.8071606654313,-5.724685807037353,-0.21068974152717274,-15.591639761352537
1478632453208,63.34794548355411,1.66459136930603,-14.495151782208824,-5.311237107849121,-0.32770635680046395,-14.366855974578856
1478632453241,63.427194088590014,1.873106256616908,-16.050190358909607,-4.932205057525635,-0.49919102787626907,-12.455534861755371
1478632453275,63.593120101600576,2.298213590957063,-20.72731939082402,-5.213822881671041,-0.37783493921860933,-9.524134350232034
1478632453308,63.711104710273865,2.6006486827833912,-24.664440788005688,-6.0260560871399935,-0.21981762165678664,-7.1811087505616245
1478632453342,63.82033420574385,2.8750201548011542,-28.154035393430295,-5.540781192016601,-0.17477672119140625,-5.271283867645264
1478632453375,63.90614511122477,3.098225922300605,-31.273952042826455,-4.958092445174465,-0.20425532913208005,-5.22878678817749
1478632453409,64.00596463562009,3.307493412479612,-34.297024550749775,-5.102043555129878,-0.37394439006196334,-5.35328498224467
1478632453443,64.18191098949616,3.6600891107170956,-39.26401984175129,-4.891952542114257,-0.34985273585664106,-5.083787657873332
1478632453476,64.31550772413676,3.918993909737112,-42.9329951488497,-4.49436542892456,-0.1179143952300772,-4.266766633605957
1478632453510,64.46902351438546,4.147949158068826,-46.327287429332145,-4.297591979980469,0.012120645904541014,-3.3903391883850094
1478632453544,64.67067217551394,4.405718236962289,-49.89620336690354,-3.3692399939939377,0.03426701126098632,-2.9107509605959057
1478632453578,64.79491871362501,4.541201546433751,-51.60149271482506,-2.15148946685791,-0.029478607940673827,-2.778321096746623
1478632453612,64.9661838540098,4.657492480556005,-53.85680804401329,-1.7254712089538573,-0.34222123633120205,-2.583941849462688
1478632453646,65.09360514962086,4.747896096136052,-56.09171687453549,-2.8284499862670898,-0.8360252990556764,-3.5441667911805212
1478632453680,65.18543578201037,4.766143859092929,-55.89117579311552,-3.018489743041992,-1.2859855667114257,-4.929361943054199
1478632453714,65.24468128976557,4.769846986131193,-54.102965124772126,-3.568707504327595,-1.2018892699310555,-7.077858365575969
1478632453748,65.35331701083044,4.767487352530062,-54.17994231039785,-5.576544433184713,-1.2984054878234863,-7.731325927325337
1478632453783,65.43203170300401,4.763571617131381,-53.338363280818,-9.395146735791116,-1.4085387641906737,-8.261491811315715
1478632453817,65.45244827947971,4.766517747601993,-51.74866409327008,-8.028805410534515,-1.3328221732208505,-9.051878218896686
1478632453851,65.55507219069499,4.835395326200622,-52.09249410127423,-6.009595804595947,-1.530942324066162,-8.299350271197408
1478632453885,65.7713005031867,4.903241746969676,-54.7370503166192,-5.019743347986042,-0.9311948447296395,-5.392640165223833
1478632453919,65.88002595025799,4.883005510036727,-55.49851730462005,-4.339041596221923,-0.6796539962768554,-3.9757214942932126
1478632453954,66.021701191909,4.759876778578266,-55.859319216028055,-2.136076793670654,-0.20395609045717863,-2.643647545623779
1478632453987,66.13414207651233,4.637122661493018,-56.55133313880605,-2.5570073730468748,-0.2271498459747061,-1.9595041289731858
1478632454021,66.21447764506016,4.330180017986822,-55.149752777184204,-4.809352584838867,-0.5258265396118164,-1.8435355705812573
1478632454054,66.14537162598005,4.035418133547356,-50.965809488395024,-5.889586446380615,-0.8930372192382812,-2.5302222419738767
1478632454089,66.02550589451292,3.6979085731647108,-45.26877310008382,-5.3709428040102125,-0.7745242553268559,-3.765031748199463
1478632454123,65.96331251343985,3.2370281395542464,-40.00456165706391,-5.329642679242045,-0.5217863106105709,-5.875670149230957
1478632454158,65.99915637051024,2.9730144615312386,-39.15468060149587,-8.374618132019043,-0.3966893058334477,-5.928342585754394
1478632454191,65.98455279835629,2.675736660103596,-37.125899767568285,-8.922890312194824,-0.5431845016479492,-7.0028903644837435
1478632454224,65.93815365163015,2.360988857131135,-33.864218876262015,-8.598326349639892,-0.38426938472138716,-7.787589593273774
1478632454258,65.87479166250233,2.0226231975234037,-30.93738767712616,-7.423372031048685,-0.03890577697753906,-9.322572059576213
1478632454291,65.81591118883313,1.7259398640172559,-28.589159864034908,-8.698583544158936,-0.10564414825439453,-9.969455859021096
1478632454326,65.68473257179107,1.2244463717385996,-23.905413909572918,-7.814075668334961,0.28101943812714886,-12.224045196478068
1478632454360,65.59804531048167,1.0590166605786424,-22.342076995125712,-6.706458125305176,0.16759411621093748,-12.722188779394328
1478632454394,65.36290081727562,0.5322118309343432,-16.982133466089564,-4.031386609826609,0.11118073959350586,-12.432939583587645
1478632454428,65.27933424258401,0.32399428288024656,-14.65126494766014,-3.548506062493846,-0.21458031922492662,-11.815085917663573
1478632454462,65.15281715542079,0.09619639689913775,-12.22956530817728,-3.170371910858154,-0.22086509744119248,-11.904120438031107
1478632454496,65.04896708127879,-0.12967212577513937,-8.947958829678555,-2.74151046541743,-0.34760815125064687,-11.6373162982665
1478632454530,64.9257787624103,-0.36109229092921324,-5.452069639175627,-0.5761047379424795,-0.09247603912353515,-12.179902541760354
1478632454563,64.76739226802117,-0.6288685147275589,-3.210604995707769,2.466626369973831,0.27398646161728535,-15.94762762069702
1478632454597,64.76625504406199,-0.6675890922996796,-1.894998579369479,0.8292916000366211,-0.0899321907264646,-13.127108135168253
1478632454631,64.71518726421353,-0.6938891830899624,-1.0534514871234733,0.2302922721862793,-0.07960719606704078,-10.348038740804977
1478632454665,64.62689949034558,-0.7968742252131747,-0.4547341688481783,-0.01780687484741211,0.008678981018066407,-9.317185361569187
1478632454700,64.55296325811085,-0.9344381194466957,0.8542177669475481,0.6042366531150881,0.005237316131591796,-10.00043098912984
1478632454734,64.54266116369041,-0.9753848156360867,1.4847057570808182,1.0681132521698251,-0.005087678527832031,-10.37377633558642
1478632454768,64.51063932701068,-0.965359176414573,2.7839431845762275,1.3646949097564443,-0.028131869506835935,-10.22503681317754
1478632454803,64.47984875629926,-0.9689698654415813,2.4586631512439636,0.7237970893859863,0.027533319091796873,-10.07195717920512
