sep=,
timestamp,gyro-alpha,gyro-beta,gyro-gamma,accel-x,accel-y,accel-z
1478632152093,80.90317325227018,0.9954727610521175,-42.956602903915794,-7.6996026822630315,-0.022296002960205077,-7.0717236713463905
1478632152126,80.9962012268087,0.9172798186319788,-44.93824556094112,-7.610867656298726,-0.06599018325805664,-6.924180924398958
1478632152160,81.0915601931026,0.8673869422109461,-45.72373117304388,-7.381772448409907,-0.1812111404363648,-6.807164410732011
1478632152194,81.18576357457277,0.8405659019634235,-45.6934063899168,-7.264157437985204,-0.16864157487067857,-6.796240838258084
1478632152228,81.27728836094154,0.825489910962621,-45.036126947324206,-7.073219873854052,-0.1274912361200317,-6.736684829933103
1478632152262,81.3584435756192,0.8108589239628401,-44.11405992153261,-6.731597242736816,-0.06284779814567883,-6.89245745671601
1478632152295,81.45913339992534,0.7864150946041802,-43.06183919841747,-6.736086261251755,0.008828618621826172,-7.246201007732423
1478632152329,81.52144675751316,0.7632848611678674,-42.58544488991331,-6.4695815976240665,0.03696049726181663,-7.384914911154098
1478632152364,81.61871527965732,0.6900666062129118,-42.678227683418974,-6.447734544007759,0.04459201505356468,-7.262212222201563
1478632152397,81.67907782101449,0.6224997392585321,-43.426952798603786,-6.678176659293775,0.03441664886474609,-7.160009674901562
1478632152431,81.74063350506886,0.6022802196127516,-44.35555161412187,-7.066485962489153,0.011222820281982421,-6.9301660963308525
1478632152465,81.80079354761145,0.5975769541827024,-44.98389653588032,-7.281515180825628,-0.03456628190192859,-6.785616655156109
1478632152500,81.8841727948715,0.6066103902172747,-45.07946783517262,-7.186794796841405,-0.053869541920092884,-6.744615860394388
1478632152535,81.90971067064339,0.6107223928253623,-45.006148807368376,-7.101052322022896,-0.04818331297722179,-6.795941330155125
1478632152570,81.95261233874064,0.5923487174971113,-45.01752951379489,-7.015459767935937,-0.030226795959472655,-6.751798136581294
1478632152604,82.00264082361515,0.5226729096969648,-45.23911828524316,-7.0328175518755565,0.019003975677490233,-6.720523913928121
1478632152637,82.01239990598039,0.46491950241592994,-45.38704070119508,-6.823025928231887,0.023792378997802732,-6.80866051734155
1478632152671,82.00183669714622,0.3941061407932301,-46.517999189544135,-6.082768665899708,-0.07212532558302918,-6.937947699250932
1478632152704,81.97271061802735,0.33560309364996266,-49.05910610380213,-5.427804801177978,-0.18255787658691405,-6.997653121417388
1478632152738,81.91618373507141,0.23942067931674865,-54.127957912905096,-5.0905219345644115,-0.2334346572986571,-6.900687588854879
1478632152771,81.83905641998307,0.10851912760397132,-62.616865829425855,-5.239261420440673,-0.2062006088478025,-5.7694274505615235
1478632152805,81.72575520586167,-0.06293014458478845,-74.93844725116914,-7.116764288683981,-0.15053543394890148,-3.130717945861816
1478632152842,261.55918604132165,-179.694563230581,86.10216637990892,-13.313107968902587,-0.16924012071914038,1.3395558288574219
1478632152871,261.4808537024216,-179.45515328738793,79.53225135399418,-16.109984420776367,0.14021043015632312,3.803787887573242
1478632152905,261.4851468618476,-179.24761754944913,77.84856809719368,-19.709667201343176,0.2442085693359375,4.532373380279541
1478632152940,261.526044585581,-179.1838851796225,78.66917964465927,-21.245546981811522,0.15248071823120116,5.863998562268168
1478632152974,261.5546110141137,-179.193369167587,79.24041822339466,-16.937929282379148,0.07107786178588867,5.442618923950195
1478632153008,261.5082320938237,-179.2265705631176,76.3445274259757,-14.902259320831298,0.0704793113708496,5.162048563031107
1478632153041,261.46297943746225,-179.26448940440665,73.53491865618942,-13.227066346740722,0.08693944778442382,5.110872502545267
1478632153074,261.42366815294605,-179.33464127247365,70.38486208815495,-10.816105128832906,0.1862988166809082,5.326799564770609
1478632153107,261.28768273512026,-179.47373834470372,62.98561478872838,-8.092102555316314,0.6123170563186519,5.667673806939646
1478632153140,261.17385815906016,-179.55821541087627,56.90848245459313,-7.008875576373189,0.5201403015357907,5.887491264199651
1478632153174,261.0515794912072,-179.66746512414943,51.25655867675631,-5.163095880126953,0.5246294250820065,5.581183564227446
1478632153208,260.93680793685417,-179.78542115698284,45.40197108666671,-4.077325427246094,0.37992988507919945,5.516689683941752
1478632153242,260.80446295571727,-179.88829917633856,39.45508473397744,-3.5034652168273923,0.3752911193626467,5.39772735056132
1478632153275,260.6972524116448,179.97489392760394,33.43152855185359,-2.4868270446225997,0.08783727283616026,5.351788606207072
1478632153309,260.5713122670593,179.8662504337396,27.46907705237485,-2.0412065528869627,-0.019303250885009764,5.264999380548298
1478632153343,260.4726978904881,179.72200060076906,21.169758513785094,-0.8704419410705566,-0.06314706764497677,5.134515390069782
1478632153377,260.28732000103713,179.498381907279,11.551837984188461,-1.2328641443114727,-0.02633622282829601,4.166509439086914
1478632153410,260.1719127591883,179.37608669190897,6.200033678548676,-0.8901940865005366,-0.20171148986816406,4.689343226623535
1478632153444,260.0283303275768,179.15989536607785,1.47923097981483,-2.12530290446626,-0.256029940032959,5.129128144073486
1478632153478,259.9644997903391,179.10615072526477,1.8651742855426103,-3.633799606234766,-0.35404256136245094,6.6211649834230535
1478632153512,260.1142123326864,179.05191696511275,3.281648243484167,-0.9823708686828613,-0.24824878463745115,7.904157651928812
1478632153545,260.13500980458207,178.9629563310449,3.302318879233183,-1.7120037880828602,-0.5195417602539062,8.706963396099955
1478632153579,260.0890769481342,178.91984830335514,4.694685471577379,-4.21110151807256,-0.62563482131958,10.795604996313527
1478632153613,260.07881671140115,178.80358369908876,7.678119652650132,-3.2172084808349606,-0.752078596496582,10.904690955584869
1478632153647,260.06477819442557,178.56680529754848,12.271120332538146,-3.3467946456909177,-0.5360018966674804,7.4440215819761155
1478632153681,260.0587402155708,178.444227855917,15.190957260628794,-1.2167033561706542,-0.29643208391494114,4.56783778463155
1478632153715,260.03685870126435,178.32349779386394,16.859715914261276,-0.8113350875854491,-0.29538463210506594,2.2514473861694335
1478632153749,259.99551711711325,178.3260628409,19.27113890898115,-1.457470260620117,-0.3624222717395751,2.427271570587158
1478632153783,259.9685656179785,178.3758854202896,21.803647743116162,-1.8314147785462438,-0.2681505893624329,3.7764042060852048
1478632153817,259.94710248630963,178.46101863390254,26.083285399164016,-3.744082447140477,-0.13003506853408178,5.139752706201374
1478632153851,259.96696355201817,178.5365941842668,32.38385371462076,-3.5859156826294956,-0.20006547166022937,6.364087434033304
1478632153885,259.956165197306,178.63819966118552,38.715317831247354,-4.605845151464641,-0.2935889877098147,6.411073349352925
1478632153920,259.9817721733034,178.66708548905535,43.6225326335867,-2.779967402648926,-0.44068274307250976,6.185719045025483
1478632153954,259.88351812663757,178.91600902735317,49.188912224313704,-7.7078327504698185,-0.5620388397216797,7.49714336970225
1478632153987,259.80883235329753,179.0940765041177,52.059116781524025,-5.009866973876953,-0.3024175971984863,6.6709940862793475
1478632154021,259.7466452496347,179.25090227103965,54.71394693000007,-7.983764889095048,-0.3839701003807131,7.564779712732136
1478632154054,259.6700441629107,179.43859507315338,56.91049685661806,-6.340893167059123,-0.6271312064903323,7.354688370922952
1478632154089,259.47088028470375,179.78045072930797,60.13926218440066,-11.130045259912311,-0.027682956695556638,7.759757218170166
1478632154123,259.3059440677408,-179.91001753588318,65.09255248060987,-10.784980507250875,0.1029506748116517,6.975656174468994
1478632154160,259.17318651335484,-179.719502571483,65.84389528589637,-10.211120296832174,0.2229600250354735,6.408828785296529
1478632154190,258.9576823026146,-179.49792211388714,64.99512800719926,-12.492944262695312,0.40237552564316426,5.731269861602783
1478632154225,258.81123292506305,-179.29125989568624,66.31908867712677,-12.189478910009562,0.28371290586167014,6.081272070666402
1478632154258,258.6240117428729,-179.092917892085,67.98633500947354,-11.560701991271973,0.1704372295407287,5.5187844642639154
1478632154292,258.42814090076405,-178.95321706786302,68.9438563151012,-12.410344013158976,0.032920272827148434,5.318718988037109
1478632154325,258.2130323109119,-178.80303317459735,70.96638565611649,-14.464419692230225,-0.19662379307402297,4.212747458648681
1478632154359,257.8741006873753,-178.46945000283245,71.88337657416025,-17.989582361602782,0.12913726117783225,2.662202681555226
1478632154392,257.6211868078261,-178.50875318943332,73.44360590717862,-10.732906621142476,0.02977788314819336,3.5242648437499997
1478632154426,257.47472909709165,-178.52759007540416,74.19854651188803,-8.224980528259277,-0.07736264114379883,3.3997662843566387
1478632154459,257.22488534930596,-178.55154649969134,74.51045974188652,-10.097994195324555,0.11417349166870117,2.5840918912085353
1478632154492,256.9049822685308,-178.5855467069585,76.65882105537739,-8.887126997961476,0.1376666045921389,1.4010568840026854
1478632154526,256.7231141774007,-178.6096071883838,78.14216777514996,-8.419958325958252,0.04833294601440429,1.6614262780120594
1478632154560,256.5124655652492,-178.64568741345562,78.91721481752676,-9.356090901084709,0.16894085921135266,1.4021043106963857
1478632154593,256.28337561097936,-178.69826845380277,78.8293662993308,-9.806949384805373,0.13691840744018555,1.6430209075485356
1478632154627,256.06353103934777,-178.75397154069384,78.14190372216603,-10.405948676123097,0.11552023010253906,1.8115127945831044
1478632154661,255.83993560213761,-178.83070174534578,77.62594648433638,-10.027814341824316,0.1640028114374145,2.1018097373860702
1478632154694,255.50831631530008,-178.9639888476483,76.35550166472444,-8.960449533401615,0.1002572036521975,2.351106080505787
1478632154728,255.2983214510066,-179.01242444478817,75.7866355008892,-9.414898899487406,0.10100538710441906,2.460191829714575
1478632154761,254.99884897512962,-179.06743808081515,75.94557923998825,-9.174131958505324,0.08649053040656726,2.3514053511467297
1478632154795,254.8012129095117,-179.09190017923967,76.0290005976283,-9.350105433466936,0.15008651714186708,2.279728893280029
1478632154829,254.6105138946766,-179.09173974912292,76.03400845779144,-9.680655356829986,0.19393033447265623,2.1505916595016603
1478632154863,254.43844900484768,-179.07531099401155,76.29598728014234,-9.442581454324163,0.1737292670982424,2.0989667044708504
1478632154897,254.2680426095419,-179.04850675248824,76.24692679958783,-8.84971767008677,0.12150573425292968,2.1226094641312026
1478632154932,254.0942598514529,-179.01550669827267,75.69797168032703,-9.25104577816939,0.10250176314201671,2.1410148345947264
1478632154965,253.85963444100238,-178.94062909342313,75.24409438471872,-9.568576481086668,0.10115502927475609,2.180519015856832
1478632154999,253.79168332297212,-178.92980151648527,75.27658996550866,-9.461885136750723,0.10055646059340796,2.2408230067046357
1478632155033,253.57769040241658,-178.8453092375119,74.79820670973419,-9.421782210994046,0.08604163129501975,2.4187423093712423
1478632155067,253.3858014770387,-178.74387442872995,74.442583433962,-9.638606897912547,0.11507131729125976,2.497601244354248
