sep=,
timestamp,gyro-alpha,gyro-beta,gyro-gamma,accel-x,accel-y,accel-z
1478632746522,40.068661228077666,-0.3799710988911368,16.269834610992525,2.7350760827050893,0.004189852905273437,-9.3783869268778
1478632746555,40.0554237744671,-0.3789060564204174,16.092000925564818,2.6518774950995576,0.005985504150390624,-9.324966379967378
1478632746589,40.04226723127949,-0.39122291349024557,15.976714719331955,2.795529585575778,0.0326209976196289,-9.456198633813218
1478632746621,40.0306786872895,-0.3981913524410021,15.844970105336568,2.7611130554420407,0.029927523035241755,-9.575160636116797
1478632746655,40.01221096617612,-0.4010524867620272,15.642607004152186,2.6824037763291035,0.030226795959472655,-9.534758410036424
1478632746688,40.00140402309497,-0.4038149674784493,15.561057415796078,2.720710865894286,0.03486555939273676,-9.475053188799368
1478632746721,39.99330379714025,-0.4112506817048363,15.513820837717907,2.7032032936538566,0.05626374015531619,-9.528024863997707
1478632746755,39.98022982504118,-0.4234385281410768,15.404630488535851,2.803610235374514,0.08185176868576964,-9.500641091178124
1478632746787,39.971674108068555,-0.4244758528980883,15.200787977637697,2.7109845129814465,0.08589198569974978,-9.44512533354563
1478632746820,39.96317914531688,-0.42289341976590794,14.96962733200286,2.5498249073470127,0.09172785338802496,-9.433603266597236
1478632746854,39.9541014712691,-0.42638611233622964,14.756699324630988,2.4790461506636405,0.10833762740535893,-9.475352464577709
1478632746887,39.941273920489145,-0.43912886040992594,14.513663434104087,2.4447793106493014,0.14679448928833008,-9.512911470584548
1478632746920,39.926396189649715,-0.44442488875970587,14.25353559293039,2.3825298562810406,0.1331774673461914,-9.527575702307967
1478632746954,39.90117322072389,-0.4458502595284193,13.929902529905613,2.3481132724900204,0.1158195053100586,-9.493158973528118
1478632746987,39.870856025844745,-0.43702965848441494,13.542817886193793,2.2930465972029865,0.10504559555606684,-9.498097112633602
1478632747021,39.84837327470685,-0.4245396571618582,13.252634542668487,2.286312927295861,0.10145429534912109,-9.555408492970106
1478632747054,39.82846317780037,-0.40115750172717474,12.996115706137893,2.284068411188526,0.07032967291085661,-9.57845255151837
1478632747087,39.809952990583206,-0.3681370464295655,12.719467241170907,2.2385785887787115,0.043544544977380424,-9.560346618375856
1478632747120,39.79162054161575,-0.33435845167687295,12.428719957747395,2.098667357339739,0.0429459899957641,-9.569324832360603
1478632747154,39.77275167155019,-0.3116207623331719,12.239239718144436,2.1341315596207044,0.039953239062213104,-9.619004390086326
1478632747187,39.75619210017246,-0.2924342314407292,12.12261447317125,2.262370912977587,0.05461772308902582,-9.67003112349566
1478632747221,39.73859053862305,-0.2662542530006031,11.858069175295444,2.3126491478408684,0.06239887962617795,-9.577255720116348
1478632747254,39.71244237678186,-0.2243480669720945,11.020538973496631,2.1754314103942365,0.09726444244384765,-9.423876753854191
1478632747287,39.68052100739505,-0.17683577011674564,9.849366839761137,2.4995464601378887,0.10893618010368664,-9.423278550499026
1478632747320,39.66656196336342,-0.09103230685671114,8.200212192277013,2.4953567533630876,0.06000467682437738,-9.529820560908597
1478632747354,39.657000766570256,0.048440771118319306,5.7183722085793125,1.9809025985717772,0.00553659076828917,-9.464728020610007
1478632747388,39.65065843129442,0.2124436132650419,2.8720592289951967,1.2958616485595702,-0.028131868936013778,-9.288903817925974
1478632747421,39.66764489150113,0.38173378352105863,-0.1523074861134751,0.7664437904744991,-0.027383679204748476,-9.44377859168686
1478632747454,39.6914915202414,0.5777855786388058,-3.6703419525733016,0.24480711975097655,-0.012569558715820313,-9.73257952770281
1478632747488,39.74420139878221,0.8136278061431164,-7.9603185187074175,-0.6109703361511231,-0.028880057525634766,-10.201842838464303
1478632747521,39.82056560887587,1.0414903141354566,-12.386039159537296,-2.3267151191269044,-0.0056862289428710935,-11.175684436798095
1478632747554,39.96225256962015,1.2837949394859038,-17.050480127647983,-4.621108479309082,-0.10564414825439453,-12.89980861505717
1478632747590,40.039651341853684,1.3187267125917073,-18.256148873165046,-4.8762404475890095,-0.1261444999694824,-14.874127451324462
1478632747623,40.079282655633975,1.3488183844656434,-18.53782574943627,-5.052364199475199,-0.22385786321611958,-15.867870777893065
1478632747657,40.11357237344045,1.4046030179288402,-19.100526688133897,-5.172971961975097,0.003591302490234375,-15.629946987915039
1478632747690,40.202883209051755,1.598866434998012,-20.97005899127916,-7.213430326843262,0.018255787658691406,-13.832799366760254
1478632747724,40.20697900976379,1.704844542734596,-20.793919187654264,-7.611765628051757,-0.1750760055320803,-12.563423574066162
1478632747757,40.18269533068774,1.8172564943741887,-20.58105228355262,-4.990114956311136,0.030825346374511717,-11.724405529785155
1478632747790,40.19294728944036,2.050994597020526,-22.373107580388663,-4.9679685909546905,0.0056862289428710935,-9.929502691882476
1478632747824,40.227450934869026,2.3364989645917404,-24.890082186389847,-5.7125651611328125,-0.013467384338378905,-8.538770400680415
1478632747857,40.20135489095962,2.64908008686752,-27.07418984708952,-5.335628183392435,-0.10908581314086914,-7.5400889235898845
1478632747891,40.15835980481993,2.876711968447159,-28.028549138274713,-3.9885902551513164,-0.18644845428466797,-7.0871363354004915
1478632747925,40.145820883006266,3.164985837097508,-29.840512448533428,-4.1195232315063475,-0.17163433151245117,-6.5521819019593295
1478632747958,40.142573780558266,3.6497387784743034,-33.33644611104699,-4.18296972163096,-0.22595278167724608,-5.421669951684772
1478632747992,40.1437498502296,3.9576405345099634,-35.78088106842592,-4.72450806350708,-0.1236006607055664,-5.411045389556884
1478632748025,40.13988843879502,4.2419875023520754,-37.68202852232238,-5.153967767101898,-0.1910872200012207,-5.588964646557718
1478632748059,40.104819068140614,4.507449654042182,-39.238126950224924,-5.0893246876038605,-0.2690484115600586,-5.9081413631163535
1478632748093,40.1001615684901,4.7885983255289,-40.772694149568046,-5.155614146069437,-0.3226187102386728,-5.592855078125
1478632748126,40.10347675919468,5.199064991021113,-43.53759967710277,-5.1927242718018585,-0.1671452033996582,-5.6637835945680735
1478632748160,40.1315677078992,5.464816755666188,-45.823481118856265,-5.025279647064209,-0.1197100830078125,-5.7567084734376515
1478632748193,40.269300776228555,5.890557831115699,-50.41596632792583,-5.841104008892923,-0.36541502838134765,-5.164292907891794
1478632748226,40.3804584171375,6.16159700738594,-53.4404219945862,-5.70014509389028,-0.5933130623748526,-4.346673406274617
1478632748260,40.47668958039992,6.388966608156588,-56.2657673979097,-5.6191912963867185,-0.6554126679351553,-3.792116446740925
1478632748293,40.5734851553337,6.595521592531188,-58.890728487308024,-6.0209681163512165,-0.8017582809448242,-3.157952135876566
1478632748328,40.5968377956582,6.7465449859066,-60.44605507082244,-6.633285483197122,-1.0920552322387695,-3.4485482162475583
1478632748361,40.52596956193409,6.814164617398057,-59.87604009077764,-6.763320706994831,-1.6674118186950682,-3.9691372935973104
1478632748395,40.42110042929127,6.891776507088285,-58.8726782673164,-6.014683629254251,-1.7630302474975585,-4.977395810223906
1478632748429,40.36596652609657,6.992222245279605,-59.043090017801916,-6.87584789276123,-1.5904980538299307,-5.54706619057022
1478632748463,40.27325075114251,7.281315911996999,-59.37837533089929,-8.501959723685449,-1.6123451439788563,-5.904101220880076
1478632748497,40.10898079032303,7.515141145584383,-58.581766521340526,-7.299771370343119,-1.5397709609542973,-5.986102920001373
1478632748531,40.001919382184354,7.585912438287318,-58.024981914162815,-7.679850628164596,-1.3808557435630355,-6.127809657696634
1478632748565,39.88931190467972,7.63001668970537,-57.49244885724683,-7.292588326971233,-1.4000094664421396,-6.318297888891398
1478632748599,39.86616004128439,7.6226672532245185,-57.758694652315086,-7.547271893896535,-1.4987702940567396,-5.992836319909617
1478632748633,39.75580461107081,7.653316493072536,-57.27876635334493,-7.761253776870854,-1.6196774596283212,-6.140678272424266
1478632748667,39.74138609613045,7.588599753124332,-57.433075737844206,-6.046855567932129,-1.1251250696044415,-5.473444379922561
1478632748701,39.77739997161375,7.507789929365221,-58.2954201073388,-6.024409635107219,-1.3946224031089338,-4.290558793408051
1478632748735,39.80054146780893,7.402014999715767,-58.84947619945517,-6.040421150970459,-1.1133038267715833,-3.579181698199361
1478632748769,39.79219174260199,7.266647736417146,-59.06787532857461,-4.6685433074399825,-0.9184755753448233,-3.1974563171386716
1478632748804,39.8181210536676,7.062612599612781,-59.94203309578046,-5.800252796936035,-1.0167875175476073,-2.969708030346781
1478632748837,39.80783136484423,6.968669518278194,-60.178916577643015,-4.508730638885498,-0.7223007133483886,-2.798372827911377
1478632748871,39.81606329218302,6.830550142967933,-60.315270895328,-4.167556610052287,-0.47494975433349607,-2.8139351387023925
1478632748904,39.807795816854664,6.567307718489328,-59.73333534364908,-6.1237691501341756,-0.6139630882263183,-2.6607062324523922
1478632748937,39.72562237676011,6.330879967797788,-57.585370596772286,-6.97505733179301,-0.8961796454498544,-3.4356792361937463
1478632748971,39.64580284117794,6.017146147603702,-55.91332584256645,-8.96239449345693,-0.7492355002914555,-5.130773901986517
1478632749004,39.661656327819145,5.829067150050316,-55.69112722695092,-5.826738652801513,-0.643441659634374,-4.490774345630035
1478632749038,39.792492632883935,5.742901161905167,-58.09004397734806,-9.336788070324808,-0.9666589020217768,-4.2058642750062045
1478632749071,39.759027984297845,5.456357173915877,-56.72040035428152,-9.520542755480855,-0.7746738746643066,-4.713435173089802
1478632749104,39.70301182243192,5.274620934441541,-55.69791825330602,-7.562085907070897,-0.754323169686133,-5.905896835592575
1478632749137,39.7824754251382,5.217969914733983,-57.077769904188585,-8.390778847094625,-1.0188824166007806,-4.599111532360688
1478632749170,39.82558241206819,5.0656664149004245,-57.87439626113021,-11.607987181799112,-1.0244190353393554,-4.947468093109131
1478632749204,39.768285001548044,4.914721477089784,-56.552470317029695,-9.556306435040383,-0.8482956042552192,-4.757877103015035
1478632749237,39.75224481544881,4.720192092675428,-55.67621035768652,-9.714772219030559,-0.7872434676294564,-6.389525388281047
1478632749270,39.75512158908039,4.523114559260259,-55.80014025790549,-10.546907518060506,-0.10295067138671875,-6.814496475219726
1478632749304,39.77819436839479,4.369512577272636,-55.23193772296065,-9.836876942089944,-0.6057330474189948,-6.367379315185547
1478632749337,39.85328370713617,4.247069591540228,-55.88585676917344,-8.797793348516896,-0.07915829238891602,-6.501005622277781
1478632749371,39.96657629994438,4.142285823068473,-58.18391065645062,-10.142137507629394,-0.11372461539003997,-5.761796005835011
1478632749404,40.05475980255095,3.977904577178417,-58.57678604780098,-12.661436204528808,-0.4358943214858882,-5.256918639418017
1478632749437,39.96368090860227,3.6797837389082435,-56.641175387471584,-8.830563910675048,-0.11327570257876067,-6.630442076464742
1478632749470,40.01285604450482,3.397397139489457,-58.15258862931779,-9.561094692230224,-0.21443068618774414,-5.854421755627542
1478632749504,40.07658589340956,3.2839412477809327,-58.945284471258454,-11.36093608251363,-0.165349552154541,-5.206042073335405
1478632749538,39.95916337655406,3.0999119233491133,-57.39372056266595,-9.834781869506836,-0.08858546142578125,-5.752817566946335
1478632749571,39.7703473851125,2.845065890782551,-54.30331513838111,-9.10993731689453,-0.29732993693696336,-5.985204729052633
1478632749606,39.67867820104166,2.7367437090021367,-53.1281205047185,-9.681104050445557,-0.3917512420764891,-7.440580063220113
1478632749638,39.41563550487117,2.4719339833335234,-48.27560290538701,-8.62690727808848,-0.5198410263282712,-8.368782265472412
1478632749673,39.17288076119652,2.283866489273193,-43.439796947747496,-8.316259320422262,-0.6452373656784184,-6.629394868966751
1478632749705,38.988705263813124,2.1659495156631365,-39.86894383163445,-6.936002063342183,-0.6655880432571284,-6.85654464187622
1478632749739,38.80905827022757,2.052957329940822,-36.68840143221468,-7.059752434716746,-0.7022492744445801,-7.152228400775044
1478632749773,38.615427721482966,1.8915182000424449,-32.30865253469398,-6.816142342730611,-0.5602431884765625,-8.113350894120801
1478632749806,38.4085573316467,1.7191828290085496,-27.10388680791846,-5.508609253338724,-0.3227683158763917,-9.017909934853948
1478632749842,38.219859999710145,1.5394535190305267,-21.63344825683186,-4.745008342156932,-0.1345242057800293,-9.761758865002543
1478632749875,38.05009021487072,1.3258529061418183,-15.160645378371196,-3.2959177873473613,-0.025887305450439452,-9.802160689224117
1478632749909,37.88496004758286,0.9819620931017933,-5.064590314310062,-1.0580874961853026,0.013018471527099609,-10.150217755569331
1478632749942,37.81776300101076,0.8066493789160599,1.2062348700609395,-0.11791441349638625,0.11297639083862304,-10.00731411797339
1478632749975,37.79505700810203,0.6896592618745657,6.406902349982545,2.2972364929199216,0.13078326568603516,-9.638008511894288
