sep=,
timestamp,gyro-alpha,gyro-beta,gyro-gamma,accel-x,accel-y,accel-z
1478632734922,36.835994049693674,0.46752772401297454,0.42744730542394654,0.1515828880420653,-0.0372597679027589,-9.720458977696392
1478632734954,36.82524769092597,0.4155709145217919,0.4392707183940014,0.23074117586440404,-0.05087678756160894,-9.756970521047734
1478632734987,36.821563264203924,0.39565314096993276,0.228163964390075,0.23762452390366232,-0.04997895965576172,-9.794679012248816
1478632735021,36.81875327329164,0.3835773560339174,-0.23077980593948808,0.10549451065063475,-0.043245267486572266,-9.869797100752661
1478632735054,36.82002468724349,0.38406984551046874,-0.8245856001766816,-0.16744448089046635,-0.06868366183819889,-9.899275868523539
1478632735087,36.8220113713993,0.37662417820994387,-1.2583866414985208,-0.430956298828125,-0.07272387428560177,-9.837774416086054
1478632735121,36.823171967690335,0.3378664887590306,-1.193443593707384,-0.18136076890697003,-0.07900865706844487,-9.987561899478175
1478632735154,36.8253616855736,0.31885352102397013,-1.2246199447968724,0.01227028350830078,-0.07407061386108398,-9.98292296936484
1478632735187,36.83063273586987,0.3112656306426273,-1.3110640551992974,-0.07003039855957031,-0.05027823486328125,-9.84495700736679
1478632735221,36.84222265711522,0.2875395360774715,-1.4491596020722106,-0.16594810256958006,-0.0237923767145141,-9.789591454735282
1478632735254,36.85048002237918,0.27279035691873715,-1.5792075033458426,-0.22206220854606945,-0.024091654205322263,-9.803208551562152
1478632735288,36.85696465717008,0.2642117535815547,-1.7760904104913486,-0.3743932800403563,-0.039354690359640516,-9.774777416444744
1478632735321,36.86027721472317,0.2530331798690222,-1.8972006148153613,-0.35299512096901886,-0.03546411266188661,-9.71641864366387
1478632735354,36.86519079946394,0.23631811249686552,-1.9355221164531387,-0.2843114425769774,-0.030376434704876738,-9.75248092714406
1478632735388,36.87532849922047,0.22369695523936117,-2.1000934870793815,-0.24929622959746045,-0.05162497443876345,-9.870096617988775
1478632735421,36.8857084250221,0.229261374894604,-2.323509431416502,-0.29972412033081053,-0.04653729591093142,-9.866205579066719
1478632735454,36.901563758199735,0.24147997870322319,-2.6286516655891874,-0.3356371543663088,-0.055964462664508025,-9.847500773565471
1478632735488,36.919209024021534,0.26151062302323713,-3.092216314483027,-0.263661457824707,-0.05626374015531619,-9.770886608134838
1478632735521,36.95477766966123,0.3178217814189607,-4.313020756819001,-0.2808698187896982,-0.03531447334566037,-9.741108909933024
1478632735554,36.983603290156935,0.398607709019849,-5.82210174195038,0.06045359191894531,-0.027832594299316404,-9.727341850811616
1478632735588,37.03007992292491,0.529698579958518,-8.252720955252046,-0.08215104446411133,-0.07137713927669682,-9.695469147383706
1478632735621,37.14653830288294,0.8403154357275856,-13.862550920616934,0.06688800888061523,-0.21472996139526365,-10.353126455865427
1478632735654,37.308741608974806,1.1431135214827723,-19.436856111372894,-1.5176244312010705,-0.13901333845939953,-10.796054128320515
1478632735687,37.52532782022596,1.4767700785068165,-25.312137552273004,-4.516062771871872,-0.3122936744800536,-10.635492979486285
1478632735720,37.72070697735384,1.7112526318002954,-29.92002598286842,-6.563554359845072,-0.41060558471679687,-11.380837591552734
1478632735754,37.8729152401348,1.8275793999879404,-32.734746701009655,-9.7423058303833,-0.3693055878127925,-13.63797120666504
1478632735787,37.97213351337818,1.8931180463923059,-33.3586928886971,-10.811316871643065,-0.4251204505478032,-14.700847106170654
1478632735820,38.07945805800732,2.0427944198221892,-33.53726956096463,-11.200973191833496,-0.40297407149162606,-13.002011390686034
1478632735854,38.13018967210061,2.1393581832188935,-33.16712017987223,-10.44470474243164,-0.6108206985473632,-11.372008680669962
1478632735888,38.14905973409159,2.1950965893267957,-33.003214739738404,-9.939078987066447,-0.7785644523620605,-10.717494094085692
1478632735921,38.21580213188615,2.473127480265909,-33.39725794121999,-8.383147183172404,-0.6971616141830571,-7.741800413458049
1478632735954,38.22457059850882,2.597417972596572,-33.34032312250126,-7.0440404132567345,-0.3956418289073976,-7.2753804409302765
1478632735987,38.254445933704496,2.793468795260097,-34.15884480675959,-5.830479812091216,-0.4929062508016475,-6.2527566184446215
1478632736021,38.30595979373163,3.00115692712185,-35.521683824629015,-6.38069698885493,-0.25348610076904293,-5.555146548108011
1478632736054,38.312316242944156,3.1797404955854813,-36.02234381510325,-5.843049060279783,-0.006733692169189453,-5.099500190789997
1478632736087,38.31072370110969,3.328635688493975,-35.95961936789061,-4.999841327490285,0.00852934341430664,-5.114164383697509
1478632736121,38.324578796405504,3.546739322842576,-35.99023135131499,-3.868431040136516,-0.18914193115234373,-5.208735349273681
1478632736154,38.343133514353234,3.624516547590941,-36.31437342812371,-3.962852660369873,-0.251540811920166,-5.10728105392456
1478632736187,38.4148829915397,3.849663892625677,-37.53720589365289,-4.519504692486674,-0.16115969924926757,-5.0056774132326245
1478632736221,38.49738227009431,4.0399852478396605,-38.76083328797183,-4.361637166650593,-0.07556698989868163,-5.028422036743164
1478632736254,38.57421613745098,4.176215002559446,-40.039784466923955,-3.8147114326477047,-0.0010474632263183592,-4.4913729691103095
1478632736287,38.67553206259031,4.278084915450813,-41.47666755689125,-4.268861267797648,-0.11477204208374023,-4.059368914794922
1478632736321,38.7602912447045,4.338429241782458,-42.47549106983519,-4.231003246307373,-0.23567922592163085,-4.181173631994426
1478632736354,38.8515388458124,4.369753515947459,-43.29917733591838,-4.264073302868754,-0.7371148064378532,-4.368819187109172
1478632736387,38.93476492971142,4.404773547239312,-44.39417318850874,-4.648342230932414,-1.2551602203369139,-4.988020029858499
1478632736421,38.96806374312726,4.398723452846106,-44.29422227558958,-5.555595607049763,-1.8537106353759765,-6.116886185687408
1478632736454,38.871738819000946,4.366691666809052,-41.32480205368054,-1.9002479301452635,-1.6460136413574218,-7.6936175799714395
1478632736488,38.87370943520877,4.3790665671444415,-41.02750180455048,-1.4850035797119139,-1.8291700683593748,-8.369979585498198
1478632736521,38.92698422949663,4.4442032121934085,-41.47673815636821,-6.583755290222167,-1.3449427825927733,-9.201365892791747
1478632736554,38.859979549815215,4.340648780059209,-38.74193002017668,-5.440224868420511,-1.0800842239379882,-11.85189647592753
1478632736587,38.937092834923575,4.4193749266592945,-39.94903445869588,-5.374084828362986,-1.096843635559082,-10.73096147842407
1478632736620,39.07744551303814,4.531519100690196,-42.39425687725475,-6.414964164512697,-1.1908160507202148,-8.421754196399077
1478632736654,39.19001117936861,4.598400343198913,-44.08553624651586,-4.228908027593791,-0.9219172584976069,-6.076633524145558
1478632736688,39.31680771139118,4.631290771399684,-46.00252889608335,-2.8706474982663988,-0.5412392493316903,-4.068496808624268
1478632736721,39.50342990179424,4.565716575464273,-48.57132710551491,-3.6770451294496653,-0.7239467406894778,-2.9324484131410715
1478632736754,39.58143875046004,4.486066017168409,-49.4487071606101,-3.3969235352113842,-0.3640682899475097,-2.769492770385742
1478632736788,39.65535892185492,4.428770074923308,-50.487865875256404,-3.1549592376708984,-0.3459621398925781,-2.8558339600160716
1478632736821,39.736571659535585,4.3391212747462635,-51.31356275707744,-3.4877529761716723,-0.46612111744536083,-2.811690282385051
1478632736854,39.79367852516625,4.18344148436032,-50.95257665211615,-4.885218849945068,-0.4993406654800288,-3.121141139221191
1478632736887,39.797012601817045,4.024223466572356,-49.74465748819499,-4.026448934228718,-0.5060743941818364,-3.0246248847961423
1478632736921,39.768316270453944,3.6510975442064875,-46.8957240316215,-6.6035075635163105,-0.4086602593353018,-3.6955999000549316
1478632736954,39.69514679281318,3.29299118501936,-43.77340496831937,-6.115987921673431,-0.4128501396400388,-5.831526909991354
1478632736987,39.685362980753226,3.05123347787885,-42.815660469829716,-6.967426215860061,-0.3489549102340825,-7.121103724394087
1478632737021,39.82484794725978,2.8117748506522293,-44.666905689899295,-8.045116347735748,-0.35075053407973605,-6.7227684049192815
1478632737054,39.86928966013624,2.6016461589275695,-45.517104257040046,-9.143755415344238,-0.14604630126953125,-6.142773125811666
1478632737087,39.83138606623105,2.288615623991017,-44.272089400940516,-8.677035875348,-0.17462708358764648,-6.750002722798194
1478632737121,39.78255837056601,1.9383414811879458,-43.21887535934516,-6.930615127873141,-0.15487493815766645,-7.557447104821726
1478632737156,39.78718171724838,1.6597408459224756,-43.6607582331689,-9.173533298492432,-0.4296095695274416,-8.09704052317515
1478632737188,39.7800750347852,1.3678906610134032,-43.26506663153548,-9.150638598986715,-0.12255320661240257,-8.91720393712148
1478632737221,39.772695596157355,1.0659810414672326,-43.08205262580566,-7.151779853289947,-0.020201076507568357,-9.00968026850596
1478632737254,39.86943316158797,0.6320692692186215,-44.94048690912542,-9.868150762884317,0.1473930305702146,-9.219921247918903
1478632737287,39.897683157492864,0.3340268650907795,-45.48112450469535,-9.76744494781494,0.24151508790168444,-8.655488060406595
1478632737321,39.887727259024416,-0.019237362243495176,-45.57100057365807,-10.136900191497801,0.35284545596579553,-8.986486439923196
1478632737354,39.84942982449723,-0.4390272911369303,-46.22649121980252,-10.831816931097208,0.1227028350830078,-8.265831740216166
1478632737388,39.73195046876053,-0.7612744097973371,-45.13529340782953,-10.18598103327006,0.05551555099487304,-8.66626211400777
1478632737421,39.54081318702426,-1.1071868482269618,-44.29485026402387,-8.118438408251851,0.07556698989868163,-12.084283966827392
1478632737454,39.50627529061724,-1.2529096878844421,-44.19880682496984,-9.136273681286722,-0.2913443962539546,-10.357615657043457
1478632737488,39.393726098559085,-1.3822130538540958,-43.83474831201794,-7.031021941729635,0.00852934341430664,-8.14253013552241
1478632737521,39.25794297289603,-1.4962013344323777,-43.934099235289644,-6.27086302422788,0.043245267486572266,-6.2644287899293
1478632737554,39.180177901003084,-1.6109199447898312,-43.88364168117432,-6.683114713917579,0.02663549346923828,-6.0381763677183535
1478632737587,39.04628377872375,-1.6203760615060954,-43.32906581659519,-6.401347233902104,0.04234744186401367,-6.884676493116747
1478632737621,38.88173835602691,-1.6652542099595278,-42.61735291939608,-6.5565209632101,0.059256491088867186,-7.860164269488677
1478632737654,38.80817666719373,-1.6352470110264137,-42.36214127492013,-6.912508996084519,0.07855974197387695,-7.898770771258697
1478632737687,38.73055676086004,-1.6323506290454897,-42.417329041818384,-6.913556568908691,0.24361002348747568,-7.684339683212153
1478632737721,38.659550824958956,-1.638695361293869,-42.63753746403081,-7.115118311575241,0.28012159866215297,-7.205499763314501
1478632737754,38.58556771862318,-1.663534146878564,-42.92682578276537,-7.001693007925339,0.40761284177475604,-7.037755506034661
1478632737787,38.48744101970299,-1.7253822216389978,-43.02379615276325,-6.967575780398584,0.4779425064086914,-6.993313411712646
1478632737821,38.396832875293995,-1.8402312081453711,-42.79910604711715,-6.520758123900787,0.6022913551330566,-7.156867059177031
1478632737854,38.2661411477678,-1.9751145412272109,-42.66803949251248,-6.389675172015279,0.6845920372009276,-7.366509832951519
