sep=,
timestamp,gyro-alpha,gyro-beta,gyro-gamma,accel-x,accel-y,accel-z
1478632005777,78.2154675182696,0.25227913385798756,8.953037946630522,1.3034931115523911,-0.0020949264526367185,-9.603143096348736
1478632005811,78.26163823812199,0.25755531383065516,9.02318467698081,1.4263456025054677,-0.018704702753259334,-9.751583448581373
1478632005845,78.32849643932417,0.28138098657984434,9.124136639537683,1.5568296773229573,-0.035913026043988064,-9.794828811966068
1478632005879,78.36923565190142,0.2991907279064049,9.223136942030603,1.6198270059005357,-0.04234744129319151,-9.76789384235991
1478632005913,78.43566600424428,0.33476810353772546,9.594518739823657,1.6654665252796141,-0.06090250387399137,-9.768193300230521
1478632005947,78.48301442390924,0.3766389614437555,10.041548540210623,1.6560393151435535,-0.12644377517700195,-9.53161580116176
1478632005982,78.52483475467908,0.41960307893633536,10.402301227353323,1.9921254371200687,-0.11956044540405272,-9.579350566653883
1478632006015,78.5665301140575,0.4447843638252491,10.297135156225687,2.0932804755279792,-0.0330699104309082,-9.851092130854632
1478632006049,78.6093647976813,0.47365849911911995,9.95340242114576,1.7109564321711077,-0.0076315223583253095,-9.70340027260147
1478632006084,78.6538445436006,0.4886130845870714,9.695363048711897,1.657086768095073,-0.006733692169189453,-9.553313308505853
1478632006118,78.69694755842868,0.4950835217951027,9.387482211956772,1.4622586548072751,0.0326209976196289,-9.777770189069537
1478632006152,78.75474398321845,0.5472863483304634,9.144434844575304,1.443853284343751,0.008828618621826172,-9.860519391223043
1478632006186,78.81008138446282,0.5867439835870042,8.996879312270915,1.5025112113178474,-0.03127425918579101,-9.825803805077495
1478632006220,78.84402896912144,0.5948399201487047,8.81229153267364,1.357362758503761,-0.03531447448730469,-9.774478189186286
1478632006254,78.88910124065127,0.60621207800951,8.72652615550886,1.4634558150028576,-0.026186580657958983,-9.778967271633306
1478632006287,78.91764596413704,0.611653631399622,8.685887726646166,1.4848539535245973,-0.039653960429760625,-9.75801778791123
1478632006321,78.9444119100861,0.6171613282771607,8.548502610106047,1.4963760238979245,-0.03561374512824696,-9.762207572317845
1478632006354,78.96865572326014,0.6297894255839968,8.226433494974701,1.6808792212997563,-0.04908113403320312,-9.730783860474673
1478632006387,79.00121785694505,0.6706800203771958,6.9112683934064165,1.9629460861206054,-0.07811082916259765,-9.65776082172105
1478632006421,79.02306604172217,0.7124683240516235,4.897623900881097,2.1903952438354493,-0.07047931593742687,-9.980977625717037
1478632006454,79.05463517855209,0.7729954103682679,1.8411728133429304,2.3376386824676767,-0.13617022170467535,-10.473285305554047
1478632006487,79.10724800808288,0.8546189014661782,-2.7567705128042213,2.057966037573293,-0.1668459236255614,-10.871172059277445
1478632006520,79.1884075381235,0.9511644025519913,-8.673658837373795,-0.04713584518432617,-0.2211643783569336,-10.88523784790039
1478632006554,79.33465750608674,1.050302978758223,-17.08568986155018,-3.2164601832183077,-0.22475568084716796,-11.582698719024657
1478632006587,79.4042434933594,1.0856834050147226,-21.5238526740592,-4.310760016046092,-0.11686696853637694,-13.19923346018046
1478632006621,79.50016497351544,1.1164172170217839,-26.001352256984024,-5.466710505090281,0.01810615005493164,-13.599813617706298
1478632006654,79.67422048094944,1.1575048384855768,-32.88722052857058,-8.151658102416992,0.0330699104309082,-12.651709760284422
1478632006687,79.82343821882937,1.1657774492552333,-36.48359656812898,-10.191817192077636,-0.034715924072265626,-11.41854655996114
1478632006721,79.9150171543619,1.2269182308795714,-38.8150626243375,-10.973224466650187,-0.15233108519401867,-10.386046801757812
1478632006754,80.00065839656342,1.3167340439704818,-41.326246880681154,-9.724199680328368,-0.01601122360229492,-8.916156620025633
1478632006788,80.09172362038018,1.4380336947998762,-45.325560258222566,-10.028113653564452,0.05716156463623046,-6.279841499649174
1478632006821,80.14272766249391,1.534217015069659,-49.46517751890265,-9.792883632715046,-0.05132569808959961,-5.144091904449462
1478632006854,80.20957868777691,1.6286960536119652,-52.65422947689931,-10.225186377716064,-0.10758943710327148,-4.264522215680032
1478632006888,80.27576580639253,1.7771202284142682,-56.267420008620014,-8.359355279098637,-0.16011223602294922,-4.407725256347656
1478632006921,80.2799392852569,1.9172312095534512,-59.760392898157676,-8.235155994912795,-0.2475005874854978,-4.099771140875294
1478632006954,80.34311473134466,2.0687982402643756,-63.735981003265735,-7.7039422458373,-0.15547348857270551,-3.4852095022339373
1478632006988,80.36772965410418,2.227515139330311,-68.59389486000613,-8.512583856555073,0.06733692169189452,-3.026270861904882
1478632007021,80.43840532663256,2.4799476173279733,-75.40239691520964,-7.953388423565775,0.03396773605346679,-2.081608596304245
1478632007054,80.52343785825273,2.722580110346243,-83.11899291912049,-7.298124918310344,0.028431144714355466,-0.9843161392654292
1478632007087,80.59193443757115,2.8970184826639875,-88.49306832725064,-7.1832038231447335,-0.030226795959472655,-0.1288379768371582
1478632007121,260.6120700610274,177.02265448268392,89.20355009998782,-6.764966720636188,-0.13003507766723632,0.028131869506835935
1478632007154,260.6584716722909,176.86407992467588,85.76232543500514,-4.953303959655761,-0.1767220100402832,-0.11342530364990233
1478632007187,260.71502662798423,176.67695616239206,83.04052172068624,-3.342754430389404,-0.38352117843627925,-0.6456862602233886
1478632007221,260.7822783681832,176.53359994722163,81.07694601597414,-5.362263822992146,-1.0613795234680174,0.1441010124206543
1478632007254,260.77109694794837,176.4688418202517,81.04293924379137,-6.25694676361084,-1.066916114807129,-0.31184476623535157
1478632007287,260.76250299629595,176.28213087063608,84.02625726262673,-8.385092910412698,-1.5568296295166015,-1.012597664642334
1478632007320,260.73712723682394,176.13319006732632,86.96113499079222,-8.47427706838399,-1.2913725204467772,-1.882890004641749
1478632007354,260.73001714732527,175.9952539300859,88.22791776844714,-9.58937598014511,-1.242291386413574,-1.5732898024627937
1478632007387,260.7110661062017,175.80544014336613,88.2839835626676,-9.50737477421416,-0.9392752570663578,-1.0202291459014639
1478632007420,260.7073934199287,175.70005260265117,88.08196971477658,-8.312668017932028,-0.8827121880462393,-0.4701613144805655
1478632007454,260.7110324197323,175.58100179977134,88.7646842547808,-5.756109703826904,-0.7181108604431152,0.16759412534409202
1478632007487,260.70488651449244,175.54176119266316,89.52290381392893,-3.965695774841308,-0.6031891807556152,0.18944120635986328
1478632007521,80.68802146932387,4.432408298992175,-88.77569718560858,-4.242375704193115,-0.5469254417419434,0.37125087666166945
1478632007554,80.66627134359946,4.36169545892305,-85.22732519617688,-5.489156218719482,-0.28101941986083984,0.6983586967468262
1478632007587,80.59458989729674,4.2480632070850515,-77.51029147360221,-6.454169417627155,-0.02424129180908203,-0.4616320075988769
1478632007620,80.55915521045642,4.1974888151455705,-75.07737660126558,-6.548740383203327,-0.08020575561523437,-0.9883565189637243
1478632007654,80.50573808614244,3.9978988026919433,-69.73193515975268,-7.800608137866109,-0.5838859116042964,-2.4621370591979472
1478632007687,80.43896613186726,3.766618047160249,-65.90866325737146,-9.296086349841207,-0.975487538909912,-2.7639561790466307
1478632007720,80.34218401429801,3.6181184781940607,-63.23896377280773,-7.9620675507143135,-0.733523533630371,-3.27915852185674
1478632007754,80.26498599189684,3.437080808630013,-61.277557559128766,-9.003844438491948,-0.566677607721521,-3.1850365421570834
1478632007787,80.15179933264228,3.2082531489115795,-58.87537056466847,-9.233238775457814,-0.4964975555751705,-4.344428549957275
1478632007821,79.97859293234298,2.8586482555075716,-55.401854139565636,-9.164854536670074,-0.5722141876441892,-5.329941972715873
1478632007854,79.86559145139478,2.5861028461562605,-53.190624408824725,-9.969305929156393,-0.6783072578430175,-6.473771797589213
1478632007887,79.80485787113729,2.4909946868548865,-52.19273349268936,-8.481908440045267,-0.5291185851608403,-6.833201175689696
1478632007920,79.63175878344452,2.1412128436833573,-51.39757992605204,-7.71770901954763,-0.4278139091491699,-6.883629121221974
1478632007954,79.4821338857259,1.7297788541726002,-50.16151304559662,-8.880392940466106,0.000748188018798828,-6.614131833383254
1478632007987,79.36609749204773,1.4391633734774183,-49.28205600420532,-9.033322571508586,-0.0037409400939941405,-7.073070035320892
1478632008021,79.26327961764521,1.1750296796874669,-48.937744995975606,-10.421062293298542,-0.1051952263099607,-7.048380086428858
1478632008054,79.13229706901923,0.8808098487825968,-47.480429998739616,-10.575637645721434,0.013018480660254135,-7.649923070880025
1478632008087,79.01256015879375,0.6444424807996725,-45.659002449782605,-9.553463174438477,-0.0760159004266723,-8.314014756365864
1478632008121,78.86937078468526,0.4191203903017345,-44.1954902979722,-9.700407301330566,-0.02693476867675781,-8.614038298034668
1478632008154,78.7511459631976,0.22259629684727084,-41.5056705835119,-9.46502705835551,-0.1538274520984618,-8.388833850506693
1478632008187,78.4909987028354,-0.11227233556860197,-35.29003840454701,-7.318176795605569,-0.13781623991261002,-11.690288448388873
1478632008221,78.36796040965169,-0.24940798918767634,-30.437412102711214,-5.80204830205068,-0.0282815071105957,-13.65577808151245
1478632008254,78.23528696650288,-0.3176422837222892,-23.843243921324305,-5.382314823504537,0.16130933685302734,-9.95658695203252
1478632008287,78.12898698587114,-0.3843854746806594,-18.857693698818366,-4.217835210241749,0.2739864570507081,-8.222586618860065
1478632008320,78.00654392907639,-0.43333376707673105,-14.568663715784318,-2.30890809814902,0.031573534393310544,-8.310872585882619
1478632008354,77.87946497979101,-0.491812320423781,-11.217499357619557,-2.2104466462066394,0.1619078872680664,-8.852410854693503
1478632008387,77.77425473849043,-0.5475467139650021,-7.496023595325343,-1.2877812048276334,0.19258359603881836,-9.58548563077622
1478632008421,77.66058745961095,-0.5871628665423626,-3.257862597403524,-1.2557588072845711,0.14410100785407703,-9.949553619329631
1478632008455,77.55190014232218,-0.6250732498443106,1.4669015072015816,-0.4212298180511221,0.1927332336425781,-10.343849180160648
1478632008487,77.39030510474707,-0.653377144771952,8.046948162584151,1.4903905882461927,0.3199251968383789,-10.6311529775206
1478632008521,77.29547139071754,-0.6325002856685266,11.590239693997395,1.8477251768913585,0.26979659044570287,-9.706393052076129
1478632008554,77.20429185687576,-0.6196440990983312,14.761818282587884,2.427870203200588,0.20829554443359374,-9.303418482827581
