sep=,
timestamp,gyro-alpha,gyro-beta,gyro-gamma,accel-x,accel-y,accel-z
1478632348954,62.1793388022861,0.6400532056352818,41.20729172818898,6.477063593118131,-0.06958148574829101,-7.351994519595941
1478632348987,62.18335489031984,0.6411919346078733,40.8624422664903,6.512976804108498,-0.06703765105095226,-7.417535880232619
1478632349020,62.18767251592185,0.6330289916870645,40.47501842060884,6.681169333737157,-0.05716156463623046,-7.614309613446146
1478632349054,62.1847998270524,0.6493725934608786,39.84089833129641,6.758681429821625,-0.052373156749340705,-7.721150606802292
1478632349087,62.16720851234845,0.7400141752806848,38.05938533330447,6.457161804376169,-0.05057750550422351,-7.904307179934717
1478632349121,62.144733877688914,0.8291273365802994,36.33503547476533,6.387430571426265,-0.05686228942871093,-8.154052413675002
1478632349154,62.104609395597706,0.9610783767989386,33.703917971445286,6.796839530237019,-0.04997896878891624,-8.617180724246241
1478632349187,62.043393271652235,1.1690809673354043,29.563772721190926,5.530755472564697,-0.05716157376938499,-8.510039941942633
1478632349221,61.982617173357106,1.4932383159950569,23.380017153690822,3.3874960373809557,-0.11432313840561546,-8.784325964178517
1478632349254,61.97855640889851,1.654887829243934,20.967122524959112,2.556558533300832,-0.25318682099494616,-8.625111699908599
1478632349287,61.989457241357464,1.738776144776077,20.251639441806386,2.1754314834594726,-0.44891281127929683,-8.518270158563181
1478632349320,62.00929223655954,1.7840792797235256,20.65062173720677,3.1383494636535643,-0.6028899055480956,-8.746018445355071
1478632349354,62.02440646217315,1.8417188609991555,20.910465498331927,3.5773861930847164,-0.6530185028076172,-8.732252078070118
1478632349387,62.04347117612463,1.9362633876425408,20.901110081973858,4.2106524591308085,-0.46627076418227514,-9.52622891135849
1478632349420,62.04689607065984,2.0490260905930744,20.082881312539797,4.694431051281839,-0.17941548690795897,-9.81128880224917
1478632349454,62.051818589737124,2.207708914836699,18.18567912959392,3.828029179382324,-0.09950900650024413,-9.876979929495416
1478632349487,62.05442690901051,2.4679049053813897,14.913437292853311,2.251148147494532,-0.08993219985961913,-9.439439139993732
1478632349521,62.058889864563874,2.589575830518806,13.451966746915282,1.6428712516784667,-0.06913257293701172,-9.322123384226952
1478632349554,62.06610738516105,2.6725016745886907,12.748455904327226,2.0075380189757794,-0.06284779357910156,-8.87994431991577
1478632349587,62.072741433373565,2.7246675089643784,12.37957914079042,2.27793327856753,-0.032172084808349606,-8.450484324060007
1478632349622,62.10338527790686,2.744473035855017,12.142552276274767,2.415300598818995,-0.04967968444824218,-8.609100037914887
1478632349655,62.11386430920187,2.73414076643088,12.125831611995526,2.7831097192626446,-0.14484920043945312,-9.604789009525394
1478632349688,62.141351521666095,2.710491044990216,12.014956670947177,3.5791818443298338,-0.4134486900550779,-11.502343471936136
1478632349722,62.17486406530592,2.734420570668404,11.379953801976331,3.253869693756103,-0.6133645195449702,-12.779799256841837
1478632349755,62.21255176647299,2.7729134275167144,10.16020352638264,2.3127987671783194,-0.8391676818847655,-14.35114402618408
1478632349790,62.25034359992772,2.7478117748623596,11.1374907012265,1.4392144364288075,-0.8864531646728515,-14.176068029785155
1478632349821,62.27305985858721,2.6554299451578687,13.363005288162334,1.5577275282043963,-0.8668506385803222,-13.380445182855427
1478632349855,62.29322917201601,2.5279263790316957,16.18482843662346,3.033303938879445,-0.7411550514221191,-12.966098658044636
1478632349889,62.305866742242415,2.4252151073405233,18.241123865526717,3.320907267175242,-0.580294609114062,-12.21865853500366
1478632349922,62.32321848743518,2.328756211375425,19.928767196639,3.550451552272122,-0.585382287641894,-11.418696051434427
1478632349955,62.32858415996988,2.2635480227980773,20.500542209955135,4.017620059878565,-0.46148237456169444,-10.862343148394674
1478632349988,62.31380175486332,2.228908829051514,19.863820690533885,2.409165274401754,-0.3863642877703154,-9.82730013544932
1478632350022,62.30042437314425,2.0798171149317337,20.04670671812582,2.157175622735545,-0.24705168380737302,-9.243264638756902
1478632350056,62.289624951331824,1.9183475002146204,20.767639491848296,2.295590479278564,-0.170437212416064,-8.801833600351028
1478632350089,62.27013188243961,1.7214304809258414,21.69372030739702,3.2716766416687517,-0.1188122573852539,-8.599523304339497
1478632350123,62.243832231443605,1.5268510944675333,21.98230591550591,4.091840384408645,-0.06554127044677734,-8.538022249194235
1478632350157,62.17335125831741,1.2972372146151334,20.24276025200393,3.387196854646626,-0.06868366012573242,-8.075043722357227
1478632350190,62.11829722826333,1.147702376955659,18.465197311277898,3.209128041098779,-0.05850831220322288,-8.01803172225952
1478632350223,62.06515366837247,0.9853890402252801,16.46652121524293,2.9937994288237766,-0.04548983154296875,-7.887398094177246
1478632350257,61.9738193176323,0.7912646020203079,11.934710748242107,3.411138815307617,0.16654664385146462,-8.182782431738078
1478632350291,61.94280724807604,0.7445724739383258,9.684350351898376,3.252672592926025,0.14559739759140647,-8.279149340820313
1478632350324,61.89092877474988,0.7048556003538936,4.481396927140548,2.4236801950316873,0.12015900495224631,-8.17081156956777
1478632350357,61.850811247902755,0.7127922928300041,-3.846948993940866,0.6584053834777325,-0.378583137512207,-5.656301714380085
1478632350390,61.828814731447515,0.6971110757225604,-9.116487509353767,-0.6094739601135254,-1.0024223167198243,-2.4779987182617185
1478632350424,61.78598780387347,0.6118471993439791,-9.910588568254747,-0.2141314109802246,-0.7570166465538087,-1.486948868560791
1478632350458,61.71435704269288,0.46826228787295077,-9.305009712520896,0.3708019821166992,-0.08230068035540461,-2.056469588470459
1478632350491,61.640090967574686,0.3476958926848691,-8.395135496826429,0.5915174476623535,0.031573534393310544,-4.164414512634277
1478632350524,61.57006680608531,0.2932950286975952,-8.621515517557718,0.5443816024780274,0.03321955260124523,-6.244377204895019
1478632350558,61.49872665282071,0.3115295787921883,-8.699418976141029,-1.075146183013916,0.03187280503425281,-7.226299160766601
1478632350591,61.41025698156675,0.3069549465978488,-8.155118069020775,-0.44322665540166195,0.04818331297722179,-7.886949327496438
1478632350625,61.321122186139775,0.3622363315113405,-7.37762448016015,-0.9840169188568368,-0.012419921112060545,-8.27301405293569
1478632350658,61.18474030458485,0.41760658944301704,-5.764763150058058,-0.6712743269989266,0.30750527572631836,-9.461436212523001
1478632350692,61.05758716826813,0.3344257050889118,-5.179401937067809,-0.7703344115547369,0.4665700439563719,-9.04514445366226
1478632350725,60.9751070646473,0.25306441506568617,-5.255727958424238,-0.680551821899414,0.4134487037548097,-8.259546960858255
1478632350759,60.89934041822984,0.36752659192788895,-5.738756774217985,-1.3753191796233877,0.08619125519904773,-8.037784032086282
1478632350792,60.805883484495794,0.46444258653309684,-6.102334754953435,-1.185578752854932,0.24974516067504882,-8.949825227002053
1478632350825,60.73839560946172,0.6182486575934071,-7.023693913283195,-0.7077858657836914,-0.019303250885009764,-8.837297675909474
1478632350859,60.66274766855136,0.7729388887131288,-9.064059094125295,-2.597559090600535,-0.10893618010368664,-9.475801038891449
1478632350892,60.59861744484572,0.9638720308297449,-10.320448901435537,-2.1679496398041023,-0.28042086944580075,-9.693374585115606
1478632350925,60.54330021282889,1.2405416763963792,-13.330562099501167,-2.839672806549072,-0.4261678955078125,-9.675567632636382
1478632350959,60.54393218768988,1.3723867559299403,-15.558683041100643,-5.1782092781066895,-0.4402338302612304,-9.889698577825724
1478632350992,60.50433230717252,1.5098798824374517,-16.68401809987213,-4.9993923416137696,-0.5277718284606934,-11.410166415759175
1478632351025,60.42963145106326,1.636163664260328,-17.504872581998544,-5.699845964813232,-0.5644330413818359,-13.770550123596191
1478632351058,60.360249795938785,1.724954708294027,-16.70821728544539,-4.1177275802612305,-0.534355883026123,-14.92665025024414
1478632351092,60.31057243091549,1.820764631590462,-15.83732836096948,-4.786308539990335,-0.5568015235900878,-14.823400303649901
1478632351125,60.24707794728273,1.8702393986155927,-13.478894466264666,-3.9208044937133786,-0.39758711318969725,-14.938022708129882
1478632351158,60.17604999969315,1.9513193536067135,-10.97485113135269,-2.1748328965118153,-0.23822306518554687,-14.361319383239746
1478632351192,60.080628587955,2.096578621066487,-8.403646122013948,-1.6606780717269516,-0.0056862289428710935,-12.43069501953125
