sep=,
timestamp,gyro-alpha,gyro-beta,gyro-gamma,accel-x,accel-y,accel-z
1478632474405,63.860414028298194,0.6653069877819089,13.07054854626724,2.2351369318837473,-0.1227028310872527,-9.575310328519484
1478632474440,63.87901407518711,0.639721525974911,12.980461824061553,2.2207716328745533,-0.11671733549919444,-9.602843556279735
1478632474473,63.89242061127246,0.6144329248526386,12.873736517428672,2.2260089798305414,-0.10429740832214847,-9.635464681763528
1478632474508,63.89625205394273,0.6039795977494227,12.795116010170387,2.204461196855176,-0.10384849301352224,-9.60478879946284
1478632474539,63.899759379196695,0.5656597897201263,12.476084852516353,2.1241058310356458,-0.07930792999267577,-9.54897408742488
1478632474573,63.893147034834584,0.5284538999653864,12.08798660148619,2.0477905726322407,-0.09427168894159695,-9.608679562106973
1478632474607,63.888063998264116,0.5155203599898204,11.969710373802155,1.9800047729492187,-0.08155249062413931,-9.6064348930193
1478632474640,63.86644802966344,0.4789023678219763,11.807504639460884,1.9397522347049554,-0.10758943710327148,-9.565583560048113
1478632474674,63.84578719846196,0.45545735872885373,11.760838799045219,2.0263923844489735,-0.09427168694371939,-9.678859595987014
1478632474708,63.821621768630585,0.43624103671324926,11.658273637561269,1.9641431972254824,-0.09771335525512695,-9.728688991104253
1478632474741,63.77428028349663,0.4181991203830064,11.412858690792735,2.0081365876571273,-0.0857423469543457,-9.632621740822028
1478632474775,63.741658367855315,0.412009611505874,11.198089023903785,1.8457798332435544,-0.10863690032958984,-9.638457511470536
1478632474808,63.70558255090167,0.40656162145808467,11.026298475615288,1.8326117104129631,-0.09606734161376952,-9.689035062640531
1478632474842,63.66464689630745,0.40137300939312215,10.888351734765768,1.9084780074852052,-0.08110358009614865,-9.70549509402283
1478632474875,63.62401984852322,0.392352273688102,10.75693761469994,1.8336592524127393,-0.06763619529397674,-9.701005824346142
1478632474910,63.560330383866486,0.3750846236319998,10.638153046098221,1.9316718360679688,-0.05102642288208008,-9.772682492275395
1478632474944,63.51412403870909,0.3730850505294383,10.423784453747738,2.0292355993851086,-0.0451905551938049,-9.647435847325813
1478632474977,63.463033005520366,0.3771852178515009,9.945891438429838,2.109441336734034,-0.049530046844482416,-9.584138755345064
1478632475011,63.40235333003177,0.40561941509935406,9.029304281811575,2.6577135534424334,-0.08319850997371832,-9.73751747272876
1478632475045,63.33580304600099,0.5452413792654665,5.094840126968805,3.8432921419005837,-0.07541735001163324,-10.385298832934721
1478632475079,63.3328673301013,0.7643288534299031,-0.1578166196683015,3.1500212994948145,-0.19662381134033202,-10.211569611502252
1478632475114,63.38271070739825,1.0469850101430962,-7.1942229671164295,0.7890390846252441,-0.4029740669250488,-10.078691382830963
1478632475148,63.461360080434666,1.2630628409200357,-13.905452065273089,-2.7409119515350087,-0.49530046844482417,-11.381735709436237
1478632475182,63.54066548027262,1.334895268555893,-17.366353002877716,-5.9491422126770015,-0.16759410707778297,-14.330793312072753
1478632475217,63.57353042287306,1.315946682314796,-17.374940389937446,-6.741323686981201,0.022744915771484374,-16.685939557647703
1478632475251,63.602812028889055,1.318896477037179,-16.313893958842936,-5.967846913146972,-0.07227496261596679,-16.89977169342041
1478632475285,63.642506752016175,1.37235534574824,-15.937877638982037,-6.904578312683105,-0.16654666211777366,-16.188544162750244
1478632475319,63.679228607408795,1.4982221941978517,-15.024646441689503,-5.476885935211182,-0.3619733543617185,-14.091971404211222
1478632475353,63.774933312014895,1.7694843562373836,-17.170670905057502,-4.014028793920949,-0.3796306007385254,-12.33477731552124
1478632475387,63.8920930309381,2.041664841965538,-20.69217919050336,-5.160252619525044,-0.3736450920215575,-10.05190574030131
1478632475421,64.01220625529162,2.317025771682713,-24.284272396139396,-5.1343654602050774,-0.37618891986903036,-7.933187054797261
1478632475454,64.2070137577764,2.699220745962791,-29.05729595376044,-5.5264160551209,-0.1249473991394043,-5.210081795446574
1478632475488,64.30497139316526,2.9039675882358957,-31.39122868783448,-4.427776841381937,-0.23418286815034225,-4.982932205200195
1478632475521,64.39757690565592,3.0751467998054642,-33.327144405905585,-4.614075219671428,-0.007032967376708984,-5.280561691339313
1478632475554,64.55929145297243,3.3634947621350175,-36.10055864832845,-3.9860467812135814,-0.014514847564697266,-5.862202472631633
1478632475587,64.70972980152271,3.620111854709068,-39.01312369742324,-3.812317377118021,0.040402153015136714,-5.252578874914348
1478632475621,64.95172940578026,3.9891311625641577,-43.691638386435436,-4.247612728063762,-0.0718260863373056,-3.612850305175781
1478632475654,65.0237527242623,4.091941736914107,-44.85936348393775,-4.252551061248779,-0.1849520782470703,-3.4005145454406738
1478632475687,65.13533866968916,4.278374733130218,-46.36428226374354,-4.144961331884563,-0.28969840087890625,-3.4472017700746655
1478632475721,65.24076203031383,4.531779545322361,-46.86954394221049,-3.7693712387084957,-0.49515081257475535,-3.5691561248779293
1478632475754,65.28466425531131,4.686367312161159,-46.380613643770495,-3.467253208978474,-0.6105213868072256,-4.244022010095417
1478632475787,65.3190509214683,4.845795065854024,-45.69299759204994,-4.090792519323528,-1.0013748443603514,-5.193621951293945
1478632475821,65.2896038791981,5.0683660024528185,-42.37742835943685,-4.166060672406107,-1.3265373573303223,-7.985709926782175
1478632475854,65.23768095388576,5.3470364846752,-40.23902248609201,-2.7439047401428223,-1.3364134391784668,-9.491512914220989
1478632475888,65.3305415824532,5.64730554504006,-41.67743879519951,-4.730493421526998,-1.4969745880126952,-9.470563941955566
1478632475921,65.42594631462329,5.936286867974231,-42.76352607319214,-7.098358899954147,-1.4896423454284666,-8.84418107874766
1478632475956,65.46099019559266,6.186641120855995,-41.99904355458342,-4.737825810241699,-1.463306127166748,-8.391227906036377
1478632475988,65.51403718893121,6.42369362042667,-41.89397846205817,-3.6815339653015133,-1.4878466941833495,-7.419182032012939
1478632476021,65.63967806222298,6.781141644037797,-43.17891516517504,-3.2767642471313474,-0.965910732269287,-5.10279207194224
1478632476054,65.74205329472154,6.966859921154957,-44.44970934229155,-2.3810338432863354,-0.4791396072387695,-3.8754642997741695
1478632476088,65.84862884283834,7.1344050201093046,-46.111881255333046,-2.4824881386354565,-0.859368794924952,-2.680757671356201
1478632476122,65.96332291221562,7.270404017649755,-47.61043905684581,-2.8616695343017575,-0.6494271272521466,-1.6508020446777343
1478632476155,65.95653498040794,7.230229882568393,-46.38979048269911,-4.9729064857482905,-0.8652046249389648,-1.8695722213745116
1478632476189,65.85317816633149,7.05453936129644,-42.03706392622384,-6.0719945027006785,-0.8729857438018545,-3.210025875854492
1478632476222,65.70936883778845,6.880006878714486,-37.504816219556254,-3.356820657403767,-0.9642647186279296,-4.921430857793987
1478632476256,65.65948736666054,6.7241696879106545,-35.802440311814735,-3.7829882606506344,-0.8170213530609384,-6.32503172719106
1478632476289,65.67033913694601,6.628200732881352,-36.01466323561581,-6.6391209844175725,-1.158643972761731,-5.8895863002501425
1478632476324,65.60898417533049,6.322850209170649,-34.18778465048888,-6.360496058477834,-0.903362213897705,-6.978050595324858
1478632476358,65.53377144293891,6.068335925660024,-33.16278840797642,-6.581660217639058,-0.9669582228950689,-7.774571523605473
1478632476391,65.48231392374133,5.6536986986862185,-31.973126927414025,-6.565798777770996,-1.177947180264257,-7.622390117114409
1478632476424,65.45888985765568,5.344275064608093,-32.625383940849915,-7.25936907119751,-1.1754033410003408,-8.898798657989502
1478632476457,65.38759111392848,4.99790115779179,-32.4581526491965,-8.76651901626587,-1.0652701194320804,-8.983942673724517
1478632476490,65.31532322077517,4.589756917139665,-31.203409975303586,-8.086865019989013,-0.9231144049934576,-10.877456984765827
1478632476524,65.183745025135,4.214384665035795,-31.05368412298823,-6.161627756146341,-0.580294609114062,-12.048969200079142
1478632476557,65.15907816634551,3.8870283675527992,-32.334064035889476,-7.207294892828166,-0.7538742203422356,-10.987590261133015
1478632476591,65.05175213375713,3.491315803978318,-32.602654499163556,-8.151208897344768,-0.9819219558715819,-11.097573899896442
1478632476624,64.86791982636686,2.853352197316788,-31.217584727949895,-7.219266485650837,-0.7472902114425786,-11.462240740258991
1478632476657,64.74358398117951,2.469639407889908,-30.521306004292093,-7.575702965545654,-0.955136824798584,-10.576535179083049
1478632476691,64.519188851371,1.9877091782661522,-29.643158949743334,-5.345803394317627,-0.32471361271677884,-15.07359437713623
1478632476724,64.42075348547752,1.586616543211,-29.0346762254412,-5.0014871767348605,-0.7015011046920903,-9.767145964868366
1478632476757,64.36291503413399,1.5326302407154881,-29.683383598195217,-4.887612967123545,-0.8684966522216796,-7.548768050738424
1478632476790,64.26202870849713,1.2851593937423513,-30.443240269687838,-5.673659530285746,-0.6880337020874023,-7.164348900549113
1478632476824,64.14589068038156,1.0909582332495829,-30.045241692735996,-5.258265140389837,-0.4538508522033691,-7.430254995495453
1478632476857,64.02354510352242,0.8090940801793939,-29.37015673318712,-4.20212315224912,-0.39369653549194333,-7.992293835217133
1478632476890,63.89962787758999,0.6845580302121332,-28.944255222999793,-5.0679264372009785,-0.22310966720581055,-8.535777543573943
1478632476924,63.72901610253966,0.3262568758432212,-27.985264038126566,-4.854543104641698,-0.028730419921875,-9.352500164850056
1478632476957,63.63817245052408,0.12484149275543938,-27.960893915235623,-5.069871543386765,0.02528875503540039,-9.455001777295022
1478632476991,63.539475466583994,-0.02139667033360118,-28.497987076653,-5.4996308509826655,0.047135846611381566,-9.04813713267222
