sep=,
timestamp,gyro-alpha,gyro-beta,gyro-gamma,accel-x,accel-y,accel-z
1478632017039,77.12456283291183,0.48675949436507127,-6.521880353304312,-0.948103857421875,-0.14110826034545898,-9.871144035549321
1478632017072,77.09308414347053,0.5143687950557294,-6.595194074442352,-1.0633247757842763,-0.13916297606315928,-9.913790780020319
1478632017105,77.06087836136868,0.5470838526261355,-6.692738942178343,-1.1026795112388674,-0.14215572357177733,-9.875782664268556
1478632017140,77.01050221946454,0.595092781767475,-6.9278459290046985,-1.134552293440234,-0.12045827330989996,-9.831041212540631
1478632017174,76.98084959690816,0.6080540324378125,-7.107956109523972,-1.197849047779676,-0.0619499633899657,-9.796175573232793
1478632017207,76.95191729295001,0.6121555817751305,-7.293376440597733,-1.2569558521740778,-0.042945987712475465,-9.790189959484549
1478632017241,76.92424440165682,0.6109463777107753,-7.466650204216044,-1.2511200392847297,-0.02483984222412109,-9.699509635538211
1478632017274,76.89829140883616,0.6048420203562836,-7.62757449621596,-1.2692261208410025,-0.013766659545898436,-9.59910271665044
1478632017307,76.86414480656133,0.5872300761074575,-7.850603415398941,-1.2684779944709967,-0.010474632263183592,-9.635165214759763
1478632017341,76.84275503665451,0.5669353473330659,-8.038488374465539,-1.2654852515289559,-0.00239420166015625,-9.695918287382204
1478632017374,76.82692547134235,0.5508080366921316,-8.280497436398697,-1.3652935012706788,-0.02274491120490711,-9.721206843771494
1478632017408,76.80672963489417,0.5163414492412923,-8.681264417270576,-1.5444097038379636,-0.019303246318432502,-9.69142907963972
1478632017441,76.7940598828951,0.494480874580691,-8.909303435490454,-1.578377485557203,-0.022744915771484374,-9.67077898386254
1478632017474,76.78278890507582,0.4676631520519435,-9.07377177279338,-1.5770307242904789,-0.014814127338794059,-9.726743652023025
1478632017507,76.77696556249505,0.44441522108285864,-9.184179726259492,-1.6343419356636237,-0.029179332733154296,-9.714024243357603
1478632017541,76.77340014827254,0.42659391125348073,-9.228401810842,-1.6244658949146744,-0.06284779472074588,-9.703849173996305
1478632017574,76.77421466942012,0.41262202773965195,-9.080363578409518,-1.6142904876266606,-0.082151043322467,-9.77223362512989
1478632017608,76.77511897402078,0.40741866461211595,-8.951881175357627,-1.4577694992950185,-0.08245031967163086,-9.784204377702343
1478632017641,76.79081015980923,0.38801439240155206,-8.65390794193283,-1.1858780280624515,-0.06688800674003213,-9.807248404284566
1478632017675,76.80796889086686,0.3804917878219076,-8.716236132002269,-1.3720271523406729,-0.08963292693538824,-9.682151519380096
1478632017708,76.8327361515475,0.3609810991485224,-9.212836661294356,-1.3685855057205072,-0.06449380522258143,-9.628431449525337
1478632017741,76.84255345827272,0.341273047060447,-9.851622787156003,-1.0531494552612304,-0.04339490737362066,-9.716119057929097
1478632017775,76.85164849878478,0.32164076755441234,-11.233270068841149,-0.43080666122436523,-0.046537294769287106,-10.191667408343404
1478632017809,76.87609371346817,0.3153386650182897,-14.085295557283503,-0.18869301834106444,-0.11133037719726561,-10.797849341174214
1478632017842,76.92480346617805,0.3337252907376587,-18.862123778310107,-0.4782417816162109,-0.09651625442504883,-11.073781082507223
1478632017876,77.01543666462356,0.3621647645968204,-25.55432113790748,-2.6598084068298338,-0.12524667434692383,-10.919803988238423
1478632017910,77.14134288300322,0.3903893601359993,-32.6913568591295,-6.9774516795836385,-0.05551555213651736,-10.169820756585896
1478632017944,77.24808792155403,0.3560899148377294,-36.87740123636748,-11.852644956207275,0.1295861694225343,-10.663774194335938
1478632017977,77.34253316480584,0.424668842982273,-34.846685431677265,-10.708815113067626,0.07526771012458484,-12.729371676635742
1478632018011,77.4045053633292,0.4890821541870209,-33.403640114375264,-7.979126237542927,0.04908113403320312,-12.381763523101807
1478632018045,77.49681476824819,0.5649111033585824,-33.955285587121224,-8.378359072113037,0.015113397979736327,-11.380986936895548
1478632018078,77.5994442793318,0.6656533168382618,-36.026638819540814,-8.542960728509724,-0.0032920272827148436,-10.123732228497415
1478632018112,77.71368835206711,0.7639562372163331,-39.08195486947215,-8.751405618286132,-0.07212532501220703,-8.916006836291402
1478632018147,77.8350574422669,0.8936210275344587,-43.06595576333583,-8.576629189355671,-0.20545242996215818,-7.543680701004154
1478632018180,77.97154286684591,1.0244794633803023,-48.34935929104824,-7.928099376269429,-0.08783727340698241,-6.322787601526081
1478632018214,78.12054839083389,1.14506143792754,-55.34187884051546,-7.685537185901031,0.026485855865478514,-4.20721086730957
1478632018248,78.36935187732058,1.338170373780267,-68.42260310941532,-7.495796339007467,-0.020350714111328123,-1.7793406001769005
1478632018282,78.54173854801452,1.4416098540988973,-77.41239003385743,-8.101828926495463,0.03486556167602539,-0.33803134689331055
1478632018316,78.68927170107625,1.5328219341288671,-85.34931341539074,-7.395240015411376,0.02633621826171875,0.373495458984375
1478632018349,258.9099950853853,178.35205051243048,84.12244216586917,-6.950218074090778,0.06569090805053711,1.4386159225463866
1478632018384,259.0587113989998,178.2906547542237,78.05085942200365,-6.9494693015500895,0.04429274897919967,2.094926512002223
1478632018418,259.19343201203486,178.23827233186088,72.77432828651216,-6.9865795734129845,0.04369418029785156,2.4212861395020036
1478632018452,259.33701199765795,178.15626123488465,68.28475564214351,-5.377376636449992,0.0474351203918457,2.4515130085267125
1478632018486,259.4783175041814,178.092444125809,63.671272191840856,-4.482693988092244,0.00029927520751953123,2.087444718579203
1478632018521,259.7525019354305,177.9820524193704,57.243325098847215,-6.021417321423441,-0.31274261012421917,2.6262895835876465
1478632018554,259.8468139203615,177.88282685386068,57.75105411496976,-6.843077257537842,-0.42287587735825216,2.113780790710449
1478632018587,259.9634713789482,177.7455666018553,60.94767440148987,-7.748085631207377,-1.1035772911956534,1.5696984634399413
1478632018621,260.0730323814879,177.55728595506486,64.07070591759862,-6.314856516265869,-1.2099696640014648,1.0531494552612304
1478632018654,260.1635875457743,177.39932840654677,64.58479231299317,-9.320028439508006,-1.2832920898437499,1.9780593379698692
1478632018688,260.25588010843103,177.16000166296735,66.48297852328817,-12.710965959112345,-0.9045593147277832,3.455730784695409
1478632018721,260.35503335439284,176.7910083901276,68.23765981925146,-8.503904875537007,-0.39205054011689494,2.3819315227784217
1478632018754,260.42838673489507,176.55807541691786,66.7862728514266,-8.508394186312891,-0.6251859244913212,2.211942912646383
1478632018788,260.50702780982294,176.34783942982216,66.671490016509,-7.367257929638773,-0.7809586905548349,1.8725651195801793
1478632018821,260.583193466306,176.15201878361168,68.62246327990907,-4.633827383367717,-0.5617395553810056,1.1017816764831543
1478632018855,260.64512321825094,175.98808700723686,71.06473428057039,-3.340958779144287,-0.44801498565673825,0.8786721554078161
1478632018888,260.7343840737149,175.81257855513576,74.47905592688456,-4.976048875427246,-0.6558616538116708,1.2578536972045897
1478632018921,260.77697967115347,175.6791374438854,77.55218527736473,-5.682787570245564,-0.41763858862612396,0.8442553604125976
1478632018954,260.8294118565792,175.60429788629713,81.87794408137181,-7.076661264745891,-0.4056675072601065,0.917278437982127
1478632018988,260.8728086298148,175.52221499112707,87.12479345861644,-6.858938843536377,-0.4129998229095712,0.5816413749473635
1478632019023,80.87041787184948,4.519092720313701,-88.07891659086542,-7.337929105432331,-0.6162076888153329,-0.45025954971313475
1478632019054,80.90428873251747,4.488936684950541,-82.08790658116848,-7.803002339526265,-0.9096469932556152,-0.825400985806249
1478632019087,80.87857207701855,4.41016514066949,-82.17755753283618,-6.725012895910441,-0.6823475051105721,-1.1082160569122061
1478632019121,80.90580309955915,4.307493387253504,-82.71186858772471,-10.264540994439646,-0.764348848038842,0.4381389038085937
1478632019154,80.88838639409553,4.199420831171557,-81.79724190636118,-9.9854668999603,-0.7751227646426996,0.10115502014160156
1478632019188,80.82130132043933,3.9235378198885638,-78.35417694084123,-9.945064673879928,-0.7838017958931158,-0.4038718925476074
1478632019221,80.75299574670801,3.708596982864347,-77.17731909828395,-11.54379294204712,-0.3093009635040536,-1.7259200486999005
1478632019255,80.7271077879849,3.5908648742103826,-76.80548994767028,-11.04041218912974,-0.24570498190615325,-1.8201917390685527
1478632019288,80.60955262082565,3.210742902379047,-76.38818405703852,-12.976872273254394,-0.38247371520996093,-2.354098800614942
1478632019321,80.52627039484231,2.9678519909376035,-75.68563665533641,-12.222249837493896,-0.35284545139921825,-2.5248352243064436
1478632019355,80.38245766159218,2.612086035007915,-74.38194450438012,-12.231976573999225,-0.24600422058105467,-2.615066861487075
1478632019388,80.27737995877756,2.355523709249831,-73.73716493463286,-13.174393910217285,-0.44173022456513716,-2.677316047568922
1478632019422,80.21221109068777,2.241318129665178,-73.0686386449185,-13.70366240697652,-0.5927145667587407,-2.6882395880768075
1478632019455,80.03276418582504,1.8845153866563615,-69.08447536402423,-11.723208428955077,-0.49799392704619094,-3.716249798042234
1478632019489,79.82495136083679,1.5784040468745273,-64.44826999212687,-11.592126180322468,-0.2139817779430421,-4.314201836196193
1478632019522,79.6584358821297,1.3777433064690876,-62.49341347655222,-11.243170996093749,-0.3419219245910644,-8.330325401306151
1478632019556,79.5570756672129,1.1472711234768722,-57.16326326762718,-9.961674265234171,-0.5686228760208003,-8.593986859130858
1478632019590,79.46285616913102,1.0399731116153677,-53.918854817583345,-8.604012870843707,-0.12075755080070812,-5.850680952530866
1478632019623,79.33978618319617,0.8458385613053038,-50.31241394894,-7.334038052810542,-0.25004443588256836,-4.561851842089742
1478632019657,79.2485456964253,0.6694516679054292,-46.65747242887262,-6.222081128869578,-0.3736450965881347,-5.302707618304342
1478632019690,79.06187364543618,0.40029819671013234,-41.63395204962238,-6.105962457949854,-0.3377320671192137,-7.315782295976247
1478632019723,78.95065369012035,0.24397438698471785,-38.647605703754536,-5.706579437786713,-0.30301615218010264,-8.22303542207349
1478632019757,78.87457172278266,0.10742339962576675,-36.559010846057134,-5.571307445846684,-0.23448213194141862,-8.875305481133982
1478632019790,78.79129032150861,-0.0009150814849895342,-35.585212265289876,-5.794866034996928,-0.13916297213875695,-9.28815555684194
1478632019824,78.72741914011912,-0.08101676504728163,-35.36416974064701,-6.508038881915435,-0.07691372490758658,-9.065943642193451
1478632019858,78.66788923451588,-0.1348023190423769,-35.12119695353272,-7.081599597930908,0.03501520042142947,-8.679430150073394
1478632019891,78.52926528036866,-0.17596697650409432,-32.82056847371025,-7.820958998107909,0.042048166656494135,-8.517222494407463
1478632019925,78.40059231123821,-0.19658826258273532,-28.608726371652097,-6.815992997387796,0.09771335753841558,-9.484929151916504
1478632019958,78.27618915013295,-0.20629336710956947,-22.239846236670093,-5.786635774993896,0.3217208435169188,-10.601674734906107
1478632019992,78.14454545521146,-0.16551530190882338,-14.612005307651845,-3.345148558984324,0.3392284385902341,-10.541670128863677
1478632020026,77.93064057802373,-0.08837112646297457,-4.192290141285457,-0.7757213744232431,0.256927759947296,-9.674071265731937
1478632020060,77.79990638250466,-0.020643912127282817,1.950867884787412,0.15292964930878952,0.2506429837289077,-8.560318690545856
1478632020093,77.67092063620272,0.03909276268175442,7.92484655777674,1.226729048223095,0.07541735001163324,-7.382670602826028
1478632020128,77.54355201984067,0.10525123496651835,13.098848455251451,2.2453121804832015,-0.04773439559936523,-6.860734494781494
