sep=,
timestamp,gyro-alpha,gyro-beta,gyro-gamma,accel-x,accel-y,accel-z
1478632176854,74.51452303552874,3.2170574986285603,33.69947748769224,9.414000927734374,-0.21248539733886718,-12.067674485071002
1478632176887,74.43636348966325,3.1764842880825164,28.778926109713392,11.151293215124308,-0.2292448089599609,-13.786262071990967
1478632176920,74.39579067344096,3.246485779056283,20.876748754436104,4.319289359460399,-1.117942537689209,-12.936320190374552
1478632176954,74.36281177194293,3.2158358414891954,19.071740519057112,4.606444140271097,-0.979976667022705,-14.885799184417724
1478632176988,74.36639524708806,3.171662648616851,19.741589529237277,5.872378121948242,-0.8550292678833007,-17.83066722640991
1478632177021,74.3538387336605,3.1959941904824736,20.225317010980216,7.097012271118164,-0.6073790382274659,-19.20224550247192
1478632177054,74.3315561130971,3.3058255784721906,19.221490740704343,5.063437236022949,-0.40057986526489253,-16.074221033477784
1478632177087,74.29353834610141,3.4530561712296386,18.809837776464086,0.8053494373045861,-0.25139117431640623,-7.2903440551757805
1478632177121,74.24664797560239,3.4513586816677253,20.19506945676178,0.36706104202270506,-0.10878653793334961,-4.062960217285156
1478632177155,74.2007359980552,3.3877214289969957,22.44046385097788,0.34057518615722654,-0.15607202072143553,-2.2111948707580567
1478632177188,74.14179609737059,3.2211761054438384,26.419870518429633,1.006163247680664,-0.17268179473876952,-1.3186065643310547
1478632177221,74.11473844143681,3.080957110581029,28.924663330684496,1.6753426116943357,-0.21562778701782226,-1.3002011390686035
1478632177254,74.09949906827192,2.9369203822590086,30.470208348751537,2.254290500640869,-0.32187050395356487,-1.578227806854248
1478632177287,74.08241810034386,2.5384414233997945,29.498327373035377,5.1960162625519555,-0.9931447761535644,-5.661838013458252
1478632177321,74.07476566140808,2.0881128794220514,26.105025956206468,11.611728414154053,-0.26770168225937524,-17.678186508178708
1478632177354,74.15209102848343,2.089113388105078,20.31660112901701,7.215974166107177,-0.8640075241088867,-18.89833152923584
1478632177387,74.12104685550712,2.2285710001717547,14.262106261975628,1.4980219781737774,-0.9099462684631348,-11.953799976348876
1478632177420,74.09112244485605,2.214469240458535,10.422238633801124,0.07107786178588867,-0.8231564582824706,-6.660220398004353
1478632177454,74.06026063234904,2.078895619270839,9.075955465350464,0.6435914068359881,-0.6401496871505864,-6.941389455468952
1478632177487,74.03730395564024,1.8177694575431909,10.085139254968334,2.188000969110057,-0.20560205843276344,-11.162666111401467
1478632177521,74.03037301407929,1.7247832165073977,10.663153140549507,2.0530279418502935,-0.23029227675285655,-11.199626453399658
1478632177554,73.9973653093621,1.6531855194524887,10.465378088981016,1.510441899285838,-0.3134907821599976,-9.705195494588324
1478632177587,73.95514668269986,1.5747390257442895,10.039012717608331,2.2037129540374503,-0.3586813362121582,-8.856301797717437
1478632177620,73.91940452169932,1.4858952546384143,8.79525416237606,2.8995278480529785,-0.32022446747932115,-8.801234721142425
1478632177654,73.89792603103814,1.4013383495769867,5.690804121744161,3.497778914819285,-0.267402404768567,-8.993369404369965
1478632177687,73.91622708808197,1.3414175142806217,-0.483278159122494,3.450493550762208,-0.050727147674560547,-8.491186117608844
1478632177721,74.00662627323534,1.2181824417902547,-16.569622317401734,0.6482300994873047,-0.1957259925676393,-6.626102439825236
1478632177756,74.13605089110875,1.0725997002780079,-30.03152927660546,-3.8434419256348162,-0.411802685546875,-5.935674828338622
1478632177788,74.29693404056611,0.7224007787943845,-46.038562570330356,-9.639954001672566,-0.649876094862353,-7.451803321893513
1478632177821,74.29254490153778,0.5770841418420704,-51.52863959305598,-9.43105976069346,-0.5449801528930663,-8.868123241479694
1478632177855,74.30338152053464,0.45928125838063943,-56.52876483843021,-9.730484459686279,-0.3021183219909668,-9.370905297851563
1478632177888,74.48607725915365,0.17339416627514842,-64.19672423547884,-14.379874446105957,0.24435819780654272,-5.6976015468873085
1478632177921,74.51418810688295,0.04740403453458617,-66.29472758423924,-16.754772855377198,0.1632546336934145,-5.806537576293945
1478632177955,74.57478016564126,-0.16301861953075894,-70.86673992592978,-19.97572227630615,1.0842741019594366,-5.805190837860107
1478632177988,74.57500346759366,-0.11041463072264232,-76.7563698960909,-18.9114996383667,0.7948749271973443,-2.9478607940673824
1478632178021,74.60422281948557,0.01975257249472876,-78.78678603780105,-17.62087530593872,0.27189152860019383,-1.1698667861938477
1478632178054,74.63882622717007,0.19691160837740707,-79.66654335290313,-13.357699974822998,0.07526771240787347,-1.128866155828908
1478632178087,74.6414506393136,0.4842078107698441,-83.0316190039522,-10.35387457081899,-0.057460837560461366,-0.2711433380126953
1478632178121,74.65571912344267,0.5865747399435014,-84.87104311070759,-9.727940885283845,-0.25438392639160157,0.2793734062194824
1478632178155,74.62299115283133,0.759404546647753,-88.62575321901664,-9.329006659200973,-0.0234931037902832,0.48288051080014555
1478632178188,254.62244190776698,178.85366154475852,83.58589733703401,-7.924059014837443,0.036062662506103516,1.009006389551563
1478632178221,254.6354293707766,178.66725698812846,79.8278717189802,-7.297376730291545,0.023792378997802732,1.7173908046086492
1478632178255,254.6443299544109,178.4592517549702,76.1539025668375,-7.007229708862305,0.14649523234711959,1.8374001730987801
1478632178288,254.64763713155,178.277311442061,72.5410726330223,-7.054814320727437,0.08813654861450194,2.183661405535787
1478632178324,254.68700526127628,178.08187675170998,69.51494826684744,-6.721421885681152,0.19168577041625975,2.3745992071289566
1478632178358,254.71233738166652,177.8990774935174,67.02843230277205,-6.280739434869587,0.12943652725219726,2.167799819537252
1478632178391,254.79776970798804,177.64831054908998,64.632458931369,-5.4972366493225095,0.020201076507568357,1.9192520519532261
1478632178424,254.875035636234,177.48912501821533,63.631147982114506,-4.824615328161419,-0.07422025146484375,1.7598878578186035
1478632178458,254.9374204667137,177.3502559882007,62.76507928593019,-4.58100530924052,-0.16549920802460982,1.472882933807373
1478632178491,255.0102921419802,177.22709362820507,62.2538344042852,-4.555866484069824,-0.15337854385375976,1.1007342132568358
1478632178525,255.10346384893109,177.12033081138185,62.33155912353112,-4.975151342065632,-0.3838204719101079,0.7815572044372558
1478632178558,255.2062244108621,177.04445589073367,63.88996460590528,-6.295254282434285,-0.7185597732543945,0.900818374633789
1478632178592,255.35749909833964,176.95675982531736,66.88851516202016,-6.631190410614013,-0.6525695717300288,1.246780514526367
1478632178625,255.58640265055067,176.77876860309388,71.90756880584799,-6.48050534362793,-0.5301660346874268,1.5044564682006836
1478632178659,255.77303460422522,176.5692199734195,75.16396597843149,-5.86699116821289,-0.6694786300880369,1.2871825214110315
1478632178692,255.85642608710788,176.42524924308293,76.54659112277955,-6.159981596374512,-0.49305591352158223,0.9964368034362793
1478632178725,255.98216820121678,176.28467540184727,78.80865124640401,-6.36857670827657,-0.5324105850440916,0.5987000526428222
1478632178759,256.08010130142156,176.13992578186338,81.9971968991266,-6.1128454589292405,-0.6000467636771966,0.42182847806401547
1478632178792,256.21551228010924,176.0011920253259,85.39654190131687,-6.735038907623291,-0.4970961379562504,0.11776479415893554
1478632178825,256.3048292252368,175.87688582254825,89.2194796634658,-8.375516249902546,-0.4435258575439453,-0.1566705711364746
1478632178859,76.45518800782972,4.260407428531921,-85.68954174279493,-9.137919402667135,-0.6699275657322025,-0.4370914223159663
1478632178893,76.52343069862458,4.364875137649077,-82.57776447885527,-6.854898335973918,-0.5246294570480473,-1.8757072900634257
1478632178927,76.66578076227736,4.446920661391072,-82.35988306655761,-9.05891111320816,-0.6123170837181154,-1.2210429014786146
1478632178961,76.75338452253905,4.459871803419479,-82.4298579255338,-8.735843161364643,-0.8640075332420412,-1.196951119409129
1478632178995,76.82571802463369,4.409936384567642,-82.3751187453704,-8.594734974084421,-0.8544306992019526,-1.0000281424591317
1478632179029,76.97507534474634,4.574128776583559,-83.11943766767342,-9.92291818065932,-0.836025283072656,-0.9766846214736811
1478632179063,77.06524712207214,4.402658148127008,-84.09600256584204,-9.720608429212128,-0.7290343986677121,-0.49470195456240323
1478632179097,77.12398682592949,4.257812858982025,-85.36583700704539,-9.8867062732751,-0.8869020957504399,0.16774375381469725
1478632179131,77.19105861430805,4.048679320133239,-85.07708444222466,-11.869254437963663,-0.45400052633974697,0.0234931037902832
1478632179166,77.26773176126194,3.8444794216254725,-83.75756242104953,-11.24077664830312,-0.6866869316875236,0.27892456647343933
1478632179200,77.30968175697798,3.4839560129463703,-83.96133420672957,-13.299191964013874,-0.12554594955444334,-0.7130232184479013
1478632179234,77.33558185466254,3.2421134660414808,-84.05998192761696,-13.569287546539305,-0.5719149398361333,-0.5367501212188974
1478632179268,77.35360059371114,3.0351853587764586,-83.61612381368612,-12.562825315912066,-0.5137058931364532,-0.9293991386855952
1478632179303,77.39250691341881,2.7108177906861437,-82.32590872598654,-13.345579328918456,-0.6371568985427729,-0.9950900650024413
1478632179337,77.25677813865592,2.3310556813451337,-81.04522493636131,-15.061024818420409,-0.23822308345185592,-6.2587424148559565
1478632179370,77.37725608750887,2.263664983530721,-81.99958075499741,-13.341389183752238,-0.9781810157775879,-2.9254151535034176
1478632179404,77.41688737209411,2.1733314592576862,-82.20915977076571,-8.776394805853068,-0.729034405517578,-0.2267010427612811
1478632179437,77.40059958939295,2.083667925599389,-81.6516580198107,-8.475773152160643,-0.2914940703903325,-0.8183680184295401
1478632179471,77.38636739125664,1.976308708443565,-81.00823448227472,-8.517073276928812,-0.30032265247954054,-0.62563482131958
1478632179504,77.38342775062432,1.861658638393303,-79.87076869661207,-9.781211625627149,-0.18570027539902365,-1.7172411567300907
1478632179538,77.35726663826674,1.7676545968373094,-78.36014573550415,-10.058340193795598,-0.03666121292114258,-2.584241380398534
1478632179571,77.36259403545023,1.5969781640463403,-77.9405291002575,-10.122684363412297,-0.1131260284423828,-2.39524908684995
1478632179604,77.33545981371036,1.5526644531062002,-78.81703715833157,-10.837054612554981,0,-1.9186533063170093
1478632179638,77.314874209616,1.491717469767109,-79.6238712076195,-10.36405036626607,-0.1967734489440918,-1.304241317837499
1478632179672,77.27105386300607,1.4687431520023086,-80.44038265928538,-9.406818395819142,-0.3992331359642092,-1.4302361984695307
1478632179705,77.23052174316996,1.5269920822497585,-80.85132438025153,-9.158868594128265,-0.4370914405822754,-1.4163199195861815
1478632179739,77.201179092071,1.6066159313093773,-80.99735404983636,-8.77070872304067,-0.31004911955681164,-1.599925259399414
1478632179772,77.18443928355349,1.59435073134754,-81.47719723678173,-8.950124283013865,-0.3118447708019288,-1.4784194726308457
