sep=,
timestamp,gyro-alpha,gyro-beta,gyro-gamma,accel-x,accel-y,accel-z
1478632469104,61.335248776539984,0.6918434304767953,9.190215159897443,1.5919944527004146,-0.11387421446330408,-9.719261753568729
1478632469137,61.35042305612714,0.6670091206753106,9.12754144227949,1.5447089687706843,-0.11312603036890759,-9.684545795247132
1478632469171,61.36820913852555,0.6385242959731842,9.083107884878116,1.5429133808868267,-0.10579378214781027,-9.700706848249432
1478632469204,61.38625922688565,0.6087418668511748,9.046828833757479,1.5520412102132686,-0.09127893943510135,-9.75562364105
1478632469238,61.404640389732755,0.584425417206898,8.979453856478564,1.4917372901474124,-0.09232639809484244,-9.729886114767217
1478632469271,61.42019782707615,0.5616309101847446,8.869442877117397,1.450586935413745,-0.0978629917172424,-9.711181425713688
1478632469305,61.44468281372858,0.5309068352417082,8.830891113289917,1.4514847793026129,-0.11522095489501953,-9.716717759041185
1478632469338,61.46169943159044,0.5141448897667779,8.88404951137725,1.5147814338908827,-0.13811551283684093,-9.795128114573052
1478632469372,61.479309732611156,0.506366513477127,8.925729377927249,1.5723919677070808,-0.1288379768371582,-9.775824918486968
1478632469405,61.50530104005428,0.503285745851912,8.880233608799774,1.5611691291587892,-0.1360205863842042,-9.774028974980906
1478632469439,61.523692426332275,0.5026445417670372,8.792401828226108,1.5292962944417843,-0.0912789400059235,-9.69502021402283
1478632469471,61.54710129520569,0.4912454555890627,8.711852589213061,1.4791677354273474,-0.08005611601359705,-9.677363350096869
1478632469505,61.57064140987692,0.4792217723459613,8.618709638125821,1.366789817942772,-0.09247604369011242,-9.708637338712956
1478632469538,61.59285258020085,0.46695255325137114,8.558420361271308,1.3587093964728991,-0.07960720395152183,-9.689783222689046
1478632469571,61.62454968472841,0.44462339001985296,8.548861280375517,1.521664815465943,-0.07526771476251487,-9.809792152216938
1478632469604,61.6458981412152,0.43203594116212746,8.524512056759672,1.5753847106491214,-0.07242460064784317,-9.935039264955279
1478632469638,61.66675658383173,0.43142789573921436,8.466165000071497,1.4715361656907828,-0.07511807894257436,-9.930101114433352
1478632469671,61.69569382829371,0.43772399210930907,8.369749675923925,1.4315828903813628,-0.08888473777494509,-9.808894627988478
1478632469704,61.714190565557,0.4405625316028452,8.317482182539694,1.4423568466573604,-0.06763619747023622,-9.808595051386858
1478632469738,61.73389138598272,0.4498874094728036,8.245298827711839,1.4773720938862067,-0.07107786235671082,-9.763554539080546
1478632469771,61.76367716359436,0.48832944823981805,7.926450384611295,1.460163774020411,-0.11192892532901605,-9.715520472979316
1478632469804,61.77907200053177,0.5328862658365293,7.53120472070692,1.7136498017242177,-0.13542203596916513,-9.721655779279644
1478632469838,61.78329653535315,0.587868615427813,6.8054776984442595,2.4352023635864257,-0.13063363036556402,-9.87817680199663
1478632469871,61.80025963768674,0.6604649003671988,5.186385704692175,3.2799066368103027,-0.13602057953433833,-10.409689323956146
1478632469904,61.83696926540915,0.7960678699071656,2.141005002896648,3.480421135446243,-0.16400281600399175,-11.072584273938089
1478632469937,61.95536430330392,1.1425133405266403,-5.699691717085063,0.4842272127013653,-0.40985739669799803,-11.427973290606587
1478632469970,62.04827877310504,1.2715465707916258,-10.260462017830614,-2.020556600100733,-0.06988075182265602,-14.022839415796101
1478632470004,62.161965555878744,1.3505468484489576,-12.717486481588763,-4.614524570874124,0.16220718074189497,-16.56862367630005
1478632470038,62.230317880122946,1.4040956806934572,-13.344986087762628,-5.719149361828714,0.13976154017793013,-17.742979590606687
1478632470071,62.2729630414694,1.4573360466272094,-13.182777336146854,-6.153397687939554,0.03591302490234375,-16.850391284179686
1478632470104,62.32600962006126,1.6095573353101982,-13.367720142625204,-4.734383999224752,-0.08559270935058594,-15.31002179107666
1478632470137,62.33741386485098,1.6915141389158834,-14.07316528572929,-4.518905995941162,-0.1774701889259275,-14.73496447982788
1478632470171,62.41228764516366,1.9048427220542936,-16.255750938061034,-4.798429185894876,-0.41434650654448196,-12.854169438171386
1478632470204,62.51109372788604,2.2738063339125545,-19.9185356538555,-4.772541734313965,-0.4894645927650388,-9.352948648403073
1478632470237,62.65336737766147,2.7120861420772435,-25.250857923804137,-4.266766743203811,-0.5391442863464355,-6.988225879315286
1478632470271,62.7211881058128,2.870849434528887,-27.361330016581306,-4.581903335792478,-0.4891653162731694,-5.827636770685017
1478632470305,62.84250065284755,3.1814886228855745,-31.676824331275416,-4.3338042070250955,-0.4255693359596189,-4.722113861846924
1478632470338,63.08223386270203,3.6250957835598627,-38.91585708903103,-3.7442322674073276,-0.13646949462890623,-3.993378731536865
1478632470371,63.41354652335155,4.062362468051589,-47.575655331151566,-4.8835725440427655,-0.4441244262252934,-2.836679762212932
1478632470404,63.5265915903928,4.190817650704667,-50.099656229047056,-5.474042820739745,-0.38681320571899414,-2.37205500253886
1478632470439,63.767481659587474,4.502373452835399,-54.83380052521758,-4.812495266778767,-0.17597378548886625,-1.951872611181438
1478632470471,63.87028989555048,4.660344910536214,-56.25439647394166,-3.9905353248044846,-0.14080898513793944,-1.7437272888734936
1478632470504,63.95093421165174,4.775624494754245,-56.79576577829858,-3.5832217673704028,-0.3087024130890146,-2.1136311531066894
1478632470537,64.01642594417443,4.841329989614724,-56.82818176321936,-3.5447651954650876,-0.35628717108462005,-2.679560278265178
1478632470571,64.08649532153255,4.917517478168547,-56.22126342666535,-5.6793457592286165,-1.000327362867724,-3.98200612752065
1478632470604,64.07848028065268,4.928635109537287,-55.294485136011225,-5.246294095556437,-0.9904513175521976,-4.639513612310588
1478632470639,63.999302473012555,4.922792316248838,-50.6628017910452,-5.073013750402629,-0.8460509928205836,-7.42337173878774
1478632470672,64.04746754955566,4.9742608876868974,-49.08309860676364,-5.200206005859375,-0.793228928397363,-9.109039491271972
1478632470705,64.09649522170231,5.014255146243222,-49.65412962190538,-6.327725569384917,-0.8352771338697639,-9.217377116394042
1478632470741,64.26597103110805,5.084803512161843,-50.92701046678653,-8.400056597723438,-1.0651204818283206,-8.819191452789306
1478632470774,64.36174943724046,5.122784922940681,-51.002054019097194,-6.840084651593118,-1.0556932945251465,-8.412027532958984
1478632470808,64.4352978776882,5.21241344971787,-51.27032285406568,-5.196465065765381,-1.1020809516906738,-6.881234627300873
1478632470841,64.63402714360261,5.256148367398759,-52.523158864497724,-4.205265578460693,-0.9977835692695807,-3.9365165882386264
1478632470874,64.73490811046982,5.24109921036465,-52.35070888775414,-3.394529041290283,-0.6545148605789057,-3.1362542449399826
1478632470907,64.83173983120854,5.2319742257357325,-52.15537731221927,-2.724302214050293,-0.49380409240722656,-2.4881737830564377
1478632470941,64.92959694837717,5.223926007455827,-52.24804467360141,-2.668188112640381,-0.7366659233093261,-2.0138228713989257
1478632470974,65.01454484305228,5.177010767727242,-51.897210083641355,-3.7855318076536055,-0.7217021264007315,-2.1504422958925367
1478632471007,65.05302662900588,5.071284036865348,-49.68831884467373,-5.947945404107869,-0.46208092041015625,-2.6423005149289964
1478632471041,64.98084543575654,4.927278763272938,-45.04743290471777,-5.472695790044963,-0.6486789940322749,-3.2389062256410717
1478632471075,64.9330884757395,4.717540425422455,-40.119267810431005,-3.832967512567341,-0.5466261665344238,-5.272630459948629
1478632471108,64.99105521589348,4.497117250227526,-37.17328259298717,-5.522675297689997,-0.7374140816453727,-6.9366009060181675
1478632471141,65.13756125644142,4.402686348876612,-36.759730101740715,-6.373514566537551,-1.0248679481506346,-6.357952292279154
1478632471175,65.20788509666475,4.2221379318832275,-35.460427485482946,-7.457788387652486,-0.7565676926433341,-7.341070983654633
1478632471208,65.23967364571844,4.035444032483022,-33.62214999083711,-7.351096922302245,-0.9308954964568837,-7.6668320835722605
1478632471242,65.29313085392214,3.826898505303287,-32.80990697373263,-7.477840118817239,-0.6911761145992437,-8.653392695562541
1478632471275,65.34256523376857,3.6477052342778844,-32.288015085531946,-8.850914624786377,-0.9573813888549804,-8.734646243197657
1478632471309,65.35251816926015,3.4047697760289757,-30.582013912300628,-9.214833569391072,-0.9880570976257324,-9.885808438519389
1478632471343,65.32826966909714,3.166552242050728,-28.598219665395217,-6.861332899066061,-0.4323030189956538,-11.289259378051756
1478632471376,65.34881069438653,2.9771028055368567,-27.835802380098595,-6.49277562713623,-0.6823474731445313,-12.357073318481445
1478632471411,65.39266929338908,2.7605271770547253,-28.30591649731916,-5.93866772654429,-0.4246715012039058,-12.25202772064209
1478632471444,65.43391430898,2.6286048662989643,-28.856634324137875,-7.112574581909179,-0.6994061599731445,-11.308113716125488
1478632471478,65.43557749832489,2.481394728207121,-28.634574302796466,-7.247398062896728,-0.6880336838210932,-10.881646691540627
1478632471511,65.38087992829875,2.2518526966422994,-26.93767632541203,-6.011092180633544,-0.7164648468017578,-10.477176102447508
1478632471545,65.33157869378431,2.1202570891590677,-25.73880164887587,-5.617096516064554,-0.5538087532485835,-9.849446500805765
1478632471579,65.2668630120616,1.9851621838616496,-24.255770435961082,-4.8309003997802735,-0.6917746421813964,-9.905859512097015
1478632471613,65.1297103475204,1.799876809265716,-23.084574202842283,-2.2604256423950195,-0.21727381892548872,-13.050793249511718
1478632471648,65.15518296925079,1.7852895827836426,-22.637017568299623,-3.273771568121388,-0.5015852478027344,-11.483937900543213
1478632471682,65.13177375071142,1.8058289523976405,-22.84031704176937,-3.2035915319580583,-0.4939537300109863,-8.702474341052397
1478632471716,65.10487022361599,1.8200229868683502,-23.65423055547249,-3.6712090071747077,-0.3913023338317871,-8.037784178216755
1478632471750,65.09039373427835,1.829795897502998,-24.337498422769148,-4.130895607193699,-0.4296095695274416,-7.911040689440816
1478632471784,65.01040313308249,1.8825001457627724,-23.95308688220373,-4.5848960330687465,-0.4623802047508303,-8.891765841309843
1478632471818,64.95249420392565,1.8610549316778229,-23.268242091779012,-4.280682930755615,-0.4197334876792971,-9.644143343121184
1478632471853,64.90984061921836,1.873136599098934,-22.596331160636154,-4.590731972680613,-0.43335048222197214,-9.645789356762542
1478632471887,64.82665942468398,1.8559352773239057,-20.74578058253001,-5.548861768750101,-0.44532149052275344,-9.1738327295344
1478632471920,64.67029606846152,1.6870990603233915,-15.06969915620485,-5.296722260284423,-0.4094084747535642,-9.251045358044282
1478632471954,64.51695317446294,1.5112082116471792,-9.493171095327536,-3.591901040649414,-0.34027592008286156,-9.450811759992968
1478632471987,64.37059798029144,1.291788121741861,-3.586581350943246,-1.9342155931334941,-0.10220247423476539,-9.639205704055913
