sep=,
timestamp,gyro-alpha,gyro-beta,gyro-gamma,accel-x,accel-y,accel-z
1478632263007,72.05308097823999,1.4482279321962739,0.21191216276958275,0.001945288848876953,-0.20814591139641123,-9.779415871634043
1478632263041,72.09181013913984,1.4313837881244886,0.21783663598187814,0.09771335297183832,-0.24630349079388034,-9.867403118288214
1478632263075,72.11769025048655,1.4375896844082259,0.17069170601220543,0.10968436583919683,-0.2690484047101927,-9.851391721155982
1478632263109,72.14427044120004,1.4600484276511458,0.04467396201316974,0.035763386156939664,-0.31812954102668445,-9.817124676787312
1478632263142,72.17012769317257,1.4876894686206925,-0.08354678965822766,-0.03935469093046267,-0.33369186551743185,-9.805602530494637
1478632263176,72.20695656203667,1.5103846590605778,-0.1322682826812077,0.05626373901367187,-0.2804208785789553,-9.781510704471845
1478632263209,72.23239677666697,1.5150081609923862,-0.17937653787568353,0.05431845016479492,-0.2702455055402708,-9.810390903561375
1478632263244,72.25906492300903,1.518327685797847,-0.28373534808862727,0.03486555710944812,-0.2575263163559677,-9.778667836595583
1478632263278,72.29769135214035,1.5273036743316455,-0.52532185173829,-0.04100070799675304,-0.24361002348747568,-9.672425206424808
1478632263311,72.31765903515479,1.5367309559026705,-0.70474192434837,0.08768764493637718,-0.23388356782664776,-9.526677915501315
1478632263345,72.32751141656927,1.5484070000888555,-0.9233348044781033,0.4887164504120126,-0.19527706833991687,-9.135225998864694
1478632263378,72.34060781933064,1.5846901722962934,-1.6341739116386762,1.126022895227,-0.14799158098525367,-8.65129784217514
1478632263413,72.35977469523709,1.635839141091301,-3.9199480984238786,1.7034744081359356,-0.15113397066420875,-9.66569145945669
1478632263446,72.40301571078834,1.7168226092797645,-6.4358563382374605,0.9558850128173828,-0.18480244064331053,-11.089942235974222
1478632263481,72.47909857377363,1.8193275685249861,-8.97884663849073,-1.8166005827087908,-0.2759317595993169,-11.402684827832132
1478632263515,72.43653504505954,1.8005277128055035,-9.707573986826677,-3.5494039611816404,-0.1556231261764653,-12.909086146490274
1478632263550,72.45533167217954,1.7293611485434333,-8.886297577862255,-2.1211129967620597,-0.25677812348518053,-15.452476789855956
1478632263583,72.45819268044102,1.7624972985262077,-9.594100646656669,-3.5085528953552245,-0.6257844589233398,-14.8877444732666
1478632263618,72.42431176737706,1.7985542172121247,-9.958225585734436,-4.517409619903564,-0.8925883064270019,-13.552078929845988
1478632263652,72.43376696630304,1.7703227539742226,-9.330055004005594,-4.62230558013916,-0.9198223685775883,-12.561478285217284
1478632263686,72.38589099768267,1.7378690316122696,-8.337654446746916,-3.7581484184265133,-0.809539454606641,-11.512668174334614
1478632263720,72.35330477181057,1.7096594660741977,-7.389525449710214,-3.6272155151367187,-0.7000047103881836,-10.446949525683745
1478632263754,72.2483610891374,1.5786892705887794,-4.77175431470292,-3.262847949981689,-0.7742249435867182,-9.780164168109051
1478632263788,72.21305549333981,1.4437261102416785,-2.008026036465825,-0.975487538909912,-0.4438251327514648,-10.03619410243379
1478632263822,72.15573802817654,1.3457132314987779,-0.14755451908486733,0.06045359420223394,-0.18076222990837412,-10.16533129967954
1478632263855,72.14977081947357,1.3036437680606106,0.3151415549539508,0.366612115511694,-0.027682956695556638,-9.930849357251077
1478632263889,72.12197489212363,1.2969455769899747,-0.5084172543148273,-0.38262334368056616,-0.020350714111328123,-9.394847533648834
1478632263922,72.07941537206817,1.2204865726196978,-0.7353613934525405,-1.1171943770698736,-0.05461772537231445,-9.141660342761128
1478632263956,72.05847467466879,1.138877278642427,-0.27670821023215386,-0.19632453156623522,-0.03591302490234375,-9.191190462670848
1478632263988,72.00756839252229,1.0658003098014546,-0.34680719584462016,-0.28206687395400365,-0.022296002960205077,-8.931419582543894
1478632264021,71.96880061599711,0.9473840517172827,-0.1840985470753748,0.015562310791015624,-0.019452879355615002,-9.09751739578247
1478632264054,71.922292074954,0.8704901978566729,-0.4360211972103691,0.8451531906017334,-0.03336918563842773,-9.304017288970947
1478632264087,71.8522621747237,0.8076642710187004,-2.1123599984572983,0.32501287536621093,-0.11746552123470463,-9.26241829085406
1478632264121,71.80947771003042,0.7622757798197062,-3.5356218441982077,0.1762730972290039,-0.10444704514102778,-9.414300129876658
1478632264154,71.76077190808266,0.7332767173538403,-5.252615481017225,0.4204816665649414,-0.010474632263183592,-9.04873546389155
1478632264187,71.69080352897429,0.762799450161713,-8.98239473891815,1.8978537284851074,0.4954500786491204,-6.080225045831501
1478632264221,71.68859508340972,0.8166261162201054,-12.991197986610327,2.420986791229248,0.5166986731819343,-3.028665100097656
1478632264255,71.73908726150701,0.8725130044934294,-17.973404113130815,1.6992846282958984,0.27293897099150344,-0.6323685134887695
1478632264288,71.80541136281904,0.825621922925067,-23.794363992345968,0.5624877525329589,-0.11297639083862304,-0.8366238426208495
1478632264321,71.81542427340933,0.7638318597209467,-25.298898751722284,0.36227263870239257,-0.08364742050170898,-1.032948378753662
1478632264354,71.82962798577934,0.6159638651276191,-27.034495716196446,-3.6483143442016095,-0.22490531845092773,-4.094234476470947
1478632264388,71.68450307543579,0.37935112109747543,-24.447588348140595,-2.8173769497193395,-0.4445733344699954,-8.655487932542432
1478632264421,71.60335005594462,0.48799906148928307,-23.969490825804023,-4.406827394192479,-0.409558130623633,-8.759486121954396
1478632264454,71.52106406755567,0.49046633642016957,-22.947518106177927,-4.61826529177241,-0.10908581542415777,-10.14273613110967
1478632264488,71.38100252121306,0.6686768810618566,-21.719079595096566,-2.0611083541870117,-0.13078326568603516,-9.459939781686478
1478632264521,71.33727693970637,0.85678982170286,-22.652767429842854,-2.8188731065612282,-0.06374561920166015,-8.274061808422953
1478632264555,71.31642062080877,0.9915567878273698,-23.40578851329543,-3.050362552642822,-0.019003975677490233,-7.654562128857523
1478632264588,71.24654675095152,1.067442181273486,-23.1073407604934,-3.9300820160133294,-0.5404910430465825,-8.077887056024371
1478632264621,71.20245652875833,1.2259784936684124,-21.94828050522337,-2.6689362275939432,-0.6531681404113769,-8.636184407662785
1478632264654,71.15103881489273,1.3671079586405854,-22.27166350632443,-2.354847116497904,-0.43080666122436523,-8.25715290532857
1478632264688,71.16595825824747,1.631418633199423,-24.576570869889004,-5.294328058624267,-0.3037643287824583,-7.918672499493509
1478632264721,71.16652601976327,1.7943007369023283,-25.181314033852036,-5.907393467358499,-0.2786252159173949,-7.475146349688619
1478632264754,71.12615738186777,1.8704444559966298,-23.935070112096685,-6.252158214160055,-0.7023989120483398,-9.082852718817769
1478632264788,71.0666650202946,1.931364250064346,-22.820941209739743,-5.939864681243896,-0.5301660118545405,-10.020182787499948
1478632264821,71.04997445045315,1.964724496592259,-22.212858446249687,-6.085910836382955,-0.6863876884460449,-10.166079670361428
1478632264854,71.06378863973569,2.1950462071590477,-22.05806556130345,-4.456058275427297,-0.440982013713452,-10.957213535308837
1478632264887,71.083453405293,2.2826256546461723,-22.81456549853627,-6.197690272521973,-0.30196869352036154,-10.914716455841063
1478632264920,71.14780534974687,2.4543162489692634,-23.13532124659291,-6.873902603912353,0.014215572357177733,-11.53616142425537
1478632264954,71.15197113568617,2.540754468074893,-22.50789425115283,-6.214898596954345,0.1039981346130371,-11.803713459777832
1478632264987,71.15772361217114,2.560731938640502,-21.88157400713188,-6.7280059402465815,0.13257891693115234,-11.943924186761677
1478632265020,71.05366503260728,2.5714000636949916,-18.745974766058346,-3.4475006251570766,0.09247603912353515,-13.218088090515137
1478632265054,71.0399622097311,2.5850750616500315,-15.375674906362887,-3.0916625678131355,-0.12165537185668944,-12.91851390004903
1478632265087,71.02953755807724,2.6142016460938833,-13.981662447271473,-2.681356185238622,-0.23463174442900345,-11.958438449804484
