sep=,
timestamp,gyro-alpha,gyro-beta,gyro-gamma,accel-x,accel-y,accel-z
1478632579207,55.62479697361214,0.21782134445431944,14.298396771632401,2.326715137393214,-0.039953239633035265,-9.519495615339878
1478632579240,55.66310950778095,0.2103785964428607,14.14528923774662,2.365770542841358,-0.06913257293701172,-9.531915450828615
1478632579274,55.70638013877564,0.21392534314579115,14.036236452793846,2.516156325486768,-0.05880757827758789,-9.620350991522846
1478632579307,55.749512287580444,0.23907396141905812,13.764974753582713,2.325667708416225,-0.07586626510620116,-9.532513864246337
1478632579340,55.81309183216415,0.27096000963921896,13.46510448383728,2.2120927329132334,-0.07676409072875977,-9.541192856680846
1478632579374,55.857676501889046,0.2669009633759897,13.52281472090582,2.349160805356642,-0.05581482506074826,-9.808894344860688
1478632579407,55.89866337338074,0.2756546829389087,13.49860058013027,2.4512135689224115,-0.05102642430913547,-9.763105439039599
1478632579441,55.93643976964647,0.29600804463618824,13.231532385759047,2.2204723542421005,-0.044442370029116864,-9.59341658817227
1478632579475,55.9839501778016,0.3283371116355357,12.767351454985528,2.25084882662124,-0.03965396271304926,-9.396942204373143
1478632579508,56.00621506743683,0.356671637333488,12.3209812146562,2.26835638059536,-0.0282815071105957,-9.200467957571334
1478632579541,56.02072256894533,0.414056663020941,11.459465224883589,2.8082489097595214,0.0053869537353515625,-8.755295976788178
1478632579575,56.03011136309352,0.45879346728375203,10.689646049924757,3.1248820793151855,0.04339490509033203,-8.676437032672018
1478632579608,56.066467642373,0.6959001178309868,6.5926507488741155,2.416647373785451,-0.027383681488037107,-9.413102882916107
1478632579641,56.1507868526888,0.9207078391978263,2.239561699068274,-0.05357026214599609,-0.14799158783511956,-11.215188910321146
1478632579674,56.19105446817328,0.9184982018191898,1.41463293431073,-1.2487258399078622,-0.2668038475036621,-12.58003364034444
1478632579708,56.179878053432176,0.7506757776312699,2.842318078905571,0.23523031311035156,-0.30481178972548806,-14.712069926452635
1478632579741,56.20252408117336,0.5979076878104536,4.387299238599314,2.9732991867065426,-0.20769699401855468,-16.487071182250975
1478632579775,56.21991220673054,0.5915941439628546,4.166208449100685,2.359336025414988,-0.2798223281639162,-16.03037721557617
1478632579808,56.264780790361094,0.6449605914887502,3.232812562249694,0.5418377460894466,-0.41090485079116185,-14.663587342834472
1478632579842,56.29564390799873,0.7308545364727332,2.0595249461901455,-0.1605611488342285,-0.3673603172302246,-12.987496250860392
1478632579876,56.32146911860501,0.8128522005468231,0.7515309587597143,-1.4736310761603992,-0.34715924072265625,-11.037868495996296
1478632579909,56.33506253774179,0.8096803698884342,0.2866908945886442,-2.539200543865235,-0.32231939849853514,-8.877699901989846
1478632579943,56.31087037600511,0.6124436447209652,2.2546308779175397,-2.09761981990654,-0.3054103492736816,-8.682871376568452
1478632579976,56.267412180038306,0.09834578677857742,7.974423415493089,1.6516997972350567,-0.02319382858276367,-9.980827896781731
1478632580010,56.26792620492291,-0.018373488657687228,9.140533333925163,3.0400375579833985,0.09846154555721441,-10.554090123040973
1478632580043,56.24279258703709,-0.03755384959434355,8.10523377714757,2.0403088003296403,-0.010025719451904296,-9.829245177703024
1478632580077,56.22344239847892,0.00939297026660097,6.331710819131679,-0.46926345232538874,-0.04953004556013257,-8.746018737616017
1478632580110,56.2219305866925,-0.029288519142861024,6.494135205576488,-0.43888709182739255,-0.04384381790161133,-8.774749230603128
1478632580144,56.20168631119763,-0.1775229504161692,7.701378880975689,0.735468822479248,-0.042646717071533204,-8.889221705218404
1478632580177,56.1755999595778,-0.25373925833974964,8.099592057779903,0.6070797584533691,-0.08693944778442382,-8.668506531933694
1478632580211,56.15210808245202,-0.3181944697685144,8.3692682778069,0.7231985389709472,-0.12764086687392553,-8.543559059729054
1478632580245,56.10727812942015,-0.3835965243802086,8.572180977319238,0.6932709451537579,-0.18555062866210936,-8.237849508313088
1478632580278,56.041100223673794,-0.5350201551466168,9.623599878707974,1.1739070380279795,-0.036062662506103516,-7.956530374853313
1478632580312,56.022074440071144,-0.5895857881651119,10.013899201597797,1.2913724839141592,-0.05865794980698265,-7.918073510687052
1478632580346,55.94752380056892,-0.7529364838685275,10.75459249060917,1.4169185430664568,-0.012868833923339843,-8.484451840917766
1478632580381,55.85811521106263,-0.9055196323297577,11.24880483059601,1.8915689422773312,-0.010773907470703125,-9.19029281971138
1478632580415,55.79027809880929,-0.9689006408007733,11.631596177564784,2.284367658996582,0.10878653336677234,-9.495702968055662
1478632580449,55.74931446488236,-1.014562202873521,11.83381835001721,2.340481723873876,0.059406137825781476,-9.342324278071429
1478632580483,55.667382351541704,-1.1081649799623186,12.721751442953645,2.6593594209533182,-0.029328970336914062,-7.957128925268352
1478632580517,55.53555248626412,-1.202509615102726,14.066468591142083,4.038419650268555,-0.020051438903808592,-4.731840013830364
1478632580551,55.39355638785238,-1.0420919925465875,11.776384390168031,3.459022848510742,0.41150341033935545,-1.911470750427246
1478632580586,55.30320919450444,-0.8382607786223278,8.113604168785466,2.244863331604004,0.37918167879409154,-1.8800468536376953
1478632580621,55.263920860425856,-0.7837190303016375,5.83245626071794,-1.2535142797607928,-0.1041477813499514,-4.566041841125488
1478632580654,55.158340608610594,-0.9418514459516157,7.898368620363276,3.7581484184265133,0.13108253861026606,-8.265382827404887
1478632580687,55.082602166450314,-0.881964914690463,7.39128933812122,1.2937667654894176,0.06105214233398437,-7.213130759374797
1478632580721,55.033115750572,-0.836455745493887,7.346457947846898,0.49799394531249996,-0.04249707946777344,-7.483675693102926
1478632580754,54.94984892038129,-0.8997552360183868,9.615843598553596,0.2684498611450195,-0.43724105991972606,-8.454973744433746
1478632580787,54.90123979799231,-1.0537299983959418,13.170119794032608,1.1719617857117206,-0.006284779357910156,-9.555558283554204
1478632580821,54.90345221762388,-1.2630930724658045,17.520355723662643,2.318634524127096,0.3719990829467773,-10.814010056249797
1478632580854,54.892141318405514,-1.3966274982778326,21.308213066619718,4.405630476025491,0.30630817032966295,-10.436474820355325
1478632580887,54.86602105350883,-1.386485024028453,22.792432032610574,4.717774444403126,0.274435372145276,-9.94760840354599
1478632580921,54.76471478462036,-1.1340165285609418,21.1174275118839,2.291550263977051,0.20874445153665144,-7.788338146618753
1478632580954,54.69480270930296,-0.9468251254573058,19.747490631659705,2.1555295360289515,0.08379705810546874,-7.2129817062929265
1478632580987,54.65809267318926,-0.8574407983395388,18.80482057061609,1.2334629139222204,0.11581950759334722,-8.028207225445657
1478632581021,54.63995674439107,-0.8478834779034276,19.302170048159724,2.503886096777394,-0.014065934753417967,-8.920645930801518
1478632581054,54.61255297590554,-0.6974450015709925,18.30617562347312,3.509899524191208,-0.20126258619003928,-9.64803392081894
1478632581087,54.59016504919373,-0.5195907760042505,16.245150384428502,1.6343419082641601,-0.2766799202186521,-9.414150699552694
1478632581120,54.583960548119286,-0.45142062973496855,15.746102458689125,1.0467151844300329,-0.4267664459228515,-9.833584805209375
1478632581154,54.61902877959835,-0.45271886414109186,16.109018141254875,2.4161983513763174,-0.21891980516738258,-12.11421177984029
1478632581187,54.626516560082166,-0.3953717563013001,15.520851836040945,2.3120506156921383,-0.021248535167309453,-13.164967033441364
1478632581221,54.63034919956474,-0.32014243687511906,15.298323682832258,2.373850891245995,-0.15981296538200696,-12.993781322479247
1478632581254,54.66771473317245,-0.37235647662229443,16.62810392019799,3.6454713758606463,-0.12300211029052734,-13.371167066900432
1478632581288,54.63705108586392,-0.48057562823838196,17.75564063617009,7.7024460159301755,-0.046238019561767575,-14.40995160446167
1478632581321,54.759901776713214,-0.20500036721337808,16.289913609771073,4.727650453186035,0.3730465301900753,-13.70351218485087
1478632581356,54.82171738826087,0.059973370176311644,14.754987304604366,1.6807297115601598,0.014215572357177733,-8.59727895947881
1478632581389,54.83817541727202,0.16202621942012638,13.818826334569625,1.208024448217824,0.1876455482648802,-8.718036651843413
1478632581422,54.88484947202048,0.15283521489631208,14.336306104600894,2.6574141503707502,0.40506900251084005,-8.936956100817769
1478632581455,54.92249791862834,0.12552012470376883,15.36263345962818,3.794211080932617,0.44741644665814234,-9.212139690664596
1478632581489,55.00928580722835,0.10289410569652302,16.141489672199405,4.367023828124999,0.48557401963386215,-9.820416586480661
1478632581522,55.05973674434613,0.14212168604857023,16.01366974027204,4.445733353833109,0.20051438447150866,-9.940126888684183
