sep=,
timestamp,gyro-alpha,gyro-beta,gyro-gamma,accel-x,accel-y,accel-z
1478632344671,63.37606224769089,-0.04865668527659102,41.7546684711774,6.451325809965375,-0.021996727752685546,-7.421576288472022
1478632344704,63.410327750126704,-0.05000479661191085,42.17094623725911,6.694337296737544,-0.03426701354427496,-7.359027697035204
1478632344738,63.43883749996922,-0.037161928155354296,42.515480993225495,6.881982924917526,-0.04788403548641363,-7.331644289541803
1478632344773,63.466872929598985,-0.015638394679847865,42.58945835778538,6.610989589834771,-0.04324526577410579,-7.166594035427668
1478632344807,63.4773789284551,-0.011229556756767572,42.5141676278788,6.499509383237501,-0.00029927520751953123,-7.206696746555215
1478632344840,63.480171919526,-0.011546807456845287,42.40586138899188,6.51103145132754,0.029927520609247582,-7.245751977902601
1478632344873,63.476478674839065,-0.031000609480314637,42.23962854956433,6.448931617438373,0.09621697579259635,-7.216422887122212
1478632344907,63.466760122829946,-0.06719907724556413,42.054840203199504,6.408379781153704,0.11701660271520377,-7.186345947962208
1478632344940,63.44227304580314,-0.11407646829926775,41.88789025187302,6.742520623414498,0.1285387039129273,-7.342268509176396
1478632344974,63.412252981518336,-0.11930888218066782,41.57768068654211,6.792798858277779,0.07870938186092534,-7.216871982596581
1478632345007,63.37277312628007,-0.08963092409703183,40.97854130400792,6.492775860031671,-0.01930325202665408,-7.116764672276471
1478632345040,63.28704039692099,0.00698616572097157,39.524145942207205,6.7483564716948194,-0.008828618550473401,-6.92881975062266
1478632345074,63.20160058029829,0.09443304153337666,37.26241940840589,6.300042576156742,0.06539163626795053,-6.726060724462941
1478632345107,63.1029965583511,0.19465096183985292,34.330480171532116,5.639092896757368,0.16310498581485589,-7.060500622735544
1478632345141,62.96007761855074,0.3348246454152996,30.29922895158491,5.4037128912443295,0.26440964127692856,-7.508365897723287
1478632345174,62.88635757903576,0.3900271304796907,28.117315306258682,5.688473433862254,0.2834136169544188,-8.607753336013667
1478632345207,62.83733007498028,0.42914231629932054,26.183497614444587,5.448604501165822,0.16325463026848155,-10.34235262145996
1478632345241,62.79863842022373,0.4391516038304177,25.274287660880756,5.5517045909605915,0.08140286101188976,-11.611130155999957
1478632345274,62.73849714778416,0.4332090890185426,24.132193792621962,5.883900217437744,-0.05820902786254883,-13.825467124176024
1478632345308,62.71072644104397,0.4145751706166096,24.461307717863477,6.321290933227539,-0.15831658477783203,-14.195221643066406
1478632345341,62.71578315438519,0.42013851791182083,24.585014114066464,5.411344664764404,-0.17417817077636719,-13.978396755218505
1478632345375,62.69309537411766,0.478729267668905,24.03144989249574,3.248333175482228,-0.2781763053894043,-12.553996697290241
1478632345408,62.666042940132954,0.4985505825602003,24.34696767019886,2.311900978088379,-0.38935705411606464,-11.339836741992086
1478632345442,62.63685132406544,0.424399914320798,26.359049480700577,2.8067523875914513,-0.36930560607910157,-10.01719010848999
1478632345475,62.63925801354115,0.3762074125509956,27.445175184912543,3.104531219073385,-0.3437175804027589,-9.869796849590912
1478632345509,62.648304145143435,0.24714044030877466,30.380851129862375,4.241926718316599,-0.04159925313168714,-9.639055810723825
1478632345543,62.688241818992395,0.11909853934460109,33.37150182321452,6.335955637591704,0.017357962036132813,-9.481188504083454
1478632345576,62.67881654155226,0.058705323761447874,34.683832006333894,6.420800012793019,-0.032172084808349606,-8.74347453302592
1478632345609,62.64092077095741,0.0757991411237889,33.99704862613554,5.319167645120062,-0.04608838195800781,-8.251017179052532
1478632345643,62.59347183608827,0.07294156024297588,32.96136128846201,4.369717012731731,-0.051774610900878905,-8.043619898632913
1478632345677,62.57016210264615,0.04340557705913603,32.81004175574839,4.22950716253072,-0.0378583137512207,-7.59201324515976
1478632345710,62.553208871768234,-0.02800976092818972,33.16629970992643,4.052785152490436,0.09861118201932986,-7.433397677435353
1478632345744,62.54362835194685,-0.16326369259026943,33.88988168615502,4.963928302587941,0.19138648835887434,-7.246649801812693
1478632345778,62.52963741287173,-0.2355148002264634,33.622687749088236,4.664952443341165,0.17328034058723132,-6.90787033996582
1478632345812,62.519252891307026,-0.2766727206030893,33.43662993118377,4.410418660150095,0.1662473777770996,-6.799682060186565
1478632345846,62.499586850431335,-0.42334178346656276,33.19454228567706,4.34427862009257,0.2379237945446046,-6.64286185144633
1478632345881,62.485601286180234,-0.5457364744233604,33.35536802713856,4.791395853191986,0.2145803237915039,-6.802824595995992
1478632345914,62.47040575492101,-0.6837397230381943,33.55510974984144,5.321711776644922,0.4170400016784668,-7.088632638372853
1478632345948,62.44274087274632,-0.7992644249038492,33.309141419517,6.00361022738032,0.5364508186119142,-7.29632977852188
1478632345982,62.34600666193597,-0.8336410568491328,31.297423233262844,4.610184861169382,-0.08798692014389671,-4.423586842346191
1478632346016,62.28341271965459,-0.8248384647273062,29.657284895423267,3.5610756942749022,-0.294636450936133,-3.0856770271301266
1478632346050,62.22762617587634,-0.7842757322894581,28.122518392269285,2.8951882114134726,-0.21218613126450217,-2.0560206756591795
1478632346085,62.11892394471569,-0.6565286158385941,24.85457064647613,2.7892447879515587,0.18480244064331053,-1.5195698661804198
1478632346119,62.06313121530731,-0.5962376134972878,22.61623692320382,1.248127252960205,-0.010474632263183592,-3.372831588745117
1478632346153,62.03660716443336,-0.6067512181184155,22.507419994725844,0.7764695259094238,-0.09307458953857421,-4.7466544288635255
1478632346187,61.925759480026194,-0.5656475604080545,24.58944268536932,4.148253560096677,-0.11656769332885741,-7.280767394665628
1478632346221,61.84499048586082,-0.44449121727912755,24.31205605149361,2.1226092632018028,-0.23822306061896958,-7.247098495428264
1478632346254,61.79822241174371,-0.41685132519588725,25.838150262894757,3.152714673614502,-0.031573538959887806,-8.265682248742879
1478632346288,61.73757080427944,-0.3450833671960643,27.81691313041599,4.970213045413233,0.15263035583496093,-8.813804763915435
1478632346321,61.67414986977706,-0.26839968307759055,28.348294738475904,4.884620372595265,0.4653729522594483,-8.692448315639817
1478632346354,61.58029340994085,-0.12968932246356887,28.54607840684655,3.841496563720703,0.3119944106889772,-7.568670071234181
1478632346387,61.50380113631256,-0.04680990539770913,28.610083467958866,3.5995324123106895,0.23403322141342794,-8.03509011682719
1478632346420,61.36633128016803,0.1312645291487863,28.44563456266116,3.6207810981750486,-0.0526724365234375,-7.690624572167918
1478632346454,61.24793655811116,0.25944966295214333,28.109096193981348,2.974346649932861,-0.08798691101074219,-7.844751669366658
1478632346487,61.17386648539138,0.37949454221431655,28.44309394564416,3.1878795104980466,-0.1441010124206543,-8.22932023796402
1478632346521,61.069570273317595,0.510295170341976,28.50196710534798,3.9760209156312047,-0.45699326014863323,-8.661772743866383
1478632346554,60.97750085417138,0.6391221364950416,28.31659695468143,3.9278375341553238,-0.1846527984729735,-9.532663401385395
1478632346588,60.90665175421094,0.7892316911235375,28.198764814046168,4.749497607267043,-0.20245968245354015,-10.177751549585164
1478632346621,60.77083250153568,1.0195125337105069,26.559189451985272,3.815310092660598,-0.5672761741195805,-10.949731655120848
1478632346654,60.719563005464224,1.1333925620763752,26.35577226326738,4.6971244185516605,-0.15906477736320812,-12.590657325689493
1478632346688,60.64936911243111,1.2300171562715068,26.016595563298814,5.518185840783641,-0.155473479439551,-12.80104808883667
1478632346722,60.57124720518329,1.3229083781821027,26.60784203778047,5.369745264788716,-0.011522095489501952,-12.567314151763915
1478632346755,60.51310136239418,1.2994406457671015,28.54928025125033,6.705709937286376,0.3995323655059561,-11.868506834466755
1478632346788,60.50862972424355,1.256620770882726,30.856951690761804,9.19717574762553,0.47315410308837885,-10.959158824157715
1478632346821,60.548577579102194,1.2417878358884378,33.102791081412384,7.59575425831899,0.475697978884913,-10.264092300824075
1478632346854,60.56485716578196,1.1893994430308517,35.58363094058263,4.492869272082671,0.14290389332426712,-7.406762147433496
1478632346887,60.59055184279325,1.0803921924788609,38.027436438566085,4.627692680004984,-0.03232171327895485,-6.50863750539571
1478632346920,60.618505374216106,0.9344738148881118,40.8403490136785,6.427833192515571,-0.07257424695664084,-6.566995732470601
1478632346954,60.643972375404495,0.795510776310511,42.499559945241444,8.90403582799062,-0.09142858046379405,-7.664887013919092
1478632346988,60.639329962794775,0.7822775706327115,42.3999505250917,8.945485736493021,-0.24405893173217771,-8.426542526654153
1478632347021,60.617434640939564,0.8556837023767653,41.475141792703006,7.500285686315968,-0.35254620359116234,-7.800757885067723
1478632347054,60.60301318484712,0.9283468386832038,40.464234145326344,6.665606913348287,-0.2394201751487795,-7.643488927912991
1478632347088,60.58372004808641,1.0058450219821244,39.66310848518181,6.235398989768629,-0.23298575362053234,-7.2337810409545895
1478632347121,60.593873280340524,1.0914459790102324,39.606305263904225,5.863699177462793,-0.13078325655288062,-6.870161663818359
