sep=,
timestamp,gyro-alpha,gyro-beta,gyro-gamma,accel-x,accel-y,accel-z
1478632133099,77.58439065677969,2.008059018567704,1.2443814482127942,0.266055654918286,-0.30256722110251427,-9.79587611193725
1478632133133,77.59962092199645,2.0084679638206437,0.9479192034399501,0.1282394309886964,-0.3347393139023741,-9.789740696188463
1478632133168,77.61842524328216,1.9960167354045635,0.6927756327181122,0.03755903854370117,-0.2947860885398928,-9.794230193623193
1478632133202,77.63587079428001,1.9769825178525793,0.44341978908808755,0.057610477447509766,-0.3113958374410518,-9.780762979960638
1478632133236,77.65376706112278,1.963570820271379,0.16061535651677916,-0.020949264526367185,-0.32935237729168726,-9.763105585170072
1478632133271,77.69034579526183,1.911275938915772,-0.14784312822972862,-0.0718260498046875,-0.28416181410637215,-9.721805752662847
1478632133304,77.70365400604965,1.8759184331448397,-0.3517079841453468,-0.14469956283569335,-0.2756324843917973,-9.716269152190582
1478632133338,77.71511235446448,1.8391929861832206,-0.635435502263542,-0.2657563842773437,-0.270993691275781,-9.690232053872757
1478632133371,77.7297392651619,1.7786177401588947,-0.9424045259057601,-0.4709095390319824,-0.31019874802741687,-9.860519738282914
1478632133404,77.73299800100395,1.7643025701348507,-0.9218620285222564,-0.4128501487731933,-0.33892917479915774,-9.911845217176806
1478632133437,77.7383424495838,1.7476618979506775,-0.8379658913613541,-0.23597850112915036,-0.3854664672851562,-10.005967050745989
1478632133471,77.74625158831674,1.7465375792524225,-0.7676759589680393,-0.08409633331298827,-0.4079121078491211,-9.955838873611576
1478632133504,77.76508094698029,1.7384132330087254,-0.6441344566842917,-0.2510918991088867,-0.3678092346080811,-9.950601082555949
1478632133537,77.7758356813106,1.7228094902097397,-0.3769985470535466,-0.17612345505866686,-0.3274070793096558,-9.896133177450485
1478632133571,77.78248265039691,1.6992192990283876,-0.11723160656016504,0.09352349778327625,-0.29269114496259135,-9.846453392537542
1478632133605,77.79219496091802,1.6852471456049598,0.0012274039707900661,0.15756839681254778,-0.2919429620811919,-9.775375580984004
1478632133639,77.80356128733123,1.6771902674806562,0.0043342662112389255,0.0016460136413574218,-0.2946364349531126,-9.703998348092474
1478632133672,77.81298062850189,1.6662767097774023,-0.03770641838652759,0.04578910789213259,-0.31797990798950193,-9.750685485961498
1478632133705,77.81510278390057,1.6634848767362107,-0.06592512419585024,0.06868366355066537,-0.30511107178287344,-9.835529840613214
1478632133738,77.82042470147374,1.660652774007873,-0.40180881730013857,0.191685774982837,-0.30735563583926995,-9.965265768653806
1478632133772,77.82021945646922,1.6654430685184622,-1.102483464765996,0.5090671462570316,-0.23927052841186522,-10.078242068160883
1478632133805,77.82191566714314,1.7505976508590395,-4.6525707048343845,1.4674959800720213,-0.31558570747099,-10.448146188122406
1478632133840,77.85531998006041,1.8945467066791206,-9.544433143395226,1.8650829471312462,-0.36915595934218726,-10.456376402459666
1478632133873,77.89702125557658,1.997796424698955,-13.046693883693058,1.6946458625793457,-0.4089595847751712,-10.309731404644623
1478632133906,78.14211027609876,2.353413815537853,-27.115943333216283,-3.3665467363219705,-0.6762123313903808,-9.20166527759712
1478632133939,78.34265531416872,2.508512811598978,-36.37958424167814,-8.451831427820027,-0.7787140899658203,-10.027365465545653
1478632133973,78.49917470804066,2.5604089884323336,-42.03252424672469,-12.532598227691649,-0.500837050650781,-12.227187878417968
1478632134006,78.73536558339711,2.4642128626984485,-44.58474944101427,-12.528109099578856,-0.43424833524399437,-12.706177848052977
1478632134040,78.85799748763995,2.4897101906504844,-46.191538536949516,-12.936470120239257,-0.5370493507606443,-12.54516778640747
1478632134073,79.05957674097071,2.6014863650363447,-49.43251274968384,-15.001319414520262,-0.8475473876953125,-9.983820630590618
1478632134107,79.22983835874696,2.825819856935794,-53.59575958705313,-11.260229975183307,-0.7897872909103519,-6.126762157937698
1478632134140,79.37260592955256,2.9713889047333835,-57.774246797509065,-11.368268032836914,-0.7613561279296874,-4.042758921581879
1478632134173,79.48709528480956,3.1096417015013604,-61.32899936969745,-10.473734437561035,-0.6488286590354982,-3.2065843570984898
1478632134206,79.5944096565695,3.2738290134124894,-64.93061389039785,-8.917952353469142,-0.7016507148963864,-2.265214045715332
1478632134240,79.71167295481668,3.4033256728679007,-68.79147675159862,-8.574833501577936,-0.34820670394897457,-2.347814149121195
1478632134273,79.83314966137542,3.559325808326273,-73.10191993184638,-7.575852895410359,-0.38741177440034225,-1.5731402744568883
1478632134306,80.05316437565637,3.741369073386905,-79.70512689552348,-7.433547534234822,-0.0234931037902832,-0.5642834768433124
1478632134340,80.17561549586415,3.8264992689031816,-83.08371378157884,-5.992836685235798,0.13078326568603516,-0.5987000526428222
1478632134373,80.31398019673695,3.8602098967990455,-86.50948978535774,-5.117905323791503,0.03591302490234375,-0.14769231491088866
1478632134411,260.55271548650813,176.16358932415233,87.99088741157405,-4.410867646026611,0.044891281127929686,0.254084651184082
1478632134446,260.6988692120036,176.22278076206004,84.64821373309924,-3.7306150993347167,0.059256491088867186,0.055365913391113276
1478632134479,260.827284364672,176.3345471340238,82.33565573589581,-3.672406071472168,0.016460136413574217,0.09068038787841796
1478632134513,260.95068012825413,176.4741733890941,81.04319312790506,-4.042759140777588,-0.08529343414306641,0.058957215881347655
1478632134547,261.02334376315025,176.62631744541983,80.65705669871348,-5.387552285766601,-0.5123591415737057,0.05162497329711914
1478632134580,261.0544112813181,176.74821375552148,82.67365778276297,-7.388805598449706,-0.9305962577819824,-1.3109750465393066
1478632134613,261.0668272252747,176.868876928291,86.38747600374732,-7.865101945086568,-1.1481693336486816,-1.6121955429077148
1478632134648,261.1275837055293,176.92767632132376,88.33561635690005,-8.164078169659525,-1.6380828118255362,-2.0979192047119137
1478632134681,261.2724595810566,176.96281302870904,88.3537309109781,-12.697049954223631,-1.2351088179657235,-1.4736310852935537
1478632134715,261.3345225502097,176.90459142210773,89.85056759546048,-11.550676271820068,-0.9877578224182129,-1.4453495804662466
1478632134749,81.40255922360916,3.2116153752345906,-88.4234405380151,-8.602216781207174,-0.7864952453613281,-1.532887612915039
1478632134783,81.53107058798076,3.345696206024325,-87.21866990373125,-5.197213253784179,-0.6895300598586909,-1.0910078055450692
1478632134817,81.6108338295597,3.3848075285969528,-86.36433177060597,-4.566939666748047,-0.43664251863784154,-0.6799532440849114
1478632134852,81.6590949956657,3.413258785237646,-84.6945450639489,-4.061763116455078,-0.5992985973496398,-0.556053335571289
1478632134886,81.68835646527508,3.4236701330770436,-82.40441791571101,-3.526060494995117,-0.47046060795439404,-0.7670423203399405
1478632134920,81.71156845439684,3.415134518198741,-79.95818707172023,-4.592378059387206,-0.36481649623261764,-0.7757214109558611
1478632134953,81.65205625839184,3.3497605052226196,-70.91196159624573,-7.18275461807251,-0.7683890770400874,-1.523310806274414
1478632134987,81.57549965598156,3.2809778843167345,-65.0429685379862,-7.234678574316203,-0.8978256225585937,-2.9596821647644043
1478632135021,81.51996421021502,3.2152961880167115,-61.12077693846955,-5.693112272644043,-0.7495347572326659,-4.292653939056396
1478632135054,81.55665599839955,3.1761463229367193,-61.22197104801144,-7.815422699029743,-0.6724714004295412,-3.8048354238647963
1478632135087,81.55242856482529,3.089720617311401,-60.56589399906048,-10.443956554412841,-0.4740519195777829,-3.41413142125234
1478632135121,81.45709703688054,2.917452951267111,-54.953272984695154,-9.227552473449707,-0.5635352111927,-3.734206547955423
1478632135154,81.33955382540285,2.665292372320268,-49.420844628863094,-9.716418817193805,-0.4616320190153201,-6.395062525326141
1478632135190,81.22394135392048,2.486958859734172,-46.39483410964624,-9.804704711151123,-0.2905962173683103,-8.138789268493651
1478632135221,81.16649718351115,2.318330710199382,-43.959426070835725,-8.469188951464742,-0.18749591751098632,-8.837297310583294
1478632135254,81.09471471554247,2.149412451528456,-42.959887742700175,-9.307009748785196,-0.25034371109008785,-8.653842046765238
1478632135288,81.05554625409331,1.975666138215585,-41.17037232268891,-10.195258856964111,-0.11566986770629882,-8.367585164642334
1478632135321,80.9503193603332,1.7534814134852204,-38.37112831491664,-9.350853858947753,0.05057751007080078,-8.83146188242808
1478632135354,80.84917697984024,1.5575575991423873,-35.734049127507866,-9.217377408654988,0.17357962036132812,-9.729437288720906
1478632135388,80.726297614502,1.345001276547066,-32.82768692834403,-8.825625577490031,0.2700958565200679,-10.679486288861185
1478632135421,80.49913938503123,0.9854421521929617,-26.225702872686032,-6.9075710647583,-0.3699041564941406,-12.224793676757812
1478632135454,80.31407138178082,0.5621254617331798,-17.615619832594703,-4.854692778778076,-0.32830490264892576,-15.661969435119628
1478632135487,80.18483198292648,0.3000559369200257,-9.201526285677401,-3.3810616569519043,-0.05880757713594357,-10.37018536188975
1478632135521,80.08187721429414,-0.02289766057756055,0.583806538836258,-1.4665982183815445,-0.15008651913974463,-7.428908622387796
1478632135554,79.96033838553836,-0.4074109704255277,10.345465022855729,1.0799345863342285,-0.024390929412841794,-6.902034473419189
1478632135587,79.86118235799226,-0.8106339127401025,19.26977939603286,4.185064428887888,0.1336263773033599,-7.507168943023681
1478632135620,79.80563986290032,-1.1542924955078817,26.158773044825814,6.645256345367431,-0.022146365356445312,-7.84505087150894
1478632135654,79.77335192348575,-1.4046321763832927,29.985700078392515,7.797166619110107,-0.10803836818085982,-8.27166753369756
1478632135687,79.76882690812148,-1.5513292111370365,30.69312615916731,7.439682237597554,-0.08454522785795852,-8.503905062766675
1478632135720,79.71242373079043,-1.6403629898800043,27.435834610923138,6.228814747973531,-0.09516951599121093,-8.880543089526519
1478632135754,79.6901503796134,-1.6495759596939141,24.49287696702947,4.712536982141063,-0.06314706878662109,-8.975861736231414
1478632135787,79.67737619476816,-1.657648064479992,22.25927181324622,3.5419221905915066,0.004489128112792969,-9.083301854249688
1478632135820,79.65483290863384,-1.6944499631340382,20.572721227169808,3.1690253002884794,0.12389993591308593,-9.514856490005366
1478632135854,79.63543813388311,-1.72113756795228,20.26493618182692,3.4166753815305535,0.21951836928215343,-9.734375146981886
1478632135887,79.61523153098959,-1.732888115351146,20.18122427849572,3.819200597293116,0.2091933609229978,-9.713425772857665
1478632135920,79.6010064726914,-1.7228047826097053,19.86365791561983,3.7894226410796863,0.2540846557506593,-9.45185896749096
1478632135954,79.58497371478518,-1.6965825226599802,19.235843920561646,3.363254745571874,0.23537994614753405,-9.336637994329632
1478632135987,79.55293452270814,-1.6332517617511904,18.18289369303393,3.0545525111501948,0.28431144486026605,-9.13313140120562
1478632136020,79.52698776553466,-1.5943488163141186,17.498748655700965,2.856581727909762,0.2717418939932504,-9.216928221849072
