sep=,
timestamp,gyro-alpha,gyro-beta,gyro-gamma,accel-x,accel-y,accel-z
1478632563054,60.47261860433063,0.6092428297226757,13.136302173519907,2.371905711994972,-0.13796587523308115,-9.64578959422456
1478632563087,60.454320522327436,0.6226054445226525,13.366439413411094,2.371157542242482,-0.1388636962890625,-9.511564675068493
1478632563120,60.43429624341576,0.6410424995449131,13.47109109254376,2.3695114372695794,-0.17193360215339343,-9.438691095822117
1478632563154,60.40302416253356,0.7055787343433184,13.286953378945542,2.439990712107811,-0.18390461502075195,-9.438691415482525
1478632563187,60.373829060367136,0.8144031066111762,13.001349676033835,2.2093992352105487,-0.21218612213134763,-9.397241643977445
1478632563221,60.36543884086463,0.8321724211694076,12.979634710350368,2.268655701468652,-0.18375498198356943,-9.497498637567087
1478632563254,60.33361879143339,0.924345726817287,12.810347393566095,2.2810756499801763,-0.22610241471442857,-9.652972235737648
1478632563288,60.31342532797802,0.9858997547062729,12.587283824789582,2.3083096207992173,-0.2002151206804323,-9.687837642150045
1478632563321,60.293943040829426,1.043695732022325,12.38668344883803,2.1818659369537605,-0.1945288768961851,-9.506327320120995
1478632563354,60.27648326341862,1.079542417396417,12.299297831914032,2.3195324593475086,-0.1403600677600829,-9.536853468919801
1478632563387,60.25678995079978,1.1298758760589929,11.994050850709188,2.2833201957702633,-0.14993687440070788,-9.322871736642531
1478632563420,60.21191279155383,1.2339143930517016,11.118131001169274,2.6378116790771484,-0.13078326568603516,-8.914810100787506
1478632563454,60.18822925459605,1.3370326056030952,9.962569668235584,3.008164748382568,-0.16490063477668446,-9.160065841088816
1478632563487,60.17680819462186,1.4466208529879647,8.297802448383482,2.7262475028991697,-0.2510918979672424,-10.676194407708943
1478632563520,60.20002746814986,1.6008460758950347,6.151095345483456,1.105223364202515,-0.2941875221418333,-12.800749105890095
1478632563554,60.19467097134143,1.550031449713051,6.346588829095898,0.5532102210998535,-0.34012627334594725,-14.798111548614502
1478632563587,60.20932387790813,1.3884589914629981,8.61237769000568,0.8316858016967773,-0.35628714368515646,-16.11447354888916
1478632563621,60.231672917090705,1.155208941155754,12.023343150252616,2.116175056302687,-0.35224691925048823,-16.033070692443847
1478632563655,60.24587321752732,0.9503083627135073,14.972846216689417,2.8633154383452606,-0.12120645904541015,-15.327679028320311
1478632563688,60.209913133067154,0.7698558575513337,17.174722073428494,2.3913586187500506,-0.25692776565551756,-12.890531668145954
1478632563721,60.16987785573858,0.6440362062243745,18.364737928601013,2.6945242578368633,-0.2873042083519045,-12.043881813812256
1478632563754,60.11019344272571,0.5422871179187824,19.31883136876521,3.0696656756636687,-0.3550900337219238,-11.004947930908202
1478632563788,60.05070736394787,0.4624551376024965,19.809092608021732,2.5698762069702146,-0.3284545402526855,-10.055946467059478
1478632563822,59.95021097568493,0.3765535288031461,20.213658787808743,2.920776314721629,-0.41210194705466274,-9.498696012391802
1478632563855,59.86708859643363,0.34786324445914546,20.035557067467348,3.1076736818175763,-0.3232172241210937,-9.037961921747028
1478632563888,59.789816923984496,0.41156904517281906,19.126864316573915,2.85852699849233,-0.12988544006347655,-8.415768326922505
1478632563922,59.697526972494124,0.4729931330359529,17.58175119510525,2.5299229302337394,-0.12210428466796874,-7.757213525036722
1478632563955,59.56563997170494,0.6121376595043313,14.078191451339794,2.5873838431427254,-0.1517325347789796,-7.58438194656372
1478632563988,59.52675267365197,0.682692848178831,12.513512525286847,1.7968483824798835,-0.24136545486450195,-6.954856255285441
1478632564021,59.45409432013768,0.7982860596003938,9.43308714212804,1.2544120323181152,-0.19108721543464344,-6.631040773010254
1478632564054,59.36581732521358,0.9570481971508151,4.776263353922743,1.0296563514709471,-0.04563947827988304,-5.858461824798583
1478632564088,59.311457631998955,1.1323297278647855,-0.5947659238389814,0.6039373961738776,0.04848258361816406,-4.798429039764404
1478632564121,59.28711852089548,1.2275795085121646,-4.101041715856723,-0.636408760756324,-0.033518823242187495,-3.70951619720459
1478632564154,59.235793029502666,1.1636795869021554,-5.679536295314396,-0.5687725318908691,-0.3950432739257812,-3.6290111663818356
1478632564187,59.14884976083142,0.9316755212491994,-5.024412678125681,0.05132569808959961,-0.20575170973625498,-4.127154749298096
1478632564221,59.043218209920184,0.612620269931366,-2.8401188255342507,2.119616730322316,-0.12240355645055533,-5.638045926721394
1478632564254,58.94846039504181,0.3764520910858047,-1.5358414569170424,3.5661634093353523,-0.08738835831241448,-7.38147350199595
1478632564287,58.87536575679151,0.259141271240127,-1.769118792917993,1.6594809526305645,-0.07496843948364257,-8.623615396936238
1478632564321,58.7960629038161,0.2466948344961092,-2.0070213492432156,1.8086697531769051,-0.34386721800651865,-8.515576462499796
1478632564354,58.690557055512905,0.34669935901261517,-3.707896911187562,0.39534254913330075,-0.15128361740112303,-8.106916458892822
1478632564388,58.602238582769765,0.43930431179225593,-4.370261724813687,-0.1596633232116699,-0.32127192613906225,-6.407930813543498
1478632564421,58.52490279185578,0.4710026190193805,-4.135458063070101,-1.0790367607116698,-0.14320318679809568,-6.594379852350055
1478632564454,58.38921802500642,0.44458116564014855,-2.358484098769638,-0.08903437423706054,-0.013916297149658202,-7.946505239923298
1478632564487,58.29779641803996,0.46983091656274856,-1.7180040300423929,-0.4665700485229492,0.03920505218505859,-7.721899050549418
1478632564521,58.22506541814521,0.46062450897255275,-0.2944545418210325,-1.8204911284405039,-0.08963292122716665,-8.314314031573385
1478632564554,58.11272118787455,0.3869589424075496,3.2808797858925995,0.09232640151977539,-0.034566284185217226,-9.8962831255815
1478632564588,58.041052700102945,0.4023198008505969,4.683397548939963,0.214580360324122,-0.30705636291503907,-10.027515030084178
1478632564621,57.99822491730909,0.5560709809062223,5.143978519146522,-0.06105214233398437,-0.2415150924682617,-9.301173882238567
1478632564655,57.944884393007655,0.6519806520958769,4.799332297008856,-1.0899603057861327,-0.09382277755737305,-9.599252335987892
1478632564689,57.87857962967555,0.6741810072386532,5.9859769844859745,0.19168577041625975,-0.1186626189252609,-10.160542786761372
1478632564722,57.80395837611619,0.7990817693476158,6.024766506121475,0.39055414581298825,-0.2214636535644531,-10.25496400513593
1478632564755,57.760575395162604,0.8209123608028074,5.78311148218605,-0.2032078659057617,-0.17148469162540275,-10.058190610990765
1478632564789,57.697256611782535,0.8658773893465247,6.076887049659665,1.9060837966918944,-0.026485855865478514,-11.28626647984609
1478632564822,57.67649826895416,0.990750311605784,4.278587585833261,0.5951087227531243,-0.011971008300781249,-11.305270601654053
1478632564855,57.62999288395267,0.9961345965605732,3.734268321468895,-0.003441664886474609,-0.022445631430810315,-12.107627286883442
1478632564888,57.61606839600642,1.0007592639350618,3.2787483177388936,1.2660837654113768,0.14694410862578078,-13.146860298864542
1478632564921,57.627869624449744,0.9928085930388655,2.928577659322318,-1.0941501586914062,-0.0017956512451171875,-12.096704180200398
1478632564955,57.60002998114465,0.8322227011380601,4.574077349297907,0.5469254417419434,-0.009427169036865234,-12.761094556371868
1478632564988,57.557761195326194,0.6555833986199197,6.187902937274873,2.6439468938965347,-0.03127425918579101,-13.455114054870604
1478632565022,57.5469751826173,0.566656134464629,6.177445725053276,2.7979238420348613,-0.25004443588256836,-15.148413179016112
1478632565056,57.5437791366434,0.6905167175657348,5.718541504423524,1.5848118979522958,-0.6078279282058588,-10.843040189770608
