sep=,
timestamp,gyro-alpha,gyro-beta,gyro-gamma,accel-x,accel-y,accel-z
1478632846054,33.090747624946374,-0.48593843609320797,25.486080914720834,4.186560823191796,0.11641806029167491,-8.878747335533413
1478632846088,33.09204139053542,-0.44872997685868254,25.106493052059765,4.075230372929293,0.10220248336791991,-8.78731875278633
1478632846121,33.097986123769005,-0.4337482868254237,24.89074561448693,4.002955592976417,0.15038579177856445,-8.672396963500976
1478632846154,33.10781069337653,-0.4487334528851013,24.832552278254827,4.119373716629352,0.206200617980957,-8.797942766924947
1478632846191,33.12572313030683,-0.44985340514334027,24.561820331290058,4.087201626683602,0.1433528289684327,-8.916605663840599
1478632846225,33.13643928230659,-0.4449875771289719,24.40575617010961,4.0607155898675,0.14784195251464843,-8.808566981992962
1478632846258,33.14210788060769,-0.4382241854908657,24.324531185131644,4.077175919789786,0.10100538482113042,-8.81170951780239
1478632846291,33.161988812658755,-0.41443707985057476,23.976280806375286,3.9246949846461647,0.06569090805053711,-8.954763074988238
1478632846324,33.17682899641041,-0.3966327722336154,23.821053013334474,3.88279640536108,0.05656301193790277,-8.993818266948894
1478632846358,33.19454206695219,-0.3752834955833253,23.748785871776178,3.962852740284975,0.02947861022396246,-9.039906822436837
1478632846391,33.21263941902444,-0.35097447314325875,23.676490428988338,3.9785647503285433,-0.0040402153015136714,-9.142109657431208
1478632846425,33.23077200614784,-0.3273641069368206,23.60699502467726,3.911377362350776,0.013617021942138671,-9.117718243961175
1478632846458,33.25993683745724,-0.3064835099421307,23.663399211958307,3.9031472724527467,0.04159925612850347,-9.071779755335253
1478632846492,33.27899269196588,-0.2949238700877623,23.78101602360248,4.010287785328296,0.06958148803157964,-9.01312179182854
1478632846525,33.29619423161379,-0.27414606272072717,23.83921293386362,3.893869620005344,0.03426701011934201,-8.815001526818797
1478632846559,33.33016345626244,-0.2401658546692267,24.03815850849449,3.885340409021778,-0.011522095489501952,-8.86737487993096
1478632846592,33.34598272853673,-0.22187724214887816,24.011433928481356,4.120570813463675,0.06569090805053711,-9.134028697105217
1478632846626,33.353168636371706,-0.1970249884867507,23.676163000869614,4.2779894538879395,0.11911153259277343,-9.155726131384075
1478632846660,33.36527037864712,-0.16429801756428947,23.06864948808307,4.049043865336571,0.1373673179681762,-8.98573821308849
1478632846694,33.383211417662565,-0.1379315622023019,22.388202973468903,3.633799496636912,0.122403555308911,-9.012673116479277
1478632846727,33.392611332385236,-0.09088280322836015,21.598012217945328,3.9917326082976534,0.17058685915297828,-9.284714293814263
1478632846762,33.391116751459315,-0.0013666025066368765,20.13154802433548,4.350264270373434,0.17088614880943367,-9.333196594304637
1478632846795,33.37385677107713,0.2921163251445667,15.194019428928375,5.08812744064331,0.17791910630378405,-9.53939735384949
1478632846829,33.3839416859166,0.9180272862599499,4.141834313533916,3.9414545560974625,-0.032920272827148434,-9.512163031403999
1478632846863,33.49416553571485,1.5037025972745193,-6.357356822599064,1.0718541557312011,-0.12988544006347655,-9.270947232409567
1478632846897,33.73251528797445,2.046542210851266,-16.579394230836108,-3.6299091381348667,-0.21921907124174758,-9.186551715220604
1478632846931,33.98547529580154,2.3606205360633967,-22.651773892375648,-7.47574504623413,-0.2133832046951167,-9.586533340597711
1478632846966,34.06797662118635,2.427376765595963,-23.59839201442372,-6.449979272460937,-0.19093758239746092,-11.65108310394287
1478632847000,34.119719146208205,2.4502733778849146,-23.507208989595362,-7.551760948944091,-0.08529343414306641,-13.498359614618122
1478632847034,34.1723293536831,2.5124169392228963,-23.288255875062756,-7.079654309082031,-0.059256491088867186,-14.386458500671386
1478632847068,34.22546560833626,2.5847572798109466,-22.7547183969875,-6.253954011535644,-0.23867197799682616,-14.001889859008788
1478632847102,34.32808048479943,2.7388697202661296,-22.87169474796959,-6.249165608215332,-0.3974374618862057,-12.837110751342772
1478632847137,34.42069630835538,2.9119419244618783,-23.03703069594202,-5.915473605700582,-0.6581061813354492,-10.884339730016887
1478632847171,34.489422374590035,3.081285049786625,-24.247906672203662,-5.873874644116312,-0.6488286407691892,-9.863512143298237
1478632847204,34.56273747141552,3.298165205293204,-26.337873893192143,-5.745784563037008,-0.462230558013916,-8.892663306172796
1478632847237,34.71008044350801,3.691094245142423,-30.620772992672563,-6.464493973895162,-0.6771101524463622,-6.983736312811076
1478632847271,34.78108522306704,3.9161118599891944,-32.6641018949944,-5.9588686569213865,-0.4456208022628911,-6.601263182123005
1478632847304,34.845999280780276,4.1546413235352535,-34.351181761259454,-5.321262936898879,-0.5152022514785639,-5.893926229150593
1478632847338,34.94264956701408,4.492924170831994,-36.98588101411606,-5.452943662881292,-0.3628711891174316,-5.533149674224854
1478632847371,34.98151996436206,4.696548546775403,-38.39281831346171,-5.149029872308299,-0.2780266312530264,-5.5014266483582555
1478632847404,35.0401329820924,4.894659776834104,-39.693869172019,-5.291335233483836,-0.4150946762969717,-5.591956960241496
1478632847438,35.07126967849148,5.054050151044118,-40.72292756788997,-5.793219793026708,-0.31214400491025296,-5.953631340789794
1478632847471,35.1109785819092,5.2005421144840955,-41.501332790226456,-5.215169473974407,-0.37723643561098724,-6.219686708013713
1478632847504,35.19689690107543,5.383660736784871,-43.35414813836292,-5.7837928797181695,-0.4520552009582519,-6.328024625396728
1478632847538,35.24452231908997,5.443475661056861,-44.08374077937105,-5.642385124969482,-0.40940848388671874,-6.899490716353664
1478632847571,35.3215702147314,5.516612878777517,-45.08482188597224,-4.835539019366354,-0.5166986457824707,-6.559813529348932
1478632847604,35.519821824906245,5.650104373327704,-48.406036310851405,-4.981735396631062,-0.7656955819061025,-5.244199461364746
1478632847637,35.664063445746876,5.72415428679533,-50.855385202701875,-5.323507391357421,-0.8797194999031256,-4.267963880566508
1478632847670,35.796688603302876,5.785069562080985,-52.80301287828136,-5.036353122003376,-0.5802946273803711,-3.042880672454834
1478632847703,35.813557710919184,5.799455715593799,-53.37866623374072,-4.316745885522663,-0.7609071968520991,-3.008165040643513
1478632847737,35.78330585117529,5.694969189178365,-51.38381701000796,-3.7810432640627023,-1.0371381951263174,-3.77011913446635
1478632847770,35.70357518195081,5.528275875971312,-48.500780070144636,-3.8186020103454585,-1.0717045181274414,-5.963208074365183
1478632847804,35.711532690759,5.4431972828735615,-48.18987721643249,-5.579537039129436,-0.8909423110519535,-7.186196502154693
1478632847837,35.733321312393436,5.346847860145715,-47.58793658411188,-8.753200977270305,-1.0405798874122556,-7.776666048199311
1478632847871,35.68762213773623,5.202821903622789,-45.646542108811964,-6.429628667947464,-0.7184101173843257,-8.906729304858297
1478632847904,35.72451759083626,5.12981436409607,-45.91849731534514,-7.001693247670645,-0.8828618753115268,-8.471433953912555
1478632847938,35.75996608077329,5.054703844861081,-46.59295993910365,-6.499359645169042,-0.9641150992904789,-8.002020644787699
1478632847971,35.77226694465178,4.880465539119715,-46.75554562337535,-5.607220141955465,-0.9512462745002936,-7.662343065057322
1478632848006,35.748752472545156,4.761948061680124,-46.35585509171017,-5.646275848797709,-0.9873089096069335,-7.839962754589691
1478632848037,35.7472279165001,4.619457841926621,-46.18136223760618,-5.395782353973388,-0.7007529166732914,-7.844003335217386
1478632848071,35.783010278382065,4.573076774966439,-46.742569537617385,-5.022586170196533,-0.3712509314605966,-6.892307846511714
1478632848104,35.866955719459924,4.500743663185524,-48.73621879330083,-4.11757794265747,-0.33743275994565336,-5.188684056500345
1478632848137,36.012812968500455,4.30121889632126,-51.10949670357883,-5.3788734508790075,-0.43260233073579146,-3.496731524658203
1478632848171,36.03915331451819,4.067524370678565,-51.19894234368526,-3.6047701668336987,-0.08858546142578125,-2.954294918768108
1478632848204,36.048928480518256,3.8831105633788736,-50.657851098633074,-3.9080855896547435,-0.08589198455810547,-2.95908332208842
1478632848237,36.013740802361134,3.661719321207753,-48.752841988860574,-4.787356149347127,0.017956512451171875,-3.1398458396911617
1478632848271,35.93895016348525,3.3855518989503546,-45.05484491381752,-5.020191676275432,-0.3398270164047368,-3.5163337584897874
1478632848304,35.85165259759214,3.1263646443048003,-41.685521090866835,-3.4344819892331957,-0.3672106796264648,-4.728547986547649
1478632848338,35.887110893227494,2.9489440081110114,-41.123418063523076,-4.8397288722716265,-0.7838017684936524,-4.995202342578024
1478632848371,35.933094489426466,2.817529446641739,-41.60796558030271,-7.178863894244283,-0.8086416107177734,-5.320963552093506
1478632848405,35.95974912997331,2.819793392588556,-41.6273200310912,-8.161683675738423,-0.9229647399902343,-5.246593516894429
1478632848439,35.8838108763967,2.590628563193326,-39.1545851350904,-7.506121625927835,-0.12285247268676758,-6.405237921197712
1478632848471,35.83433739769258,2.4792296230259745,-38.398885668892355,-7.997231803075969,0.006883329772949218,-7.053018961743265
1478632848506,35.70271853759893,2.3150863799154564,-36.287070188127316,-8.95102218170166,0.18405425262451172,-7.470657367706298
1478632848540,35.56905807519786,2.1668244234386806,-33.662902341906474,-8.15255592803955,0.3407248237609863,-8.40275014765635
1478632848574,35.419214189585084,2.0361144080273927,-31.35621733140098,-7.367108292035013,0.15906477279663084,-9.488819802679494
1478632848607,35.25062956573122,1.89535322461728,-29.00399288332226,-8.051101632690429,0.030526071166992186,-9.950451591082661
1478632848642,35.08316025068924,1.7465676748141163,-26.141206088083674,-7.255927406311034,0.20799625095976515,-10.869675390978902
1478632848675,34.73762644112628,1.4940304276329581,-21.87561870276673,-7.4980410491943355,0.12434886699067428,-11.455057843017578
1478632848709,34.479665341409735,1.2610955065052023,-17.06936524355893,-6.686107411193848,0.10310029072416946,-10.988488086755574
1478632848742,34.1520923783409,0.841598136172319,-10.136261539095715,-4.790498100634664,-0.3354875076293945,-13.30128689046651
1478632848775,33.772019841498384,0.25344322683835135,0.5616759843302171,4.317044813670311,0.16265607072028795,-21.600038465118406
1478632848809,33.59916323994594,0.1954903607831714,4.8484884029800925,0.0056862289428710935,0.01032499694271246,-11.1758343666628
1478632848842,33.47205177897501,0.07399851874027671,8.819179175599473,-0.32142157287597656,0.07377133637027582,-7.364115393829345
1478632848876,33.302114920290904,-0.0777202578640821,12.97714372713839,1.2226888603210448,-0.05596446494779666,-5.899312890625
1478632848910,33.17850970192411,-0.30616690948391145,17.244178577301817,2.350058530514501,0.027982229619787538,-6.920290553338825
1478632848945,33.073679965010996,-0.6526903153371982,24.40239486942088,4.493916443048045,0.010773907470703125,-8.247425876562296
1478632848979,33.020874402684065,-0.8345517780568567,28.64412226210798,6.4667386840820305,-0.06913256380385718,-9.526229057488962
1478632849013,32.93856465631654,-0.8735299065131952,30.850040930691804,6.904279183606058,0.003142389678955078,-10.531943173162638
1478632849047,32.73163604289748,-0.6826574952339446,29.846354695135485,5.3030069300444795,0.110881463244342,-9.696815925775095
1478632849081,32.57860087606909,-0.5054495450229853,28.14683113973106,3.8009447731018065,0.15128361283454578,-9.083900118112005
1478632849116,32.4367186017305,-0.3697412388770462,27.29987064217822,3.2481836109437046,0.12389993591308593,-8.921992358708101
1478632849150,32.32892812465348,-0.2856680930058079,27.80836543318335,3.5705029363770038,0.21951836471557615,-8.845976547329686
1478632849185,32.236792814089476,-0.23386591253409203,29.09787584201088,4.69951871610994,0.32007483444213863,-8.697236988388187
1478632849219,32.160675710168434,-0.1642024076360121,30.129915472605592,5.58148276636973,0.34970307085341773,-8.829815978384577
