sep=,
timestamp,gyro-alpha,gyro-beta,gyro-gamma,accel-x,accel-y,accel-z
1478632765938,39.848652060716525,1.6126524062255962,-39.253284345268746,-6.257545291192992,-0.28715455819005725,-7.58782388772812
1478632765971,39.87771441769318,1.6258025465737898,-39.32579461136864,-6.330268933724798,-0.28550854854445495,-7.6273281945711
1478632766004,39.91317267169522,1.6376133670351842,-39.2982465171588,-6.065260755732562,-0.23807341844863256,-7.59455741093395
1478632766037,39.93835511992618,1.646800608370329,-39.39571253098422,-6.074688244429836,-0.2337339370727539,-7.501931636025244
1478632766071,39.962600941984846,1.656615375038696,-39.54479336219337,-6.138882867774321,-0.23448212965812998,-7.466766771742235
1478632766104,39.981145459008566,1.6632207523402962,-39.612066675514676,-6.121824263144098,-0.23897124863776842,-7.53051221741396
1478632766138,39.997566250152765,1.6625197565077077,-39.64575392029718,-6.185270643670856,-0.22999300154533703,-7.622389875085815
1478632766171,40.01684547898735,1.6656502322411888,-39.7041675942445,-6.398653592637647,-0.25573065797557354,-7.602787330726976
1478632766206,40.03697029398096,1.686733180203805,-39.79761767861181,-6.3380505320783005,-0.2656067558067385,-7.480832784127466
1478632766240,40.048318612144804,1.709421079885422,-39.96524052087292,-6.336404440805129,-0.2892494969153704,-7.425018108622124
1478632766273,40.055974691027224,1.7422157170491552,-40.088159969683595,-6.389376198201859,-0.30451251851372363,-7.427112825012206
1478632766307,40.05167024994256,1.757635726107327,-39.96587238687506,-6.262483227085787,-0.3173813587161072,-7.551312319260602
1478632766340,40.04771072989072,1.779907090963463,-39.87035935858216,-6.191405520563526,-0.3130418693487183,-7.5516110989944885
1478632766373,40.046728772523714,1.8086832985328234,-39.880893996497896,-6.261435905423364,-0.34222119066542944,-7.505223557135038
1478632766407,40.04279049894863,1.8354827854045614,-39.91913928518884,-6.29166269810061,-0.33638534923497354,-7.438335736625734
1478632766441,40.03341283517871,1.858998479592955,-39.89847680914683,-6.213551872220239,-0.3299509060154843,-7.457189823537715
1478632766474,40.018943769743736,1.8879428105258296,-39.94694607100824,-5.992986121910159,-0.30466214755515103,-7.5598411146856375
1478632766507,40.00847355560058,1.9094738491291199,-40.105144807818455,-5.715707404681295,-0.2997241317472537,-7.756615047686919
1478632766541,40.00798458071908,1.944456099712886,-40.66355019382597,-5.448604428100586,-0.29732993008709746,-8.140584992804005
1478632766574,40.0593408576809,2.020222764123739,-42.41531230243097,-5.909189118603616,-0.29239186404685025,-8.736441711779683
1478632766607,40.12568650525823,2.0881992518840327,-44.1573487255727,-7.167192124618404,-0.3417722835623717,-9.113079998834431
1478632766641,40.18465272979145,2.11224506659657,-45.56250034875738,-9.62783306350708,-0.5722141967773438,-9.979332086999714
1478632766674,40.18048644485082,2.065290787480921,-45.455723994546624,-12.255469385528563,-0.6311714309250004,-11.918335864257811
1478632766707,40.16100253579732,2.0757553738080103,-44.80072116173317,-11.857732634735108,-0.5457283409118652,-12.907141149902342
1478632766741,40.13432528642302,2.101373609282074,-44.30509670147864,-12.247987505340575,-0.771830760192871,-12.093860773468016
1478632766774,40.14221404908541,2.151718401631473,-43.72531004602337,-11.49875202331543,-1.0289081999847665,-11.031583424377441
1478632766808,40.169721583788444,2.3288433652159317,-44.3520797251126,-9.94326942449361,-1.089810631649755,-8.248772614996135
1478632766841,40.195469379968486,2.454648171384498,-44.97079765932097,-9.232789497320354,-1.00227266998291,-6.955754240738204
1478632766875,40.24355017732449,2.6700824855777054,-46.130380878640224,-7.342118446880951,-0.5544073036636226,-6.059425345843658
1478632766908,40.2817914690263,2.7579891670535783,-47.00846634354053,-6.584054528897069,-0.3857657242263667,-5.585223414202779
1478632766942,40.46141290856711,3.0537506902362734,-51.43599043373626,-6.598419775390624,0.016909049224853513,-3.9318776763916015
1478632766975,40.58176710853476,3.2215227898780663,-54.187821365531256,-6.732345211559906,-0.11192892761230468,-3.136553812408447
1478632767008,40.65202541845787,3.3438860164461315,-56.08194370520648,-6.14816022567749,-0.07990648040771484,-2.9728502738952636
1478632767042,40.69887036383868,3.441591909260328,-57.72637709780968,-5.965751986694335,-0.32606033859252925,-3.042731034851074
1478632767076,40.75891964318039,3.5253733185785014,-59.29633910406146,-6.705260878344625,-0.3661631981338374,-3.107973030090332
1478632767109,40.811572236442196,3.6383316201977327,-61.10399291196744,-6.79938307723999,-0.4528033707107417,-3.2124200775146483
1478632767143,40.833326831157805,3.707179019137018,-62.047932265090914,-7.114070957946777,-0.5421370475547853,-3.068917469378561
1478632767177,40.85943918647085,3.770654607863132,-62.69106436635491,-7.170484480694681,-0.5237316496917978,-3.2043396469116208
1478632767210,40.87989234896034,3.833147589945682,-63.39156043140565,-7.5272205280579625,-0.41913494639741256,-3.293673223290965
1478632767245,40.957034785372265,3.946614825781109,-64.82717600858541,-7.335983816583454,-0.3103483901977539,-3.0015807668823746
1478632767278,41.03523372805722,4.014418962549777,-66.03147531561575,-7.523479441833496,-0.25692776565551756,-2.7931353656493125
1478632767312,41.094740087926105,4.04547915310679,-66.9833409510495,-7.481880041857808,-0.3022679961273447,-2.9732990405760704
1478632767347,41.1632584536383,4.069040808367741,-67.89360945704007,-6.896048969268798,-0.6944681514432297,-3.406200920514017
1478632767382,41.30931010158501,4.130457475930186,-69.71671574420814,-6.480953964178264,-0.5074210778167471,-3.7924153566222634
1478632767416,41.34282504717858,4.139126429717574,-70.08862205480882,-5.4798786872863765,-0.1731307075500488,-4.275146485546976
1478632767450,41.4741222942191,4.127742403014497,-70.28257228539957,-4.197933335876464,-1.2789525993347166,-4.25225178604126
1478632767484,41.617731112179904,4.0036060783632434,-70.21614830128054,-7.314884329931438,-0.702249259603204,-4.500051803997904
1478632767518,41.61753753666742,3.8454808962773446,-68.23334513165716,-9.990554761151223,-0.6865373146333615,-5.476886081341654
1478632767552,41.6593029115244,3.7586999918152566,-66.98956298748116,-9.509170662921294,-0.8195651740585453,-5.84364784815684
1478632767586,41.82171025787236,3.699894738666052,-67.70005790946813,-9.992799252142383,-1.0046669081756845,-5.736207902526855
1478632767620,41.99296901538925,3.6791739962438785,-68.7463045440828,-10.3861962932311,-0.9701005851745604,-4.595071609320119
1478632767654,42.205194529569276,3.6323777212660238,-68.07333723874723,-5.447407619531452,-0.4144961624145508,-2.768894146905467
1478632767687,42.311086482137206,3.5623769690362064,-67.48632746708554,-4.011933794403076,-0.3302501914978027,-1.9458875454224644
1478632767720,42.46667276119935,3.5069777292138573,-68.00604189360709,-2.638859142303467,-0.3817255454574711,-1.2913723743163048
1478632767754,42.72579775482134,3.4329498394225544,-70.23075446262249,-3.7358524154663084,-0.4406827522056643,-0.609025047302246
1478632767787,42.98237903211841,3.365841858972084,-72.60370136834072,-5.70448443826884,-0.44217913737641645,0.08664017257690429
1478632767821,43.123180642969785,3.168801702413243,-72.11058227154884,-9.362824826149339,-0.8590694831848144,-0.5765535411559045
1478632767854,43.10478653528694,3.10686000361005,-70.9252151888962,-9.009380792369042,-0.9484031326293945,-1.0896608844481408
1478632767887,43.06774293114312,2.908706748784498,-66.66171597606129,-10.115501794964446,-0.6494271820510737,-2.765751830291748
1478632767922,43.0036095496614,2.842602868337092,-63.72669781150562,-9.192088653619587,-0.26815058593749996,-3.334225160040334
1478632767954,42.95292112214309,2.773510725046598,-60.90807928247633,-9.174132141168416,-0.131531453704834,-4.214692637899704
1478632767988,42.88470085891799,2.6855217133629297,-58.37032278751517,-8.835502097729593,-0.34985273585664106,-4.58743990886528
1478632768021,42.84555936050748,2.651945848468798,-55.82653546097101,-9.046341408361867,-0.5120598663661862,-5.815665360525436
1478632768054,42.78684844371509,2.606919454026661,-53.83015721345841,-7.6686277348173775,-0.4155436210742919,-6.93196184804067
1478632768087,42.83934827391687,2.619718250747304,-53.361957124617796,-8.472181886203028,-0.23448212509155272,-7.251288640594482
1478632768121,42.90040424354715,2.717503531515063,-53.96680806199656,-7.278971305029094,-0.5288192734207027,-6.195745056738332
1478632768154,43.00022098499798,2.7946598669016187,-54.08937903156775,-9.481038720349222,-1.031003089904785,-5.861604424540093
1478632768187,43.01059810670846,3.247456400740336,-53.562174835900876,-8.192359311443939,-1.0178349807739258,-6.163872210604883
1478632768221,43.08753269972111,3.7095125682711356,-54.0125145030668,-8.985887816442922,-1.1736077262878417,-5.606322590327542
1478632768254,43.13270091746286,3.960842826817144,-54.66881362294821,-8.725967517907916,-0.8632592995574697,-5.7840921549256885
1478632768287,43.16863406521602,4.131234504834312,-54.85031936828881,-9.206154442242532,-0.9097966308593749,-6.104466337640583
1478632768321,43.208685673371846,4.2311185840052845,-55.29243292219114,-10.071358774920553,-0.3850175544738769,-6.053290204089507
1478632768354,43.222101827258136,4.346469704778028,-55.86004144461553,-10.259453535107523,-0.3724479957580566,-6.156240948541462
1478632768387,43.21652081101941,4.448734576218904,-56.1052400103647,-10.177751549585164,-0.8369231041286374,-5.903053940316848
1478632768421,43.12413946701478,4.522656967687148,-54.81905862345272,-10.819098319299519,-0.9668085578918456,-5.984905673040822
1478632768454,43.04856839355064,4.58330395914004,-54.07366838034446,-9.196876910809427,-0.7698854884686588,-6.761075558416545
1478632768487,43.01929315679076,4.67202938770544,-54.43817313026172,-9.743951844024657,-0.6952162979347165,-6.362291563592478
1478632768521,42.9598891481362,4.734815287372408,-53.97958493377339,-10.48271269378662,-0.6902782387443352,-6.335356648785248
1478632768554,42.750963766423034,4.7481849716709945,-52.430523765520874,-7.605779886439349,-0.44187980736996973,-8.3176060588561
1478632768587,42.710988845648856,4.796316971745591,-51.9270527171018,-8.440608461407571,-0.7604583297065924,-7.3171290401183064
1478632768621,42.6199798883058,4.798258081091427,-51.229680290565426,-6.932560398455709,-0.6513725074325688,-6.012588556671142
1478632768654,42.52649073774818,4.781581935923158,-51.25056051546543,-7.007229928058013,-0.6923732199958991,-5.390095978900045
1478632768688,42.455316442467456,4.7287562707469295,-51.13609834325488,-7.341819664863776,-0.7284358368362299,-5.72543384892568
1478632768721,42.3579137422159,4.616107866007612,-50.545294502088446,-7.084143364129588,-0.6811503905807621,-6.4008982114929704
1478632768755,42.31794838575346,4.569444588207131,-50.260551077172934,-7.016058290951512,-0.6865373169166501,-6.419004087553266
1478632768788,42.1716840086255,4.310853631503753,-49.58568533634536,-7.279719493047892,-0.6408978751693852,-6.434566745404154
1478632768821,42.11646847477783,4.156066556927353,-49.50932816594868,-7.488464018791425,-0.591218172454834,-6.485742705425293
1478632768854,42.05099477916634,4.020557272440306,-49.251018973658034,-7.56941805832358,-0.6073790519271977,-6.503100740526663
1478632768887,41.97040714307778,3.8214849200971215,-48.25713835449496,-8.557325646209716,-0.6537666636231725,-6.374711639968166
1478632768921,41.78803994309542,3.580687140829544,-45.40466416585574,-8.970175941113382,-0.7113771682739257,-6.364236925506591
1478632768954,41.52905066294387,3.251683932346598,-40.62747760306389,-8.02970330922231,-0.6410474945068358,-6.895300927380472
1478632768987,41.2467916520251,2.9003677666648953,-35.17746676939739,-6.67548321439214,-0.5406406715171876,-7.438485538626275
1478632769020,40.92423873442814,2.471537979234677,-28.528309942930946,-5.896320138549805,-0.43993456647015405,-7.435342600958049
1478632769054,40.50691473377935,1.7487422044215952,-18.164236959183548,-2.7449523129669946,-0.049230771636962885,-8.94907714858111
1478632769087,40.19628818171478,1.1407386360820022,-9.901383449013286,0.016160861206054686,-0.011073182678222656,-9.629778505336295
1478632769121,40.12475662445513,0.9737294807412489,-7.84142873969843,0.08649053497314453,-0.023044190979003905,-9.643694827602127
