sep=,
timestamp,gyro-alpha,gyro-beta,gyro-gamma,accel-x,accel-y,accel-z
1478631433548,290.88570087871005,-0.18977182465122164,-5.766177694968429,-0.968753866148676,0.014514848706341581,-9.732729071691736
1478631433582,290.8819372198442,-0.18806308208272143,-5.6809312472216265,-0.9139864563651848,-0.011222820281982421,-9.710881970126367
1478631433615,290.8808547770989,-0.18066492010758767,-5.487550199694074,-0.9481038482887204,-0.007481877904699649,-9.723601120780176
1478631433649,290.8759152404592,-0.17290472604773938,-5.331025054171596,-0.9148843436365365,0.0010474632263183592,-9.77717158613886
1478631433683,290.87315171689056,-0.1641796033088426,-5.1418359304543975,-0.8888473377918998,0.0017956512451171875,-9.839570236294529
1478631433716,290.8686043267683,-0.15078277992867814,-4.94772136027774,-0.8891466415405272,-0.004638765716552734,-9.867402876259618
1478631433750,290.8609390263641,-0.13343547778013537,-4.74995190688398,-0.8563760017505614,-0.005985504150390624,-9.853337215500837
1478631433784,290.85277768160756,-0.11643632313052919,-4.537893178631605,-0.7713818450983031,0.0028431156130798627,-9.835679877792485
1478631433817,290.838634457361,-0.08943747579917538,-4.236962234699323,-0.7284358316988305,0.005985504150390624,-9.793033055689675
1478631433851,290.82881739476665,-0.07869631407328166,-4.051292327250134,-0.6799532418016228,0.012868834422809231,-9.871442872365424
1478631433885,290.81899517787286,-0.0611806512863829,-3.8832258086389753,-0.6470330009405152,-0.004638765716552734,-9.916633364768792
1478631433919,290.8042942247805,-0.038810758329743004,-3.7392763398964455,-0.5777507561504142,-0.01092354507446289,-9.92306810139087
1478631433953,290.7876565678345,-0.016260025959603866,-3.5970133566965266,-0.43409868850708005,-0.023343466186523436,-9.906757429051119
1478631433986,290.76276923340566,0.012548694424923047,-3.3613414085412416,-0.36376903300629926,-0.08469488073121101,-10.114155093063227
1478631434020,290.7355578492968,0.02254194043702544,-3.1957389267582204,-0.023642741394042967,-0.10564415196473854,-10.377068728195317
1478631434054,290.7169815796265,0.05763726885808956,-3.0311741147931395,0.1571194839477539,-0.09322422942562261,-10.082432268126029
1478631434087,290.70504037192205,0.1574654625632446,-2.9118321665205746,0.29224220361020414,-0.10175357055664062,-8.401253333227336
1478631434121,290.71832093512404,0.30692104503396606,-2.8253892157409757,0.3082534637451172,-0.05686228743083338,-5.3567269393920895
1478631434155,290.74814575293647,0.37517418257406165,-2.9209674617327344,0.18240827551577238,-0.0573112039524567,-2.8764836570739742
1478631434189,290.788926928901,0.16927606175363533,-3.2370672120032333,-1.6629226905822754,0.32890344621409895,-3.3710359375
1478631434223,290.7341820091085,0.035091891532693084,-3.0490374393137816,-1.0881646545410155,0.3770867472040554,-5.588216604669392
1478631434258,290.71639964016606,-0.029266612106028055,-2.937486433407984,0.05820902786254883,-0.04982932262282411,-5.920561138097941
1478631434292,290.7346474523995,-0.2019886589790514,-2.9223048280480954,-0.6395511184692383,-0.06389525452213128,-6.654085256250203
1478631434326,290.7291676019773,-0.34662462928128807,-2.8733377309543378,-0.3890577606422361,-0.12180500489387194,-7.610568527221679
1478631434360,290.7460382092311,-0.4812272582497384,-2.928314741414256,-0.07407061386108398,-0.11911153259277343,-9.450213300909473
1478631434395,290.7866939978013,-0.6414394067138773,-2.5625770962572165,-0.49634794080429706,-0.0510264320152346,-10.44290894505605
1478631434428,290.7960959631754,-0.6809589308665777,-2.395182284836943,-0.6649894928420893,0.03666121292114258,-10.555287150805816
1478631434461,290.8062724019098,-0.7416956036882741,-2.071447853129841,-0.6926724678039551,0.11911152973866264,-9.950152562470315
1478631434495,290.81069521157383,-0.8429358571644113,-1.7535738356815775,-0.6028899055480956,0.19063830262336412,-10.16712687785942
1478631434528,290.8106672798043,-0.9688890493465705,-1.359792800891355,-0.35389292375869114,0.17776948011646745,-10.499172684069721
1478631434561,290.81347829531524,-1.0954657447354397,-0.7724122942364942,-0.27398645248413084,0.03681084139174782,-11.066598477526753
1478631434595,290.8208507047651,-1.1954573920847047,-0.32947837130851654,-0.3348889526477782,0.02633621826171875,-11.01198089828491
1478631434628,290.8285512266583,-1.279833487893497,0.09750515693735239,0.04938041038236697,-0.0330699104309082,-11.194987541552633
1478631434662,290.84596757615583,-1.3585034981526476,0.5599385964645122,-0.20305822830200193,0.02977788314819336,-11.618162684985249
1478631434695,290.8511195811735,-1.4164599041362926,1.2283926289643812,0.10369885940551757,0.06569090805053711,-11.414506198529153
1478631434729,290.8614743675682,-1.459895716834513,1.6534677462061682,0.05940612869262695,0.21592706679191906,-11.266664246014505
1478631434762,290.8607281219974,-1.5091468681908304,2.061612598455191,0.22161330943452193,0.36272155151367186,-11.558307935742288
1478631434795,290.8600205520391,-1.5533242648890166,2.42967084071358,0.5084685684425291,0.5319616813659668,-11.787852019909769
1478631434828,290.85991807954457,-1.5980753496205355,2.8788042440394848,0.5337573463108157,0.5410895751953124,-12.06019231262207
1478631434862,290.8599914715589,-1.6211869632355573,2.988349764199088,0.598550424172217,0.5054758255004882,-12.18648630406484
1478631434895,290.8605253305787,-1.7325311269029442,3.2154707983152346,0.5355529690148251,0.6024409927368164,-13.746009264318644
1478631434928,290.830936920683,-1.7872501079774403,3.2899941021774137,0.6106710792099125,0.6283283164535649,-14.833725298309325
1478631434961,290.78859916114436,-1.8284067354904476,3.3182362901382545,1.1233294914245604,0.7318775199890136,-15.87116280517578
1478631434995,290.7272739601809,-1.763328415489106,3.3254390364354904,1.2859855301788077,0.7076362281799315,-15.871910993194579
1478631435029,290.69662908794345,-1.6251941580403408,3.38237986585538,0.9419687156677246,0.4305073951500002,-14.181155416052043
1478631435061,290.6605321167827,-1.4936934563166795,3.477656290090003,0.6183025627523311,0.24361002006254273,-12.631209408569335
1478631435094,290.60693386252865,-1.3882775490833659,3.5977088317060284,0.5973533073591184,0.13572130661010742,-11.672780410357564
1478631435128,290.51528846671715,-1.2388663946459513,3.81434344533446,0.7321767769302241,-0.011073182678222656,-10.491990298284962
1478631435161,290.4625497990012,-1.171809422820242,3.988914946038352,0.7287351531429449,-0.03037643356323242,-9.774178361422917
1478631435195,290.41586722292664,-1.109245086853204,4.170921207171204,0.6780079506694572,-0.020649989318847654,-9.620051816780027
1478631435228,290.37007385131113,-1.0588077433217786,4.370230684710281,0.8014590331367683,-0.0025438392639160153,-9.624690911290141
1478631435261,290.3311694507873,-0.979309010006047,4.556973769233004,0.8165724242666387,0.09202712174567859,-9.579350260693207
1478631435294,290.2960124632471,-0.9388463384051035,4.70369348415878,0.7939771301158937,0.1750760055320803,-9.761159959536121
1478631435328,290.25760808421245,-0.9060370996921093,4.822537776446501,0.8854057105796876,0.20455459977302234,-9.84854840118857
1478631435361,290.1861991579548,-0.8520255992245769,4.867583378786049,0.8382698882282478,0.12764088057365733,-9.802909025656676
1478631435394,290.14418140751303,-0.7858114626765972,4.876449801379915,0.9310451979927252,0.08349778746452648,-9.932196132217534
1478631435428,290.106274519499,-0.6957747084248138,4.8910132625988885,1.0001777800628915,0.022445640563964843,-9.969754823701363
1478631435461,290.07653483629906,-0.6211757788635524,4.824824460424579,0.9102455528038088,-0.002992752075195312,-10.164882642596586
1478631435494,290.0498382014557,-0.5554437846365474,4.686845865557032,0.8427589569755364,0.00029927520751953123,-10.398915562615915
1478631435528,290.03242077788275,-0.5267919991782858,4.507474329541175,0.6519710669807623,0.026036943054199218,-10.480169073718413
1478631435561,290.0102825067147,-0.5136737093376249,4.2068920426573495,0.6693289879176998,0.05776011505126953,-10.733355680084228
1478631435594,290.0158995446798,-0.5195753840109966,4.021641788101628,0.5686228942871093,0.12315175017757574,-10.992677574334666
1478631435628,290.0277863264371,-0.5143305197290176,3.8447597868938725,0.3893570267166011,0.12629413528995354,-11.09877100072652
1478631435661,290.05083322097704,-0.5166724292903512,3.6831448433086202,0.31543603219296784,0.06299743346614996,-11.177779363250732
1478631435695,290.0780913649813,-0.5138499696104898,3.542382250135902,0.16639701538085935,0.11088146438598633,-11.496207891790569
1478631435728,290.1157711861425,-0.44363968659608566,3.3234799055651223,0.23388357467651366,0.17462708358764648,-10.651204635620116
1478631435761,290.14611262984107,-0.32902461514899983,3.2656925850705307,0.25213936233520506,0.16983868026733398,-8.981099120861664
1478631435794,290.185488116448,-0.20923966314089806,3.2205445372132337,0.1997662010192871,0.09906009597225347,-7.16315209197998
1478631435828,290.2273226847921,-0.09420774299615328,3.1103464918255166,0.15083470458984374,-0.01421557349882205,-5.274276911981404
1478631435861,290.2687939929119,-0.01951383155356117,2.893347532542719,0.15337854385375976,-0.03022679710111697,-3.801393685913086
1478631435895,290.33416091850927,-0.02391397097552633,2.2776503459351294,0.552312413743604,-0.054617723659847975,-3.355623264312744
1478631435928,290.39694039566,-0.1521157741539929,0.9519708831061059,-0.09651625442504883,-0.018704700469970702,-3.8456864166259765
1478631435961,290.38935988661797,-0.35869973560820323,0.3477025608081619,0.43634326169663107,-0.019452893055346792,-6.66815060648173
1478631435995,290.38466632600785,-0.5006048288699134,0.1703118535129345,0.6830956406137324,-0.025887305450439452,-9.257480286462604
1478631436029,290.400062560796,-0.581818628612292,-0.07139148150186317,0.7100304423981754,-0.04129997863769531,-10.897807406616211
1478631436062,290.4929408400821,-0.692716521813568,-0.774288636691934,0.6037877037711907,-0.03755903854370117,-12.888286811828612
1478631436095,290.56421552853675,-0.6377168502781122,-1.292249818426774,0.10564414825439453,-0.01780687484741211,-11.633725141906737
1478631436128,290.6042520324467,-0.5657866529102493,-1.7962589478196078,-0.13946226497041062,-0.007930792999267577,-9.68933397252187
1478631436161,290.6376395184334,-0.5125927951149345,-2.123111041378558,-0.3754407375584531,0.060303954315185544,-8.338854744720459
