sep=;
timestamp;gyro-alpha;gyro-beta;gyro-gamma;accel-x;accel-y;accel-z
1478630704199;278.9787613872402;-0.4433078936431116;21.030250473108524;3.5190275363947987;-0.03950432282600086;-9.0957216349395
1478630704232;278.95589680025273;-0.5002331004594776;20.941553282499285;3.5443163876850856;-0.011821370697021483;-9.044246217047748
1478630704265;278.93455073546403;-0.5782216493282167;20.87987944363819;3.5462615167037583;0.04354454726066906;-8.998008480613771
1478630704299;278.9180520482001;-0.6918077578993024;20.82227724879184;3.494486922356722;0.14305355147762455;-9.210045102138677
1478630704332;278.8965678501903;-0.819295742552105;20.810254512553033;3.592200169726461;0.21667524567756336;-9.410858282327093
1478630704365;278.87304831444163;-0.9513551263010587;20.92986140726138;3.742286759362742;0.33533787002563475;-9.266159139616507
1478630704399;278.85782202770787;-1.0799665618476793;21.166888167734243;3.791966626474075;0.3817255271911621;-9.027187594151217
1478630704432;278.8418125631161;-1.1791977962585143;21.648434924815717;3.836558632394485;0.3485059791564941;-8.769062892062403
1478630704466;278.839503427419;-1.2115064825864406;22.14601854263302;3.9428012762649916;0.2141314138343354;-8.513182808828912
1478630704499;278.84089885239337;-1.2019840807885338;23.216257340184697;3.80094480050127;0.1249473991394043;-7.42172557901591
1478630704532;278.8447105671425;-1.1826109599746275;23.56284275779878;3.457376907934621;0.15547347030639647;-6.4677858550474046
1478630704566;278.87178091159683;-1.1665021399040305;24.648251632878395;2.7548284313477573;0.36272155151367186;-5.23222816080302
1478630704599;278.90831126750385;-1.177174634867902;25.77179579216962;2.300379028729349;0.540191767839063;-4.4723684089109295
1478630704633;278.9413713202421;-1.2307772214156931;26.427176098590074;2.050184662982076;0.4921580787658691;-4.49152260671407
1478630704666;278.97120781691245;-1.3232698505715;27.142117873564864;2.3217770599365233;0.4652233100891113;-5.482572164154052
1478630704699;278.98467745045207;-1.3911701527763876;27.81464149017495;2.909852842712402;0.42766427154541015;-5.891232460021972
1478630704732;279.0111398727246;-1.5190657894720536;28.603931238792864;3.648464054870605;0.24226328619528212;-6.603207886449992
1478630704765;279.0316629807342;-1.6026212063844294;29.06178598830312;4.504690533181838;0.1596633232116699;-7.449109771960601
1478630704799;279.04178077262515;-1.640858585156553;29.25271815477509;4.93744250152139;0.09442132797241211;-7.905354679693653
1478630704832;279.0917831967176;-1.732197769872612;29.724872568750712;5.486612525586039;-0.005237316131591796;-8.687660108682326
1478630704865;279.13812589763216;-1.776137904729446;29.95181456900652;5.288641866214014;0.06449380722045898;-9.020454102911428
1478630704899;279.17429780951164;-1.811515042073812;30.14231412416903;5.110124314526468;0.1677437720810063;-9.140762444073333
1478630704932;279.20525753595797;-1.8616852795167547;30.285503811162258;5.144241669917386;0.22700026316987348;-9.173234169415384
1478630704965;279.23336186290527;-1.92397594995244;30.372047378722918;5.326200904757715;0.2823661491615232;-9.55630614277944
1478630704999;279.26587438150136;-1.9704239400469108;30.38973955588787;5.573701537908986;0.19168576128310522;-9.524882392120361
1478630705032;279.3006584016112;-1.996238384210864;30.324788134660512;5.223250087240524;0.11282677150117233;-9.414899045617878
1478630705066;279.32467372802216;-1.9818779423322108;30.16979830125136;5.001487172168283;0.10519523544311522;-9.471760969720409
1478630705099;279.35446546012787;-1.9711614731074487;29.89823209173765;4.850951742785959;0.08559272761689499;-9.452906923907623
1478630705132;279.3666364721105;-1.962906445061573;29.620286708166137;4.7560814791693815;0.13287819213867186;-9.682899701690673
1478630705166;279.36805238527734;-1.9751229762511884;29.308454352745212;4.843320234127366;0.2457049636398442;-9.784353850909321
1478630705199;279.37146442293465;-2.0424501015226877;29.05088743763373;5.038597503396682;0.4080617545860354;-10.160093873950093
1478630705232;279.3737940996914;-2.1424379105569633;28.74673333627089;5.4041620597839355;0.5612906699691899;-11.099668534088135
1478630705265;279.36105532693153;-2.2687730639279113;28.41235533155379;6.14322233088389;0.7543231605529784;-12.32160920639038
1478630705299;279.3429875583123;-2.4060527608795934;28.101121936458824;7.12484486541748;0.9157821350097656;-13.72535956726074
1478630705332;279.31115895178476;-2.578562884264816;27.66931461105759;8.079383139801024;1.0785878479003905;-15.401450366973876
1478630705366;279.276790405998;-2.627514998307178;27.399883863245183;8.163030560302733;1.1730091758728027;-15.440805056762695
1478630705399;279.271434382679;-2.610372329893562;27.351178593962313;7.888744832611083;1.1700163872649894;-15.11803674545288
1478630705432;279.25017391875895;-2.5265825442365624;27.290364588457027;5.850979944610596;0.9409212524414062;-12.6160960105896
1478630705465;279.2195006021631;-2.501946951410699;27.327293854664173;5.097105550738424;0.8110358123779297;-11.553220111083984
1478630705498;279.1747677896024;-2.486687235820404;27.42380711095744;4.896292178753763;0.6443395217895508;-10.896909727124124
1478630705532;279.13139033167306;-2.4610648527425467;27.547933958984423;4.670788118091552;0.44801499707318143;-10.247931439618021
1478630705565;279.0855760676504;-2.4391018116322596;27.69360017708834;4.440346180902049;0.43484687310094594;-9.851690626470743
1478630705598;279.0290323164225;-2.4154983904220932;27.85637004233933;4.475510981252976;0.5891232277358882;-9.561094692230224
1478630705632;278.93993518357155;-2.3716421690250877;28.112113268633287;4.750844409632962;0.7507318580627441;-9.233538233328424
1478630705665;278.89317602627216;-2.3331916956310073;28.264284337266172;4.661959688982682;0.715716658782959;-9.095572326129302
1478630705699;278.8357955233358;-2.368657701167575;28.388569160885552;4.959289335941989;0.5325602317810059;-9.08524711227417
1478630705732;278.77842697179307;-2.310576143260656;28.649613123621467;5.2961238559998565;0.3851671909359924;-9.269750350775197
1478630705765;278.7520990547728;-2.254545050539783;28.758668287699138;5.303007076174952;0.37274726982393186;-9.375543990502878
1478630705798;278.73871346091596;-2.1825621543469063;28.835224802667884;5.288641793148778;0.41524435043334956;-9.436446714428811
1478630705832;278.7237306165072;-2.1024955585206464;28.879695157805585;5.19332278568428;0.5376479285751469;-9.51425804918818
1478630705865;278.7159635148211;-2.0232041142644333;28.877234493694864;5.314678809268213;0.5651812476669438;-9.538948546069488
1478630705898;278.71698933547253;-1.9319755572656907;28.775066150212446;5.128828905398585;0.5828384666442871;-9.398288906274363
1478630705931;278.7226909429457;-1.8283721639015194;28.678793060443493;4.583399894493166;0.4391863761680666;-8.291419624328613
1478630705965;278.7386141893275;-1.6640251712442167;28.548671982691488;3.7358524885315445;0.295983185945038;-6.810755681256205
1478630705998;278.77246041942544;-1.4277821061936653;28.273339459513053;2.3341969810485836;0.06763619689941405;-4.51067621999532
1478630706032;278.795019093531;-1.2767143481983174;27.963785431267805;1.878400839996338;-0.015263035583496093;-3.2448914375305176
1478630706065;278.824205747074;-1.1547287544946285;27.312356373386326;0.9569324760437011;-0.017357962036132813;-2.362777763366699
1478630706098;278.84307066789256;-1.052491181731819;26.693714350854048;1.349581548309326;0.00718260498046875;-1.8926164123535154
1478630706132;278.8606174420117;-1.046813260299707;26.219968510853416;2.073079508618265;-0.09950900650024413;-2.839523168945312
1478630706165;278.8756933817468;-1.06234055384728;25.91211972100139;2.1493945404052734;0.07676409072875977;-3.845087866210937
1478630706199;278.9014843190409;-1.1587578238074696;25.227098181127875;3.20329203755483;-0.027234043884277342;-6.733243256378174
1478630706232;278.9208260182661;-1.3569039924192081;24.415256189131014;6.7368345588684075;-0.058957215881347655;-12.375179760797321
1478630706265;279.0010028417703;-1.1227475111642005;23.580699032794765;6.162824856976419;0.18151040879401842;-11.985972061157225
1478630706299;279.0642866194216;-0.8577870176556123;23.02180548486602;3.7861305224654265;0.3211222885353025;-8.296507083660735
1478630706332;279.1147220076371;-0.6960651644035823;22.471775229676886;2.679859845733642;0.41359833679199215;-6.3004910140439865
1478630706365;279.1584427786032;-0.6508025383453194;21.956604558858608;2.5761609132628887;0.47749359359741206;-6.488885341699421
1478630706399;279.19086774982435;-0.6559379776161268;21.509692192059962;3.4035072244506326;0.4333505187545903;-8.12592028843984
