sep=,
timestamp,gyro-alpha,gyro-beta,gyro-gamma,accel-x,accel-y,accel-z
1478631147595,285.83350085959364,0.7773542518978875,5.296110685610784,0.987009616133105,-0.16953940049323718,-9.850044914223487
1478631147628,285.7972237331548,0.7696891690542601,5.3882611411297034,0.9648632827427005,-0.17672200547370592,-9.923217601997312
1478631147661,285.74061562081073,0.7738498548096612,5.525884741459162,0.9528922658795869,-0.13991116065702516,-10.030208726147562
1478631147695,285.7023788038073,0.784483067950551,5.621014906872271,0.9353846359861199,-0.10848726044254144,-9.963769209953117
1478631147734,285.6616486006528,0.7959122706330298,5.737708313624614,0.9867103483462735,-0.06718728408813476,-9.925312400585785
1478631147761,285.6216476764298,0.8061982710077472,5.879527938004781,0.9947907738119014,-0.059256491088867186,-9.850793047443357
1478631147797,285.56250204700876,0.817209518683235,6.105405068288561,1.0140940361133544,-0.07242460021972656,-9.81173744563239
1478631147828,285.5208470156711,0.8321039318607707,6.257578261367947,1.0957962042988045,-0.0987608184814453,-9.788693222687346
1478631147861,285.4820048608394,0.8545007586187666,6.413370515695138,1.1113584888320007,-0.1539770971229096,-9.76774418877313
1478631147895,285.4441971355978,0.8893330548281559,6.5531528258912175,1.126471900511469,-0.20290859069824219,-9.729886045126912
1478631147928,285.38904752727996,0.9409805053867826,6.71851879223388,1.12587335808794,-0.21727379609260242,-9.64908161237412
1478631147961,285.3713237608159,0.9498533075211159,6.765523885005139,1.1544540837519561,-0.2160767089622561,-9.645640084484963
1478631147995,285.3197833298459,0.971826816232427,6.839430442210183,1.1623848786063957,-0.19542670822696526,-9.75966399563212
1478631148028,285.2850849161507,0.9772241673499542,6.842721692890207,1.1929110022890264,-0.1734299861825013,-9.78884302012131
1478631148062,285.25585708677943,0.9679583420224024,6.80235323290865,1.1706149896248448,-0.12135609664916991,-9.791985555930738
1478631148095,285.226825856741,0.9557982815157039,6.718104583439763,1.142782387048607,-0.1050455932727782,-9.744400849309127
1478631148128,285.18487565130374,0.9389666395935509,6.546468137362316,1.147271494326391,-0.13422493742237565,-9.632172754945513
1478631148161,285.15011455363685,0.9228237944386919,6.345941581850536,1.122730931876367,-0.18614917222728253,-9.613766927824262
1478631148194,285.129276956105,0.9055967926970976,6.187312673126974,1.0886135559358516,-0.1608604217584594,-9.683199036263698
1478631148228,285.11154427795486,0.8761469040917345,6.012519762012879,1.0368389393267512,-0.13108253746862172,-9.778517934130342
1478631148261,285.10314469527384,0.8612389163487837,5.921327127788226,1.0214263129469123,-0.14050971107206423,-9.811139297076151
1478631148295,285.0810706232835,0.8004029759717507,5.680235244374866,0.9965864182071527,-0.08409633331298827,-9.790489104544616
1478631148328,285.06981720816026,0.7551666616324759,5.561463234439326,1.010652357527148,-0.0752677146911621,-9.712078988758055
1478631148362,285.0606555622633,0.7127065482675766,5.469736241812062,1.0137947746055667,-0.09068039244499522,-9.751284080900664
1478631148395,285.05349023638,0.6737635078152112,5.376087607616637,0.9929951202834956,-0.1473930442699464,-9.913940326292533
1478631148428,285.0520345967765,0.6620107902766776,5.337874456772388,0.9699509201713371,-0.16968904723015146,-10.05968704182729
1478631148461,285.04782487382755,0.6450190033349408,5.411603646303816,1.0519523544311522,-0.12659341506405034,-10.217854354327544
1478631148495,285.04344324635434,0.6562774182061676,5.637814468229202,1.1258732941558585,-0.08813655318107921,-9.783306725609721
1478631148531,285.0441109498634,0.6871012072004241,5.991408057196181,1.2633903250763192,-0.050128597259521485,-8.933664438861236
1478631148565,285.05080849175795,0.7193529844880483,6.521298871862844,1.1610381310394033,-0.06329670182380359,-7.89263555643931
1478631148598,285.0592759108702,0.7486180860973053,7.1656950871309535,1.141585297349561,-0.06793547210693358,-6.874052241516113
1478631148632,285.07749146140804,0.7519294380196412,7.927114222767761,1.1176432624816894,-0.05057751007080078,-6.02066898727417
1478631148665,285.105496110277,0.6803629594576855,9.121459741171469,0.981173731320165,-0.005237316131591796,-5.992088204956055
1478631148698,285.11901161465187,0.6154535711228839,9.998095536258383,1.0224737464904785,0.011821370697021483,-6.223876853179931
1478631148732,285.1271019436373,0.5460578997964309,10.920497615609335,1.2291232042174787,-0.005536591339111328,-6.353911638586223
1478631148765,285.1392467245952,0.47431029157636445,11.856969516440545,1.363048932647705,-0.008678981018066407,-6.476016507776081
1478631148798,285.1491574447297,0.3931335648922529,12.75373413805713,1.4800655387878416,0.03202244720458984,-6.496067654418945
1478631148831,285.1572252735258,0.2076341132993124,14.157129336861997,1.8538603095123543,0.03875614165706793,-7.333140409851074
1478631148865,285.1514814855952,0.04350812495925925,15.153505845379867,2.5017909556956264,-0.014514847564697266,-8.775796693829447
1478631148898,285.1451273354267,-0.10532583446364702,16.192857899590756,3.466504874829203,-0.04369418258114019,-9.920374761520511
1478631148932,285.15680612805426,-0.18656158759700486,17.232845972083638,3.542819979681447,-0.06374562376823742,-9.618406040600687
1478631148965,285.2018039132024,-0.3326530003646979,18.686362137293834,3.190872230607201,-0.1197100830078125,-9.311049989202886
1478631148999,285.2143477357174,-0.400256695073486,19.145870221007495,3.181145800062548,-0.14664485625114757,-9.555408390222116
1478631149033,285.23552539804444,-0.592818705511514,20.459902080984495,3.288136577152926,-0.12210428466796874,-10.164433291393891
1478631149066,285.2343938156475,-0.7082994671062759,21.663355573418546,3.430292428588867,-0.19437924728393555,-9.638457516037114
1478631149099,285.23482544090695,-0.7902543963045594,22.37317443728944,3.5461118790999984,-0.184203899361426,-9.762955527441203
1478631149133,285.22419495578833,-0.9136681239274811,23.06033127769204,3.8801030289581044,-0.15786767196655271,-9.878176847662404
1478631149166,285.2082333569328,-0.9959093865758678,23.63616509352256,4.288164920541457,-0.06853402252197265,-9.950751012420653
1478631149200,285.19990422728546,-1.1145200998213074,24.166714453793748,4.654627229486033,-0.03651157531738281,-10.13405700396113
1478631149234,285.1921287007907,-1.2182391051594819,24.63897582870204,4.780472454247996,0.06194995882338844,-10.189123569079488
1478631149268,285.18471588086004,-1.3190507350553875,25.053537416970197,5.015852478027344,0.1147720329505857,-10.104877671227976
1478631149302,285.1948293693867,-1.4519703095582654,25.483782345329107,4.683657034213282,0.23268646813821395,-10.1946601604186
1478631149335,285.1931102080555,-1.547510186160959,25.637944649616895,4.567837565435841,0.23657705154418943,-9.916034942217916
1478631149369,285.19044465444495,-1.6626113673228942,25.68666144991319,4.5811552025726066,0.3061585418590577,-10.439617063903809
1478631149404,285.16263447593957,-1.793569096961973,25.574200765465086,4.954949900231883,0.22834698333740233,-10.730063945062458
1478631149438,285.1516109965695,-1.8775599356410093,25.367679486022563,5.055207094750926,0.277727392578125,-11.108647082574665
1478631149472,285.1348101671506,-1.9452789538561486,25.027187677892947,5.120748511328175,0.3103484038974857,-11.45595537637919
1478631149506,285.1200404445833,-2.0128889867794086,24.561613425339218,5.225195485687255,0.4369417938453611,-12.156110308893025
1478631149540,285.06810409286174,-2.0794461026319637,23.704848808445266,5.622483323669433,0.5460276161193848,-13.353809104864299
1478631149574,285.04687542356294,-2.088694133685707,23.397200944685373,5.724237040356546,0.5606921012878417,-13.602956007385252
1478631149609,285.00157733303377,-2.070270389512739,22.75253630672406,5.84155277557373,0.5355529838562011,-13.995305804443358
1478631149643,284.91823257579574,-1.8834899322004763,21.40969637918573,4.697124528149515,0.4210802352462895,-12.904148690088093
1478631149677,284.869284202379,-1.79009709025427,20.78959989705387,4.121767722497507,0.40282443845444355,-12.393435256195067
1478631149711,284.76753889853836,-1.6246396199915498,19.975552442175868,3.6061166678055185,0.38591538922959007,-11.380388971002398
1478631149745,284.69342880926627,-1.5233130940818567,19.51299733524248,3.4193687647833952,0.3265092559703858,-10.793958617345988
1478631149778,284.6171513719376,-1.4377690835923431,19.10752573277944,3.3364695596999487,0.22714988593225716,-10.623222549847513
1478631149811,284.495982556522,-1.2971798993783614,18.60948601789968,3.1221884985578767,0.1865980827552732,-10.38170709205307
1478631149845,284.411692140969,-1.2066073836786202,18.352066293569383,3.1805471857154273,0.16774375838127453,-10.159495615795999
1478631149878,284.32810518225347,-1.120987274599219,18.094860277499297,3.1982043681601526,0.21293431471672372,-10.22398920382075
1478631149911,284.24501541978054,-1.019986428987148,17.920917726154656,3.303698942742869,0.17133504888424358,-10.201693420056253
1478631149944,284.16706290860134,-0.9039881807521897,17.774339050044595,3.2878374846084975,0.10669161148071288,-10.24179593253769
1478631149978,284.09705021249596,-0.7628265744508699,17.62821625624387,3.200897963758837,0.09292495650139171,-10.309581767040862
1478631150011,284.0264109239757,-0.6609713120175625,17.475336136415763,3.143287394979782,0.06763619689941405,-10.575937140124664
1478631150045,283.9493595106159,-0.5656588082780202,17.36251050302988,3.2281319345778785,0.027533323658374135,-10.663923831939696
1478631150078,283.8441408618144,-0.41996169334419703,17.252847075380974,3.1904233132293447,0.03067570877075195,-10.906785516711324
1478631150112,283.73911531846227,-0.2303479248227663,17.224729743017452,2.9192799067179904,-0.03666121292114258,-10.019284961877391
1478631150145,283.66951686836063,-0.06493388711014546,17.220628272525875,2.5966613380432126,-0.03711012344913324,-8.916007018954492
1478631150178,283.5970614162554,0.11265699651389535,17.326464390344313,2.2665607841491697,-0.03815758895874023,-7.06094960861206
1478631150211,283.53231794893986,0.28603640722865764,17.480864959686794,1.8812440275330096,-0.03561374969482422,-5.138854588317871
1478631150244,283.4767332536482,0.4359062482532127,17.620272557622705,1.35990654296875,-0.04534019165592035,-3.356820365142822
1478631150278,283.4378034172056,0.5272607704093628,17.333989423623002,1.3736732025146483,-0.2623147102577146,-2.7377695983886716
1478631150311,283.4029556025142,0.5748438159412931,16.89661750496555,1.0860697280883789,-0.04055179061889648,-2.4958055931091305
1478631150344,283.3528059209719,0.586084589924926,16.594245550406814,1.2912228828430174,0.009127893829345703,-3.3506852233886715
