sep=;
timestamp;gyro-alpha;gyro-beta;gyro-gamma;accel-x;accel-y;accel-z
1478631231970;279.36253479928695;0.4716019555208715;30.02020930860599;5.053112259629835;-0.07062895354118663;-8.67164850148754
1478631232004;279.3074440263332;0.4877618633223237;29.795728826237827;4.994903167835203;-0.1292868896484375;-8.401253397159417
1478631232038;279.2912087603504;0.49428696767614483;29.71401484543026;4.962581445423094;-0.12764087600708007;-8.3562129259523
1478631232072;279.2459410787445;0.5154421917524821;29.49157792272644;4.93893862183066;-0.10549451521721202;-8.385242520616995
1478631232107;279.2184428417508;0.5164793434813321;29.31678774038134;4.874295382502418;-0.08768763280640632;-8.456021043263283
1478631232141;279.1708241547766;0.5127128960001669;29.053080620640326;4.878485048178025;-0.07302315291805425;-8.614337641740846
1478631232175;279.15310459167074;0.5109434851963278;28.981041394303176;4.919036838796921;-0.08020575846934516;-8.65533841366968
1478631232209;279.09621154150597;0.5045597598494488;28.81059188083387;4.972158206397947;-0.07721300125675043;-8.705616484136181
1478631232243;279.07550936156963;0.5043856058340624;28.79745332182235;5.029619247171096;-0.07377134207849739;-8.688258549499512
1478631232277;279.0002158761086;0.506547266336186;28.838151432739128;5.167285733032227;-0.06823474388952018;-8.50914235606538
1478631232311;278.9095265789593;0.49460998155376795;29.25550085774813;5.420771833801269;0.03172317199707031;-8.292766088767815
1478631232345;278.87546168229403;0.55541656408105;29.48827767443137;5.056703415989596;-0.02124853973388672;-7.798363573809713
1478631232378;278.8419197983513;0.7157945461850785;29.728654710126538;4.074482239709422;-0.05955576629638672;-6.012439211328327
1478631232412;278.818304366059;0.8740155555330742;29.98899996457868;2.3288100273132324;-0.1031003089904785;-3.0889690544128414
1478631232445;278.8224542862638;0.8583899822443615;30.160109365830134;1.6925509361267088;-0.015412673187255858;-3.0359973426818847
1478631232478;278.80473663485805;0.7499695874547964;30.419294619463187;2.5311203598573804;0.20051438903808594;-5.121047713470459
1478631232511;278.75839649859506;0.7388894634390628;30.67789095717823;3.3764230373658237;-0.009427169036865234;-5.149628788049519
1478631232545;278.74792198124436;0.726007319337288;30.861186757346214;2.717119901330769;-0.06778583450317383;-4.502295929662883
1478631232578;278.7385713276108;0.5660206506608318;31.006796457870642;3.4802713882446286;-0.11611877823428948;-6.176142311450094
1478631232611;278.71311242586205;0.4429104423912865;31.074578458798882;4.60345142472852;-0.3506008964759763;-7.468562368188426
1478631232645;278.69767352713575;0.33899192378027126;31.07569022584443;5.265897096573003;-0.18360533524665515;-7.9786771055359385
1478631232678;278.7022644276645;0.22509920373532957;31.01741170615003;5.741445145593211;-0.1855506240955321;-8.89505746216718
1478631232711;278.7227455708915;0.15618977282946644;30.938179613982086;5.453242938088811;-0.21652561492366948;-9.230395368725434
1478631232745;278.7345531759939;0.09566794480451295;30.853091214643403;5.161898496169084;-0.21128829650878905;-8.971971300097554
1478631232778;278.74843465209017;0.0044607329673515645;30.771878014193124;5.020191687121053;-0.07182605080362628;-9.116970065075531
1478631232811;278.75143450946416;-0.09134810179730742;30.68285248333509;5.0396447725434665;0.1798644077107485;-9.575759323529153
1478631232844;278.74209686514655;-0.19090896473143815;30.6497645920563;4.991312042299838;0.17791911543693859;-9.348310238879545
1478631232878;278.71894737635654;-0.3608174408968579;30.633647595367766;5.4101473447386175;0.12464812393188476;-9.767744369152933
1478631232911;278.710336167944;-0.4468357651393921;30.669183811258964;5.730222179180756;-0.05776011505126953;-9.858873377581686
1478631232944;278.70295721546876;-0.5188779753105938;30.751512247366566;5.652709900433197;-0.06449380722045898;-9.887753435107319
1478631232978;278.6914333282433;-0.5892044963924631;30.914840492990113;5.452494859667867;0.07766191406802972;-9.74799205932617
1478631233012;278.68675055638766;-0.6331232749914708;31.01689121066783;5.373186820077337;0.09771335753841558;-9.81996774673462
1478631233045;278.6707428497264;-0.6773014796900887;31.15556514489801;5.218910971190827;0.1345242080633179;-9.9036153133668
1478631233078;278.64847863702903;-0.7246077825790528;31.29617040659187;5.413888357897847;0.08499415893554688;-10.00132823023051
1478631233111;278.61865499366144;-0.7609473687210777;31.41796819939735;5.931784104510396;0.06404489897575695;-10.475380158941448
1478631233145;278.56768698408166;-0.7941845244475895;31.50667563231776;6.277148059314117;0.15846622694816906;-10.800842385510355
1478631233178;278.53031815594665;-0.8345244670134688;31.542093070198774;6.644208736010641;0.20066402664184568;-11.582848648889362
1478631233211;278.4829768447773;-0.8768858676180642;31.514269152937402;7.279271164758503;0.2581248664855957;-12.58601914449483
1478631233245;278.38962096572556;-0.9024610457704544;31.45563121347787;8.001571585845946;0.5434837585891596;-13.478307883453368
1478631233278;278.3126838397778;-0.863823497737266;31.363429803076606;8.03119983139038;0.7942763642242178;-13.50210026245117
1478631233311;278.2321568747927;-0.7736600866736938;31.285497178687052;7.5978493309021;0.48677113416367207;-12.718148856353759
1478631233344;278.14924565394716;-0.6863083329508904;31.208222180566466;6.690297410229593;0.4246715286033693;-11.659013896942138
1478631233379;278.04889039000255;-0.6149663900585296;31.15462651598547;5.993435016455129;0.31648353195190426;-10.730362928009033
1478631233412;277.93566863620765;-0.5632298572817628;31.136393778569058;5.493645127636566;0.30511106493300755;-9.877279241235554
1478631233446;277.8162928452905;-0.5452822975921595;31.150818743571282;5.161450113080767;0.03501519927978516;-9.116521590655669
1478631233479;277.64685805473187;-0.5463140251609601;31.244031649920636;5.214421395553462;-0.1822586013793945;-8.89849960197769
1478631233512;277.4915443885223;-0.5481389088814778;31.439576181010384;4.96512530295332;-0.09232641065292992;-8.538022468389943
1478631233545;277.40114610943124;-0.5738847717843958;31.611148998155343;4.980986898085009;0.001197100830078125;-8.71833559825737
1478631233579;277.31144605175984;-0.5939341565446288;31.818661406806775;5.098751925139385;0.056413376617431635;-8.800337041650339
1478631233614;277.2246058354502;-0.5942600243095458;31.970538278772416;5.386654496676661;0.11821370354528189;-8.89849923665151
1478631233647;277.150251739161;-0.5928380551738551;32.20768258569603;5.5787889972411095;0.07526771697445074;-8.914361114910989
1478631233681;277.0915308940722;-0.5791544473429505;32.437955282404516;5.57370146484375;0.04878186339226086;-8.85540357023608
1478631233714;277.03467170435306;-0.5715125593647893;32.68218727880829;5.637746249655075;-0.015263035583496093;-8.661174252816847
1478631233747;276.99352401197916;-0.5263505211826305;32.93727210526707;5.693262056378275;-0.057610477447509766;-8.554482787466608
1478631233781;276.9564539148515;-0.48327224534286417;33.112995537247;5.858162513058446;-0.019602526092529295;-9.03736337133199
1478631233814;276.9392379086785;-0.3765948526746955;33.04099516382797;5.723787798751704;0.04548983154296875;-9.085546387481688
1478631233848;276.93582921039706;-0.3758101668410654;32.89538199217263;5.716904834304936;0.11956044540405272;-9.175628078814595
1478631233881;276.93980272896516;-0.36719525618893023;32.81887221241472;5.74892680658549;0.08394669342593988;-9.212588932269439
1478631233914;276.97051420559893;-0.3088197198415673;32.56583744372307;5.569362175264116;0.06389525680541992;-9.362076386968791
1478631233948;277.0132734689578;-0.1852344729431592;31.995334814774942;5.226841499328613;-0.013168106847570743;-8.786271435690484
1478631233981;277.04059303017095;-0.1469522534929734;31.820683262899966;4.867561704032961;-0.023642739110754336;-8.396315584564208
1478631234014;277.1191735536331;-0.00003485831685637187;31.226777716226298;3.68362889175415;-0.02274491571351025;-6.792500039727986
1478631234048;277.17623769243545;0.1105519855453349;30.78951201494251;2.9762920849122105;-0.03965396385469357;-5.431994654083252
1478631234081;277.24479903677144;0.18688527137683023;30.34848109029379;2.463633800561726;-0.027832594584727484;-4.721664949035644
1478631234114;277.3066136652408;0.24565983748111445;29.959105208785303;2.269703173828125;0.005985504150390624;-4.123413516943156
1478631234148;277.4007119910559;0.3006003781188208;29.43769657947023;3.010558803912252;0.014215572357177733;-4.024652698461711
1478631234181;277.4361224693951;0.30434969186914496;29.241677906418452;3.21915391581431;0.027383681488037107;-4.168005815124512
