sep=;
timestamp;gyro-alpha;gyro-beta;gyro-gamma;accel-x;accel-y;accel-z
1478630698836;277.42912049030053;-0.6224938301879058;19.31653166075052;3.395576614114456;0.16086041947517077;-9.273790262399322
1478630698869;277.41886545312826;-0.6430862823001483;19.099519983039652;3.2516252666970247;0.16265607528686524;-9.271994603162694
1478630698902;277.406091314377;-0.6527092510103574;18.858940758996827;3.1841385430045888;0.1382651435907348;-9.202563240216998
1478630698936;277.3926652909429;-0.6678035956343222;18.63590174402174;3.1437363603067;0.1455973930248292;-9.20555558130024
1478630698969;277.38106262926584;-0.6857271952545941;18.440654051654725;3.1212908978392484;0.13901333160953364;-9.282020335172687
1478630699003;277.3700203214628;-0.7029077336536768;18.292306971787667;3.1232359378096644;0.12584522875771798;-9.330952190078445
1478630699037;277.35649514806624;-0.7119627233362826;18.20493839079493;3.1157542311516124;0.09801262817935785;-9.33439361978619
1478630699071;277.3415898161625;-0.7121515617544208;18.170279984160974;3.102735782457399;0.0794575721630128;-9.302520940332812
1478630699104;277.32507662474444;-0.7193784003867977;18.212825322276;3.0512603440160513;0.11162965697136241;-9.333346370047359
1478630699138;277.31574042443316;-0.7321583829696485;18.272111481903718;3.0478187590446786;0.1241992074816142;-9.356390532485255
1478630699172;277.3011882836163;-0.7475842124672987;18.363532106110704;3.0974983590112415;0.11941080380453786;-9.305064843814222
1478630699205;277.2869327497147;-0.7592924088461136;18.503124657508586;3.182941528939479;0.11252747916898806;-9.333196370542352
1478630699239;277.2697717251322;-0.7703367016293965;18.691548265072843;3.3092354792830534;0.1029506691034301;-9.330353310869842
1478630699273;277.2557635591626;-0.788771133696123;18.934578599446684;3.496282648379542;0.10399813917961437;-9.535955556532274
1478630699308;277.2368934882149;-0.8093091144557257;19.202168237739457;3.737049589361623;0.1268926914132142;-9.624092123413085
1478630699343;277.21819216917845;-0.8195310258092237;19.619062848282688;3.835660770239308;0.12734159851627191;-9.531316535087395
1478630699377;277.20551057285303;-0.7811073575626465;19.958366539434177;3.7732619260041043;0.006434416961669922;-8.94518627862241
1478630699411;277.20303213933926;-0.7202069163808147;20.24831039806947;3.279307940264791;-0.05297171173095703;-7.214627135412394
1478630699445;277.2112937129812;-0.573162386807192;20.549779006464345;2.193687271118164;-0.044891281127929686;-4.1760862457275385
1478630699479;277.23174384399914;-0.5873443782152055;20.43079039722863;1.4983213264465332;0.019003975677490233;-3.448697853851318
1478630699513;277.2398434425404;-0.6755335931201982;20.57055898078087;1.8112134097777306;0.2888005661231931;-4.604049500219523
1478630699547;277.2321522370783;-0.7385592648594959;20.732208531100667;2.2891561353821306;0.31857844927138645;-5.354781650543212
1478630699582;277.2378757767617;-0.8239830783367712;20.859580193000202;2.670133474554494;0.12060791091365972;-5.604975431768596
1478630699616;277.2510432062574;-0.8857817974670882;20.86341872079361;3.1055789014954116;0.12210428466796874;-6.2578445892333985
1478630699649;277.2785552688685;-0.966380307487296;20.866491817798167;3.240402163287252;0.11791443632927257;-7.260566172027588
1478630699682;277.30897649218855;-1.0328909584264787;20.85018361643694;3.262548638241552;0.08813655774765647;-8.166322879846394
1478630699717;277.33432382143604;-1.0876358980755056;20.82031760297445;3.2447417633941393;0.08798691101074219;-8.439411068316549
1478630699749;277.3809269441866;-1.1582584082184462;20.652342259475226;3.294720723049901;0.19153612767510056;-9.132532494597555
1478630699783;277.4114494744762;-1.2491839667252311;20.463014613713792;3.303549350804882;0.37394437179565426;-9.656263989025726
1478630699816;277.437226477756;-1.358198204587825;20.1755659884909;3.231573635996971;0.47854105682373044;-10.031705029119923
1478630699849;277.4832488244087;-1.498053426676963;19.620495218220416;3.153462733769137;0.5089174903869629;-10.392780566992238
1478630699883;277.5019197715578;-1.5565884994573562;19.228456127523152;2.865709676538035;0.43350013809204097;-10.081683623449504
1478630699916;277.5287711765426;-1.6158669884058698;18.84627109477083;3.5781344176361336;0.23463175356215796;-10.6567413730897
1478630699950;277.5757995802375;-1.6737949461050383;18.430845634755432;3.732261112976074;0.0674865592956543;-11.3937062793456
1478630699983;277.6036779875425;-1.7050500810450173;17.9990341413209;3.463212664883397;0.047584757995605464;-10.938658326312154
1478630700016;277.67259590873323;-1.7840476488234005;17.369254374662738;2.6511293892791494;0.19333178405761717;-10.701033665411174
1478630700049;277.6901139030023;-1.8185787937646283;17.150028731888657;2.6036942506209946;0.2766799202186521;-10.982053523663431
1478630700083;277.7026595675831;-1.8997421648754174;16.744393600632552;3.147477467080764;0.3061585327259032;-10.997465904589742
1478630700116;277.7594760578195;-2.0817940834442705;16.060839339705524;3.385401074395701;0.5361515342712402;-12.345701152856646
1478630700149;277.7987481305562;-2.3041614518630955;15.429672662267421;3.680636139678955;0.852934341430664;-13.862427320043741
1478630700183;277.84720032199937;-2.4729131179863737;15.039093205688983;3.911526962280273;1.0142436782836914;-16.03860728378296
1478630700217;277.8532226686544;-2.5972342137191053;14.694309080869592;4.062810725811869;1.1164461616516113;-16.849493458557127
1478630700250;277.8579970751391;-2.6800623654715214;14.446560098834198;4.357895934295654;1.020827732849121;-16.983868026733397
1478630700282;277.8765927915025;-2.6935632221162833;14.258918464503433;3.8863878448486324;0.8589198455810546;-15.9863837600708
1478630700316;277.88494028807014;-2.667319429925575;14.17861651462997;3.1268273681640624;0.6220435005630366;-13.822175096893309
1478630700350;277.88950664860596;-2.682680962556988;14.183260919770769;2.6354175322159192;0.5600935508728027;-12.403161992700397
1478630700383;277.87739412546443;-2.7352834168682914;14.381058515829714;2.5670330468330067;0.5458779602493159;-11.605294143322855
1478630700416;277.87004581047114;-2.760083690591117;14.61574927318475;2.465578790870614;0.45714287491950667;-10.793809418133646
1478630700450;277.85906174248055;-2.787237265412462;14.914006436762119;2.51630590543749;0.508767859633069;-10.559327000781147
1478630700483;277.8401107771372;-2.8041540496626975;15.441364137681905;2.672677140288474;0.5391442863464355;-10.215759135613963
1478630700517;277.83631771713544;-2.8047613294082905;15.828566377375195;2.9035682094849644;0.5469254508750978;-10.193612989453225
1478630700550;277.8401287664148;-2.7803423225773023;16.248852733322174;3.033603031423874;0.5048772910684696;-10.195109146295115
1478630700583;277.86304613175963;-2.693805873362225;16.871065446910368;3.194014542654343;0.42422261579209003;-10.30958220543228
1478630700618;277.8711451420459;-2.65462504052276;17.0731461113724;3.215113590914942;0.3827729812843259;-10.274566494695842
1478630700652;277.92003908019115;-2.4938639906057927;17.695439783522808;3.320009587683156;0.35733460691147484;-10.640280944415181
1478630700685;277.95074413117266;-2.3808694146209124;18.05941279866406;3.3981203437805174;0.43185413130054945;-10.775104717663675
1478630700718;278.0058068819507;-2.1818565704617856;18.546276359099267;3.374477547587547;0.6555623603378422;-10.680234623010456
1478630700752;278.02670867910575;-2.1097032854832922;18.688214774872797;3.30474635117026;0.7291840431213379;-10.461464154052734
1478630700787;278.0933257672461;-1.9895733398645605;18.976274937251652;3.0223804120712914;0.7671919944763184;-9.680654845373333
1478630700820;278.15025492700704;-1.8115499912739568;19.18781541891732;2.5981577871460466;0.6627449470520019;-8.547299926757812
1478630700853;278.206370941371;-1.6156928864650058;19.375347822081693;2.1505916412353514;0.41943421247177753;-6.647351271820068
1478630700887;278.2753818901721;-1.4451275339787253;19.55010434287319;1.6250643768310546;0.2501940757696167;-4.783166004180908
1478630700921;278.3535929670663;-1.2996153499454983;19.694491692016676;1.2324153045654296;0.1625064331165282;-3.5036148544311523
1478630700955;278.4314559291082;-1.1778518052316627;19.77942284597258;1.1206358684264124;0.10863690946274436;-2.297086855316162
1478630700989;278.5228962452703;-1.0920749514714077;19.49645528351993;1.129015866497904;0.1001075569152832;-2.305167285919189
1478630701023;278.7007773325238;-1.0442452370588404;19.299949939121657;2.2032640046935525;0.15098435132675803;-4.878933778326213
1478630701056;278.7945868671268;-1.0743995508512982;19.177988596055467;2.8169278542449696;0.16804302559728385;-7.6182000450134275
1478630701090;278.8699723979542;-1.1345315889322454;18.99526552133196;4.249259107031301;0.17971477010698872;-10.959757520703226
