sep=,
timestamp,gyro-alpha,gyro-beta,gyro-gamma,accel-x,accel-y,accel-z
1478631401729,284.437631704648,1.581049197501592,39.189875725319624,6.276848802372906,-0.19647417373657225,-7.649923125678952
1478631401762,284.44109793933126,1.5074335345460397,39.28668375863883,6.16746375969029,-0.1345242149131838,-7.6014407920808935
1478631401795,284.44105499107025,1.3710713030748993,39.37887085031386,6.160131325309816,-0.0860416130287107,-7.556848376310174
1478631401829,284.4422230292528,1.2791470758150205,39.39888835050955,6.247220483763236,-0.07646482465439476,-7.67596020573047
1478631401864,284.43928786529875,1.1910925955572254,39.397193315905625,6.483348439833056,-0.08529342500991187,-7.765892158994917
1478631401897,284.4416633191008,1.1010638666321269,39.28712799745998,6.5014545168227516,-0.18495207510754844,-7.853280921449419
1478631401932,284.43279510843723,1.0939064933281044,39.16373391760086,6.465691476584039,-0.2934393501060549,-7.733271097443206
1478631401963,284.4268049334129,1.1201032120280925,39.05859421432579,6.420500445324555,-0.37978023834228514,-7.473799784784717
1478631401996,284.4216058168146,1.1206912685271342,38.961311022213366,6.355408526080474,-0.28969841001206076,-7.463474927122611
1478631402029,284.40738586839126,1.0859776499502716,38.9134466770413,6.578667648226953,-0.18240824668925343,-7.452701037918217
1478631402063,284.3968965079266,0.9963260268307917,38.965563625875994,6.894702376965433,-0.05686228942871093,-7.682993182240333
1478631402095,284.3861172365372,0.967871505281589,39.09764978263817,6.602909122699126,0.02184709014892578,-7.289446521814167
1478631402129,284.37363535083966,0.9977711460191011,39.32854856410006,5.806986416039988,0.012419921112060545,-6.304232100268453
1478631402162,284.36955354095323,1.0814741327821609,39.62942243454703,4.429572492627054,-0.05057750093764625,-4.658817155456543
1478631402195,284.378954022699,1.1688304957074598,39.96935141931929,2.357091534423828,-0.09382277755737305,-2.511367903900146
1478631402228,284.4156037272018,1.0841683120516714,40.168732157547495,1.5583260055541992,-0.08454524612426757,-2.3478140029907224
1478631402261,284.42446162144694,0.9384984263879033,40.5900684787839,3.0630817489624023,-0.1283890640258789,-5.034257903289794
1478631402295,284.37072723888247,0.9163569721266389,41.08687579738308,4.348917678070068,-0.3022679595947265,-5.259313151605427
1478631402328,284.36618770103604,0.8451061502885985,41.656939576156006,4.420145177459717,-0.3525461944580078,-5.084835559491068
1478631402361,284.3666155243196,0.7662506350171777,41.991751035755925,5.216367013195902,-0.3188777336120605,-6.241085031481832
1478631402395,284.35056745199864,0.7247429218771887,42.28225875196516,5.779452950817719,-0.28954875414199194,-6.294355945355072
1478631402428,284.34584456374506,0.6309426569507861,42.66895520223355,6.476015959786809,-0.09531915587825933,-6.733093655307032
1478631402462,284.3578456324142,0.5428904050207827,42.90422252379599,6.918195298092626,-0.13123217849731444,-7.120355687072337
1478631402495,284.3791482655619,0.4659994958699929,43.12346468786963,7.272088121386617,-0.11985972061157225,-7.6804495804384345
1478631402528,284.40327522669605,0.4221773106426791,43.36987362967423,7.263708707837015,-0.14933832398566882,-7.848492536395415
1478631402561,284.4199760854555,0.3875514825054696,43.594939181202044,6.8640264033332,-0.07257423896513064,-7.458387266861088
1478631402595,284.4501048546651,0.2625475306382101,43.83753040058136,7.43489405347295,-0.04848258190569758,-7.886500122424215
1478631402628,284.4573859947547,0.19823280053982764,43.997273168004334,7.54098682227768,-0.09621698150081792,-7.928698292010649
1478631402662,284.4661315648953,0.19269513585747672,44.13370147665492,7.471106280517578,-0.1535281791742309,-7.675810376330465
1478631402695,284.4889753800477,0.18260744826900188,44.29925517769358,7.052719248144328,-0.18884265594482422,-7.425616485507227
1478631402728,284.5081949322953,0.13397955924635424,44.592179772287615,7.127688180818315,-0.07736264114379883,-7.721749339880422
1478631402762,284.51356064089146,0.13742297208411738,44.78543624457195,7.4217258712768555,-0.12060791319694834,-7.849988839367777
1478631402795,284.54003371936653,0.123452762411991,44.88996099222324,7.243507521731592,-0.11626841583804925,-8.082825023883208
1478631402828,284.55738637432336,0.11928957667557219,44.96881522883104,7.08354497811133,-0.07152677459716797,-8.13265434593521
1478631402861,284.54501525814715,0.13255189971730483,45.03096299114824,7.206098266922123,-0.07691373061580815,-7.614908163861185
1478631402895,284.56285612283074,0.1106094955290348,44.95970187618695,7.530063313735835,-0.010025718881082139,-8.198793947601319
1478631402928,284.5646601765768,0.06939648865954187,44.88518705167625,8.155548533984273,-0.028131869506835935,-8.755296195983886
1478631402961,284.58033138691644,0.0008356408307152285,44.655855876621494,9.539097672216593,0.06165069106331425,-10.496928266143799
1478631402994,284.5616928446169,-0.03562708292789528,44.44390242157666,10.436175399017333,0.18255786973704816,-11.477653121185302
1478631403028,284.516490114922,-0.06533790369649205,44.20960289397067,11.608735954339801,0.4281131991980655,-12.12408756942749
1478631403061,284.46228755282505,-0.060354552779492046,44.02733607183706,12.240206349945067,0.26276363220214843,-12.459575077056884
1478631403095,284.4244052054157,0.04186819808149621,43.913928836362196,11.540650844629107,0.21458032550397035,-11.83663373260498
1478631403128,284.39024662920923,0.1902991063395558,43.89781434132832,10.14453170928955,0.07541735686149913,-10.929979783685505
1478631403161,284.35171811135973,0.3266981457287991,43.99063971097061,8.822932246752828,0.07855974197387695,-9.95314521408081
1478631403194,284.2931403391479,0.4549693820292841,44.14993659441864,7.776067643914744,-0.06703764762601931,-9.194632200622559
1478631403228,284.1658984474029,0.6051267809553703,44.49251273061852,7.2053501519685605,-0.19826982498168944,-8.078934226989746
1478631403262,284.0452061666105,0.7382527503435644,44.82337649533676,6.806266598809184,-0.2319382858276367,-7.250390540977287
1478631403295,283.97380505031754,0.8203169469328502,45.037046350894535,6.638971766938921,-0.18989011917114257,-6.847715977588622
1478631403328,283.91632226405085,0.8649235136986442,45.25353665369014,6.560561571237258,-0.1186626243480714,-6.827664630016359
1478631403361,283.85871129025077,0.9054273448764656,45.46209849091262,6.777236584019382,-0.07466917340927758,-6.95799887329326
1478631403395,283.8067963552052,0.9345355314526073,45.6443378872552,6.8944030195595225,-0.086191259765625,-6.917746207184833
1478631403428,283.7700900171305,0.9439644170872833,45.78976036376862,7.105541888527106,-0.14305354462775866,-7.091475570181198
1478631403462,283.7456366892969,0.9635338443596898,45.84842460533244,7.296778344273287,-0.22804771269646007,-7.291540900277532
1478631403495,283.73534190274773,1.026151241057041,45.82954514150129,7.137863327811425,-0.3817255271911621,-7.357232137121632
1478631403528,283.717917952283,1.0114221681755913,45.8966862338484,7.545177077041752,-0.1672948324410856,-7.534552697576954
1478631403561,283.72471591440194,0.9977091561286513,45.92242245579462,8.08881030883789,-0.13631985702514648,-8.22917038116455
1478631403595,283.7472232925134,0.9908942314642819,45.95275131841775,8.125022608947754,-0.16729484685434506,-8.237400157110393
1478631403628,283.81583600467,0.9793950076821133,45.961966715146914,8.453626640673725,-0.2389712532043457,-9.320926045934856
1478631403662,283.8449134463014,1.050888196141795,45.95173463633261,8.093000088677927,-0.2964320930480957,-9.370157109832762
1478631403695,283.85663189431455,1.2025363437456484,45.92360293394227,7.265803433360252,-0.24465748671379406,-8.303989329174906
1478631403728,283.8671911908051,1.4010519707019389,45.89523480387037,5.440823126574605,-0.21383213577270507,-5.934777294977009
1478631403762,283.8880549908173,1.5743804053424306,45.7745920534982,3.599383213098347,-0.08394669570922851,-3.6559462273195384
1478631403795,283.9570429700358,1.7367357201030267,45.25842836508355,2.1068977531984445,-0.006584054565429687,-1.5592238311767577
1478631403828,284.1002650439572,1.8482445166456642,44.511621845741,1.9246388595581054,0.016460136413574217,-0.7371148361206055
1478631403862,284.39780201833685,1.9699970601290042,43.174313286472184,2.1115362266540525,0.18121113815307616,-0.9669581954956055
1478631403895,284.72300891040726,1.93254001771589,41.478663083057455,3.4377743087768553,0.3725975968291983,-2.2162825492858884
1478631403928,284.8865582992456,1.7549497710465107,40.39429477845205,3.855562790735066,-0.09068038787841796,-4.948814831542968
1478631403962,284.9845304891224,1.5315262575635231,39.83961844981165,6.826467264324799,-0.7832032363449223,-8.97092412913218
