sep=;
timestamp;gyro-alpha;gyro-beta;gyro-gamma;accel-x;accel-y;accel-z
1478631201021;280.4888479560498;0.8374119109770616;28.434919865276715;4.759224033245118;-0.08948328704833984;-8.587402621902338
1478631201055;280.47991713547304;0.8219187133964474;28.163020075784228;4.621407885234875;-0.10714052657528081;-8.608052556422258
1478631201089;280.4709321950091;0.8022330805631873;27.797272215844448;4.527734655662184;-0.12210428923454601;-8.687211173038161
1478631201123;280.45249766334797;0.7846782749145326;27.16327765810644;4.473266550198142;-0.18659808732185046;-8.665663339830445
1478631201157;280.4400235334059;0.7743466921029877;26.744494167476546;4.4089223177910055;-0.19991583862304688;-8.699930323691968
1478631201191;280.4140884415832;0.7505646215604584;26.408487371316;4.472069316366501;-0.18285715636101085;-8.695141769674606
1478631201225;280.37238932680015;0.6667879360006495;26.035370678619312;5.130026115826517;-0.09576806640624999;-9.20974567166753
1478631201260;280.3445484066426;0.658301224464659;25.908553011199643;5.115960034942627;-0.09277531661434331;-8.44719236984253
1478631201294;280.3383898122249;0.6653847535774869;25.747684131865725;4.6181156176360325;-0.060303958881762806;-7.488763810022175
1478631201328;280.35700574120483;0.6943536861011201;25.43070080012471;2.9945476533751934;-0.022146365356445312;-5.612757171685994
1478631201361;280.3558434502838;0.6493791593971253;25.158567134114445;2.2617723808288575;0.10968437268906273;-4.753986379186808
1478631201395;280.34399834933254;0.5010084940912768;24.62714831183889;1.847425709887594;0.31812953646010717;-4.667945341546833
1478631201428;280.31847346917647;0.3829563179771499;24.239179519842658;2.069637697601318;0.13527238923225085;-4.783914192199707
1478631201462;280.2963509298643;0.2358689333631526;23.856012129137206;2.3313538665771483;-0.03875613751860728;-5.20948353729248
1478631201495;280.27312582883314;0.07948204051420023;23.45840710112871;2.883666188989207;-0.08095394591732183;-6.242881121118367
1478631201528;280.2564674821188;-0.04048439492550318;22.99776763638465;2.946214634295553;-0.19168576242474955;-6.496815550176799
1478631201562;280.2413296407463;-0.18087425328888504;22.520168147286306;3.1308674373351035;-0.38666355441550254;-7.038503821917623
1478631201595;280.2270414231077;-0.3699926792081988;21.813714074017756;3.3592146946671417;-0.20111293031997046;-8.790012266186624
1478631201628;280.1918297067439;-0.4998371768956175;21.204884079451812;3.185036432559229;-0.0474351203918457;-8.816647394329681
1478631201662;280.16276259183684;-0.5956520476684478;20.826655625659022;3.256114403942972;-0.017208324432373044;-9.487174008233845
1478631201695;280.11398178806724;-0.6625977890033243;20.611095842565735;3.519326738893846;0.052822078693774525;-9.587131927545368
1478631201729;280.07164647219463;-0.7468496627272294;20.559843464420023;3.5452140260779763;0.17941548690795897;-9.331401089189992
1478631201762;280.02712170069697;-0.8653041145656173;20.564730162619796;3.6370916700500993;0.21891980973395983;-9.528323837811127
1478631201795;279.98282635011606;-0.9800840979028996;20.698722755328514;3.8807016889709978;0.1197100830078125;-9.64728613465894
1478631201828;279.94516443897527;-1.066886241150965;20.91868879941961;3.8587048516204576;0.03082533724135719;-9.89747980628647
1478631201862;279.90288734414213;-1.1580702014772501;21.184329694221045;3.7337575438125987;-0.04773439559936523;-9.561393821307272
1478631201895;279.85083255375315;-1.2717465125173828;21.63173340445848;3.7002387753693387;-0.05521627578735351;-9.90630849797353
1478631201928;279.8078779801875;-1.3970590161193863;21.99600338405272;3.9161658741272984;-0.040102877807617184;-10.536582231140136
1478631201961;279.7612515080062;-1.4826584960378848;22.331122076069416;4.170849039193802;-0.040402153015136714;-10.22009855305776
1478631201995;279.7384246852114;-1.6068898538139356;22.579167957098996;4.146158761508204;0.11507131729125976;-10.822240124456584
1478631202028;279.69197309194493;-1.7102358033243552;22.776359479415582;4.446930381597951;0.3166331649890868;-11.673229761560261
1478631202061;279.6358474685132;-1.8919622228829605;22.832324052883635;5.0203415330749;0.46731821827543896;-13.265224227960408
1478631202095;279.5800873459741;-2.014128618097846;22.80008012614454;5.6100632564269;0.7302315063476562;-14.695909065246582
1478631202128;279.4851330909981;-2.1121531453357534;22.727884186913702;6.713790367889404;0.6666355430160649;-15.439458318328857
1478631202161;279.4165266363866;-2.186189889159247;22.679003745651205;7.453748318481445;0.6666355247497558;-16.30600968170166
1478631202195;279.34696069998233;-2.1712016593327954;22.74014580521541;7.499238150024413;0.6555623603378422;-15.875203020477294
1478631202229;279.2832225209899;-2.028974910066205;22.942670631827482;6.404040528106689;0.4837783638221677;-14.060697437286375
1478631202262;279.2504434770981;-1.9096824713063403;23.103593189440762;5.086930339813232;0.3565864257425419;-12.365452732031047
1478631202295;279.19474521990765;-1.8171064272597706;23.324076280890484;4.2010757620880375;0.25797524714814496;-11.12660315663442
1478631202328;279.0850295254852;-1.7101217638136628;23.712175341280652;3.9377135523567977;0.31274258957462153;-10.058639651666208
1478631202362;279.00550785115337;-1.6366998808104136;23.968198679786777;3.8766613823379386;0.38262334368056616;-9.52248808086235
1478631202395;278.92630374403643;-1.5770774675179913;24.217273334794804;4.013130859271358;0.3306990997425048;-9.369109463943355
1478631202428;278.85254791924075;-1.51164375125726;24.44715406413208;3.9196074933480003;0.2602197873727164;-9.378985655389354
1478631202461;278.7698834655056;-1.4434504050638635;24.650196632733753;3.8709751716613767;0.23508067778988043;-9.363872111279145
1478631202495;278.6373299669238;-1.3337326817198545;24.80567919145607;3.974973415872268;0.2548328437694581;-9.319729054702632
1478631202528;278.5501618759933;-1.2661213652506123;24.778107683545887;4.166210058848117;0.20889410112767653;-9.400084886313042
1478631202562;278.4691703227096;-1.1798339890422946;24.78273024249752;4.250007304183254;0.1867477306338318;-9.432556027133204
1478631202595;278.3634442393703;-1.0692019146759792;24.802286428238222;4.194790909664891;0.18974048213820496;-9.326612384475581
1478631202628;278.29360570175373;-1.0359648912466395;24.801750160376923;4.324077817579638;0.21847089692268054;-9.510068013619817
1478631202662;278.23695663516634;-1.025157290347873;24.821575089766988;4.375254005929641;0.27398646161728535;-9.645938921301067
1478631202695;278.1646620771767;-1.0545595905633875;24.694105751535513;4.236539892445411;0.3190273803489748;-10.033201185961811
1478631202728;278.1421915073356;-1.0410473504775646;24.706884738373347;4.289212201104686;0.33399113159179683;-10.120140999072417
1478631202761;278.1043786942452;-1.0000925670788712;24.719618861515936;4.396951257545408;0.26620530622177757;-10.184933862304687
1478631202795;278.08800318668045;-0.9293260941911499;24.71181924278237;4.0963293050275835;0.2050035171508789;-9.924714288562162
1478631202828;278.05160170453746;-0.7108621617244889;24.55594181619665;3.2137668159484862;0.08469488601131597;-8.069656622491404
1478631202861;278.0437460726088;-0.5655872287220224;24.52942747345261;2.7483940143860877;0.01092354507446289;-6.617124621991068
1478631202894;278.0484527655272;-0.4100157390399385;24.496868195125767;2.1410148345947264;-0.032920277393725696;-5.1699792098999025
1478631202929;278.0507814885296;-0.3334764807737514;24.469741266188883;1.741033519744873;-0.04279635467529297;-4.277540248815715
1478631202962;278.0634640494553;-0.1480135882258471;24.385582330250152;1.4592659118652342;-0.07616553574714344;-3.2001497940063475
1478631202997;278.07933268102107;-0.05920638045339956;24.306902673935802;1.663521094866842;-0.07242460136137087;-3.175160314178467
1478631203029;278.10384327847237;-0.0002882889689852209;24.186134388344446;2.190844302777201;-0.08245032304750877;-3.8519711959838867
1478631203063;278.15064627853604;0.0249716775946856;23.892282070238423;3.670161489149462;-0.07556698961327056;-6.6337342498779295
1478631203095;278.17589549804933;0.03322710965385744;23.63061792487349;4.72256262852773;-0.05910685348510742;-8.948178861734247
1478631203128;278.2033178848804;0.08189761060560355;23.378540700484365;5.762394629315287;-0.0430956298828125;-10.737395749255269
1478631203162;278.25845644983104;0.24190655283527396;23.15485293720425;5.587019357708841;-0.06299742889957269;-11.234641798809916
1478631203195;278.3163285260737;0.5938423349916084;22.94645499005798;3.930531038422463;-0.2533364631652832;-8.621819197701848
1478631203229;278.3494805031551;0.7785528250700104;22.925224182769835;3.451391294186376;-0.17657237243652343;-7.611166785375773
