sep=;
timestamp;gyro-alpha;gyro-beta;gyro-gamma;accel-x;accel-y;accel-z
1478631438530;290.14155203902993;-0.41448876799057716;-1.2342790385158697;-0.17148468934211414;0.0652419940976135;-10.097694920117036
1478631438563;290.14818420037426;-0.4322881109789419;-1.1241005313323313;-0.15592238311767578;0.07227496204514464;-10.044424280238431
1478631438598;290.1579323196455;-0.4226883159490968;-0.9462933257850151;-0.1441010067124327;0.044143090825842224;-10.040533373747113
1478631438631;290.1662244763954;-0.3928173332770407;-0.8277586378156878;-0.11417349166870117;0.022445640563964843;-9.97663837267002
1478631438664;290.1717200252702;-0.3569855725962835;-0.7315147900408245;-0.14200608482637325;0.015412673187255858;-9.964816947174072
1478631438697;290.17121591589614;-0.2828749841674418;-0.5853466111386643;-0.043245267486572266;0.0025438392639160153;-9.866505032370751
1478631438732;290.1700321250942;-0.2316872386845909;-0.47058047628569305;0.0383072265625;-0.0143652099609375;-9.718812735726171
1478631438765;290.16963788606324;-0.1865406579648835;-0.35832090343884;0.04115034560051281;-0.019901803583337457;-9.661651161956787
1478631438798;290.1678963785847;-0.1489572463838369;-0.2527885447994689;0.08020575104865711;-0.019602528375817926;-9.631723641204834
1478631438831;290.16730151550246;-0.12269728133788213;-0.15012530610501412;0.11327566376285395;-0.03486556395931402;-9.680355898959375
1478631438865;290.17037024147;-0.10935654317217136;-0.0732262897682758;0.08499415893554688;-0.020350714111328123;-9.807996890700649
1478631438899;290.1673219428364;-0.10918620805210257;-0.012183850638194587;0.1357213068955185;-0.012270282366656464;-9.9820251802749
1478631438932;290.1623301518446;-0.1167382009426122;0.05399068852692127;0.22670096113371255;-0.01601122360229492;-10.259004622296244
1478631438966;290.1455187844124;-0.12544770913360814;0.1332867394287494;0.3444657752714236;-0.028431144714355466;-10.244339771801606
1478631438999;290.12276399897786;-0.09172017878511916;0.2977094453701139;0.5918167320030275;-0.05865793839053949;-9.821314471468725
1478631439032;290.1073687807328;-0.00033957264331656794;0.4463969201571984;1.0348936402030755;-0.10893617824405508;-8.311620846966653
1478631439066;290.1312692961532;0.15784953739800844;0.5098976180318776;0.7821557457191404;-0.0793079322759644;-5.280262123870849
1478631439099;290.167301228161;0.19048797946952947;0.2745303294171807;-0.13407528383559547;-0.09516951599121093;-2.024896054077148
1478631439133;290.2171934003597;-0.06173398171837604;0.24971656058544123;-0.49290625308493613;0.2281973548667971;-6.124667121887207
1478631439166;290.16562655646715;-0.11286424981457786;0.3964686355385756;0.5790975219837157;0.010324995230245985;-6.497414392852783
1478631439199;290.19918512116027;-0.14735537461497036;0.3801268517139617;0.2109890213012695;-0.24016836088428972;-5.118353944341838
1478631439233;290.24262993296685;-0.27907033452912816;0.3696297088324681;-0.39653964539680164;-0.13183073347893076;-6.610690058898926
1478631439267;290.2384419020268;-0.39935770226282913;0.41308299256508213;0.17911620713386217;-0.11402384949836414;-8.045564749090373
1478631439301;290.2426848871525;-0.49622753761256333;0.49876801561751505;0.6578069152610841;0.027234048450854604;-8.349778289794921
1478631439335;290.31238085242853;-0.7383667541213865;0.7429126760090904;0.011671733093261718;0.3763385734558105;-9.364321425949223
1478631439369;290.33913218192714;-0.7799513931622711;0.8449239871446952;-0.1466448516845703;0.4004302185279783;-10.298957972097956
1478631439403;290.39406495647427;-0.8721433306105512;1.236927009308291;0.1243488395912107;0.12360066298885503;-9.777171170580328
1478631439438;290.42787520762636;-1.0243745067746808;1.681480397773405;-0.3660135422637686;0.2183212684520753;-10.560524540002643
1478631439472;290.4259669396153;-1.0809572772150895;1.8088375306479003;-0.0522235237121582;0.22924480439338366;-10.865485830334574
1478631439506;290.4275459056892;-1.18203837237457;2.389302148532477;0.6437409713745117;-0.022445640563964843;-11.16431183278188
1478631439540;290.441141009974;-1.2193570076652613;2.872277732697982;0.66334351573335;-0.028131869506835935;-10.831667731884867
1478631439574;290.4544212001586;-1.2226133907767458;3.406870119776973;0.5309142135730711;0.04908113403320312;-10.552144541931153
1478631439608;290.47948460055613;-1.288704282597477;4.1950334351167;0.9469067748581059;0.10265140531235374;-11.029339006451517
1478631439643;290.49322535006144;-1.2848099421845682;4.722213114657357;0.9376292342918459;0.19153612596263409;-10.763133636297658
1478631439676;290.51062067777957;-1.312426344958534;5.142093125262457;0.856375997183984;0.21517887192325433;-10.56067366614975
1478631439711;290.5389906373727;-1.3749628229098585;5.40982929701702;0.93703069529325;0.25647885056094966;-10.94629006329961
1478631439744;290.58064807221234;-1.4968008595176099;5.705699686385231;1.0856208335434085;0.23089082488460697;-11.661857011413574
1478631439778;290.6098368505622;-1.555227635325215;5.673738367297436;1.3301286598205566;0.1744774459838867;-12.120047207995503
1478631439811;290.6461029946711;-1.6216352616600787;5.470563225130961;0.9741407685100333;0.08978256225585937;-12.697947487585246
1478631439845;290.66328998888326;-1.6837712903326456;5.161529803033693;0.9557354117462411;0.14814122772216795;-13.384036193084716
1478631439878;290.6778494678895;-1.7714196314441746;4.714411724202552;1.0769418525253422;0.22296002960205077;-14.529811325073242
1478631439912;290.6729557018507;-1.8321734973048216;4.221734962616901;1.2059294852325693;0.38411971971816383;-15.753248373413085
1478631439945;290.6574279403464;-1.8613409953355664;3.6457110355240765;1.5490484741210937;0.4119523140174802;-16.269797381591797
1478631439978;290.66265702671006;-1.7878342809427452;2.8364070616359425;1.3474866218566894;0.4439747703552246;-15.574281799316406
1478631440011;290.67842599702976;-1.6985948740062846;2.3612555296356614;0.8975263473510742;0.4192845657348633;-13.811999739837646
1478631440045;290.70152556944805;-1.6366312518790453;1.6692515662505352;0.26007014848460674;0.2775777621096422;-11.923273759051412
1478631440078;290.7151081499004;-1.6258086500908688;1.1801540854872679;0.0022445640563964844;0.18614917907714842;-11.308862050274758
1478631440112;290.7193014846649;-1.614306650875218;0.6872732589456042;-0.13542204053574242;0.15906478192978538;-10.721534382452443
1478631440146;290.73584619884554;-1.6122772338811697;0.25353992491637434;-0.26156653593864754;0.2247556762805907;-10.283994029058888
1478631440178;290.7445658551312;-1.654031800070157;-0.3558392872403082;-0.4776432357677491;0.34641104357070285;-10.35297678172905
1478631440211;290.74119431383286;-1.6979153774177054;-1.1681475591583548;-0.354341845703125;0.3619733680614503;-10.474482917840778
1478631440245;290.7485530188629;-1.693952261994472;-1.7051999165884768;-0.4113537818687502;0.2506429862976074;-10.280103487893753
1478631440278;290.76224172302017;-1.6989774648547085;-2.2049094505823184;-0.5644330413818359;0.19901800386733373;-10.000879865408502
1478631440312;290.7821077733985;-1.6995874545850231;-2.9189364222899408;-0.5460276252525392;0.1723825286644045;-9.925312756778812
1478631440344;290.8003813765779;-1.697820000312991;-3.3332879079011506;-0.5734112924700224;0.21592707135849631;-10.13405682129804
1478631440378;290.8325240185297;-1.6812258441462151;-3.64729133724178;-0.6262333828656512;0.17911621170043945;-10.24568658330068
1478631440411;290.87641180273937;-1.5887406115122602;-3.942530050090399;-0.8530839425018056;0.12629413757324218;-10.184036146279983
1478631440445;290.9443777517331;-1.5137750564864534;-4.335625021044747;-0.9482534584930166;0.2141314109802246;-10.381557929373345
1478631440478;290.9728053983408;-1.505775935068027;-4.397540554283063;-0.9745896767547354;0.2072480812072754;-10.511891953454539
1478631440511;291.02938442280885;-1.4930133936548808;-4.408240502871506;-1.04701431350708;0.24824878863320626;-10.778845365496725
1478631440545;291.09531406819184;-1.4491264088484843;-4.377221745819881;-0.9320926520858891;0.2150292366027832;-10.525658905261382
1478631440578;291.21315370805456;-1.3625720435494282;-4.246118633888914;-1.1487678840637205;0.15607202985459007;-10.50306340789795
1478631440611;291.28097786831194;-1.2398292703338176;-4.124325769172826;-0.9388263259887695;0.1195604362708982;-10.16353568496704
1478631440645;291.35606638131816;-1.1277099172976066;-3.8325368637990254;-0.7703344115547369;0.11162965240478515;-9.60867924929643
1478631440679;291.4618458397635;-0.8819833951832177;-3.292833419018686;-0.049530046844482416;0.026485855865478514;-7.27493167424947
1478631440712;291.55712940084885;-0.71226677501441;-3.027392128470002;-0.0028431144714355467;-0.011222820281982421;-5.191227749633788
1478631440745;291.65612504267335;-0.6024257019275121;-2.986778349946591;0.41374801092837005;-0.04339490509033203;-4.161272122955322
1478631440778;291.7481393549196;-0.573504435178276;-3.4809349330935095;-0.8370727371658198;0.010474632263183592;-2.928557543182373
1478631440812;291.8311100097015;-0.5694566040512862;-3.728239930482001;-0.2563292152404785;-0.008678981018066407;-3.471891682434082
1478631440845;291.92532159590644;-0.6583419708845355;-3.965537473117673;-0.05551555099487304;-0.07900865478515624;-5.486463034112751
1478631440878;291.97948511558496;-0.7645592400315928;-4.0346140977659;-0.044292730712890624;-0.2115875808494631;-7.9710452224180095
