sep=,
timestamp,gyro-alpha,gyro-beta,gyro-gamma,accel-x,accel-y,accel-z
1478631191329,279.72838350168115,0.9584945311344554,24.809855183365034,4.0728361986686,-0.13631985474185784,-8.959252080945088
1478631191362,279.7282423388708,0.9717003022964145,24.901147130224295,4.089894931162987,-0.16729484507052583,-8.957456868091388
1478631191395,279.72449895340833,0.99762653178917,25.017859223765196,4.1166800827855825,-0.20874445724487303,-9.020304300910885
1478631191429,279.7094344831664,1.0627727428047309,25.247809232154143,4.260481762916501,-0.2567781280517578,-8.953715914297662
1478631191462,279.70366218792265,1.084294213708415,25.335537784315143,4.274398023533541,-0.2771288330299314,-8.918101940840552
1478631191496,279.6795210889874,1.1980819912104852,25.640578017881367,4.3939585785354485,-0.3724479957580566,-8.683919241653568
1478631191529,279.6641789725228,1.270627147366537,25.85478910228918,4.425831525133597,-0.36706104202270506,-8.518420070161577
1478631191562,279.6360565035801,1.2870495717337411,26.067033697294907,4.628590322964452,-0.2053027969249757,-8.549095724133402
1478631191595,279.6158530004086,1.2733839332312413,26.220577489795417,4.708048000158742,-0.11611877138442359,-8.392275186599605
1478631191629,279.5939172833587,1.2471709675808884,26.402325503040796,4.7693993081023915,-0.0743698890686035,-8.110058848571777
1478631191663,279.5843587061441,1.1964559975114633,26.678930545239705,4.510227078855177,-0.08529342500991187,-7.8398131169859315
1478631191695,279.5762625068011,1.212628540883815,26.836760038756065,4.1356841840439476,-0.10085573580092749,-7.2052002586364745
1478631191728,279.57479240383475,1.2723275211295453,26.954413682607495,3.0683189189635214,-0.05102642288208008,-5.3664533836364745
1478631191761,279.5686997180653,1.2789241062106147,27.036189848098857,2.185157927703857,0.034715924072265626,-3.863193724004924
1478631191795,279.57051442240027,1.218571105577097,27.115240251822332,1.9168577041625976,0.10504559783935546,-3.5883097381591793
1478631191828,279.5669583755114,1.1163623880623605,27.194161431178674,2.06694407460317,-0.043245267486572266,-4.196437252099812
1478631191861,279.5506650141562,1.0110592495055741,27.281027134778117,2.6336216800414025,-0.09202711717910132,-5.175515801239014
1478631191894,279.5389260698521,0.9242931473901042,27.31969856900899,3.282749824346974,-0.14529811781730967,-5.459228405706584
1478631191930,279.5416793709222,0.7715127725411315,27.308063553663068,3.9932291304657235,-0.17911621170043945,-7.371447782544046
1478631191963,279.5364710080699,0.715207767861142,27.238258367155876,4.162319549649022,-0.2201169151306152,-7.769782718426361
1478631191997,279.5364303976266,0.6574538794164085,27.15136181541249,4.163217302206345,-0.23642741394042968,-8.070703866522013
1478631192032,279.53363042095924,0.5767049477338122,27.051852263663402,4.617217938143946,-0.16729484556999522,-9.102305872168019
1478631192065,279.5208483681857,0.54378313969416,26.963130577021,4.923974879720993,-0.06778583906975108,-9.527127175372465
1478631192099,279.5087599945595,0.5236522253974694,26.877451878207022,4.81144758435674,-0.044592005920410155,-9.302820297738723
1478631192132,279.5042236860095,0.48576120025054614,26.785963149649053,4.749796708944626,-0.039055414581298825,-9.429114544909819
1478631192166,279.5013349915032,0.42544060151253776,26.679446065192263,4.854393540103175,-0.0526724365234375,-10.07539928248301
1478631192199,279.48805409863246,0.4091629471850125,26.485954780640267,4.7631145652771,-0.13482348098754882,-9.973645638861134
1478631192232,279.48279880461365,0.41368857609053294,26.27908803880575,4.405929650768312,-0.1876455551147461,-9.703250123541057
1478631192266,279.46789219762906,0.4039335589361541,26.026355972368666,4.425980961807957,-0.1476923103443114,-9.897330095617473
1478631192300,279.43877816118845,0.387407703322642,25.71107374994689,4.66614943457339,-0.07586626567702333,-10.0206318464417
1478631192333,279.4317753718741,0.3926771075252199,25.4785663578023,4.379443804035987,-0.0565630142211914,-9.750086693517863
1478631192367,279.4235871001964,0.3583186240084356,25.164719827909266,4.253897900147317,-0.04279635467529297,-10.150218084362894
1478631192401,279.39787361495183,0.29161871517999216,24.907599122135395,4.716726908111572,-0.04653729562552034,-11.210549852343648
1478631192435,279.35698017594694,0.23472940571484585,24.650246484556718,5.488557668304443,-0.060752869409753475,-12.09834990158081
1478631192469,279.316763194361,0.1421175593707439,24.242426355678745,5.905747161456197,-0.08589198227481683,-13.366677938787639
1478631192502,279.26908469257137,0.07696491572309515,23.975997494583957,6.498312218475341,-0.07003039855957031,-14.738256507110595
1478631192536,279.21354746084967,0.04629761290104665,23.7675078620949,7.04823041229248,-0.0489314958586212,-15.74382120437622
1478631192571,279.12191326555245,0.13273044687762772,23.602326194164746,6.827514946746826,-0.07481880416317144,-14.992041883087158
1478631192605,279.06266879898607,0.22971383012449267,23.574668861977063,5.9397150436401365,-0.1396118888744386,-13.42698218536377
1478631192638,279.00118633860126,0.317147084970878,23.564769302607154,4.917391007818654,-0.18914192658576648,-11.698218949127197
1478631192673,278.9355592479379,0.35367616451401357,23.60147535741577,4.197334730662498,-0.17971476211547852,-10.40998911062032
1478631192707,278.86397273557054,0.33439903205519006,23.67004158912769,3.973925833914941,-0.17402852860603016,-9.93444029441513
1478631192741,278.7853441394396,0.3034033310193733,23.768994782050516,4.032583783721924,-0.24271219329833982,-9.661800653430074
1478631192775,278.71724598676076,0.26421371528588256,23.887848984758687,4.005798606983153,-0.304063615406421,-9.275735708795114
1478631192809,278.6611873279741,0.20677019760052257,24.01590136227512,4.036175122744776,-0.2693476799177122,-9.418489909716696
1478631192843,278.55511315300487,0.14372724541646742,24.287694242802534,4.0227078114716335,-0.058957215881347655,-9.28276874923706
1478631192878,278.50629143087923,0.11401452867288053,24.50038180505653,4.11952319497373,-0.043245267486572266,-9.35025519893486
1478631192911,278.4600530627931,0.11689213036926054,24.68773209770071,4.269011307260207,-0.04534019393920898,-9.503184976107812
1478631192944,278.416209834161,0.14746491441407295,24.962107086762938,4.3596914576766075,-0.07137713927669682,-9.489567881100438
1478631192978,278.3399343935112,0.2712968067574916,25.75046168708192,4.522347679093945,-0.08858546142578125,-9.480290532330423
1478631193011,278.32405522897295,0.2910514963707112,25.9379593354233,4.507982505665626,-0.07137713471011957,-9.460837424645945
1478631193045,278.2976412638572,0.3058996596229132,26.317019591582987,4.633678038024902,-0.059705405041790796,-9.706093311077728
1478631193078,278.2562971398814,0.3290092967927109,26.96568970239839,5.00388132359609,-0.0591068537705185,-9.90945117991343
1478631193111,278.2521221267322,0.3490591933497252,27.436106971633492,4.858583429541066,-0.0474351203918457,-10.095750142724812
1478631193144,278.2444435995788,0.37761346390733713,27.88320202751671,4.711190426370315,-0.03007716063900152,-9.938780150250345
1478631193178,278.2317848325191,0.4367424732122656,28.311143533095958,4.576965390766528,-0.02977788314819336,-9.163357722241058
1478631193211,278.23058366570564,0.5202367163906214,28.647539524997722,3.9498343349732457,-0.040102877807617184,-7.827243485204875
1478631193245,278.2284375048645,0.6619245453703235,29.120151697346262,3.062782619885355,-0.03441664886474609,-5.898265719659626
1478631193283,278.232974100354,0.7573629709810716,29.330615529233437,2.3364415451049805,-0.03336918563842773,-4.400542359106242
1478631193316,278.2477403937573,0.8166054471794081,29.360513274763896,2.0849007331848144,-0.044891281127929686,-3.3822587577819823
1478631193350,278.26839613456514,0.8258068985162944,28.212341971403795,2.0431518417358396,-0.06239888076782226,-2.939331450653076
1478631193383,278.28933207762543,0.7759762198963313,27.100593948444995,2.0374654666624963,-0.04683656997680664,-3.472340595245361
1478631193417,278.3099004671006,0.6981566995632463,26.366419786307425,2.817376803588867,-0.04623801499519031,-4.8804304466247554
