sep=;
timestamp;gyro-alpha;gyro-beta;gyro-gamma;accel-x;accel-y;accel-z
1478631377948;282.0709172866274;1.8073878512769102;31.31254850464335;5.268440753173828;-0.2079962692260742;-8.358157893999124
1478631377981;282.04729899181115;1.7405869494783681;31.218465255260416;5.267991694232076;-0.1586158691185061;-8.430582541026268
1478631378014;282.0222643006162;1.667062308630969;31.08045370339508;5.297171136563085;-0.11656769332885741;-8.530091721056447
1478631378048;281.9967071849661;1.6021464737079165;30.91244216958458;5.271433468716405;-0.12449849546127952;-8.47143374841658
1478631378081;281.97568648542375;1.5399664677317564;30.691951763775972;5.145139130213764;-0.09831190567016601;-8.464849860531219
1478631378114;281.9367486181024;1.4530679013388996;30.26598674182665;4.9461212878891;-0.12015900495224631;-8.4476410634581
1478631378148;281.8932546776262;1.391589715253137;29.800941739992023;4.906916247691307;-0.1325789077979978;-8.523358155609777
1478631378181;281.87769553975807;1.3723020998728144;29.65276918703027;4.894047527932399;-0.18270751875725108;-8.56690245741692
1478631378214;281.8269556214984;1.3482343353508262;29.253869506719827;4.863970355876954;-0.20515314562148412;-8.680627040840918
1478631378247;281.7896638816103;1.3410083012567435;29.040712214427174;4.8090532137332245;-0.19018939437866209;-8.69828415935356
1478631378281;281.74846668462965;1.3504166251541052;28.88295877911764;4.775534614253323;-0.2307411814299201;-8.633341375389742
1478631378314;281.70855127495963;1.3724347263797294;28.78794039560718;4.724508032968094;-0.24854805642003774;-8.529642538817109
1478631378347;281.6412962841188;1.3996206759172276;28.775726040941525;4.762216721388231;-0.22714987337416967;-8.505700654646288
1478631378381;281.5952057692465;1.4045151460677852;28.88094355760451;4.817283487435989;-0.18794483488884287;-8.576928293316543
1478631378415;281.5423021340709;1.3950519023641503;29.10642486835245;5.029020550625584;-0.15816694717407226;-8.759785068368352
1478631378448;281.4854050609835;1.4009503420524059;29.494745656186247;5.292831572988815;-0.19048866958618163;-8.910320716946385
1478631378482;281.41260396681236;1.4698044638125745;30.077984976364448;5.174019589598197;-0.1349731185913086;-8.50465297222426
1478631378516;281.3065199762958;1.6246476980193383;31.144214624183327;5.262006043951213;-0.22759879075202624;-7.056310842895507
1478631378549;281.2438207142495;1.865703903408269;32.1712639375337;3.8109702002927657;-0.25139116974982895;-4.281281188909709
1478631378583;281.2165877776315;2.0358223158010755;33.21033148646882;1.5677534668520092;-0.2813187042015139;-1.462557939147949
1478631378616;281.20493619399736;1.9183989797834469;34.28003630012015;2.1772271347045895;-0.16490062107695266;-4.195389496612549
1478631378649;281.1403416232156;1.9099394503113103;35.03416934806531;3.5727472812376915;-0.20350715024643576;-4.93834049154073
1478631378683;281.11412361403757;1.886413810396173;35.535356836869035;3.703979459735006;-0.2861071075218264;-4.3825861389160155
1478631378716;281.0810325805366;1.812566272104184;36.148989338575184;4.388122876385599;-0.11342530364990233;-5.603030142919719
1478631378750;281.0689779334347;1.7352618618120548;36.62422810532314;4.627842025347799;-0.14918870008164084;-6.13379486958608
1478631378783;281.0462177098365;1.6508287577701273;37.052397006139856;5.090521642303466;-0.24331074827995616;-6.721870798492431
1478631378817;281.02236175454493;1.5669237022564135;37.50158333750786;5.858462071393756;-0.32246904066887216;-7.457638859646581
1478631378851;281.0116778028544;1.4639740434222113;37.85703090853289;6.388477925054729;-0.30511107863273934;-7.741501649707183
1478631378884;281.01274981752533;1.361136528891382;38.34027646213945;7.12903479138799;-0.5238812507629395;-8.411279418005421
1478631378918;281.0307731079266;1.3288048246030721;38.5817298285781;6.596624379873834;-0.44367549514770505;-8.34274539548345
1478631378952;281.0455292000176;1.2634223863937593;38.73903450006274;6.1715039156263;-0.2838625343322754;-8.356063361413776
1478631378985;281.0362128611171;1.1436377948515262;38.92117143591688;6.820481906304881;-0.4516062881469726;-8.406191447216644
1478631379019;281.04107095138824;1.0699026017246005;39.02660693714083;6.8127008970398455;-0.5303156494583003;-8.388085516357421
1478631379053;281.06806133884237;0.9651166124518987;39.111933330685694;7.11691392628774;-0.7136217323303222;-8.516623998791351
1478631379087;281.1122351968924;0.8657190940045966;39.16710744061655;7.080701772308349;-0.5054758255004882;-8.888922868402302
1478631379121;281.1602290272915;0.7939811366965785;39.18712524467216;6.900089476831257;-0.41404724960327144;-8.99591346282959
1478631379155;281.24065647405473;0.6069334736444087;39.13266310191614;6.875997603430226;-0.21218612213134763;-9.351452409362793
1478631379189;281.26963124025974;0.458283027327315;39.06740520611357;7.208342356054485;0.04578910675048828;-10.06821653137207
1478631379223;281.29574112647015;0.28857698952715044;38.98894320349299;8.253710948181151;0.06673837127685546;-10.54286730275899
1478631379258;281.37134067392634;0.0016005978588553285;38.837176807701944;10.2019925491333;0.11985972305540463;-12.987346905517578
1478631379291;281.40130248740235;-0.12065103220503627;38.80295688696296;10.748319440460204;-0.004189852905273437;-13.731345071411132
1478631379325;281.4184393762318;-0.19864658327741821;38.791157777886866;11.433659665679931;-0.02558803024291992;-13.871555506134033
1478631379360;281.4514072216174;-0.19600712207359716;38.867229901171385;11.508328829956055;-0.10549451065063475;-13.661763585662841
1478631379395;281.5618942411905;0.09251533171993326;39.3393561696093;8.158391648455709;-0.020350714396739203;-10.288034171295166
1478631379428;281.62085105853356;0.19347371693668144;39.70231260638822;7.000945221765339;0.02454056701660156;-9.572915916796774
1478631379462;281.6452857627645;0.2873322925079814;40.12062363508522;6.457161904840869;0.0332195434680907;-8.919149664361774
1478631379495;281.6496664154404;0.3648353186092614;40.565767003937154;6.196942358497809;-0.06090250373128583;-8.025064433907904
1478631379528;281.66298087931614;0.3956776038078277;40.98408779249787;6.199635707501321;-0.07212532501220703;-7.967154936981201
1478631379561;281.66248785105023;0.4321223627964465;41.37089223518687;6.368576525613479;-0.07826046705176849;-7.915529817553609
1478631379595;281.6628882143316;0.4745600631510788;41.69913293530336;6.244377223161329;-0.07631518191323557;-7.595754240052681
1478631379629;281.6664687845543;0.49343174198172013;42.04188432331256;6.248716476208344;-0.07167640763435047;-7.607126643139496
1478631379662;281.65801725074306;0.4759430079076847;42.139641951584466;6.704063978443946;-0.05626374358024913;-7.921815035302936
1478631379694;281.65413222025563;0.4750832436601477;42.1869360461936;6.92043989868164;-0.04878186110897222;-7.962965303271636
1478631379728;281.664571734635;0.46835993669008014;42.167543751525706;6.903082009710744;-0.06643909492769162;-7.892336062036081
1478631379761;281.68300038880625;0.4338804433138765;42.06545405485652;7.045387115157954;-0.09801263046264648;-8.136843760449066
1478631379795;281.69507089387446;0.401326031862757;41.91922883575824;7.481131780773773;-0.15517419509887695;-8.725069107763469
1478631379828;281.7253991444147;0.40701737182166164;41.68002042303548;7.585728611932322;-0.23223756103515625;-8.766668653869628
1478631379861;281.76412742954443;0.41419109280390487;41.3474622718058;7.314136434173584;-0.18106150054931638;-8.853159334973245
1478631379895;281.8153523631858;0.457505728336153;40.73736250181872;7.163301875714212;-0.09576806412296136;-9.013720191546529
1478631379928;281.86434741326724;0.630526281469643;40.023366974307045;5.938667690011672;-0.11641805401263118;-7.286004601199366
1478631379961;281.90648491037246;0.7998512558630287;39.482324641153276;4.591779508972167;-0.10100538482113042;-5.613205792236328
1478631379994;281.9597790138694;0.9670804313221406;38.87516782784388;3.303848653411865;-0.12734160079956053;-4.087650421905518
1478631380028;282.024221071995;1.1023816300978708;38.17143264584524;2.4383447532653806;-0.11177929914169944;-3.2330700668334957
1478631380061;282.12530310263895;1.259910776447649;36.90623758672905;2.0241481583192944;-0.10968437268906273;-2.5465327407836913
1478631380094;282.20108683515485;1.3194925896662766;35.728688877354166;2.242020217132568;-0.14170681989365255;-2.4932617538452146
1478631380127;282.25350146067626;1.3253654167173168;34.962565860974244;2.3722052246645093;-0.19722235718879383;-2.662801158905029
1478631380162;282.3621790349881;1.2323763260198903;32.634419106457585;3.963002297973633;-0.23537994614753405;-4.9337014335632325
1478631380195;282.42258417716073;1.1308892031976594;30.925024391078672;4.743961061593704;-0.32830489351577125;-6.870161956079304
1478631380228;282.42804343533635;0.9915089304626307;29.60777568358663;5.656900045599415;-0.4037222549438476;-8.75484702744428
1478631380261;282.4485146552768;0.9462729645823156;28.490654038972945;7.011868474578857;-0.5648819724594243;-10.861894235583394
1478631380294;282.605997942045;1.1679577425730938;26.763558002895806;5.295375448785349;-0.44427404556274414;-9.227552436917088
1478631380328;282.65114241530733;1.2458301275328185;26.253079192028913;4.80291831400767;-0.38621465530395505;-8.61927557763364
1478631380361;282.71772679284646;1.3367092072778493;25.0049770153368;3.439570106152445;-0.07347206344604491;-6.78801076548472
1478631380395;282.7503520720212;1.296030894001607;24.371317630801567;3.4603694408141075;-0.04863222122192382;-7.50447575841695
