sep=;
timestamp;gyro-alpha;gyro-beta;gyro-gamma;accel-x;accel-y;accel-z
1478631196078;280.2568905270203;0.4162359474195805;19.982191549703924;3.322403652345994;-0.0469862075805664;-9.276933024254324
1478631196111;280.25958585513024;0.42053283094127913;20.19500843509617;3.3554734942782436;-0.04100070571346441;-9.222913899529399
1478631196145;280.26081120654686;0.4244996263262166;20.46341923780476;3.3924340897214713;-0.04399345778865972;-9.150638585286982
1478631196178;280.261936432338;0.4266852627686264;20.774563996467695;3.424606240745191;-0.04698620986385504;-9.075520868959185
1478631196211;280.26021302510554;0.4200656622566375;21.12079398280097;3.5458126895158024;-0.04938040695743402;-9.145850125883394
1478631196244;280.2505755373555;0.4100521202507664;21.714505057990625;3.7523126158119644;-0.05057751007080078;-9.306261999157815
1478631196277;280.2344664325404;0.41785776445334716;22.22916940772337;3.995922552534472;-0.050128597259521485;-9.20645385444737
1478631196311;280.2129259404396;0.46102307377418794;23.141262590060528;4.033631210415624;-0.021847085582348515;-8.389282544122263
1478631196344;280.1999029582064;0.5018196248958565;23.787984019386474;3.9009026193480936;-0.015412673187255858;-7.753622222546488
1478631196377;280.18591504620065;0.5553687542978175;24.540082226722266;3.731063975613378;-0.02154781494140625;-6.925527577209472
1478631196411;280.1746747044926;0.6549831523658799;25.803187156128082;3.075052611132711;-0.015412673187255858;-5.373934971563518
1478631196444;280.1771920049423;0.6820005635419017;26.672275684423003;2.5284265907287597;0.026485855865478514;-4.732738423974812
1478631196477;280.1755748171919;0.7052630000480808;27.488827145828473;2.23438869934082;-0.039354689788818356;-4.263624243927001
1478631196511;280.16873693875647;0.6999657186991632;28.198703841932552;2.237381305285543;-0.27892449340820313;-3.920205651037395
1478631196544;280.1707193296176;0.6264813381010662;28.660132880894356;2.0896891365051267;-0.42601826703720724;-4.460996243286132
1478631196578;280.15224268307145;0.5418402395607652;29.097269923433327;3.1631893058776854;-0.5808931960617192;-5.74219369893819
1478631196611;280.1427590830365;0.4868331457000125;29.60997644341407;3.5495535987854003;-0.5002385093688965;-6.211906137140095
1478631196644;280.1469358300846;0.41846907563699354;30.13676026935305;4.046200732598826;-0.1892915687561035;-6.922235549926757
1478631196677;280.14673507153526;0.3648884213387543;30.539038122000825;4.669740590933151;-0.07047931365413823;-7.455992590276897
1478631196711;280.16935601882454;0.25821975147133763;30.920609184409887;4.688146344989166;0.01780687484741211;-8.142979066599999
1478631196744;280.17263777025215;0.11408680487007279;31.084720508713403;5.1987097942185585;-0.06344634399414062;-9.11517470609136
1478631196777;280.16636394459357;0.05285287111438247;31.129960699867514;5.130624282649066;-0.08813654975614627;-8.726416028860397
1478631196811;280.1712123248072;-0.04145625997922863;31.141629253609;5.282656106335297;-0.09950900707106629;-8.982296513952686
1478631196845;280.1699392156852;-0.14961092032340964;31.093902602686967;5.667673989602736;-0.10699088897152105;-9.714323598480224
1478631196877;280.161773697882;-0.20747798466341993;31.009950201153185;5.777807375567779;-0.1873462844738038;-9.684545861462503
1478631196911;280.16606839352795;-0.25136235590541856;30.865857903666218;5.577592188671976;-0.18225859681281725;-9.597905396624654
1478631196944;280.16897033867104;-0.30586617419060336;30.64994632091667;5.492747411611862;-0.10519523544311522;-9.823559049224853
1478631196978;280.17131803368835;-0.36186884387327184;30.235641083775196;5.435885231781006;-0.05371990431633312;-10.094253182165325
1478631197011;280.16113675370156;-0.4235691799414073;29.763637023711848;5.5449710449218745;0.05566518859863281;-10.344597039385885
1478631197044;280.1545458417784;-0.502923143393319;29.4359819781228;5.949142358807474;0.04953004912777105;-11.27175148615092
1478631197077;280.14744629726835;-0.5725585777541222;29.0882030872112;6.2693666847229;0.04444236831665039;-12.148179223632813
1478631197111;280.1365844810918;-0.6627844687537133;28.733517814492245;6.537816399737447;0.128089791101648;-13.188310499627887
1478631197145;280.0952687278798;-0.775781925397864;28.436771765249876;7.443722599029541;0.26261399459838863;-14.649371770477295
1478631197178;280.0393838664492;-0.8488907806118375;28.254167629396342;8.472630762481689;0.37439327547377904;-15.601366205596923
1478631197211;279.95835230554746;-0.814825010337118;28.224011681258702;8.65683465270996;0.49530045931166966;-15.039776278686523
1478631197244;279.92225397964563;-0.7234434782194695;28.396920272324362;7.165247018432617;0.47704468991928733;-12.935123674066364
1478631197278;279.88015290748814;-0.6379597644072046;28.673810721021777;6.019022973632812;0.38367081604003905;-11.431714084570109
1478631197311;279.8303863763574;-0.5841630799050591;29.034996720840738;5.1936220608918;0.18824410552978516;-10.453832344000041
1478631197345;279.76709994052567;-0.5489530372558828;29.44586569329507;4.925321864750003;0.0037409400939941405;-9.871143807220458
1478631197378;279.70060748421236;-0.5167794674675394;29.89637310008075;4.7301942011184055;-0.09935935976332984;-9.365668127850443
1478631197411;279.6277573226428;-0.483269714526427;30.366923202864832;4.738574107858352;-0.14619592974013648;-9.050381550598145
1478631197444;279.5156336906774;-0.4139035682925987;31.102489444983142;4.83134916646108;-0.12210428466796874;-8.52934314944516
1478631197478;279.4473938928544;-0.3652197699565609;31.56421821033716;4.784662599414214;-0.06988076552238781;-8.34499010338703
1478631197511;279.371507000756;-0.32089507394883476;32.00597742580793;4.809203056832962;-0.08035539321899414;-8.231115459950873
1478631197545;279.2497065223319;-0.23344589213625433;32.58071389955015;5.341464054505643;-0.07003039855957031;-8.407538231316256
1478631197578;279.17060285948276;-0.16309011618437427;32.98771476471817;5.5328506730119695;-0.06703764191779774;-8.46275457103569
1478631197611;279.09204467906636;-0.11827396770168667;33.36774085915992;5.541828573044529;-0.06224924544735113;-8.413224798185844
1478631197645;279.01527396362997;-0.07184118464275822;33.70499398143527;5.648669886061083;-0.05357026100435178;-8.559570429461822
1478631197678;278.93985352562584;-0.04609696067092243;33.992584584474436;5.645078674902394;-0.001197100830078125;-8.683769421386717
1478631197711;278.8200597068134;-0.03486309831885569;34.26708713510589;5.710619616555609;0.04982932148117979;-8.758289167254791
1478631197744;278.7458057413578;-0.09884723724238227;34.22943843700823;5.815365920921136;0.09187748870849609;-9.040056702069192
1478631197778;278.6764562802947;-0.11602332343274953;34.319583874313146;5.863849034262262;0.05835866546630859;-9.375843484906106
1478631197812;278.612734402756;-0.1330334763065141;34.356382773962174;5.820304290638771;0.032172084808349606;-9.457695254162699
1478631197845;278.5229144855428;-0.1294374912442507;34.1687001552353;5.353135362907219;0.015113397979736327;-9.048885466821492
1478631197878;278.46776862383456;-0.11423882403136523;34.12979037181229;4.972008769723587;-0.016460136413574217;-8.522908960812352
1478631197912;278.4071271333798;-0.06468459353712513;34.11146037278292;4.398746927056834;-0.040402154156781035;-7.486219897693022
1478631197945;278.34973863078545;0.017038812032006485;34.13159498007692;3.5784339485719796;-0.05297171144554595;-5.796063236291706
1478631197978;278.3036755366873;0.08328826667810395;34.18486466993534;2.715473303167522;-0.044741644665814234;-4.26811307977885
1478631198011;278.2544805909879;0.12499153164229998;34.25051665572959;2.2771847617551684;-0.04848258361816406;-3.252223972375691
1478631198045;278.1851059348327;0.13993641209938137;34.30547746817145;2.5725696838378904;-0.058957215881347655;-2.618358790588379
1478631198078;278.1617107189039;0.06897384065840965;33.98779577109523;3.2815523581907153;-0.0519242507879273;-3.612850012914836
1478631198111;278.1499688724351;-0.04481313252980037;33.62201110004822;4.212747239452972;-0.046686934085513346;-5.331737751825154
1478631198145;278.15064434143284;-0.1572657044569557;33.36818095822336;5.749226556717045;0.06344634399414062;-7.817367732150293
1478631198178;278.1413978569367;-0.2345788172843572;33.03161300990592;6.909067294665426;0.22879589614868162;-9.842264041955769
