sep=;
timestamp;gyro-alpha;gyro-beta;gyro-gamma;accel-x;accel-y;accel-z
1478631153528;283.4069882975636;0.8468118965843384;17.21718976336548;2.9001263411003904;-0.13676877211971442;-9.317035751364891
1478631153562;283.36411972846247;0.8249128000875011;16.93933343167447;2.863016361783852;-0.10100538253784179;-9.256582259910646
1478631153595;283.3031525570323;0.7709835359417433;16.501318886443606;2.788945570967899;-0.08274959487915039;-9.240870348048489
1478631153629;283.26771773185976;0.722689311873501;16.228193286838657;2.782810393822775;-0.10025719223575433;-9.217377098127733
1478631153661;283.23584448289506;0.6657238001162803;15.956947138345281;2.696469596561326;-0.0757166275024414;-9.279177693341998
1478631153694;283.19437957080555;0.5714128560089604;15.5891446205355;2.658760904787609;-0.08170213165283202;-9.380631568566011
1478631153728;283.1713350460148;0.5017530455428499;15.375916486904869;2.620304079437256;-0.061650697315600696;-9.41654485376326
1478631153761;283.15077519630944;0.4367769534289962;15.210097457485697;2.6210523861870634;-0.06374561920166015;-9.454253272469925
1478631153794;283.1331585499312;0.375334047847988;15.108534860159944;2.638709559498634;-0.06120177851068874;-9.502287047737266
1478631153828;283.12183108213935;0.32327220503987464;15.079498390491986;2.6496329310431608;-0.061501053432797194;-9.54508355082632
1478631153861;283.1054548990628;0.25526169644762675;15.203990926186346;2.7635072479690423;-0.06524199295596918;-9.685742779629491
1478631153895;283.09383408686244;0.22846321383548981;15.467427213354501;3.0695160563262176;-0.08499415893554688;-9.694122521972655
1478631153928;283.08967232655164;0.23616511123749212;15.931524990634996;3.1025860398223624;-0.10938508834838867;-9.309703362650191
1478631153961;283.0897556840289;0.24712844214600152;16.374541356360382;3.115155525472946;-0.09247603912353515;-8.640524007769674
1478631153995;283.0975920389445;0.3061043592991177;16.97502454572229;2.9381342493582983;-0.06254851837158203;-7.492055545043945
1478631154028;283.11684327016945;0.4195222287585813;17.575252796371107;2.2713491874694824;-0.035015201563073785;-5.32171203237325
1478631154061;283.1492846701287;0.47007289797405005;18.04363299330633;1.135449991198629;0.061650692749023434;-2.485480598449707
1478631154094;283.1854914926229;0.37938725657911465;18.59374733020068;1.0498572818480432;0.31693245846291535;-3.6132992179870604
1478631154128;283.1723373186074;0.1900397619564849;19.778553913573607;2.0822072563171385;0.10878653565006097;-5.730521673583984
1478631154161;283.1538595504267;0.10758100661511463;20.388334653004073;2.567033092498779;-0.04489127998628537;-5.959018294525146
1478631154195;283.14735550147986;-0.016251256385880843;20.909044742878443;3.1772553136963397;-0.10384849786551058;-7.49175656209737
1478631154228;283.1460993458833;-0.11605491315114948;21.311702971018253;3.393331958726514;-0.04085106582641601;-8.265382827404887
1478631154261;283.14241185003624;-0.20182356664510764;21.709375143880255;3.8126166340592316;-0.0671872795215575;-8.651148496832326
1478631154294;283.142402027674;-0.3460402574046345;22.24550129076429;4.1997289505889634;-0.06838438491821289;-9.503932835333048
1478631154328;283.14789033015546;-0.38710054732110816;22.38557013114553;4.1377790191650385;-0.06539163284301758;-9.68798730715327
1478631154362;283.1532178207902;-0.47585266927794834;22.664543099234972;3.83536132606843;-0.11148001480102539;-9.403376913595757
1478631154395;283.1607467471909;-0.5633038430449514;22.771461218276187;3.782539430037746;-0.16654665298461913;-9.3592335647583
1478631154429;283.14717296157244;-0.643320435359462;22.801024991824523;3.820696907115343;-0.06150105514526367;-9.649380878448486
1478631154462;283.13878799837624;-0.7475360430716114;22.781671623408503;4.296095640475489;-0.05850829393691383;-10.17625510048233
1478631154495;283.1386736487879;-0.8503982911682764;22.635736643329555;4.238634800631739;-0.06015431671142578;-10.254814477130026
1478631154531;283.14173045707946;-0.8791352407991443;22.57519453427544;4.126107213006541;-0.010474632263183592;-10.324994951684772
1478631154563;283.1355526013917;-0.9585419841510066;22.33630598438958;4.058620799841359;0.00029927520751953123;-10.474183642633259
1478631154595;283.11749721182036;-1.0457132332408177;21.93060099043729;3.957016793823242;0.1557727523637819;-10.867580756787211
1478631154629;283.10455405713617;-1.0872707993228308;21.772398881192977;3.8145617219787087;0.2808697731239255;-10.994323807171732
1478631154665;283.06044496154834;-1.2002581367847434;21.234685627579843;4.293102924932912;0.29388824465102514;-11.819874320983885
1478631154698;283.0401480382663;-1.2948269028705384;20.83293392674885;4.472817760113626;0.33698388366699217;-12.537087063543497
1478631154731;283.0191415106071;-1.4072536794904573;20.414908894732733;4.627692533874511;0.46462475967407224;-13.965228646087645
1478631154765;282.9602873301843;-1.5405157726641319;19.73162621766431;5.125087928771972;0.4707599014282226;-15.108459938812254
1478631154798;282.9132391725581;-1.6129629699497057;19.292916490352063;5.5235730137147;0.4695628005981445;-16.125995644378662
1478631154831;282.86168021768657;-1.6061131658666372;18.903849520548523;5.699995602416992;0.3740940185325686;-16.194230391693115
1478631154865;282.82980015065283;-1.5204179994582387;18.62111188919683;5.173421020916849;0.255730670533661;-15.201983441162108
1478631154898;282.7963847748266;-1.40099919372529;18.443122725897577;4.1569326324462885;0.1424550079124514;-13.729848695373533
1478631154932;282.74547795373104;-1.2873020155418131;18.354863473840823;3.3334769354889167;0.07556699903183617;-12.504466358184814
1478631154965;282.6689268451416;-1.175014867121004;18.31364969439761;3.0461728116186917;0.07766192548447289;-11.669787950543313
1478631154999;282.5800681795472;-1.064928358542238;18.323429147265543;2.9011739712921902;0.09367313995361327;-10.911424428558348
1478631155033;282.4412465081561;-0.9048524138650011;18.440947002705567;2.9622260314277837;0.09861118087768554;-10.297760396343842
1478631155066;282.29724635833105;-0.7331524962329228;18.665288214385527;2.9530980006011203;0.10579378585815429;-9.809343440335057
1478631155100;282.19799202756053;-0.6262568467062699;18.828891221994486;3.074753445523046;0.13108253632697742;-9.719860043688863
1478631155134;282.10256890960017;-0.5196198950878426;19.107408090006285;3.1842883358719756;0.10444704856596071;-9.763853572259471
1478631155168;282.00773609977256;-0.4110067856981585;19.377137421337004;3.1989527342754647;0.031573534393310544;-9.78944138330668
1478631155202;281.90252663722026;-0.2946467512366833;19.69194432925856;3.4241573598999526;-0.015263035583496093;-9.772383098336867
1478631155236;281.80200429760225;-0.18423626693555048;20.08052330507518;3.6213796303237786;-0.03127425918579101;-9.816825539718755
1478631155270;281.7125676485089;-0.09858001288218315;20.495144290450675;3.6740521581787613;-0.030077157214068572;-10.00207656437978
1478631155304;281.5846154060271;0.03562296139508753;21.135955798061758;3.698891963870264;-0.042048166656494135;-10.132112007373198
1478631155338;281.50070015237094;0.12012709846600288;21.537905173948012;3.766827490776125;-0.03905541343965451;-10.251672306646778
1478631155372;281.41788945787124;0.21917351118087608;21.98582412396688;3.7328597227566176;-0.04504091930251161;-9.905709801428019
1478631155406;281.289711887148;0.4035105104138133;22.659871135191167;3.425803337008692;-0.06419453030047298;-7.986757682269439
1478631155441;281.22362162377516;0.5294249420708205;23.168900018435906;2.888903578186035;-0.06554127044677734;-6.519411120605469
1478631155475;281.1629262035782;0.6535371071778397;23.68087283193348;2.2212205902099607;-0.11088146823903589;-4.847959086608887
1478631155509;281.1068287587515;0.7396873166863052;24.146796691428698;1.6769886253356932;-0.12689268374279145;-3.353827613067627
1478631155544;281.0625247113751;0.7822790087567574;24.492421256594266;1.824680940246582;-0.11611877709264518;-2.9480104316711424
1478631155578;281.00927925917813;0.7134345114941435;23.14028469075437;2.2376807266235352;-0.060902504730224606;-3.450493505096435
1478631155611;281.03142543445205;0.6244166022631642;22.18494145181981;2.2794296180725095;-0.04055179518547374;-4.740070374298096
1478631155645;281.0371423597028;0.5051066130113804;21.758561777151147;2.810343836212158;-0.06718728408813476;-6.747159699658304
1478631155678;281.0075815333905;0.39334232056720914;21.66012201768586;3.8670847035614773;-0.16774375381469725;-9.14435387442773
