sep=;
timestamp;gyro-alpha;gyro-beta;gyro-gamma;accel-x;accel-y;accel-z
1478631205835;279.07192632186917;-0.050374143068303755;22.419773824560934;3.77595535263943;-0.009876082418966689;-9.20525638829111
1478631205869;279.0577551970861;-0.07784759116774316;22.276100796924734;3.800196694680862;-0.018405424120806854;-9.233986835612448
1478631205903;279.0466209649727;-0.08187518775409038;22.26689169229399;3.8226423626442902;-0.019003975677490233;-9.173832829428278
1478631205938;279.0363023303999;-0.08061499578460611;22.336443800266867;3.8953660280089824;-0.0071826061221130656;-9.16410585546093
1478631205972;279.0255647731929;-0.074374490394258;22.462141801243295;3.887285615672264;-0.0020949264526367185;-9.166200891511421
1478631206006;279.01334010055814;-0.06321206745718809;22.636470271631893;3.898059587075049;-0.006883329772949218;-9.094225532896537
1478631206040;278.9998872824727;-0.0460392622172412;22.86370130878315;3.9829041175399906;-0.019602527234173613;-9.1020062955664
1478631206075;278.9851717899162;-0.0239073606402415;23.166532284209314;4.071639289634768;-0.015861585427712998;-9.035567571673111
1478631206108;278.97625545476956;-0.005257764773822541;23.53702309626221;4.057722782422555;-0.030974983978271482;-9.040804844422219
1478631206142;278.9150268780027;0.08775775672018721;24.54511176542259;4.271854348666407;-0.05327098693847656;-8.379107114001362
1478631206176;278.8958878283312;0.1413889962455707;25.18990472990446;4.27245282601621;-0.04938040924072265;-7.1984665664672844
1478631206210;278.89357371191363;0.17106922179564163;25.88220338645802;3.815758786276169;0.03142389678955078;-6.561907907812297
1478631206244;278.8937688175717;0.2065793813091417;26.589216743533072;3.282600040612742;-0.0017956512451171875;-5.874772323608398
1478631206279;278.88889348156926;0.2540919790662598;27.625242630473938;2.7968765980042516;-0.04728548307349701;-5.044283622741699
1478631206312;278.89923027227496;0.2320253993191091;28.53357951524877;2.3876176055908203;-0.03860649991484751;-4.786308101598918
1478631206345;278.9023906337913;0.20286964095783686;28.99096215655839;2.8598738830566406;-0.02229600181856076;-4.999093358667195
1478631206378;278.9181472656813;0.19629780124764032;29.031851313336603;3.010858225250244;-0.02439093055448611;-5.0707697708681225
1478631206412;278.9975865434528;0.08310818930975854;27.80675118601477;2.3243210453309118;0.4899135295508487;-5.507112438909709
1478631206445;279.0055894895257;-0.07962505162975049;27.388636437523356;3.5872623479980974;0.06224924088077387;-7.549815587029978
1478631206478;279.0084077190312;-0.11613161802701569;27.446061664849978;3.6872202673096206;-0.028580784601403866;-7.728782161126658
1478631206511;279.0141598113944;-0.20363559553162175;27.66802935291018;4.814290735360793;-0.04144961852474371;-8.523507785222026
1478631206545;279.03396681551294;-0.23323870721676795;27.627252892333164;4.852597943656985;-0.09262567216071765;-8.780285758010157
1478631206578;279.0670168085996;-0.24893911559640658;27.54528555243093;4.591480119600217;-0.06868366469230969;-8.91211622206103
1478631206612;279.0883381613999;-0.2766090446185474;27.44960705641256;4.444087239727052;-0.06329671095695812;-9.023147725909576
1478631206645;279.10448426675856;-0.2951707167177406;27.377372031117957;4.853046655538864;0.04878185682780604;-9.411457161535695
1478631206678;279.1418195740934;-0.28319039763545856;27.27831084573624;4.733785540141258;0.06494272003173827;-9.376591599859669
1478631206712;279.16318430067355;-0.2762122391315804;27.244455723203775;4.7560815979003905;-0.003142389678955078;-9.289652334738335
1478631206745;279.1852560735327;-0.2601100702424961;27.207515513739473;4.687098735632374;-0.04908113403320312;-9.271546038552932
1478631206778;279.21826134030056;-0.2365131385042655;27.022197197205017;4.607341838029492;-0.05102642744865734;-9.699808970111235
1478631206811;279.23127654290414;-0.2174154601498695;26.831986043488886;4.6030022013899865;-0.03351882095889887;-9.798719207000731
1478631206845;279.2427108716661;-0.2601660473480317;26.790657861753033;4.744409791741893;-0.011971008300781249;-10.205434214019775
1478631206879;279.24900167119137;-0.31784924959528765;26.729639422313646;5.049072172192484;0.005835866546630859;-10.898106974084675
1478631206912;279.2592703347289;-0.4216009449308966;26.51413254462013;5.399223945794627;0.08424596977510372;-12.123938224084675
1478631206947;279.24737618636675;-0.4974373397852025;26.320131248154564;5.767931220654398;0.155772745513916;-13.026402320098876
1478631206979;279.22227960450897;-0.5993961305322416;26.086302049177817;6.550835017395019;0.2705447875976562;-14.280963990020751
1478631207012;279.1795943114161;-0.6837987437024313;25.822697382012887;7.391349437713623;0.28999767608642574;-15.434669915008543
1478631207045;279.1424908148954;-0.7128459587911173;25.6183179024526;7.921964380645751;0.3904045082092285;-15.708357092285155
1478631207078;279.117098465869;-0.6906543877712511;25.379017836056523;7.390900524902343;0.4906617209945805;-14.914828879547118
1478631207112;279.0920360472104;-0.642522576250098;25.250002886723543;6.5093852550230915;0.5404910339134279;-13.589488623046874
1478631207145;279.0625218638096;-0.5973324707562059;25.174243718244103;4.976946701049805;0.2750339248436037;-11.496806442205607
1478631207178;279.03004659987425;-0.5958457748112321;25.119345586810788;4.3888708452086895;0.17657236786994615;-10.811915422058105
1478631207211;278.9533090596598;-0.5880345124140031;25.11701923461039;4.049941800556984;0.11566986313972155;-10.065822548907622
1478631207244;278.89267929682404;-0.5709544038774271;25.14172299978107;4.066102552165184;0.11162965240478515;-9.502436897686868
1478631207278;278.8294681879886;-0.5435191392925462;25.19035725659159;4.048744699726906;0.05521627350406488;-9.211990272256545
1478631207311;278.76447355064533;-0.5086514028517228;25.301896892609143;4.1955392566576615;0.07870937957763671;-9.246257100854441
1478631207344;278.6644983750198;-0.4128498041367823;25.441146308900848;4.280982123764744;0.026036943054199218;-9.109787587959225
1478631207378;278.63392630039317;-0.36018272173022886;25.50058654371017;4.286818095342651;0.032920270543859806;-9.136872012506052
1478631207411;278.576145838272;-0.26503483773309944;25.63195933706166;4.29938748966169;-0.00987608184814453;-9.271396108688227
1478631207445;278.5176200059693;-0.15019524018348349;25.757238686909627;4.379892689447803;-0.014514845281408633;-9.41699367980957
1478631207478;278.4286048075012;0.04526000966847528;25.947464973386246;4.419546499180514;-0.0436941797270294;-9.383474637371673
1478631207511;278.33978895977293;0.22421142844213562;26.159645875429618;4.601655462956149;-0.044741644094992074;-9.528024489538371
1478631207545;278.2909313727528;0.31364866066507496;26.352477255917833;4.636820409437548;-0.020051438903808592;-9.587281492083891
1478631207578;278.2558398316557;0.3715832690783242;26.487304014487844;4.567687836500537;0.01840542069587391;-9.887753727368265
1478631207611;278.21760088288636;0.4547542845275134;26.75187596984965;4.5937248343536625;0.005536591339111328;-10.047416612188517
1478631207645;278.1853662197441;0.5349287878629855;27.04829407367125;4.8132431625366205;-0.02349309922370594;-10.381407889910786
1478631207678;278.16124210234415;0.654629596558777;27.354128227206694;4.509329268073994;-0.04115034103393554;-10.049512123163044
1478631207711;278.1381520437304;0.7915949210749905;27.667421347714512;4.081664990820363;-0.05297171173095703;-9.106794927215576
1478631207745;278.09007568130664;1.002095629080861;28.103616552099183;3.7294179985046383;-0.05297171173095703;-7.680599071911722
1478631207778;278.0689202749974;1.173256895589276;28.486502215327267;3.0976481815613806;-0.03995324020385742;-5.675754602868855
1478631207812;278.061621518605;1.3409344704759725;28.877012373513132;2.393603109741211;-0.03666121292114258;-4.393808959197997
1478631207846;278.0496751411318;1.5576065456111636;29.487296761357047;1.956062756347656;-0.06209960556030273;-3.1823429191589354
1478631207881;278.0431401316756;1.6664706779220337;29.87855582951909;2.070236248016357;-0.09861118087768554;-2.827103247833252
1478631207914;278.04295726810636;1.7391354275078155;30.180442354324814;2.5053823997497555;-0.1227028350830078;-3.1298201202392577
1478631207947;278.05737174616456;1.7758400649456223;30.213293214191815;3.408744321386516;-0.14544775085449219;-4.090493244116008
1478631207980;278.07376302260934;1.7477742048332696;30.004026076554037;4.219930136694386;-0.14454992523193358;-5.720496246393025
