sep=;
timestamp;gyro-alpha;gyro-beta;gyro-gamma;accel-x;accel-y;accel-z
1478631429037;286.4279120433368;1.063661140147382;4.391298667397973;0.7543231928044304;-0.20784663162231445;-9.56722970612021
1478631429071;286.4349774282391;1.042408935541203;4.1307644070622205;0.7176619795978767;-0.19093758353910525;-9.636661910457768
1478631429105;286.4431251425926;1.0069564692926734;3.835808432342791;0.6835445534250116;-0.1666962974382448;-9.779415684975197
1478631429139;286.45262764867675;0.9688827508031265;3.5359531175771703;0.6777086937282467;-0.16819267319043138;-9.876830054429638
1478631429173;286.46499360937196;0.9342310156383946;3.2491949762506502;0.6491279159767087;-0.16684592933378298;-9.957035517783929
1478631429207;286.48626926404245;0.8825881363558493;2.8139483125821254;0.4876689380949887;-0.12779051361083985;-9.88476069216528
1478631429241;286.495115077361;0.8440300603389275;2.5231361658409495;0.4553472396574099;-0.1140238540649414;-9.8097921796164
1478631429275;286.50676647213186;0.8223771304834224;2.268926542078065;0.44801497195700646;-0.15652093581600346;-9.670928638590965
1478631429310;286.52542628430007;0.7874133764810587;1.9254080348264122;0.42212767107314425;-0.15233107948579708;-9.695020110133196
1478631429344;286.53765445687526;0.7446854524505931;1.7584360444457539;0.3550900337219238;-0.09711480255679926;-9.795726481754178
1478631429378;286.546412912162;0.6596486924312447;1.7293883191256285;0.39743747558593745;-0.05716156463623046;-10.053103261256497
1478631429411;286.54285195326;0.6140701204030123;2.037449379689764;0.6974608711242676;-0.07960720063361805;-9.912743325927154
1478631429444;286.54319858851613;0.6155667526644605;2.429914179306976;0.8358756546020507;-0.07900865250186762;-9.477896148007176
1478631429478;286.54153483680363;0.6639099068012916;2.8972043667677148;1.014542953491211;-0.1346738388172118;-8.625859741796924
1478631429511;286.5625770346042;0.8019330371704128;3.447626903008003;1.1418845542907714;-0.15622165604190666;-6.4861915725708
1478631429545;286.6079915429927;0.9083594055694824;3.9438097617467247;0.5226841864654794;-0.2437596565246582;-3.2083798622131345
1478631429578;286.670052479465;0.82089669753542;4.331332750061644;-0.2102408332824707;-0.07646481552124022;-2.9517513717651367
1478631429611;286.66637686086517;0.7311136202183934;5.017947546723656;-0.1541267318725586;0.005835866546630859;-5.184942970275879
1478631429645;286.6530090345492;0.7032851653890396;5.678254315403144;1.0660183257171885;-0.05132569808959961;-5.384110620880127
1478631429679;286.7199964089514;0.5630606407714256;6.357786002559598;0.799962611433398;-0.024540562450024297;-6.754940708923339
1478631429712;286.7557864303901;0.45422539177312615;6.961426133522159;1.2644377380702876;-0.11312603072567144;-7.8197621895387766
1478631429746;286.78732809675574;0.3512136691912031;7.146552565624391;1.6410755639007315;-0.2795230529563967;-8.60221685427241
1478631429783;286.8397964547763;0.24117531372287912;7.268390773832318;1.6344915093353016;-0.2208650985828368;-9.979481194880512
1478631429817;286.8982319257684;0.11435585136722425;7.265757761062513;1.2152069413171498;0.00613514175415039;-10.687716064807027
1478631429850;286.9642712120437;0.044232918967146026;7.065461452204548;1.4100351402282714;-0.137965874662259;-10.607360598522797
1478631429884;287.05397071281163;-0.053889408553897;6.640422882184894;0.7439981658935546;0.032471359445046984;-10.304194740240275
1478631429917;287.1245356784212;-0.20596290741919393;5.993787747851596;0.3812766143798828;0.047435119250201385;-10.544962010015919
1478631429950;287.20787635836155;-0.3996303173798316;5.053859123351776;0.8690951952160306;0.0282815071105957;-11.085452815600483
1478631429984;287.27781106366274;-0.5008275862237811;4.36740745035474;0.6527192184669431;-0.07766190721816382;-11.08485455744639
1478631430017;287.356683000744;-0.6066200227693256;3.4979273156901236;0.08798691101074219;-0.05416882169418968;-10.367641632223688
1478631430051;287.4285321545515;-0.7475818159333875;2.692292637089802;0.07018003616333007;-0.02843113558120094;-10.598382634558156
1478631430084;287.5189079077601;-0.9318698281444765;1.4957508226844405;-0.2386719597305171;0.08813654404792469;-10.480019070788472
1478631430118;287.5835170264811;-1.06376167476002;0.7127715836108507;-0.13557166900634765;0.07915829238891602;-10.687117952783405
1478631430152;287.64648094859376;-1.2272341778092475;0.10573076264469383;-0.32995090030726276;0.11791444089584983;-11.178078638458251
1478631430186;287.691986321904;-1.3823375943755203;-0.4154235534967743;-0.3182791877635987;0.2555810295049683;-11.596615308435261
1478631430220;287.7491807740497;-1.5496342354954595;-0.8415454046343016;-0.2516904495239258;0.17298106081313452;-11.921627745410055
1478631430253;287.8508145906948;-1.8226759100786198;-1.3520858185456126;-0.5274725532531738;0.409558130623633;-13.528287135370075
1478631430287;287.91647798774403;-2.0234669606551985;-1.5753365068289438;-0.7139210075378417;0.5116109672546386;-15.129259565734863
1478631430321;287.96035393170797;-2.2053333490143445;-1.6988511775684578;-0.522235237121582;0.6570587181091309;-16.916980017852783
1478631430356;288.02116108652575;-2.3034041685102276;-1.622177964292374;-0.23478140486564952;0.66394204788208;-17.50685145187378
1478631430390;288.08547090840875;-2.254253677480588;-1.4267757334521065;-0.3500023460609373;0.5508160194396973;-16.365864723205565
1478631430424;288.1356757868325;-2.1587726305784294;-1.1991602227393572;-0.5054758255004882;0.3265092468372313;-14.24909118041992
1478631430458;288.1968652320304;-2.0856383833114758;-0.8434718153396928;-0.49096095966948194;0.10519523544311522;-11.908309998675435
1478631430493;288.2308829845076;-2.057007553686255;-0.5835919442516114;-0.4658218696373049;0.019303250885009764;-11.34926391102895
1478631430527;288.2685090904855;-1.9908973888536874;-0.4206090283246537;-0.39100304949111303;0.0020949264526367185;-10.545710271099955
1478631430562;288.32432267163296;-1.934762031930238;-0.23936220760636845;-0.3950432784923585;0.15367781906127928;-10.068515660449117
1478631430595;288.35488157655215;-1.942859102449171;-0.08918639881800972;-0.2301426265910093;0.33458968357659685;-10.10712227181699
1478631430628;288.3897342198388;-1.9624994308093762;-0.0413049061270297;-0.13916297606315928;0.4080617408863036;-10.204386714260838
1478631430661;288.42627951288046;-1.974068144399041;-0.04629577015702292;-0.06404489440917968;0.34790741161679034;-10.291625729513726
1478631430695;288.4675774148833;-1.9457572977352544;-0.11922293511573245;-0.03950432739257812;0.23463174442900345;-10.254515201922505
1478631430729;288.52261226258037;-1.880839056636359;-0.31978066188414084;-0.04369418029785156;0.2368763358848635;-10.49722746828608
1478631430762;288.5693256911152;-1.7731330568071841;-0.40784906492249245;0.09472060317993164;0.20934301679306663;-10.537779405035451
1478631430795;288.6255490729079;-1.6656925482360967;-0.6710795940812658;-0.24301146850585936;0.18210897290878927;-10.545709905773773
1478631430828;288.6896624818874;-1.5272893227834452;-1.2395609821002591;-0.48123453369140623;0.19258359147224108;-10.711658154473826
1478631430862;288.71099702342553;-1.5069044824815687;-1.3852161057535057;-0.49634793167114255;0.20560206756591795;-10.740239302118122
1478631430895;288.8164115373176;-1.4176711268916102;-2.0387091290615413;-0.649277562713623;0.3585316986083984;-10.76837073323354
1478631430928;288.8467248269362;-1.4086660650964895;-2.274169238265275;-0.8632593360900879;0.33354221878051754;-10.714651198809966
1478631430961;288.94013526753423;-1.348940227376962;-2.820347550857448;-1.127968220608495;0.28057050704956055;-10.547655267687887
1478631430994;289.00030152918873;-1.2748639315722614;-3.0472297243529654;-1.0808324119567871;0.258723421467212;-9.98322244550176
1478631431028;289.05582512678654;-1.1802466572995434;-3.3069826970657514;-0.7802104660034179;0.26336218261718747;-8.785971904754637
1478631431061;289.12690412887264;-1.0507786210999803;-3.41370860097684;-0.5410895797618898;0.2599205177307129;-7.006481228582561
1478631431095;289.24326241281875;-0.8831995778154769;-3.5095220828999634;-0.25438392639160157;0.07227496261596679;-4.114585190582275
1478631431128;289.2823866464836;-0.8512856429426278;-3.5606211677389203;-0.21817162628173828;0.04444236831665039;-3.7352538650512694
1478631431162;289.3977484147349;-0.8271989457636884;-3.746343657684034;0.10938508834838867;0.013766659545898436;-3.297114961242676
1478631431195;289.5073064793894;-0.9194608280323756;-3.965446153430946;0.266205297088623;0.05850830307006836;-4.386177441406249
1478631431228;289.54700826347994;-0.9821983512414553;-4.052599744901852;0.22340894241333006;0.04339490509033203;-5.687725318908691
1478631431262;289.6588556611953;-1.1784885635172009;-4.446789268186044;0.1039981346130371;-0.06703764648437499;-9.709535428055352
1478631431295;289.74927358567294;-1.266483389621366;-4.652016076043983;-0.36481647796630856;-0.09352350234985352;-11.687893954467773
