sep=,
timestamp,gyro-alpha,gyro-beta,gyro-gamma,accel-x,accel-y,accel-z
1478631353766,282.33134083763565,-0.6478468807116994,5.747577081564401,1.2027870955536142,0.10145429763240972,-10.689811283520608
1478631353800,282.29174081156197,-0.7164168485262215,5.814208914933744,0.9742904460713442,-0.31558572459565476,-10.174608977243118
1478631353833,282.2588440715698,-0.7616797590528126,5.869640985608256,0.8755295830657706,-0.5627870460067875,-9.994744595790188
1478631353867,282.2251615701305,-0.7987292139712173,5.9329286622660335,0.8580220564911142,-0.6573580298492685,-10.197353966079838
1478631353901,282.1707161565646,-0.796126347116818,6.051062600611888,0.8381201821258291,-0.7845499747787602,-9.948805979300104
1478631353935,282.133701935685,-0.7716925262143173,6.155293633565733,0.8613140107085928,-0.7393594093101564,-10.001328376360982
1478631353968,282.09352269864627,-0.5783340806352765,6.284699613170415,1.1044751853168708,-0.6132148636749014,-10.132261352716013
1478631354002,282.05016011834084,-0.09020419058281047,6.7493031830541375,1.3661913223266602,-0.41689036749964,-10.11939240919482
1478631354036,282.0352186672459,0.001774286373102028,7.054196865641956,1.3016975059730467,-0.32216974912156837,-10.018537029586918
1478631354069,282.0151260490742,0.21152497152580355,7.4981283315150495,1.144877260700194,-0.24271220014820571,-8.852111871746928
1478631354103,281.99867610913446,0.41191593484019906,8.078888961776164,1.025167186825536,-0.19946692581176756,-6.910114611761272
1478631354138,281.9836463547683,0.5896809354607522,8.818559577378089,0.8889970770020037,-0.31214404144287106,-5.060744051416218
1478631354172,281.97048262652305,0.6983843113265056,10.085979031288323,1.0932524061340838,-0.1825578720203368,-5.087977803039551
1478631354205,281.96634637025875,0.7151632480029396,10.514234766632882,1.1712134515624493,-0.05656300965461414,-5.543624306488037
1478631354240,281.951653524502,0.7720159054773547,11.850605500396549,1.3491325624328105,-0.007781155395507812,-6.041617959539592
1478631354274,281.9449063049152,0.8027478363671556,12.806073687409851,1.7040729950835927,-0.044592005920410155,-6.40613574682027
1478631354308,281.9387067730293,0.8263204615624246,13.747820130842328,1.513883710302785,-0.04219780426025391,-6.40015024266988
1478631354343,281.9238421932275,0.8108654417710272,15.119990910435348,2.0789152290344237,-0.13841478501186774,-7.453000130462646
1478631354377,281.8993288032371,0.7895671338562616,16.436167823365174,2.7560253175487044,-0.04519055633544922,-8.702324191991984
1478631354411,281.89769329199436,0.7965419301748267,16.865381378339762,3.0666730149200183,-0.07841010437011718,-8.750807360132038
1478631354444,281.90967640664184,0.8142436113491519,18.18512815582962,3.2707786699157206,-0.03501519927978516,-9.764751251751557
1478631354478,281.93994872988617,0.8905620846372165,19.471703882402554,3.059041424063034,-0.06868366012573242,-9.869946633325144
1478631354511,281.9444160668656,0.9313672058381558,20.252038159742874,3.046023171731643,-0.14859013825015863,-9.519346019976958
1478631354544,281.9532831600178,0.9204520212992267,20.92318055376557,3.489698593814112,-0.15068505956539593,-9.932046092754975
1478631354578,281.9600289593081,0.9307701954597136,21.677215069941013,4.0352772605895995,-0.1782183895028138,-10.696843958636373
1478631354611,281.9654637580662,0.9731980398915632,22.40261620123404,4.222025026614405,-0.14724340666618663,-10.4571246635437
1478631354644,282.0106397543517,1.0478894056390473,23.459571225740643,4.190750621298141,-0.060453582785790785,-10.5418196934022
1478631354678,282.0269222775391,1.1172316588725641,24.135875342496938,4.374356034176611,-0.057460848976904524,-10.614842697906493
1478631354711,282.04561555152486,1.2112261931931703,24.777419656370974,4.391863706881739,-0.05776011505126953,-10.489446093694864
1478631354745,282.0657909509446,1.376502058236917,25.645655718166704,4.219630703939951,-0.059256491088867186,-10.388740132495014
1478631354778,282.05922435968154,1.4846763827078462,26.18818877073801,4.523395087521337,-0.18644845428466797,-10.097096588897704
1478631354811,282.0606082121523,1.5949485877616079,26.68977246609705,4.552724222255033,-0.21113864977187477,-10.436025907544046
1478631354845,282.04403927044507,1.7177375579109544,27.142168751059547,4.882525373077392,-0.2956838968950811,-10.088417900140582
1478631354878,282.0476567348797,1.8120201795489355,27.513314212069268,4.821772451152,-0.24136545486450195,-10.515782604217529
1478631354911,282.01352785453724,1.9426270699590704,27.951125782543276,5.204695207037404,-0.3143885872329585,-10.457423792620748
1478631354944,282.00851000031787,1.981133585967098,28.136900363857873,5.461622753497212,-0.3051110763494507,-11.223119264928997
1478631354978,281.9872178472028,2.0013080972343653,28.218800945137154,5.887192390850931,-0.2717418838611571,-11.999589083099364
1478631355011,281.95433583295016,2.0008326333957767,28.223294237431467,6.555473636981099,-0.1997662010192871,-12.726378924560546
1478631355045,281.90554278213125,2.011074194722289,28.1196974088604,7.069478952026366,-0.08409633331298827,-13.640664683532714
1478631355078,281.88825951756405,2.0299005160634764,28.060519510083118,7.026682743481547,-0.0948702407836914,-13.554473423767089
1478631355111,281.8438336365147,2.1007666809768213,27.815460386439863,6.277746390533447,-0.22535422212905248,-12.479626515960693
1478631355144,281.81118881655345,2.1474124625794277,27.600986756279266,5.619341007055715,-0.31962590793112755,-11.502942168481647
1478631355178,281.7727020485397,2.169787368134312,27.392061684435927,5.104437829855271,-0.39309797594374973,-10.513538186291605
1478631355211,281.74018413709786,2.1551911125748275,27.20027845518069,4.7731403212616215,-0.4825812629920896,-10.005069462585448
1478631355245,281.6867820408502,2.0980230360308214,26.955335276790137,4.687547429247945,-0.49051207425766624,-9.693224550219625
1478631355278,281.6604623573984,2.055537706260441,26.787703836144786,4.5085810104148925,-0.42691607896003403,-9.492411032104492
1478631355311,281.637887194873,1.9986182577325102,26.60802463781857,4.283974811907857,-0.3360860700316989,-9.29488921247851
1478631355345,281.61078811587885,1.933889152297969,26.446085500427042,4.199130363641307,-0.2232593048095703,-9.348609404489212
1478631355379,281.5690369238363,1.786097996039252,26.11005541608482,4.3136030766997004,-0.21622634656601583,-9.342773611007816
1478631355413,281.5355810564224,1.5815025267982423,25.761514480101255,4.485836085510254,-0.1649006393432617,-9.63067610491328
1478631355445,281.5162951093203,1.4232668416291276,25.475529665220787,4.473416255729738,-0.217872355640796,-9.667936014379933
1478631355479,281.506614095348,1.2894948572422082,25.228660802448037,4.507084661776759,-0.1975216438127565,-9.831789044366404
1478631355512,281.4976933909397,1.1793360495589138,25.09267564484099,4.58265165167544,-0.13527238923225085,-10.106823325403035
1478631355545,281.4930137121635,1.0668458446724214,24.944448532023692,4.68739790124204,-0.131531453704834,-10.313323072461039
1478631355578,281.49928328468013,0.9557223988316919,24.77025602995228,4.55212554397583,-0.11716623917731922,-10.428992940167337
1478631355611,281.5071543471026,0.8565429504492718,24.596727772832395,4.482543912097066,-0.20395605392456054,-10.319308576611428
1478631355644,281.51803701766494,0.8085301019201178,24.43893444471238,4.096329416623315,-0.27144261322021485,-9.46442909246236
1478631355678,281.5337266189349,0.8634099990948078,24.252263132852562,3.2739210595946755,-0.26485855865478514,-7.533654945019632
1478631355712,281.5978265518803,0.8568914986013871,23.96077596946457,1.6834230422973633,-0.04115034103393554,-3.8251860649108886
1478631355745,281.6428343843617,0.8061089998659449,23.774957967985735,1.1935095275878906,-0.03396773605346679,-2.731185543823242
1478631355778,281.6927179184923,0.711576976202227,23.556739846384897,1.172859538269043,0.36960487215346655,-2.2493524597167966
1478631355812,281.7228961702393,0.6436875190749303,23.346436259942553,1.3412018424987793,-0.1500865165710449,-2.6349685646057126
