sep=;
timestamp;gyro-alpha;gyro-beta;gyro-gamma;accel-x;accel-y;accel-z
1478630729849;284.2092742856252;0.09184751182172807;23.870009953318533;3.9827543851797524;-0.0056862289428710935;-8.885630512326024
1478630729883;284.20401997839076;0.08200915897626583;23.783192651830635;3.931578449133143;-0.024690204620361325;-8.871864099375298
1478630729916;284.1922851231586;0.06422288592480616;23.596123594900714;3.9525277730250146;-0.032022448346234154;-8.934561940256808
1478630729949;284.1819718867953;0.04708380873700794;23.458225889381996;3.9686884858173084;-0.020350714111328123;-9.006687227594753
1478630729983;284.17159956125744;0.02951378292170549;23.33465337111989;4.0007110745857934;-0.015263035583496093;-9.061005930062942
1478630730018;284.1605863125939;0.018657709916822127;23.227111944549787;3.9775172642693386;-0.016160861206054686;-9.051279303155466
1478630730049;284.1443938285893;0.004374511410609016;23.126056576839996;3.9591117659416515;-0.011671733450025567;-9.005490364226693
1478630730083;284.13521513622106;-0.01071525160830302;23.09969158660795;3.946691881362209;0.0013467383624851208;-9.01521665320745
1478630730117;284.1256750210355;-0.026643215053949808;23.11392495984526;3.970783343771286;0.00852934341430664;-9.0268884039962
1478630730151;284.11842057531936;-0.032928859986261855;23.17170869239383;3.985448048135452;-0.005686228372048936;-9.063699187734908
1478630730183;284.1128641954021;-0.03365319195297453;23.266239484425974;4.004751143756835;0.00344166474376907;-9.142857461857515
1478630730216;284.10783906127295;-0.022451737084331264;23.395752647354442;4.000710974121094;-0.018106150340342717;-9.169941813339106
1478630730249;284.1008330811693;-0.0007884044876632504;23.566144635257462;3.98604636565505;-0.03366846121163021;-9.122656741542974
1478630730283;284.0810351382598;0.02718885410435834;23.953967696410345;4.232499731942824;-0.03232172326834261;-9.07402415499487
1478630730316;284.04761132697087;0.045234730315993885;24.562710923520136;4.7411179836548865;-0.024091653634500106;-9.100360546786524
1478630730349;284.0269969225388;0.07611004381507169;24.914516611027345;5.014356175054982;0.058059391400433376;-8.624662732298392
1478630730383;284.0282490429831;0.10131579645899279;25.291680232488147;4.888660587896779;0.18001403275642078;-8.068309664861857
1478630730416;284.04152954225606;0.14965804249902478;25.70756173914179;4.2111014952396735;0.2893991074050776;-7.479934899139404
1478630730449;284.04181323844756;0.25954138446984265;26.117351984376437;3.296516264697164;0.1886930137744872;-5.619640209197998
1478630730482;284.05138169706623;0.3493391523538239;26.167539952156535;2.2795792556762695;0.006733692169189453;-3.008164748382568
1478630730515;284.07239355791535;0.32114556643965975;25.21544875969476;1.4335282440185546;-0.10459668502807616;-2.864662286376953
1478630730549;284.0815831879776;0.2624276386804327;24.333077683965683;0.1484405029296875;-0.2792237640491454;-3.331232334899902
1478630730582;284.0700156969656;0.22451112128672182;24.061909984417227;2.131737303161621;-0.17941548690795897;-4.426579302160442
1478630730615;284.0826627659749;0.16330415198188608;23.82227308438291;2.161814461517334;-0.04803367080688476;-5.133767202050984
1478630730648;284.09579229025456;0.08047535707489577;23.79877281375239;3.1661819848876442;0.04578910903377691;-7.146243188885599
1478630730682;284.08579569608423;0.0077563458125637615;23.863359495322165;4.067150106723048;0.20844517761348177;-8.078635170977934
1478630730716;284.0856180811745;-0.051777273651581336;23.76645900627019;4.3436803619384765;-0.03052607059617003;-8.571840238046088
1478630730749;284.0975887871668;-0.10731512468549266;23.6755892612083;4.556464961419627;-0.15322890853328863;-9.4850788625855
1478630730783;284.11512559312797;-0.10675941743106507;23.676869471772903;4.170399943719431;-0.09711480826502084;-9.422680164480768
1478630730816;284.1268386564372;-0.10256293087414477;23.542229393540328;3.4853589937072247;-0.13033435173311153;-8.834304613307024
1478630730849;284.13669737733414;-0.1853795721369347;23.557125451752903;4.011784266397171;-0.0423474441473023;-9.974992450360208
1478630730882;284.1281180746223;-0.24565204921431985;23.66495481735024;4.780622091851756;0.02513911857328494;-10.837503598431498
1478630730916;284.1265895359531;-0.2624679657927523;23.627713248607556;4.7096938676696265;0.030675707629107634;-10.507103915460407
1478630730949;284.14371970947104;-0.3221150970657642;23.656591730841424;3.871124731633323;0.03561374969482422;-10.217704497528075
1478630730983;284.12525036385216;-0.38778604541344514;23.74889256163443;4.105457223687694;0.06808510942528227;-10.480467983599752
1478630731016;284.0972482521238;-0.4845107004161798;23.89520345285409;4.505289083596877;0.16310498809814453;-10.985644972284138
1478630731050;284.0627403908441;-0.5772962006536717;24.02695399698271;4.894795802716166;0.19123685760498046;-11.448324443109334
1478630731084;284.0395527764617;-0.6943913697466838;24.142998033625638;4.995800966058298;0.23702596435546874;-12.013954000799357
1478630731116;283.9838294373082;-0.9099765285007742;24.357687365414723;5.51609098739624;0.5590460876464843;-13.9568489402771
1478630731149;283.9078441200227;-1.0656109418187811;24.581598221823263;6.892457666778564;0.6277297660385258;-15.317054758453368
1478630731182;283.82587300731564;-1.216095048442104;24.815764259785283;8.155249404907225;0.608426496887207;-16.58792692718506
1478630731216;283.74641109348386;-1.2755167086364527;25.152105139809926;8.72117882232666;0.5270236587082036;-16.41509549484253
1478630731249;283.67818203798834;-1.2104761469988947;25.904644137163622;7.34211866607666;0.5196913978576659;-14.119953928375244
1478630731282;283.6315689686423;-1.160009143026186;26.523521270919254;5.974880026654153;0.4381389038085937;-12.230330268096923
1478630731315;283.56801991258027;-1.1469596990600561;27.14351885426314;5.114463585839792;0.2905962265014648;-11.034276901245116
1478630731348;283.4915195642855;-1.145938716607626;27.772475767358785;4.889408629785105;0.14544775085449219;-10.393528535815328
1478630731382;283.40970975436846;-1.1389154818727485;28.385404505096993;4.821323483541794;-0.011671733093261718;-9.790040006786956
1478630731415;283.32374769399;-1.1299404081447346;28.940827851704892;4.850203687197901;-0.04878185882568359;-9.291597367858886
1478630731449;283.2371801960215;-1.1128490863505636;29.437362468550695;5.023034955143649;-0.053121349334716794;-8.984690898275934
1478630731483;283.1135980909345;-1.0829827319890113;30.065078814450793;5.326051011425629;0.018854338073730468;-8.888772902004979
1478630731516;283.01591001228;-1.0154998866813953;30.614312768575395;5.608118113708496;0.17268178760349254;-9.183858147021382
1478630731550;282.98955313551176;-0.9827185271828781;30.74294564834594;5.554099048349075;0.18315642015208722;-9.206453498254342
1478630731582;282.9078580015877;-0.8872560011938915;31.088545855477218;5.613055898904241;0.1812111404363648;-9.041552712780609
1478630731616;282.87129527250437;-0.8321227452161448;31.25572732466302;5.942259102099761;0.22520459365844725;-9.533112168066204
1478630731649;282.83949308085926;-0.733766134466435;31.344844821030602;6.0309938358031205;0.15951368789119877;-9.753678288269043
1478630731683;282.81532776512995;-0.5569557673577126;31.36003803229135;5.797260264056548;0.10384850100503244;-9.724797938482462
1478630731716;282.81102123154386;-0.4919640476920402;31.335428644451905;5.5728034565581;0.15277998887214342;-9.806051595715433
1478630731749;282.7920638426146;-0.2435445796439605;31.202817462342065;5.07002118784039;0.1949777976989746;-9.169343518652393
1478630731782;282.78798538013984;-0.04882724716988557;31.05206461088753;4.190600947161764;0.2497451663832704;-8.1425303181855
1478630731816;282.7799054305551;0.15196504819738682;30.871060295177344;3.2444426708497107;0.13991116179866947;-6.749703685052692
1478630731849;282.77164197587234;0.3369383620135393;30.669543375807308;2.4304136680051682;0.015562310791015624;-5.33068999633789
1478630731882;282.7561264508173;0.5728605904537065;30.27181958473522;1.5785273743227124;-0.035164841450122185;-3.2410008598327633
1478630731916;282.74795425009404;0.6326042463978481;30.10221015479529;1.6582839248657226;-0.029927520751953124;-3.0042741706848144
1478630731949;282.7384880709837;0.768034129595835;27.362388879083017;2.6313772621154783;0.1497872413635254;-3.078644059753418
1478630731982;282.71844005780946;0.8631910120406828;23.14521666898335;0.8156745780944824;0.2723404297096189;-2.6830022354125975
1478630732016;282.7172152791447;0.8625752139761309;22.365692745726108;2.4144025905333457;-0.05386953735351562;-3.797952021026611
1478630732049;282.73979138487744;0.7443998394471835;20.883031703577164;3.5221700520113925;-0.2763806541442871;-8.037035624871775
1478630732082;282.7320429649892;0.7122393046306714;20.28408424304795;4.286369305828958;-0.36436756515502927;-10.772411240796
