sep=,
timestamp,gyro-alpha,gyro-beta,gyro-gamma,accel-x,accel-y,accel-z
1478631392680,282.85836988413206,1.5396353990697516,34.80467037753755,5.632210028208722,-0.2687491420607606,-8.122329287343705
1478631392713,282.82234952611424,1.582413531186211,34.97819269649832,5.701342066856194,-0.28670564766206663,-8.12592048936924
1478631392747,282.78324161057293,1.627147097497154,35.15304209702424,5.6958055394491645,-0.27428573568316056,-8.031200026611558
1478631392781,282.7213639776301,1.686613922581729,35.428012051488,5.733813810464553,-0.2668038566368166,-7.835772965616499
1478631392814,282.65830625141575,1.7151826403088928,35.643079059874275,5.743090965155035,-0.22714987794074695,-7.7955208794633855
1478631392848,282.6123320579715,1.710484355897561,35.766098514997395,5.889736211848538,-0.21697452088508287,-7.893234248418244
1478631392881,282.55710672613566,1.706373381357235,35.8816822733994,6.1483100094117225,-0.19348142166137694,-7.91283642973419
1478631392914,282.507849335494,1.716869110535828,36.00475226528035,6.166565395211614,-0.25797523573170184,-7.645882965176366
1478631392948,282.4658545465272,1.7171918709429166,36.074674075843,6.150255115597509,-0.30286651800127584,-7.706635759237594
1478631392981,282.4228053259683,1.7152733999078127,36.12018248934095,6.139182261712849,-0.3012204918018309,-7.781454460652777
1478631393015,282.37001258822625,1.7221827427289158,36.14921748992551,6.083217450846824,-0.28685529040322577,-7.433247893701121
1478631393049,282.31885612063985,1.7422828050606356,36.13717543122992,5.88614479976045,-0.29074587095509047,-6.83634341923818
1478631393082,282.271589209491,1.8236765008932523,36.06224109062135,4.87668972572647,-0.23328501512832006,-5.269787491607666
1478631393116,282.2706176028478,1.9028066477357644,36.011256640134576,3.27197555155009,-0.18465282130585983,-3.617937983703613
1478631393150,282.2836363316207,1.883279104488776,35.90925340944306,2.070086318151653,-0.09127892002714798,-2.5622446891784665
1478631393183,282.29663242386044,1.7052313322873163,35.769830405323965,2.4678233612060545,-0.18495206911391576,-4.224718174688518
1478631393217,282.2893010526337,1.5882793260951766,35.67947802587119,3.2543186065673826,-0.28012160337143577,-5.118055253656208
1478631393250,282.2779265598862,1.4722043165978715,35.54214866091425,3.73001669505015,-0.3124433257835451,-5.688024594116211
1478631393284,282.2627884982065,1.3523726592818313,35.46434765568717,4.342333915765583,-0.41314942398071286,-6.460304120989888
1478631393318,282.24733957047636,1.22177916344268,35.30819280338183,5.01839609809555,-0.30960020217895506,-7.1448965965822335
1478631393352,282.2348229384236,1.0777227108827976,35.14729822266589,5.84155297650313,-0.2316390060535399,-7.925854720881488
1478631393386,282.2454243307028,1.0212312287028746,35.06411547200856,5.975029737323149,-0.2786252273338381,-8.429984337671101
1478631393420,282.25384635223736,0.9738888325850451,35.02862602013715,5.7290254254105495,-0.2190694564708741,-8.518569689499028
1478631393455,282.24465351258715,0.8519592710604754,35.04837150489097,5.928492387754935,-0.1355716724312806,-8.748562284618988
1478631393489,282.2354463442883,0.7570169035815978,35.10768917274049,6.517914671502634,-0.11851298217773437,-9.16290917475596
1478631393523,282.24522501396007,0.6995254683218066,35.1871124358732,6.546495526885986,-0.14888942030754404,-9.098564566747843
1478631393557,282.26925202778665,0.662366339711276,35.26182874833607,6.020220257125981,-0.20784663162231445,-8.652794437408447
1478631393590,282.2962707987514,0.5880946637809612,35.33972141327103,6.034435500689596,-0.1708861480602296,-8.900743800707906
1478631393624,282.32325304679847,0.5094374851753418,35.477588874017094,6.539313068035989,-0.21787235107421873,-9.17323424248062
1478631393658,282.3572933177167,0.4936719444854283,35.57923567267231,6.38413872680664,-0.10953472823543706,-9.160963666711375
1478631393692,282.38950520972924,0.4947144905029261,35.6962379063996,6.106261440896429,-0.08604162501597602,-8.910620247882232
1478631393725,282.43742846213337,0.49407114601773844,35.81938759077572,5.8798599473373026,-0.06389525908870855,-8.80736978983134
1478631393759,282.46219608846303,0.4779693958992701,35.89038085665239,5.761796101733133,-0.07571662407750845,-8.55627814645078
1478631393793,282.48326795595744,0.42949437181262234,36.041591461652466,6.0707975845336914,-0.0751180776582245,-8.85974346260391
1478631393827,282.501692636765,0.36708376193956893,36.21255893613205,6.553229365185648,-0.08080430717191775,-9.32391879801005
1478631393861,282.5227673922591,0.3084407731807026,36.511621023593946,6.780828087439015,-0.04578910675048828,-9.493009290258586
1478631393894,282.54031266684586,0.21646662154725668,36.727916950745595,7.145944059808552,0.03651157760067144,-10.198550738116353
1478631393928,282.5221657193364,0.03798593735545493,37.09579098225224,8.51378081125468,-0.04174889087815245,-11.777077674047648
1478631393961,282.4853006141849,-0.07215888646667147,37.531601814189685,9.982773751886189,-0.07197568740844726,-12.778303173065185
1478631393995,282.472902842395,-0.07867585268526896,37.70707306894642,10.014646269226073,-0.07407061386108398,-12.822595903778076
1478631394028,282.4478190635129,-0.04168275957630523,38.10261312521469,9.518597905023395,-0.09591770743494271,-11.961431494140625
1478631394061,282.4277720542034,0.01689636644353326,38.5387049143956,8.592490190832317,-0.12943653153336343,-10.937909992162883
1478631394095,282.39015271505485,0.0670859481621193,39.17541612720306,7.626878733770549,-0.09576806183967274,-9.810690361431986
1478631394128,282.36694564018177,0.08100787108976269,39.51611877579032,7.138761381762847,-0.07407061614437262,-9.0348193859376
1478631394162,282.3630980462791,0.06795017028229663,39.75676398909159,6.4549170759229915,-0.03845686530790408,-8.310722948278858
1478631394196,282.38076583492233,-0.03233049818717927,39.798000907292824,5.857414215441793,-0.054916998867367506,-7.8520834735594685
1478631394229,282.37992367771903,-0.12598685076218014,39.7285382462209,6.110002709783986,-0.11806406708316644,-7.554454504585225
1478631394262,282.3968779462651,-0.24218423969383257,39.528738584473125,6.1388825115812935,-0.09322422714233398,-7.374140894085541
1478631394299,282.4346723475553,-0.3725615043092833,39.26764305273556,6.189610058831365,-0.06973111878547351,-7.589619398265574
1478631394333,282.4748850634983,-0.4954111129023232,38.94629500062067,6.120327599412133,-0.026036943054199218,-7.659051275236624
1478631394366,282.51651714865625,-0.6200498048052163,38.59576262702831,6.164919532267307,-0.006434416961669922,-7.674912688846868
1478631394400,282.5919114557248,-0.6922182080121838,38.151755835024204,6.3708212358003475,-0.009576806640625,-7.9174750150709405
1478631394434,282.65458362635314,-0.7365729906085084,37.89347203759766,6.505495042651519,-0.05192423937148414,-8.17545037181694
1478631394467,282.72407609823586,-0.7905588708215938,37.65934090491985,6.518663005651906,-0.05282207412719726,-8.374169146142528
1478631394500,282.8381855117341,-0.9016244827293718,37.411550546432714,6.795043367535248,0.0073322517173830416,-8.908973868914693
1478631394534,282.92682070302493,-0.9392692432940145,37.304278528838324,6.714688412707671,0.09920973585930187,-9.202562993621825
1478631394567,283.01251411448794,-0.9572354674831524,37.23371663997782,6.737582454626262,0.16879121532854915,-9.353996248626709
1478631394601,283.0993784337587,-0.9627999816309257,37.190160590120875,6.95485647448115,0.15487491646642446,-9.79812051045522
1478631394634,283.18859512436916,-0.9152865509950662,37.17172099056646,6.90652382072769,0.10534486848029773,-10.03200452352315
1478631394668,283.309052229679,-0.7504744443723759,37.20705472268365,6.151003321882617,0.037110125732421874,-9.036914020129293
1478631394702,283.34917275422777,-0.6747854460868792,37.23251375845562,5.947645971353433,0.042048171223071404,-8.751704966558888
1478631394735,283.4555535166157,-0.3483877094752164,37.31611141528562,4.155586040142923,0.026485855865478514,-5.703586758776754
1478631394769,283.5878283421131,-0.045158702054471714,37.293777782272166,2.3385367638185617,0.007781155185909051,-3.2146643493101
1478631394803,283.6835436454408,0.0870299373574288,37.11601491031544,1.9752163696289062,0.0025438392639160153,-2.405125205230713
1478631394836,283.81441757595,0.17812695185156538,36.505338675847085,0.9648635613039135,0.01840542526245117,-1.3778630554199218
1478631394870,283.9510480984629,0.15675167382673555,35.8829937284891,2.4133555656984447,0.047584757995605464,-2.4883237129211424
1478631394903,283.9918865873665,0.10396659744595,35.6299540635548,2.3549966079711915,0.15682021559010026,-2.9396307258605954
1478631394937,284.0965609585596,-0.12952384389051136,35.074954000852586,5.571906092159845,-0.06688801344719249,-7.047631788812205
