sep=;
timestamp;gyro-alpha;gyro-beta;gyro-gamma;accel-x;accel-y;accel-z
1478631406083;286.5152113040576;2.7877859178289124;41.434943834927076;6.4216980347784;-0.42931027605361305;-7.145495019133109
1478631406117;286.5230124429262;2.775588834308732;41.428119856231866;6.334159840216115;-0.4348468673927244;-7.101650817639007
1478631406151;286.5252842094752;2.7581312978182733;41.43537430232744;6.299443879611231;-0.48587331424933505;-7.098059533415082
1478631406185;286.52462023957946;2.7122345650299833;41.50723715342562;6.33386065634014;-0.4981435966159915;-7.066934911833052
1478631406219;286.52060739216114;2.6388108086390885;41.55913217300825;6.393266684568068;-0.5389946396095212;-7.139210093644727
1478631406252;286.51421317933375;2.6288657579351393;41.591052108588386;6.516418095677282;-0.5861304939270019;-7.157316134101804
1478631406287;286.4971733606596;2.5991388725197133;41.68892718048135;6.729352550816256;-0.6311714126586914;-7.14818840466924
1478631406320;286.4780615206546;2.5571677353638202;41.84164361591772;6.92014062347412;-0.6130652626037597;-7.140557087806891
1478631406355;286.4564592521669;2.4644843230452245;41.90240290790594;7.216572716522216;-0.6438905907119624;-7.144447364110546
1478631406389;286.4287212022;2.426609891332928;42.1339378955518;6.7808281239716335;-0.6848913124084473;-6.171054998248443
1478631406423;286.432930886801;2.4766074197379933;42.32778207623033;3.90389573674947;-0.2090437141860835;-3.4668042961671945
1478631406457;286.4593193633349;2.4199916039268174;42.3050358999001;2.1549311317443847;-0.044592005920410155;-1.9170073417663573
1478631406492;286.50686835711383;2.1861372219536177;42.278011398502336;2.296338959558308;-0.026036943054199218;-3.2965161185666916
1478631406526;286.5038173086495;1.986206073074572;42.28307175156357;3.524713756561279;-0.08798692927705123;-4.9847280025757845
1478631406563;286.49457529613403;1.8699729766389355;42.20869155570679;3.6112042915344236;-0.26590600361479444;-4.027496105194092
1478631406597;286.5134608082503;1.4171540721471838;41.92228129971346;4.735880667523294;-0.2045546111894655;-5.965751840563863
1478631406631;286.500928150732;1.2160785815671544;41.71041838404975;5.83466966499649;-0.1919850536152895;-6.3955114769533274
1478631406665;286.52395824748925;0.9363539265600599;41.40340032682304;6.1022213717253875;-0.09008183289680163;-6.643012073571979
1478631406698;286.53534581514515;0.8391552958736348;41.25955687142992;6.411522211931855;-0.12375029830932617;-7.104793481312599
1478631406731;286.55340128380243;0.5959655076817538;41.064474914115316;6.740126385221723;0.03890577697753906;-7.66787952853227
1478631406765;286.5677988294627;0.478451531932849;40.99790444429324;6.320542635610885;0.08469489286118187;-7.150732335264701
1478631406798;286.60526535062127;0.3256245521375138;40.94167396393039;6.07483769023735;-0.02259528045101324;-7.3020156786711885
1478631406832;286.6191197920739;0.12752416084720464;40.96922109836034;6.219686817611567;-0.06075286712646484;-8.006509480639547
1478631406866;286.61966483051265;-0.11979747749149933;40.97021607845921;7.0200982505247;-0.1497872345136595;-8.60939960538335
1478631406899;286.62042648922386;-0.18242183178568952;40.95930814959309;7.065289172186329;-0.14230536574211436;-8.497769660717621
1478631406933;286.637382757122;-0.36728025177380397;40.93790307462318;7.172280131939798;-0.1039981346130371;-8.779986400604248
1478631406966;286.6583114762663;-0.4744892705589547;40.94261575293726;7.372644737243652;-0.08289923248291015;-9.237279209955036
1478631407000;286.6674504067413;-0.5344456041116595;40.97795432707072;7.2749316011842335;-0.0757166275024414;-9.121309920910745
1478631407036;286.68090334208523;-0.6674498325677778;41.08057536522563;7.689577328137308;0.0812532165582641;-9.786149648284912
1478631407070;286.673596625539;-0.7454714453859408;41.185884888332374;8.339752570343016;0.17986439971923826;-10.383502962493896
1478631407103;286.6672176125954;-0.8218249432057828;41.33824115771215;9.013271717126667;0.25797522888183594;-10.993575765283405
1478631407137;286.65501233480364;-0.9023605478430349;41.56700542839987;9.637858490698038;0.4510077377319336;-11.975347791290282
1478631407172;286.56925712382605;-0.9920325924058726;42.164213989746614;11.791293538665771;0.8370727736984379;-13.279589145660399
1478631407206;286.4837655466016;-0.9692462396936997;42.791335677230144;12.703334733581542;0.8897451919555663;-13.348572080993652
1478631407240;286.4145627219678;-0.8045436556157048;43.56128379539305;11.67652149658203;0.8925882881606928;-12.13650749053955
1478631407275;286.33799400609144;-0.5808525325149368;44.502011647719186;10.091111084747315;0.6756137992416508;-10.519972457122803
1478631407309;286.1883922321561;-0.264453210044994;46.148726403353386;8.718635129193217;0.17552490921020505;-9.097666741125286
1478631407343;286.0629958984864;-0.041814121128132445;47.36094329043548;8.103624650805816;-0.08394669228429556;-8.154950129699706
1478631407378;285.8647114103553;0.28646214361923966;49.16796379762404;7.482628184210834;-0.19018939437866209;-7.033565927124023
1478631407411;285.678200165406;0.594572581611219;50.81769279373711;7.282563118975982;-0.2840121719360351;-6.633734176812693
1478631407444;285.5598881209132;0.7788148585051887;51.69801513458312;7.401225428230222;-0.21951836471557615;-6.4447418832641095
1478631407478;285.4450451700845;0.9527659415318851;52.405232275012956;7.587224860105756;-0.12330139006462414;-6.3190462595732875
1478631407511;285.3907313508059;1.0410599257848128;52.68800395634805;7.570914635290578;-0.10310031812363303;-6.1571387193650935
1478631407545;285.29493881036353;1.1952788364295304;53.142665623304424;7.574805286053568;-0.08903438337021506;-5.882703335660668
1478631407579;285.1405701962556;1.449209545185208;53.73576670095348;8.151209463600349;-0.1253963119506836;-5.8900352587271945
1478631407612;285.1150602680071;1.5048916610403247;53.77957250417853;8.106616909690667;-0.1767220100402832;-5.880309051944828
1478631407645;285.0690683497734;1.6208106183649125;53.67473807893612;8.330025906902923;-0.24061727597885763;-6.12840787931811
1478631407678;285.05708775631587;1.6477508599421828;53.396205763440875;8.546103118188679;-0.22131400682753882;-6.413916719552688
1478631407713;285.0589528512778;1.6617807878003836;52.97911175005995;8.575132594122364;-0.25632921067390124;-6.511180869735591
1478631407746;285.07637255813097;1.6391850989842125;52.46172085765077;8.887875185980274;-0.20380641632080077;-7.009623837457224
1478631407780;285.10470135696625;1.6131936890651564;51.85469042931781;9.346364876965433;-0.21682488784790038;-7.520486397497356
1478631407813;285.1473046853099;1.6052380936553996;51.199408828616974;9.32915655253306;-0.28057050248298326;-7.7997106045044955
1478631407847;285.2355182818199;1.6584039474358538;50.194317933255924;8.264784130859374;-0.2801215936674591;-7.591414913940429
1478631407880;285.2981892845057;1.7688053459492787;49.542540777220495;6.821230167388916;-0.14604630126953125;-6.719626344033889
1478631407914;285.35173745975635;1.9323386445043602;48.89890042320373;4.908263040924072;-0.08454524612426757;-4.892401308795065
1478631407948;285.45139281703285;2.1380963803711635;47.90898986784439;2.2245126174926755;-0.0474351203918457;-2.42278273473531
1478631407981;285.50472825087195;2.2293497513133973;47.25517867661456;1.6686089195251463;-0.04369418029785156;-1.229572190093994
1478631408014;285.57249205995;2.2773298303824228;46.554132887425354;1.458816999053955;-0.04548983154296875;-0.7097311546325683
1478631408048;285.6392854281985;2.261325085832085;45.77163105284214;2.2037126983091233;-0.046238019561767575;-0.8689455650329589
1478631408081;285.720884428941;2.181057088111253;44.91288378861199;3.7101150398805736;-0.0805050308227539;-2.207005017852783
1478631408115;285.8917108039926;1.9208324137506472;43.44175540480439;6.207416826364211;-0.2763806632774416;-5.981164513751119
1478631408148;285.995207007465;1.753430622462851;42.42353297171388;9.957185429382324;-0.8934861320495605;-10.181342559814453
1478631408181;286.094370503023;1.7681528559471462;41.561748010919274;10.370184923498332;-0.7935282310043461;-10.303596774347126
1478631408215;286.1929618091548;2.0437788229682394;40.65845960742543;7.933186908666789;-0.7917325614929199;-8.557624994482472
1478631408249;286.2561924037692;2.2460088097863884;40.20066854363699;5.72019649626147;-0.2985270195007324;-6.08875395085439
1478631408282;286.338054580362;2.3457346788542948;39.75549930086926;4.882376027734577;-0.1372177009140141;-5.247940547589212
1478631408315;286.4141573245764;2.348760984276745;39.49230034376315;4.919934774017333;-0.04997895965576172;-6.1243677005492145
1478631408349;286.50076004367247;2.2996298697228075;39.186119584171415;5.902754555511474;-0.05566518859863281;-7.764545712822024
