sep=,
timestamp,gyro-alpha,gyro-beta,gyro-gamma,accel-x,accel-y,accel-z
1478631397195,283.73544347792233,1.5880117815370969,34.805606509358675,5.582679785001417,-0.21562779615097677,-8.006659319172705
1478631397228,283.6631218243014,1.5157473812799604,34.94495183205478,5.695656221505813,-0.20171149900131857,-8.036137919014841
1478631397261,283.5922813507728,1.4456679956755603,35.067543016205356,5.709572454723389,-0.18151040422744116,-7.99723190125738
1478631397295,283.5438124767582,1.391431789913484,35.15970762635634,5.823296786985639,-0.14918869094848633,-7.991695775709149
1478631397328,283.5011847476461,1.3370984016099434,35.24569012858368,5.820005198094342,-0.12479777066879905,-7.962216749926656
1478631397361,283.4606168501764,1.2759866661104295,35.29944133050866,5.752668230736674,-0.10399812547988257,-7.958476070127566
1478631397395,283.4191336136959,1.2230636832411947,35.33216347839549,5.754314308310113,-0.15068506241950672,-7.88275938325962
1478631397428,283.3846713398799,1.1787152163649626,35.335360537390756,5.7565589088991285,-0.196324534420346,-7.986757677702862
1478631397461,283.3492614427476,1.1410775991773359,35.3080729581955,5.810876829340961,-0.22221184843311784,-8.100930699014105
1478631397494,283.3130731141471,1.1162343353954975,35.27679557607634,5.79920516017978,-0.21757306901683332,-8.119037269194145
1478631397528,283.24020080465647,1.0840368253687316,35.348565148348484,5.963806971840095,-0.21532851181030271,-7.882310433915722
1478631397562,283.17234218342054,1.0552812336211195,35.63837172491369,5.925649382881354,-0.1650502712387999,-7.411700297955423
1478631397595,283.1411095447801,1.048444470259534,35.792735520415484,5.674257838672189,-0.08933365857773459,-7.12604211237803
1478631397628,283.10578558759454,1.0833297842680971,36.03377128707548,4.731990235956013,-0.061650692749023434,-5.979817921447753
1478631397661,283.0736091063244,1.1431203031295263,36.36870928223447,3.5498531662538646,-0.09906008455581031,-4.56200191808492
1478631397694,283.0558552015978,1.1584763536924592,36.78057890300599,2.7148750450134274,-0.16998831787109375,-4.0964787482663985
1478631397728,283.0260759191395,1.1238659609859865,37.26602420463845,2.5848396750852465,-0.09711479570693336,-4.269160543005168
1478631397761,282.9589901209809,1.0770325042972846,37.86843592756873,3.5000232596799727,-0.07541735229492187,-4.527136064147949
1478631397794,282.8854264932025,1.0269626421014129,38.79950478873894,3.7895724613465367,-0.22595277711066883,-4.488978475189208
1478631397829,282.8532236733675,0.9725947785761254,39.354344802531,4.122066778509319,-0.3112462158203125,-4.871152622930706
1478631397862,282.82185759421054,0.8892445273230917,39.90965187382531,4.785709989575296,-0.5312134842140134,-5.579088126318156
1478631397895,282.7795653744744,0.739979968504148,40.648597781147885,6.425139505585341,-0.2949357078773435,-7.0718732632843775
1478631397929,282.77653135388437,0.6864702651006426,41.046927731302695,6.5610102191870565,-0.10609306449060676,-7.175571903494187
1478631397962,282.7960624383313,0.6110172466695473,41.38898993012204,6.560860892110551,-0.028431144714355466,-7.610568819482624
1478631397995,282.8213590801364,0.4996205361622333,41.86852733965326,6.949319810076803,0.012569558715820313,-8.271816952105612
1478631398028,282.8255687473181,0.47686284761253306,42.02561325629417,6.972064762380905,-0.05162497329711914,-8.101080665411427
1478631398061,282.8448060805985,0.4182794282423034,42.34049786317903,7.016058181353658,-0.10369885940551757,-7.929745462976023
1478631398094,282.8868726769161,0.33195788314749564,42.82048720926181,7.3265563552856445,-0.23044190522346178,-8.031947946343942
1478631398128,282.92262617093263,0.29531150199736816,43.162414864294945,7.323713240814208,-0.2807201492198976,-7.785644669751077
1478631398161,282.9916958244621,0.23107606800499292,43.71099126276258,7.214627573803812,-0.15682020874023436,-7.709778550775349
1478631398194,283.0391261559537,0.2077681776065081,44.0907511945252,7.337180880880914,-0.11148001708431401,-7.62867449461352
1478631398228,283.06463139068296,0.20009630569171336,44.270953073475695,7.4437226720947764,-0.09337386702938237,-7.715464414392039
1478631398261,283.11904200823506,0.17871579779207583,44.63408322040354,7.600542734704539,-0.08005611801147461,-7.764096708679198
1478631398295,283.22716375657,0.1398003936389672,45.11115943291145,7.575104195934906,-0.088735099029541,-8.049605402783303
1478631398328,283.2833297318604,0.13699873695341203,45.374312695071126,7.526621794979833,-0.0962169792175293,-7.983166014453023
1478631398361,283.34742845953554,0.1444189756357595,45.50750861311775,7.733570783642679,-0.0962169792175293,-7.793724661962687
1478631398395,283.42971313692703,0.12374911493975278,45.63862413466417,7.992743040289357,-0.07317278823852538,-8.511536247198283
1478631398429,283.5161084081041,0.15320387656884615,45.75047800729128,8.028207006249948,-0.028880056954812605,-8.360701688738912
1478631398461,283.57779126242855,0.11812650861822548,45.75481329730872,8.694243907519429,-0.0016460136413574218,-9.071031686047464
1478631398495,283.62188518339684,0.08849055372641954,45.71321798716511,9.607033436584473,0.009427169036865234,-9.881618439483642
1478631398528,283.68111539083816,0.06127227962374108,45.58466583707507,10.643872685296833,0.10399813917961437,-10.468946034240721
1478631398561,283.71035117874584,0.05408979595097652,45.480820110948045,11.09906969141215,0.20575170060310047,-11.225214483642578
1478631398594,283.71832598708943,0.09538399044629504,45.390228633699486,11.515361797332764,0.21143792840432724,-11.163563790893553
1478631398628,283.74718116849084,0.19180618710669925,45.31255590216348,11.141716408483683,0.16235679551276844,-10.679486142730712
1478631398661,283.7784170750148,0.33162557483523053,45.25017905599366,10.021978511810302,0.044592005920410155,-9.979481432342528
1478631398694,283.8108327480522,0.5446490670160601,45.16890971524878,8.020575342327728,-0.07736264456873176,-8.653093712615966
1478631398728,283.81283773231024,0.603628705859539,45.1380908529339,7.696610149383544,-0.08409633331298827,-8.475474023083597
1478631398762,283.7849935759903,0.8497888726457489,44.95374524093671,7.130081962353363,-0.09711480484008789,-7.569418405383452
1478631398795,283.7711563326806,0.9749688875841273,44.812479349041645,6.849212358192797,-0.13332711408310569,-7.300818541308492
1478631398828,283.7622116747667,1.0852340038427728,44.641783647359524,6.594080102218501,-0.20096330641594248,-7.101950586036872
1478631398861,283.7488637608324,1.1668494486852734,44.44554398849578,6.82901107847254,-0.20949264183873892,-7.324760594442672
1478631398894,283.73738473939153,1.2575602759232767,44.224345380201974,7.068431671463139,-0.18659808732185046,-7.458536539138667
1478631398928,283.73822471472664,1.3616959991518116,43.96378366078355,6.8997900828927285,-0.16654664841804187,-7.326256915681343
1478631398961,283.751925342283,1.427203541493766,43.600302565882494,6.653486450106836,-0.16729484100341796,-7.357980489537213
1478631398995,283.76121275851887,1.4681922913497214,43.140347879345505,6.856394912940916,-0.23178865507374283,-7.538742733145319
1478631399029,283.78588528615046,1.5900251176544342,42.638722628543434,6.9672762494627385,-0.2953846366716432,-7.596652230072021
1478631399063,283.82389146216747,1.6656132840253275,42.13019860289393,6.919692002923786,-0.2709936958423583,-7.755717148999124
1478631399096,283.85950284641876,1.6849981328496029,41.83449643149283,7.0361099490510295,-0.2528875526372925,-8.180688016742096
1478631399131,283.89349743294696,1.7411313954339236,41.6199791452387,7.023390643133595,-0.24944589003410655,-8.397812179797516
1478631399164,283.93396202753706,1.7856929939401052,41.433020085238866,6.983437147201411,-0.27727847063369115,-8.487145756176858
1478631399196,284.0067342419461,1.8580142407422606,41.216328403242656,6.861033550793304,-0.3553892929464229,-8.900145104162394
1478631399229,284.0299100027658,1.8925431033929971,41.17032390621541,6.758232663140818,-0.35239654315451624,-8.82517710307017
1478631399262,284.0672318346161,1.974120338500822,41.12219006705214,6.368276930745551,-0.3793313300975831,-8.304288239056245
1478631399296,284.1007695476787,2.088232801917758,41.1298742461253,5.9266964259825645,-0.3829226211713743,-7.23393047762895
1478631399329,284.1849467031392,2.314180793572987,41.137351780819145,3.5820252510622144,-0.20305821003569288,-4.421043003082275
1478631399362,284.27576735509757,2.459846695820805,40.95997496480618,2.4133552734375,-0.15936404800415038,-2.7436054649353028
1478631399396,284.4262187106267,2.5353931899792057,40.17514931950812,2.482637483978271,-0.34446576385498046,-2.0286369941711424
1478631399431,284.4961570869991,2.4930672507790668,39.33711608696679,1.8730138862609862,-0.10265139617919922,-1.6590321128845213
1478631399462,284.561103054644,2.382773325728604,38.74522955280178,2.345719076538086,-0.052073886108398436,-1.8173486976623534
1478631399496,284.58646009294796,2.1875066370580254,38.39177233273826,4.183867108862102,-0.10130463947905227,-3.4434605377197265
1478631399529,284.69772212007945,1.8519734477589076,37.70431417450179,7.0739680070739235,-0.6712742904663086,-7.9890019723312
1478631399562,284.7597340641519,1.7664974864363259,37.503041545900054,7.1537247037474065,-0.5467758041381836,-8.057236884042434
1478631399595,284.96524876816807,1.7600349956466406,36.84581607655362,8.060678293200581,-0.6096236159835942,-9.806051157324015
