sep=;
timestamp;gyro-alpha;gyro-beta;gyro-gamma;accel-x;accel-y;accel-z
1478630720283;280.1271532154998;0.051884244602746675;25.490139972328265;4.3159973139113745;-0.016160861206054686;-8.821136853519326
1478630720316;280.1346239532942;0.07914357068802824;25.483843366131065;4.360140553150978;-0.02259527759690245;-8.80527518760569
1478630720349;280.1507592798584;0.1265926093046475;25.43073892872069;4.28562091688076;-0.03875613823213498;-8.896553883870551
1478630720383;280.16188094353686;0.16014207723481275;25.355654349261624;4.234145528671762;-0.04548983154296875;-8.920795166546478
1478630720416;280.16752548555587;0.1938641692051627;25.274178814920674;4.187907747642304;-0.047435119250201385;-8.826673310144407
1478630720449;280.1736299264052;0.22009901227340822;25.209898904681705;4.153042043332092;-0.05596446380615234;-8.646360294441413
1478630720483;280.1806371594764;0.23016554482059745;25.16240259506171;4.143465165909519;-0.04982931976871332;-8.581866450688336
1478630720516;280.1864225100779;0.2176332122433695;25.122738666657693;4.188805483146314;-0.05521627578735351;-8.725069326959177
1478630720549;280.18360045625064;0.18890210169693442;25.11632505231871;4.372261016392428;-0.03381809759347379;-8.883385762752425
1478630720583;280.1799400157019;0.11755288835196842;25.32698656089267;4.681711708831787;0.036361937713623046;-8.772953679822711
1478630720616;280.18617332812596;0.07568737868143612;25.506324263628063;4.686350620678812;0.1135749412536621;-8.45991171229258
1478630720649;280.2011465360774;0.0371393557664757;25.788751490809386;4.323030340653588;0.07915829467220464;-7.820510304492339
1478630720683;280.232214363675;0.04188292842781133;26.359728492316883;3.6951508411131795;0.0342670129734528;-6.302735870361328
1478630720718;280.2625622246655;0.09247362587603417;26.717731800416693;2.4540568477906284;-0.03247136001586914;-3.9764699745729564
1478630720751;280.30392462620773;0.036402587466582134;27.012594931288028;1.3654431343078612;-0.03112462101120909;-2.4766519798278805
1478630720784;280.3551573182181;-0.13329958808394646;27.385449912569324;1.1341033988952636;0.06569090805053711;-3.670311145019531
1478630720818;280.3546460303565;-0.292808512920883;27.750407999857185;2.457348728942871;0.3724480003246339;-5.825691189575195
1478630720851;280.3613724160856;-0.36751184749894944;28.20896605776534;3.6504094898499546;0.04040215073184809;-5.956623800604045
1478630720884;280.40202094751004;-0.5405448288333264;28.837498065927075;3.495384786224365;0.14829086075935047;-6.244976047571003
1478630720918;280.4192044062583;-0.6722440604857106;29.12350003593429;3.760692184625193;0.2593219673156738;-6.848464357403666
1478630720952;280.43491182560723;-0.7918039161180342;29.390914486778435;4.210353147390671;0.02528875503540039;-7.3085996967039994
1478630720985;280.4684718482563;-0.9541257891886168;29.719045320178687;5.208286363397166;0.06569090805053711;-8.506448604632247
1478630721018;280.49914661704764;-1.069171685848623;29.71594462148511;5.351190421118214;0.1583165893444093;-8.933813930334523
1478630721052;280.5299216973057;-1.1501042387338551;29.722362947581523;5.506663672228902;0.11656769332885741;-9.450811924389749
1478630721085;280.5536799540378;-1.2116323535059583;29.689126364044867;5.12194566695718;0.3479074287414551;-8.905981226437351
1478630721118;280.58302375156603;-1.2765764525533994;29.502849467190547;5.180154603488184;0.34476502992934543;-9.106046446935832
1478630721152;280.6310020349321;-1.3922967619792734;29.115055709366587;5.345953031921386;0.2834136306541506;-9.844059108678996
1478630721185;280.6526031595332;-1.4492187792878872;28.74877553438648;5.20933389968872;0.2510918939714873;-9.965266152246295
1478630721219;280.6828350358829;-1.4851273441488768;28.29717640874671;5.118204452868551;0.09501987838745117;-10.011353949682414
1478630721253;280.7172931169958;-1.537537860210654;27.53188967153416;4.940135777459666;0.08409633331298827;-10.150816488647461
1478630721286;280.7366054654902;-1.5880652694344723;27.021514644059778;5.049371191671677;0.18001404645615257;-10.362703189440817
1478630721319;280.7566528559652;-1.6311955568686942;26.458098723028126;5.213523679528758;0.2733879026399139;-10.794258184814453
1478630721352;280.7869299153944;-1.676635756374517;25.85883101019964;5.457283336053416;0.3951929206626955;-11.274893875829875
1478630721386;280.8430344087398;-1.748091388654643;25.206070826186522;5.557241474560648;0.565031591796875;-12.741791305486856
1478630721420;280.87411414655355;-1.7989603056176022;24.544012809106196;5.759850643920898;0.6705261024475098;-13.979893131256103
1478630721453;280.8934485294612;-1.8457012557019;23.899144619635376;6.368875691223145;0.8473977500915527;-15.096189655303954
1478630721487;280.9121749141195;-1.8590045438518874;23.077300179218604;7.55909319152832;0.8785223716735839;-16.718710192871093
1478630721520;280.95815272406884;-1.687535934970469;22.429338319256484;6.909665991210937;0.680551821899414;-15.607052434539794
1478630721554;281.0028050919987;-1.5128431174376977;22.08126363004138;5.602731306103617;0.6180033217941411;-13.905822517395018
1478630721587;281.0405166363968;-1.3578367324230054;21.851477488700123;4.347122026824951;0.5240308883666992;-12.343157313592732
1478630721622;281.06146735924926;-1.236900116866864;21.663610784861678;3.632752082501299;0.3477577911376953;-11.485134855242817
1478630721655;281.06789485391613;-1.1295681245276397;21.512068788775256;3.372532240472361;0.13452420121345202;-10.872518797711283
1478630721690;281.0585852078668;-0.9801106962023198;21.350298175711597;3.1453824310302734;0.1387140564020141;-10.058939146069436
1478630721724;281.04859099110814;-0.9327950610622853;21.314358145869715;3.205237399468943;0.14634558332691666;-9.83822353439331
1478630721758;281.0411557613091;-0.8542956769575899;21.259357538335042;3.1928174052916467;0.2280477081298828;-9.434800518124364
1478630721792;281.02573642610986;-0.7649969038127723;21.28422246767008;3.1350574729034677;0.27667992935180663;-9.460987025717086
1478630721827;281.0061689364929;-0.7085687708620348;21.392733119493407;3.3554736632416025;0.23523031311035156;-9.401281567018012
1478630721860;280.9832894750237;-0.6857005481681782;21.541542921743673;3.6192846947379875;0.21308394775390624;-9.294740013266168
1478630721894;280.97062534001407;-0.6630236610568503;21.924566616567418;3.9815573608398434;0.17477672119140625;-9.696217667621001
1478630721929;280.9714183663977;-0.6259828214001374;22.239727478009666;4.206612280361913;0.02633621826171875;-10.05220538083501
1478630721963;280.9803452532632;-0.5861152066202288;22.57984805617598;4.356100319583155;-0.026186580657958983;-10.25451512885727
1478630721998;281.0106064235605;-0.5441288101392336;22.942823283110002;4.258237326724268;-0.016609774017333982;-10.455179374694824
1478630722032;281.0729674346866;-0.39181520310383083;23.707998874765114;3.871723332280712;-0.03247136001586914;-9.555109005416742
1478630722065;281.1052585302511;-0.24506198429281925;24.08002257524134;3.5073558310577644;-0.05895721131477039;-8.131008259228617
1478630722099;281.1474860831107;-0.13390729869145826;24.510965383017453;3.0799906520567832;-0.053270984655187925;-6.698527186175435
1478630722132;281.1999228778634;-0.040414648544548334;24.908701442867038;2.5016414596557617;-0.04623802127423405;-5.553201405389607
1478630722166;281.2560013266553;0.05370423969867077;25.298486046282928;2.1278465793333945;-0.04833294658522645;-4.296993429565429
1478630722199;281.3388174153622;0.13558221048422658;25.608520357685656;2.133084041595459;-0.028131869506835935;-3.266738527679443
1478630722232;281.39506622440575;0.1567724388794458;24.429605755518324;2.392106587573141;0.011522095489501952;-3.2561142578125
