sep=;
timestamp;gyro-alpha;gyro-beta;gyro-gamma;accel-x;accel-y;accel-z
1478631182082;278.5606470375084;0.43494946466465856;18.532370660421968;3.2519243227088355;-0.208295549000171;-9.391255847566109
1478631182111;278.558851101714;0.451521438832647;18.28276893312039;3.1809960619940885;-0.1470937644958496;-9.479242795109469
1478631182145;278.55713948428826;0.4648630256111862;17.98977385648953;3.1304187345863785;-0.07407061386108398;-9.502137202354241
1478631182179;278.5562489485566;0.47385894940751044;17.849004204613525;3.093757576464163;-0.06554127158842166;-9.470414322618115
1478631182212;278.5600032339348;0.48956252238980724;17.73616473451189;2.9526491266057477;-0.06823475073938606;-9.395445673071919
1478631182245;278.5582723812938;0.5063755320358703;17.66025049255387;2.8905496100937014;-0.07077858543672481;-9.20016879196167
1478631182278;278.55807680956883;0.5198495893882028;17.639540533905695;2.896534977246774;-0.08095394135074456;-9.16769746847842
1478631182312;278.55929214355183;0.5302605145312168;17.68259303835529;2.8927941102180164;-0.09247603684024652;-9.279027900474611
1478631182345;278.5581611272632;0.5324206825588631;17.776264024161012;2.9780876025849428;-0.10773907699031987;-9.442581700919336
1478631182378;278.5609745029306;0.5390850379142325;17.910055788848826;2.984522064070741;-0.12270283964958507;-9.573364994004834
1478631182411;278.5699504025138;0.5349057313265521;18.24589754243659;2.9465140282340814;-0.048781854259106326;-10.091559924493357
1478631182445;278.551088557929;0.5684584083396272;18.676734686341543;2.8929437021560034;-0.03426700669440906;-9.435847990483836
1478631182478;278.53064839532425;0.6207867527419315;19.361399774770632;3.1904232081980677;-0.04249707946777344;-8.608501706695556
1478631182511;278.5080518992137;0.6845651695994937;20.246496175987374;2.9152397233825176;-0.05491700057983398;-7.442974264880269
1478631182544;278.48025699308516;0.7484715225487797;21.403881655880223;2.970156833560206;-0.1535281860240968;-6.398354299163818
1478631182578;278.46188020067865;0.8080834222834872;22.6291185150981;3.0713118171691893;-0.23433248748779295;-5.616198252050578
1478631182611;278.44036203953425;0.8578782431094765;23.68522453158819;2.7476457533020526;-0.2807201446533203;-4.709843286077678
1478631182645;278.434166353071;0.8845546569306194;25.30780255570722;2.4938603042602536;-0.15352818316998598;-4.483441883850097
1478631182678;278.4274370687944;0.9042309291248873;26.282065553583106;2.248903400775045;-0.16280570604075909;-3.888632116644084
1478631182711;278.4445352211711;0.8579194661778022;26.88898002649573;3.9101802603790534;-0.3223193893653806;-5.30525160369873
1478631182745;278.4598935028251;0.7876036851696202;25.836677278741533;2.9792846908569333;-0.12898761215762933;-5.471947602026164
1478631182778;278.490742755511;0.7218618523125714;25.043677793236235;2.814234413909912;-0.27174188842773433;-6.161777539880573
1478631182811;278.4988486738225;0.6173486424152247;24.465148071820323;3.3583166681151835;-0.2919429649353027;-7.066336854608356
1478631182844;278.5150959001997;0.5142598681754746;24.298260763181045;3.8866870926566883;-0.213233585357666;-8.25371080205068
1478631182878;278.5545510186356;0.4345305622007961;24.61100750212034;3.8175546384506855;-0.2166752502441406;-8.680627086506691
1478631182911;278.58935082520037;0.33848150531802695;24.89745773399191;4.11937370806702;-0.10384849700927734;-9.215581355551071
1478631182945;278.645458210767;0.2046039006051746;25.106759611516694;4.292953314728615;-0.09516951599121093;-9.289502587536722
1478631182978;278.68741896808615;0.08230447801650283;25.164109970823226;4.699518693277053;-0.05835866546630859;-9.807996811499073
1478631183011;278.7580169605711;-0.09156520269419371;25.15490820163375;5.207538394574075;-0.0588075794192322;-10.16548111994639
1478631183044;278.8256969686099;-0.19588007261576973;25.12662010173696;5.314080076190084;-0.06419453201293945;-10.569951270648092
1478631183078;278.9068400521036;-0.26288841013205694;25.03714220458278;4.70625223931577;-0.045489826976391486;-10.392780493927
1478631183112;278.9787856335193;-0.34193952079978307;24.86907043489475;4.289960608319193;-0.03950432282600086;-10.288034025164693
1478631183145;279.04057698903773;-0.4542262938585779;24.63301212122526;4.204966284986864;-0.043544542694091797;-10.612598279980569
1478631183178;279.0892716480913;-0.5590296315752897;24.3103691986209;4.330512143209763;-0.03696048812866211;-11.360935644122213
1478631183211;279.1218007549565;-0.6528605376318626;23.91994576337781;4.9262194803100074;-0.06030396344834007;-11.729642553655802
1478631183245;279.21307108403477;-0.8430763283664583;23.260780101519366;5.2940289295472205;-0.04982931291884742;-13.60175919881612
1478631183278;279.25033476941206;-0.9562386844190662;22.80379497055953;5.884648405456542;-0.023044190979003905;-14.93368321762085
1478631183311;279.269311401598;-1.053527746912438;22.394853015388005;6.901884835815429;0.04129998777084984;-16.28595824279785
1478631183344;279.29859706610563;-1.072018066743707;21.965894641851094;7.734169187927246;0.3022679595947265;-16.87298656234741
1478631183378;279.35165880272996;-0.9515852456279754;21.82420807116836;6.5960255737304685;0.4745008597885258;-15.121179135131834
1478631183411;279.4122147304603;-0.8148626997144421;21.770901386515508;4.937891286468505;0.4451718620521482;-12.854169438171386
1478631183445;279.4491542942588;-0.744674432339484;21.805178337405188;3.943699120153859;0.37618893585205077;-11.563993726293742
1478631183478;279.4578244841827;-0.7102819053655948;21.916679326546515;3.88534027202446;0.21772271347045896;-10.984148303985595
1478631183511;279.47934316785063;-0.6522443088072134;22.161264341231945;3.851821667977981;-0.00852934341430664;-10.324695384216309
1478631183545;279.5087316514395;-0.5978108725103165;22.274586981127253;3.533243191307131;-0.062249243164062495;-9.804405216747893
1478631183579;279.53669460668726;-0.5544983835238835;22.289822961594815;3.0147486568175252;-0.07900864565200172;-9.471611478247121
1478631183611;279.5436704126454;-0.5236474249307916;22.260068896146606;3.2493806021759286;-0.03591302490234375;-9.333944882788137
1478631183644;279.5456274945537;-0.5087376618139169;22.167995884488587;3.557334882045071;-0.0474351203918457;-9.378088030696194
1478631183678;279.5584635775761;-0.446353919144402;21.991819263563716;3.7178959075817137;-0.09696517636948264;-9.369408958346582
1478631183711;279.5983054874485;-0.38316719232965724;21.762169824531295;3.638139185649351;-0.11118073959350586;-9.675417711904831
1478631183744;279.628309178772;-0.3334033883254465;21.540657676095677;3.6103065869261624;-0.07422024689826648;-9.893888649926707
1478631183778;279.66372883933155;-0.3425858083930012;21.38820163847216;3.642628165491088;-0.05057751007080078;-10.504859351404011
1478631183811;279.6979265745765;-0.3326634754280675;21.236366031578086;3.653102921051858;-0.0436941757312743;-10.6803838222228
1478631183845;279.73773308362934;-0.32673178549218673;21.130743672231333;3.571699836277682;-0.014215572357177733;-10.917260002844035
1478631183878;279.78985221158825;-0.2804256046029336;21.096144250448315;3.61419702534331;-0.014814122772216796;-10.794557460021972
1478631183911;279.8099139441317;-0.2512809138442081;21.12182610238232;3.4489970103278287;-0.00239420166015625;-10.407445271356403
1478631183945;279.8493379336023;-0.1598967365062252;21.07061840400993;3.0585927304474634;-0.00718260498046875;-9.462034488943404
1478631183978;279.89879565240864;0.04868759264643072;21.28714611276419;2.2019174854554233;-0.03217208423752745;-6.769904323168843
1478631184012;279.9332466352557;0.18519422323663495;21.43029783103506;1.454028741864115;-0.05581482620239257;-4.504391440637409
1478631184045;279.9673119952268;0.276494084206739;21.576653494518123;0.8762778076171874;-0.04878186053815006;-2.9715035354614256
1478631184078;279.99236490773995;0.33022279367552776;21.706612072263606;0.7703343841552734;-0.05491700143606722;-2.079962692260742
1478631184111;280.0156701333342;0.33925000654843596;21.73417180503014;1.1405378158569335;-0.07915829238891602;-1.9467852249145507
1478631184145;280.0473557711866;0.2363515210354101;20.82852927805562;2.3883657205443827;-0.14050970993041992;-3.5953427055358884
1478631184178;280.0762748453695;0.08285681387497502;20.119574817553957;2.569277802685648;-0.1634042587390868;-5.775712229919433
1478631184212;280.09443427198715;-0.1283491653828889;19.921235593219905;4.343680435003712;-0.23672669143123784;-9.523236488076858
