sep=;
timestamp;gyro-alpha;gyro-beta;gyro-gamma;accel-x;accel-y;accel-z
1478631363495;282.5340705537676;-0.22073227748853727;18.53381530072533;3.125331115994873;0.05596446380615234;-9.269600567040964
1478631363528;282.5258983326164;-0.25246026317455433;18.60614647672141;3.1594483520839596;0.07945756987972417;-9.371354311127542
1478631363562;282.49377108697706;-0.33236502518674016;18.83218862448504;3.2061354442872103;0.11282675323486327;-9.648782364566065
1478631363595;282.465954506743;-0.363066246351554;18.989717600933425;3.2553659373629604;0.1753752716064453;-9.677512821020558
1478631363628;282.43255768231825;-0.401427921909276;19.12961349373804;3.296516301229782;0.22041619033813475;-9.635165050362982
1478631363662;282.39316155122816;-0.4384250220801961;19.290407590012222;3.3836054688163566;0.2087444618114503;-9.573813925082423
1478631363695;282.3149613826379;-0.4707900378870575;19.77813261633222;3.78717807702329;0.07706336165511311;-9.334094575190823
1478631363728;282.2855550536201;-0.4659965366599713;19.94643126167337;3.803039626489207;0.023942021168139763;-9.148842824444012
1478631363761;282.2163384190275;-0.4413103765407013;20.589896949324007;4.031386646359227;0.015263035583496093;-8.545654059246926
1478631363795;282.1881917931427;-0.4210390698521666;21.083607599919443;3.7826890767746604;0.03636193543033441;-8.166472444384917
1478631363828;282.15006603563586;-0.28688035629510067;21.753745618785484;3.026719847781397;-0.0378583137512207;-6.367678882654011
1478631363861;282.1337475604693;-0.15107435492380372;22.12260337940805;1.9975122264586387;-0.13631985702514648;-3.324349005126953
1478631363894;282.1537453896875;-0.18967180754771673;22.33764402488835;1.2265794380187987;-0.053570264429284725;-2.430413960266113
1478631363928;282.1669914724148;-0.30004089764141967;22.75053863236704;1.1571475898742676;0.08364742278499761;-4.1301475013732905
1478631363961;282.1343974359954;-0.40466922696623514;23.423675439372147;2.6223990058898923;-0.11028291397094726;-5.049221663665771
1478631363995;282.1369391273805;-0.5129421599360897;23.735894091616576;2.806303474780172;-0.11896190412216819;-5.814767644500732
1478631364028;282.1494121590206;-0.6118210144271217;24.026664776142045;3.274968449755758;-0.26710310444487256;-7.029226144354045
1478631364061;282.168728315766;-0.6993502068976619;24.24306946268951;3.7174470632690935;-0.36436756515502927;-8.133402533954008
1478631364094;282.18723078634935;-0.7565712331523453;24.351780197320416;3.951480083753122;-0.3073556472557131;-8.770409338235297
1478631364128;282.2045377018249;-0.8169947096699693;24.377728827263304;4.0981251637665554;-0.047884033203124995;-9.473407166024856
1478631364161;282.2211451460412;-0.8521741238962575;24.428467642428277;4.232948663020413;0.09277531889763195;-10.16039358754903
1478631364194;282.21272284730463;-0.8508108075510742;24.611334821693838;4.706252202783152;0.15382745266928394;-10.314968939971923
1478631364228;282.2044891248014;-0.8486538262885678;25.032076325781826;5.044582824883983;0.09666588746223133;-10.422857506152242
1478631364261;282.20478832256424;-0.8359631502612651;25.443253201707407;5.290138132653758;-0.025887305450439452;-10.638335801696776
1478631364295;282.21139472705755;-0.7925497221144999;25.923416981550325;4.9851768423218275;-0.012120645904541014;-10.543764689990132
1478631364329;282.2037482762759;-0.6956747115966154;26.783541962605845;4.715380315808207;0.10743979493293444;-10.114155129595845
1478631364362;282.18231124584275;-0.6346418071446926;27.416551964476966;4.9030257613250985;0.15337854385375976;-10.166378945568948
1478631364395;282.15505305073975;-0.5586724603086134;28.11208719406321;4.940584617205709;0.19258359603881836;-10.058041174316406
1478631364428;282.1061881136157;-0.4523327415071867;28.82886986514453;4.98143595702676;-0.0010474632263183592;-9.514407759857177
1478631364461;282.06871494986984;-0.33453457608061316;29.536555310334663;5.087079922618065;-0.06943184814453125;-9.089137799569778
1478631364495;282.00509058415224;-0.2193712847179781;30.527939436609213;5.11820437067016;-0.09412205048160394;-9.194033869403228
1478631364528;281.9557894943365;-0.14112605994412525;31.13550501759323;5.347149877023138;-0.14619593659000238;-9.21902291083969
1478631364561;281.90996717810793;-0.12221699243566934;31.71676225274276;5.481973613739013;-0.0953191535949707;-9.463980179651081
1478631364595;281.85003083851717;-0.12591082123885355;32.38930014673744;5.735908846515044;-0.00987608184814453;-9.987262441607564
1478631364628;281.790300205542;-0.1566736898470785;32.6870327777511;5.901706982687301;0.12779051361083985;-10.236708327075094
1478631364661;281.7175680835503;-0.22904613748053243;32.90609045404117;6.624905923517048;0.12315174789428711;-10.588656409509479
1478631364694;281.657463241825;-0.32931043586726166;33.03081335641151;7.418283914129436;0.18330606917229014;-11.414206777191161
1478631364728;281.59851772928204;-0.4362864722284428;33.06290493222582;7.963563634490966;0.21802198411140125;-12.421866400909423
1478631364761;281.48637276347813;-0.5432990166793212;32.95562374288894;8.886378736877441;0.1731307075500488;-13.192200785064696
1478631364794;281.45583018225926;-0.55681779887767;32.88582323494117;8.770259956359864;0.10474632149019161;-13.0367273147583
1478631364828;281.3758091700164;-0.5286759606487906;32.610213692066175;7.703642970629781;-0.0378583137512207;-11.859678215844928
1478631364861;281.3068558293274;-0.4961597675573608;32.31938476964379;6.210259904303029;0.02573767241325695;-10.42061323435679
1478631364894;281.24556251324714;-0.47838420470011334;32.191368015499805;6.006004575170949;0.0005985504150390625;-9.973046869250386
1478631364928;281.18859036404143;-0.4461856311607209;32.09225308823571;5.80504134638682;-0.03277063978996593;-9.637110741070657
1478631364961;281.13251442695145;-0.4007698885532558;31.995397798412945;5.569960743945464;0.021697452545166016;-9.512312760339304
1478631364994;281.07228077104963;-0.33137912908115036;31.872367935865487;5.17147574748017;0.07107786064424435;-9.11233144548945
1478631365028;281.0038675665264;-0.26342293421423196;31.738236662659155;5.104288215084397;0.019602528375817926;-9.05965886283554
1478631365061;280.92953301622134;-0.18760251302894082;31.59097747692389;5.162646802918892;-0.02349310150699457;-9.12160890385732
1478631365094;280.85166110229136;-0.08690816898555531;31.473802309042945;5.249885946035944;-0.06658873253145138;-8.973467566537298
1478631365128;280.7518980998331;0.08235976533313175;31.304013702730973;5.153818604422174;-0.056712652966595486;-8.720430670840479
1478631365161;280.6792098703972;0.282186988489858;31.199354920204595;5.353135600369237;-0.061650692749023434;-9.057713939312844
1478631365194;280.63621520661655;0.4014237997600312;31.225162951371164;5.375431530264206;-0.05132569808959961;-9.04319923787862
1478631365227;280.60120885337204;0.4916527133818242;31.375191230527797;5.450998556695506;-0.047884033203124995;-9.048585753222554
1478631365261;280.55781545924236;0.5984986296345859;31.696906692878965;5.536142535897903;-0.06254851837158203;-9.1656025785584
1478631365294;280.54702622617464;0.6345192813519874;31.86511064727996;5.610512278836034;-0.06389525680541992;-9.234136747210846
1478631365327;280.5288333085118;0.7116201103704515;32.25043148633446;5.66887079817187;-0.08005611801147461;-9.346065747888385
1478631365361;280.514304270457;0.8050439040639243;32.6891585702954;5.585373453665338;-0.14679448814668575;-9.020453956780955
1478631365394;280.50735499351185;0.9940476481630653;33.47972903228114;5.049820287146046;-0.19198504105720202;-7.96371338169258
1478631365428;280.5033393732676;1.1286156685140927;34.102963007138335;4.466682472229004;-0.1083376251220703;-6.6190700569704175
1478631365461;280.5101487401499;1.2588992816274525;34.71633478514105;3.6468178950987755;-0.08349778289794921;-4.994454300689697
1478631365494;280.53391684024484;1.359613335771;35.26988517217404;2.900725241144001;-0.11776479415893554;-3.6927567855834957
1478631365528;280.6286219095927;1.4313209679219032;35.59115636393724;1.518222835485637;-0.012868833923339843;-2.29214881439209
1478631365561;280.6675335447361;1.420764870384566;35.9353520611308;2.5049334869384765;-0.12509703674316405;-2.591424021911621
1478631365595;280.7101939538107;1.3497642364814595;36.121326596867966;2.2424688376829027;-0.05087678527832031;-2.862716997528076
1478631365628;280.7652950618218;1.24121500928744;36.10098137214097;3.444058942004293;-0.1258452247619629;-3.934870428466797
1478631365662;280.8436002171448;1.011113018857683;35.82255466528199;5.5753473871535615;-0.4065653694152832;-7.005733113628998
1478631365695;280.86309116183384;0.8747817371456613;35.83997036427113;6.878391951220855;-0.6910264724289067;-8.55029264230039
1478631365728;280.90848327241366;0.8213242082369239;35.793838502263156;7.81647001612559;-0.5909188972473144;-9.93399160079956
1478631365762;280.98325160046465;0.9006592101397178;35.6608822950178;7.486518807574361;-0.428412459564209;-9.518298629815876
1478631365795;281.0954371820828;1.0553684110019654;35.309529668449514;5.742043504212004;-0.117465518951416;-7.430404560033977
