sep=,
timestamp,gyro-alpha,gyro-beta,gyro-gamma,accel-x,accel-y,accel-z
1478631217361,277.80361077643914,0.13101069617020095,26.80444747245871,4.4503719711359,-0.020949263955545028,-8.834903574714017
1478631217395,277.84266415850135,0.18727149346266572,26.755882461287413,4.474164334150683,-0.026934767535113494,-8.864381872127437
1478631217429,277.88340151079564,0.2659736790048952,26.663722360853527,4.491522186588961,-0.05147533455171505,-8.924236941030808
1478631217464,277.91094110244074,0.3251803658198537,26.58224034742681,4.465635155133158,-0.05252279720721126,-8.867973366413917
1478631217495,277.93966289617424,0.38273678920227455,26.496760372092655,4.449474074731395,-0.06838438548903504,-8.814851765917451
1478631217528,277.9671034099773,0.4399087457251759,26.4056800589764,4.397550040855887,-0.08843582268037717,-8.778639565416054
1478631217562,277.9918991067499,0.497270828034176,26.327093256402737,4.397998707071994,-0.1189618904224364,-8.703521338487835
1478631217595,278.0323839716677,0.564263521859679,26.229811109458076,4.368071387249441,-0.1470937644958496,-8.718485564654692
1478631217629,278.05432134226595,0.5873151774527939,26.169540238392624,4.418798448159033,-0.15277999800529796,-8.917204001053562
1478631217662,278.07585498069295,0.5975275942528767,26.15644676284177,4.4967597036499525,-0.11387421303624869,-9.159317835733107
1478631217697,278.0905203479863,0.6099211800386077,26.292079894259405,4.480299576369533,-0.05521627122077625,-8.611195384492632
1478631217731,278.1041685520241,0.631792690912547,26.475084651767652,4.221127146192919,-0.0516249778636964,-7.832331455993652
1478631217764,278.12168677447966,0.6444504173383633,26.72190073198406,3.9646484577454624,-0.05132569808959961,-7.100902702685445
1478631217797,278.1462714229529,0.64184901541222,27.03220279907715,3.7116111967224628,-0.061650692749023434,-6.623558892822265
1478631217831,278.16770747688355,0.6317786791783945,27.385817653747583,3.511396082891896,-0.11432312813081662,-6.241534382684528
1478631217865,278.18078523916097,0.6299699493758153,27.75834845096503,3.3170167625427243,-0.19348142166137694,-5.663932939910889
1478631217898,278.1916719550089,0.6284783510577981,28.132700633804003,3.0774469589233395,-0.2753331909179687,-4.994603646032512
1478631217931,278.22161749174705,0.6367881292488056,28.631778057787905,2.303820401354879,-0.22340894241333006,-4.032284508514404
1478631217965,278.26316539885534,0.5765577300883926,28.90625703098279,2.1160253547668457,-0.21787235107421873,-4.178330517522991
1478631217998,278.28988004530754,0.4808090080982491,28.971706295866344,2.2655133209228513,-0.1288379768371582,-5.273379086358845
1478631218031,278.28663859644143,0.38438493594618384,29.05647564848894,3.253869693756103,-0.1183633445739746,-6.609642449542134
1478631218065,278.2898501100137,0.317848425526372,29.119145966967203,3.971980700329691,-0.04548983268461306,-7.233930386297405
1478631218098,278.2890414565546,0.2517955426006058,29.081033335534336,4.718821948728641,-0.10130465774536132,-7.51195741940923
1478631218131,278.3155692344192,0.18723747820598052,28.97243654841627,5.1538184948243195,-0.0809539436340332,-8.079832271808012
1478631218165,278.3581974131244,0.1383088184592261,28.743553618431864,5.090671279907227,-0.13377602232780772,-8.396315511498972
1478631218199,278.4083108856416,0.09948842439812482,28.402501422791104,4.748749437514553,-0.17761984479599632,-8.360851198478509
1478631218232,278.514766738545,-0.013620119877531207,27.773925569155296,4.292354627316259,-0.05461772494419783,-8.852710257765185
1478631218265,278.6136730061373,-0.11393285612942106,27.01823193142738,4.556315406014257,0.19632453613281248,-9.715670409979298
1478631218299,278.6827125468717,-0.15677118036160942,26.4726401342738,4.8038159934997555,0.24660277099609373,-9.881917787756398
1478631218332,278.76690428826436,-0.1942437318968994,25.891395620103662,4.881328381845169,0.23867198484669205,-10.354772688702493
1478631218365,278.84488004359946,-0.20457804170998187,25.29946951673808,4.8904561660766594,0.18285715179443357,-10.463409442901611
1478631218399,278.9336558642934,-0.20894923303218704,24.733764128392238,4.724657701110839,0.23971945035629905,-10.768071896417439
1478631218432,279.02002408452086,-0.21880431241978845,24.198546392774876,4.534767655004933,0.2899976669532712,-11.317690522766112
1478631218466,279.0765495895064,-0.22895966768542858,23.78210871455735,4.953752945532277,0.21009120024528818,-11.758672541046142
1478631218500,279.1623489388561,-0.29366592100812006,23.32807219445515,5.801300260162353,0.1396118843078613,-13.265523503167927
1478631218533,279.2129628360292,-0.32274602770489946,23.146327387177433,6.26951632232666,-0.0056862289428710935,-14.219462934875487
1478631218567,279.252971376766,-0.37913030419310845,23.087960649489816,6.714388918304443,0.03471592178897699,-15.342193875885009
1478631218601,279.2695020975105,-0.42505009666032234,23.143899884459568,7.5148004608154295,0.25842414169311523,-16.344316908264158
1478631218635,279.29770773974576,-0.3568108630005783,23.465952081576194,6.965480817413329,0.4643254662002437,-14.712668476867675
1478631218668,279.32080865436865,-0.301249118811975,23.75421447082075,5.635950854138285,0.3693056243454106,-12.75600717010498
1478631218703,279.3266871091625,-0.309697427236358,24.052916399922577,4.611382035064697,0.18869301834106444,-11.367819266156106
1478631218737,279.30730096274715,-0.3630169723119523,24.382990592749337,4.183717690454051,-0.018555058299633675,-10.50366210444346
1478631218771,279.27877163829345,-0.44659307616757243,24.69625075373069,3.9438487942902367,-0.076913719199365,-9.90750596412979
1478631218805,279.2370413791459,-0.6053923640019799,25.080939144041064,3.931129397041257,-0.117465518951416,-9.718663162054494
1478631218841,279.2071082553549,-0.7013086248899159,25.262094567101947,4.017919280287158,-0.043843808768456796,-9.425822444561868
1478631218875,279.1865277166159,-0.7874988410997216,25.39862309020416,3.900004866790771,0.04369418029785156,-9.166201202038675
1478631218908,279.1558086568569,-0.9224700811735936,25.441540003961723,3.9357681079588827,0.1493383376854006,-9.235034134441985
1478631218943,279.1356026789166,-1.0028000123090886,25.51449852849489,4.068047914079297,0.18959084510526736,-9.417592157159373
1478631218978,279.1057421545704,-1.0996271407936695,25.41602631157333,4.206312935228679,0.1981201816697081,-9.435847944818065
1478631219011,279.08939836189546,-1.1066807377030317,25.266299715810447,4.273500225310446,0.1238999267799314,-9.464279345260746
1478631219045,279.0793399765221,-1.0442441226859773,25.139072740849716,4.438401092982572,0.0613514175415039,-9.60897872543335
1478631219078,279.0883336153521,-1.0013172279450402,25.030886147512568,4.307019149017334,0.09367313995361327,-9.851092514447123
1478631219112,279.0949981549678,-0.9391889002233621,24.85073682198841,4.253748034214694,0.12075754623413085,-9.73617068862915
1478631219145,279.1212229154356,-0.9269070396797988,24.67283052597212,4.477007393823191,0.2846107223510742,-10.603171110943704
1478631219178,279.14344036430145,-0.8744089963006093,24.56155605323102,4.342184132031351,0.2642600082397461,-10.575487861987202
1478631219211,279.1571304419108,-0.8474055780587308,24.496376516464093,4.276044292903226,0.26186580657958985,-10.516231517028809
1478631219245,279.18983460987135,-0.8005161880973899,24.359426837247224,4.1460089686408175,0.2166752502441406,-10.647164566449076
1478631219279,279.22479253420425,-0.6757754077194945,24.15306030326722,3.9851485971147076,0.186598096455005,-10.23027434850484
1478631219313,279.2570393086701,-0.43366819988219224,23.99748591006412,3.4141315308501943,0.13138181610107422,-8.002020571722463
1478631219346,279.296985352779,-0.2649901803362044,23.902877746296124,2.2608745552062985,0.046387659377463204,-5.408501842553913
1478631219379,279.3336437137947,-0.10912532382664168,23.76958755219268,1.4457985275268554,0.011372457885742187,-3.6106057411193846
1478631219413,279.362940218539,0.007670429291683333,23.567584494241267,1.2071265495300292,-0.021847089007281464,-2.3675661666870114
1478631219447,279.3919664322649,0.08067897223905039,23.172459409023404,1.0785878479003905,-0.0005985504150390625,-1.8185457984924316
1478631219479,279.41170640267643,0.09981852719564972,22.827409310961027,1.4496891052246093,-0.03666121292114258,-1.9773112960815429
1478631219512,279.4355830396886,0.06291956946321423,22.56197887127167,2.297535768127441,-0.041748891448974604,-3.329885596466064
1478631219546,279.4658449293087,-0.03827583005806201,22.26082539521693,3.4350808684417977,-0.0591068523434631,-5.712415523529052
