sep=;
timestamp;gyro-alpha;gyro-beta;gyro-gamma;accel-x;accel-y;accel-z
1478631227087;277.6281799667529;-0.23055345261799606;24.874180559772803;4.24566783194053;-0.04773439559936523;-8.87336040006437
1478631227121;277.5944276835577;-0.23809651894722567;25.24188857976157;4.325275046273879;-0.04085107039299327;-8.957755682074604
1478631227155;277.5746984204367;-0.23816864131170845;25.409126196549593;4.344727770365868;-0.03067570877075195;-9.025990639451612
1478631227189;277.55277248561;-0.23513703975452446;25.522390567162983;4.392911188374367;0.03022679710111697;-9.089287309309373
1478631227223;277.5283515821661;-0.24039703598603632;25.597049536626425;4.448725959777832;0.07870937957763671;-9.076867296865768
1478631227258;277.50097733567605;-0.27511351614343893;25.63631476542464;4.414309292646776;0.1895908485302003;-9.030180437557958
1478631227292;277.4820656065777;-0.30264887322265566;25.589519525797463;4.377648024926707;0.2311900932422606;-9.085546533612161
1478631227326;277.46068806078284;-0.32500369025427106;25.480588790723136;4.364330415189405;0.22535423126220702;-9.13777005732432
1478631227361;277.43570258743813;-0.334812351451695;25.293547628352083;4.298789016878465;0.20111294401970226;-9.061006076193413
1478631227395;277.3732714608562;-0.2796420060092962;24.748052117955655;4.204666909314645;-0.0372597679027589;-9.028085255376993
1478631227428;277.3533110687243;-0.2491034759948259;24.589253016418834;4.187159492337843;-0.050876789844897574;-8.970923900803317
1478631227462;277.294413764499;-0.10964501364837322;24.198959048772835;4.212897004920896;-0.23762451020393052;-8.510937915978953
1478631227495;277.26552816359015;-0.05581603325490866;23.96674647423609;4.128202075527096;-0.1653495453046751;-8.413074923120066
1478631227528;277.2345003158705;-0.03632594779835398;23.858023592458853;4.04874450793066;-0.06464344311175227;-8.30473759025894
1478631227561;277.19516498676785;-0.009580739171203185;24.29307135513374;4.116680089635448;-0.029029695414805608;-8.195651411791891
1478631227595;277.1524886657203;0.09852371179659612;25.8836628639343;3.7582980560302732;0.10609306106567382;-7.009025506237894
1478631227628;277.13726254663067;0.2313647361180223;27.131891374297606;3.5139399221558123;0.04578910675048828;-5.023633341161906
1478631227664;277.20148457765936;0.2664730231049739;27.79129852667943;2.1431099071778354;-0.10564414825439453;-3.5455133834838866
1478631227698;277.2073344449575;0.23565319658823866;27.991024232636917;2.2480057212829587;-0.1613093414196046;-3.940407019805908
1478631227732;277.2230738712643;0.2301984686975461;28.603029860298086;2.7666498020447787;-0.17866729432258288;-4.906616735021769
1478631227765;277.23959855435845;0.23977153693173126;28.997009670774087;3.055150809832662;-0.16879121247443835;-5.1279313355043525
1478631227798;277.28350948404494;0.19907261495191936;29.707516811543666;3.9615057758055623;0.08349778289794921;-6.870460939025879
1478631227832;277.2964634378983;0.1914732971433402;29.8738372486052;3.9303811542235314;0.10743979949951171;-6.997952031298726
1478631227866;277.3151033900359;0.20436106970539142;30.22757275935033;4.516960962820612;-0.010025719451904296;-7.452551290716603
1478631227899;277.34098533234265;0.18810308482113622;30.586056347263437;4.564994268301315;-0.08514379653930663;-7.592612014770507
1478631227932;277.3736611804606;0.08847932439734281;31.022791964134342;5.053860618092561;-0.0980126316042908;-8.823381086498872
1478631227965;277.4011067961973;0.03090068684746274;31.469760741799114;5.468057316589356;-0.1798643911569059;-8.944438346331939
1478631227999;277.4268968833536;-0.03254842690508744;31.691015505410164;5.259313133339118;-0.01810615005493164;-8.656984472976811
1478631228032;277.45420752771315;-0.1343939217093576;31.95977154045367;5.453991582765337;0.09053075255794683;-9.021651349871977
1478631228065;277.4878013048212;-0.2143859915231967;32.25749186538137;5.603479603720269;0.1261444999694824;-9.233388193865865
1478631228099;277.5210657887872;-0.2937907256171897;32.601343327788584;5.484367596203461;-0.01840542526245117;-9.172785037408396
1478631228132;277.54613393916253;-0.37342118517121453;32.88791618258015;5.665429608209431;-0.056413376617431635;-9.261520063372702
1478631228165;277.5897657596022;-0.5203812280345157;33.40093898493651;5.861305012335255;-0.16475100173950194;-9.3058130132813
1478631228199;277.6071448922935;-0.5702560119279318;33.55168043823889;5.91427657793574;-0.13661914136582054;-9.331999593939258
1478631228232;277.6573860637509;-0.7305156526621355;34.01730735690101;5.9135282803190865;-0.07003039855957031;-9.357887118585408
1478631228266;277.68327819434364;-0.8509888994712453;34.31426653973847;6.152499862316995;0.03067570877075195;-9.331700537927448
1478631228299;277.7229753454497;-0.9993269102559446;34.61980392726765;6.506542213616893;0.03157352526015602;-9.823110136413574
1478631228333;277.75881081948233;-1.2044673532214005;35.06607971231604;7.278373193005472;0.12764088514023458;-10.547206501007079
1478631228366;277.7965164116665;-1.3542504670592401;35.27924183774834;7.652466910143941;0.2950853546142578;-11.273697359521686
1478631228400;277.822048178698;-1.512056039104708;35.395774224125745;8.031648744201659;0.46836569976806636;-12.258761705072223
1478631228434;277.8077260069269;-1.669038561297814;35.47187719659012;9.061005820465088;0.543932689666748;-12.878560659845173
1478631228467;277.80045000738306;-1.8580534655257932;35.41960111050339;9.784353997039794;0.6889315277099609;-13.542801690673826
1478631228501;277.79177343149524;-1.8897152134240618;35.34582885001931;9.408763611602783;0.6331167015075683;-12.804639099065959
1478631228535;277.80558194633994;-1.8918900828982241;35.18086951317852;7.494898513384908;0.44532152705537154;-10.847978084564208
1478631228568;277.80635413835654;-1.9157814592717297;35.0010520167811;6.704662400994822;0.4005798698314698;-10.215160366003214
1478631228602;277.80046829373117;-1.9304412001963231;34.89448573566854;6.595277677972614;0.3893570358497556;-10.082581595202535
1478631228635;277.7817827199069;-1.9473803262043958;34.51657356097629;5.9636568410459905;0.4305073860168457;-9.199271039404348
1478631228669;277.7717055119924;-1.9490230816984226;34.21178378503208;5.451896633479814;0.4522048385620117;-8.635286691638083
1478631228702;277.7581862743536;-1.9710710765167558;33.87312382257872;5.281608643108979;0.34611176665071686;-8.542960253585688
1478631228736;277.7410961327316;-1.9832881965794442;33.51845803127971;5.273378912828909;0.24854804157866164;-8.585307987710646
1478631228770;277.7122169674846;-1.9641244329026348;32.97321737560592;5.2688897025177255;0.19048866958618163;-8.214206720682451
1478631228804;277.708736861502;-1.9588561658112271;32.78963741509969;5.237166219993401;0.18345570220947263;-8.223783418296044
1478631228838;277.6882257695966;-1.8322926246543523;32.15620265831062;5.468655830471776;0.09202712631225586;-8.387636603546142
1478631228872;277.6904497738849;-1.6744644597223233;32.131087729843905;5.551704444830119;0.0674865592956543;-8.392574544005514
1478631228906;277.7086490635195;-1.355815014389425;31.961629324788603;5.697002704211324;0.02424129180908203;-8.753201342596485
1478631228939;277.72580342511856;-1.263996186103966;31.74571155235332;5.569212409796193;0.047285482788085934;-8.924386651699804
1478631228973;277.74486316788017;-1.1196162910374874;31.56466559543613;5.4568345328399905;0.08334814529418945;-8.855253969164938
1478631229007;277.76865670440895;-1.0102580474567797;31.391155823752545;5.389647120887693;0.20111293716983636;-9.051429013824462
1478631229041;277.7881115410966;-0.9303095580130177;31.22997609671104;5.44935250652153;0.3072060005187988;-9.318083223724365
1478631229076;277.8236525389648;-0.7811764921794301;31.07803059183388;5.339668088166695;0.31259295425415035;-9.201365819726512
1478631229110;277.86269008290543;-0.7100976477015358;30.96434069524837;5.205443230659421;0.27667992935180663;-9.477147923455759
1478631229144;277.8989867308086;-0.6141577115830221;30.99297664790504;5.247341942375246;0.17073650588989256;-9.791087835339455
1478631229179;277.9534280011547;-0.4187490706899104;31.16472185993772;5.17521680002613;0.005835866546630859;-9.54598122118525
1478631229212;278.0133206082702;-0.12470442766456441;31.355201573215336;4.159326761041209;-0.007930792999267577;-7.620145187731832
1478631229245;278.0555516070446;0.06597799004582237;31.609908097175097;3.4717421909607946;0.02154781494140625;-6.212654179028421
1478631229279;278.10328847611316;0.2504375481056559;31.881627448324803;2.8314428844727573;0.009277531433105468;-4.824914603368938
1478631229314;278.1872920584203;0.494541063421816;32.23319167167304;1.9608511596679685;0.056114101409912104;-3.1241338912963865
1478631229346;278.23545257658066;0.6128899010814209;32.38460160658349;1.9312226218625903;0.053719899749755856;-2.603544667816162
1478631229379;278.28782747496234;0.6780355375914705;32.42455201180199;2.286911205999553;0.06120178907089866;-2.8574796813964842
1478631229412;278.34984850225675;0.6793290397926242;32.25475183227444;3.0922607894346115;0.09352350234985352;-4.119523523767293
1478631229446;278.39577561667124;0.6319956123594319;32.032457378404544;4.2601825059752905;0.001945288848876953;-5.85412233428955
1478631229479;278.45336101886124;0.5482715045859952;31.97710768640312;6.0546368694581085;-0.021697452545166016;-8.139836987448296
