sep=,
timestamp,gyro-alpha,gyro-beta,gyro-gamma,accel-x,accel-y,accel-z
1478631424216,288.2295062017898,0.06366398137631908,2.258639040910022,0.40087912905596895,-0.025438392639160156,-10.020033496956062
1478631424250,288.21012655852473,0.04468525546635621,2.108143605836103,0.3498527027489559,-0.020051438903808592,-9.964966785707231
1478631424283,288.20295578543124,0.04119191910364238,2.0548257038918516,0.3324947566958435,-0.0234931037902832,-9.947907614821428
1478631424316,288.17307072867163,0.05010297326653961,1.81630083856651,0.2754828308050171,-0.03097498283662717,-9.866504785775579
1478631424350,288.1570266805269,0.0611637379259645,1.7119641944395902,0.27413608666295763,-0.031124620440386934,-9.952696401734231
1478631424383,288.1418750004868,0.08385177832667223,1.6185367820863261,0.25034371793995375,-0.03696048812866211,-9.997138413857854
1478631424417,288.1259915902534,0.11874631065153476,1.5465913869992847,0.22744916456470962,-0.07751227874755859,-9.979032409933396
1478631424452,288.1093602876239,0.1648695384120908,1.5139150766582226,0.2879027519170777,-0.11971008529110112,-10.000729807679633
1478631424486,288.0920995315352,0.23062414961252156,1.5417445968460066,0.314089330291748,-0.17163433151245117,-10.228029747915826
1478631424520,288.06772930692085,0.2872459948441381,1.6674901925173413,0.5659294174194336,-0.15816694717407226,-10.449194089740141
1478631424554,288.0535045195063,0.37680362244446985,1.903416629697982,0.5587468124389648,-0.13123217849731444,-9.880121862516646
1478631424588,288.02919129869076,0.5209514833757032,2.3478074088224696,0.7173626724243164,-0.09232639895107568,-8.629451190417631
1478631424623,288.01852264092867,0.6504166170361051,2.7389385572365708,0.8783727340698242,-0.07706336365299066,-7.104793134252726
1478631424657,288.0291670086576,0.7759904697798654,3.144551842454969,0.7315782630478032,-0.05686228942871093,-5.203797016088664
1478631424691,288.06902020075523,0.806284099027385,3.5596851047043843,0.28356325912475583,-0.07721300810661633,-4.311358639526367
1478631424725,288.08306763993096,0.7476778283986075,3.8471578719512296,0.09157821350097656,-0.023792378997802732,-5.2313309197023505
1478631424760,288.0806864146073,0.7183937615367147,4.169519651021746,0.4170399834121577,-0.02902969512939453,-5.516090695135295
1478631424794,288.0920862770484,0.6470270770071812,4.462149141519844,0.6570587455085944,-0.05656300965461414,-6.097433078002929
1478631424827,288.1143187332591,0.4456117529607372,4.85159504735971,0.9057564338241704,-0.1637035385131836,-7.926303578893839
1478631424861,288.1366783374177,0.33253174492018867,4.968341810094482,1.0664672202621586,-0.29972411576423325,-8.794800815637409
1478631424895,288.1764967229846,0.22465428231906617,5.068493816688335,0.8195651375259272,-0.12943652268562,-9.997587454533297
1478631424928,288.2007619101318,0.15575036958319358,5.080920441305194,0.7366659050430171,-0.1081879852350219,-10.282647181027196
1478631424962,288.2257270252603,0.09464187734774042,5.114607326699554,0.8095394637397956,-0.05970540618343511,-9.889399868873786
1478631424995,288.2675510879898,-0.07895032897059417,5.163544502354358,0.8815151214654906,0.018854338073730468,-10.649109782232715
1478631425029,288.2822578997643,-0.16909898082701785,5.258070644532969,1.1086649879897943,-0.016160858922766055,-10.53224259450063
1478631425062,288.3427809781074,-0.3196089976541564,5.415004930279234,1.0106523666603024,0.02184709014892578,-10.587458870287984
1478631425095,288.39525572334026,-0.4249104676924559,5.507784229454978,0.5220856360504403,0.01780687484741211,-10.577283586297556
1478631425128,288.4157660517633,-0.5165112159316583,5.542389486145319,0.46686932373046874,0.006284779357910156,-10.28997931401357
1478631425161,288.4311653667542,-0.6314037633501481,5.613695522405735,0.6296750731537119,0.030825346374511717,-10.241646258401312
1478631425195,288.45141873660566,-0.7702677676682779,5.661858261477521,0.6688801070724614,0.15412672730598131,-10.687716137872263
1478631425228,288.46916168509057,-0.8827534426797854,5.765148765660614,0.7504325463226065,0.21891980973395983,-10.649558841174468
1478631425261,288.50564800247037,-1.065985182126477,5.789198713845528,0.7294832817962392,0.22026655501766362,-10.391732957635448
1478631425295,288.5216391341492,-1.1879573778734425,5.643978969912987,0.6229413444519043,0.16086041947517077,-10.658985864080861
1478631425328,288.5252072847818,-1.3122521097814852,5.645210261973605,0.9858125449857791,0.08454524612426757,-11.073631444903462
1478631425361,288.5654239057909,-1.5360143808792952,5.606148631308246,1.0996867226310538,0.16953939592665992,-12.317270008142291
1478631425395,288.5849536638647,-1.672714766411512,5.507672815939182,0.9935937072311527,0.2410661796569824,-13.117980241338907
1478631425428,288.5909083546947,-1.8307281494559038,5.377224937073006,1.0643722664100583,0.31019874916906115,-14.059500628717243
1478631425462,288.5768783697927,-2.0058655848515974,5.235464064802409,1.371278964321874,0.6108206802810542,-15.938948639678953
1478631425494,288.54626087935264,-2.1131924338237447,5.1182654544902695,2.0301333702087403,0.927004955291748,-17.16178713760376
1478631425528,288.54166370933257,-2.1385474533410713,5.066620227364016,2.007837367248535,0.9569324760437011,-16.8168724609375
1478631425561,288.55370395024636,-2.051107463819501,5.127963288130309,1.2069769119262694,0.6681319007873535,-14.53699393005371
1478631425594,288.54708184290416,-2.0182391202689742,5.177510620824208,1.14278237991333,0.47869071269379926,-13.31161159286499
1478631425628,288.5195427266841,-1.9855660385396163,5.374501897549907,1.0378863922782708,0.3438672168648743,-12.099546856280416
1478631425662,288.48569066691135,-1.9450747121036152,5.625205614250615,1.0764929214477539,0.17582416615141555,-10.95107832048945
1478631425696,288.4794450714046,-1.9271156323159238,5.716044007641608,1.0757447425621096,0.13661915049897505,-10.750414293847605
1478631425730,288.4744732417169,-1.8811124411482372,5.951333675886627,0.8860042609947267,0.14305354919433594,-9.922170504097174
1478631425762,288.47409493453927,-1.8755809778562886,6.028009292060458,0.8423100350311026,0.20066400837553663,-9.90316640055552
1478631425797,288.4597320429463,-1.8769473701474946,6.219121098249789,1.135599756666552,0.45774144816743206,-9.835529810930462
1478631425830,288.4675512974261,-1.8979669801317425,6.394428855519038,1.1233295074075809,0.43514616086655294,-9.89478658514712
1478631425862,288.46851459801144,-1.8929983362684875,6.445526173054506,1.1409867515010992,0.3185784572628967,-9.813832796776714
1478631425898,288.475605618172,-1.8725599942359938,6.612838518901793,1.2612953438247554,0.1403600540603511,-9.690231834677048
1478631425930,288.48971353376857,-1.7518098097454797,6.805394208065217,1.3694833130767567,0.06688800888061523,-9.911845399839896
1478631425963,288.5091644335767,-1.6558755827109115,6.937302799441993,1.305588092803955,0.14320319593125022,-9.990554688085988
1478631425996,288.5389973388986,-1.6163849336259575,7.005023525620956,1.193958430124371,0.2335843040355714,-10.396371869482472
1478631426029,288.55245114159123,-1.6253704531958553,7.0063580860949175,1.236156230959692,0.25109190139217535,-10.652850430065765
1478631426063,288.57294862095637,-1.6218996912233332,6.954771835454422,1.1100117264236322,0.23837269822272936,-10.537180781555175
1478631426096,288.59358526529877,-1.6340609627444016,6.840297798104545,0.9789291855300776,0.2370259552223142,-10.795903906194866
1478631426129,288.60174618655185,-1.6318590705272054,6.753554659954116,0.9524433296645991,0.19916765973740255,-10.695048672717437
1478631426162,288.6160068913577,-1.596286213716696,6.627240586240703,0.9781809792449697,0.1500865074378904,-10.090512278603947
1478631426196,288.6349196658007,-1.5735461868420932,6.4546465789232625,0.8274959305251948,0.20066402664184568,-9.608080781079781
1478631426229,288.6536626618995,-1.4788341099345519,6.264222934089095,0.9430161697608884,0.06464344482421874,-7.110180087988078
1478631426262,288.71349010608054,-1.4222665835096766,5.94757814971506,0.5398925108978524,-0.017657237243652344,-5.331138616888225
1478631426295,288.7553791478526,-1.41776742494015,5.575328212927818,0.5734112976074218,-0.0282815071105957,-4.495263254547119
