sep=,
timestamp,gyro-alpha,gyro-beta,gyro-gamma,accel-x,accel-y,accel-z
1478631383020,280.73744707612013,1.1516402198708107,31.89728544048738,5.27457615978946,-0.18255786973704816,-8.398111112511739
1478631383054,280.69913558707464,1.1361706840232364,31.859256954649844,5.358073495162837,-0.25318682099494616,-8.3321212748865
1478631383088,280.6836012074079,1.1241942500710267,31.753732918677688,5.308394212573394,-0.26650457686271983,-8.47981349532632
1478631383122,280.6687622918069,1.116480938304064,31.579856862604384,5.245396306466497,-0.2995744918602053,-8.662221606445312
1478631383157,280.63584465958274,1.1368645624486189,31.318167838200683,5.221604247129103,-0.29014732282334005,-8.408735781954194
1478631383191,280.6146697135105,1.1321108689532031,31.182723534381452,5.1888336667046415,-0.2187701675636228,-8.188319242272899
1478631383225,280.59485396060046,1.1086950739456936,31.120370528215815,5.105934406822268,-0.1659481117027346,-7.937077778625488
1478631383259,280.58423114205993,1.069656509280169,31.016011889233173,5.155913211214402,-0.17582418727183538,-7.8636057151794425
1478631383294,280.58451682404177,1.009120893902196,30.996721617549134,5.269787418542429,-0.1449988471763674,-8.146420877616945
1478631383329,280.58564001407683,0.8968791356992339,31.13254163357941,5.409548830856196,-0.12958615800609113,-8.519616860464401
1478631383362,280.59380556785,0.88129366949961,31.349002796624763,5.105634923550071,-0.08394669570922851,-8.224082876166655
1478631383396,280.57329253972983,0.9253711857766276,31.927350958463922,4.521748964282125,-0.04908113403320312,-7.110329725591838
1478631383428,280.53797156034807,1.0844220112554417,32.77732050287095,3.3123779968261715,-0.06958149488144554,-4.006845823614299
1478631383461,280.5934296942096,1.0480410626329055,33.637307713911966,2.526331664276123,-0.07032967376708985,-2.7443536529541013
1478631383495,280.63668302464043,0.8962336597581585,34.20907089585376,4.049193557739257,-0.18016367721004645,-5.3384711517333985
1478631383528,280.6539431803129,0.892631796568517,34.768882891275034,4.495412746020406,-0.26964696197509763,-5.809679819842428
1478631383561,280.71951870813604,0.9036617232184333,35.462282838431385,3.8793548774719238,-0.24420856020278295,-4.8135424377441405
1478631383594,280.7788389269553,0.8501085054645292,35.73970861341209,4.1916484103880824,-0.13572131117668468,-5.422418139703572
1478631383627,280.8299048924995,0.7868112734610346,35.88889094720541,4.476109495135397,0.04668693237304687,-6.14651406590566
1478631383661,280.90584500525966,0.6640849048388611,35.88043783892359,5.174468557208404,0.036062662506103516,-6.933309024865925
1478631383694,280.949771418101,0.5444587236860432,35.929296124985704,5.981464044686965,-0.10534487647180794,-7.908197556703072
1478631383728,280.9970073402867,0.45405433409897383,35.83372545626602,6.067505703381449,-0.30092121202773414,-8.053196714406694
1478631383761,281.04560196360006,0.371694282813021,35.80484046775378,6.212504249163716,-0.40028059462395027,-8.286481327676213
1478631383795,281.1022816040098,0.253152482716228,35.64249960008232,6.3681272840086365,-0.3719990966465091,-8.243236334184278
1478631383830,281.17916401365716,0.12154361659520382,35.461532302683345,6.504297941821441,-0.2461538559015258,-8.924536252770945
1478631383863,281.2549276247626,0.00027019287430953454,35.24812781238827,6.434566672338917,-0.07781154942417724,-9.103353189263865
1478631383896,281.3756693218561,-0.1860967261519065,34.93177886478314,6.126612629931793,-0.020649989318847654,-9.007734541265666
1478631383931,281.45585523221456,-0.3296809948933916,34.763653395138405,6.214000698266551,-0.050876789844897574,-9.235333774975686
1478631383965,281.5776319330192,-0.4758208701032182,34.58687131925898,6.019322175775096,-0.016160861206054686,-8.857797954559326
1478631383998,281.6730668114634,-0.5484651392759917,34.485608692863295,5.641636717754975,0.005835866546630859,-8.55313586636968
1478631384032,281.76801382236425,-0.6679006334098194,34.396977638183586,5.48466693990964,0.06838438491821289,-8.702623869058304
1478631384065,281.8450843281382,-0.7768042419605835,34.33648774893995,5.581931619815505,0.1466448516845703,-8.673295008319243
1478631384099,281.9288131199636,-0.8888147609035115,34.3126672345437,5.792621133013815,0.14395137481689452,-8.632294304889067
1478631384133,282.0248989164355,-1.0159930676259255,34.316810216830476,5.866991095147654,0.19931729049129643,-9.378537107904254
1478631384167,282.0919495108588,-1.1142157519444615,34.369766571943714,6.328623395007476,0.06404488527602516,-9.659257252557575
1478631384200,282.2200417488774,-1.2578638932998674,34.410138955951346,6.865073839160054,0.12090719297104514,-10.961403095953166
1478631384234,282.255070103838,-1.3001705760290074,34.407526611872974,6.923133375549316,0.16026186449355445,-11.260827941076457
1478631384268,282.3266064138334,-1.48181604656852,34.406428840139235,8.757839742986857,0.2979284645191161,-13.008146532440184
1478631384301,282.335978454818,-1.5418609887271184,34.46837246360539,9.721057290649414,0.46357729644775386,-13.98228733291626
1478631384335,282.3391161940975,-1.5162587555657197,34.61968653720199,9.971550639343262,0.520289948272705,-13.646799825286864
1478631384369,282.3675923554423,-1.4336120786631132,34.84381701565862,8.79420168070048,0.5017348854064941,-12.598438773345947
1478631384403,282.37211509386844,-1.3643744980725212,35.118170037518574,7.407510591180622,0.42227731781005856,-11.322329288482665
1478631384437,282.3557573116106,-1.3362566671525555,35.415583157497494,6.618171646825969,0.311246224953467,-10.289680184936524
1478631384471,282.32922540947686,-1.3415805109476486,35.700194048431605,6.476015996319428,0.1785176567188231,-9.863811710766702
1478631384504,282.2974184576707,-1.3463728867096523,35.965975522376816,6.439803988470509,0.0613514175415039,-9.33499241907969
1478631384539,282.28205271774175,-1.3335889104173273,36.19556591098517,6.263380924844182,-0.015263035583496093,-8.922890312194824
1478631384574,282.27062802231035,-1.3055272484880756,36.47543626922478,5.819107396446314,0.11522094576186499,-8.353818322433344
1478631384608,282.25256998687826,-1.283727642531942,36.68724434492462,6.123170471854973,0.14305355832749045,-8.262240145464986
1478631384642,282.2542993024775,-1.273706207180555,36.74777953783885,6.213701532656885,0.13168108217543922,-8.396465404831059
1478631384676,282.2549776757777,-1.1598509126411074,36.92922920221774,6.356007113028131,0.11896188585585914,-8.363694696542433
1478631384711,282.26883474698764,-1.0465649126805443,37.02760661055157,6.28208588104248,0.059406137825781476,-8.396764716571196
1478631384744,282.27908333824695,-0.7676705745413759,37.02677265285407,6.34523316902481,-0.03396773605346679,-8.596231496252491
1478631384778,282.3012314961601,-0.44344441922294514,36.912709034120596,6.352565338543802,0.010324994659423827,-8.82412963984385
1478631384811,282.312656507226,-0.32221072810673973,36.858382635058355,6.342539582559279,0.09696516723632811,-9.033771557385101
1478631384844,282.3176053040555,-0.20721957884910353,36.76508486314142,6.58689753377065,0.17402853088931877,-9.419387881469726
1478631384878,282.32436456532105,-0.06647790067643064,36.64448899250296,6.569389934130758,0.1764227302661864,-9.559598316192627
1478631384911,282.3347010766847,0.09670109369972335,36.50971836874439,6.123320639181696,0.15248072279777844,-9.348010744476317
1478631384945,282.3222771682598,0.372649233496073,36.32171776439615,5.613205646105856,0.07272387086066882,-8.61448713778071
1478631384978,282.31021110395716,0.6229837869301872,36.22507890597574,4.664653168133646,0.035763387298583985,-6.999448553466796
1478631385011,282.30377685066566,0.9885514186948354,36.12015927021063,2.4762033592775463,0.03037643356323242,-3.676147011566162
1478631385044,282.30207064137767,1.0849801334869476,36.087888540380355,2.2239140670776365,0.030526071166992186,-3.2083795699521898
1478631385078,282.2958389356608,1.3175892441131276,36.016085599941746,1.8059762397766113,0.011073182678222656,-1.650951682281494
1478631385111,282.29867762234926,1.3736943404708684,35.95301035632374,1.8231842719480393,-0.00613514175415039,-1.4336778816223144
1478631385145,282.4699909763962,1.511265652623374,35.04936839816744,2.5420433204099533,0.07407059559477493,-2.0239982284545897
1478631385178,282.5761860885334,1.4375860616120975,34.135319115924275,4.203918693896383,-0.2636614509748411,-5.369745118658244
1478631385211,282.5874031951965,1.3733563820801336,33.939583723640006,4.633827821759135,-0.46103345718383787,-6.2778960281372065
1478631385245,282.6045916741599,1.1987938455149056,33.29955087138248,8.521113053838908,-0.9971850097213871,-11.363779196985066
1478631385278,282.6260058837697,1.2969240914068394,33.11851425384666,8.719981429235636,-0.6646902176345698,-11.655422594451904
