sep=;
timestamp;gyro-alpha;gyro-beta;gyro-gamma;accel-x;accel-y;accel-z
1478631358766;281.22550162165265;0.1664960936792908;16.4309892066183;2.744653003510146;-0.041299977496050994;-9.385120609913836
1478631358799;281.2245459670435;0.19646765243933673;16.030430917009447;2.6710311745961777;-0.040701428793478406;-9.43749408518194
1478631358833;281.22222672675036;0.22011148218396737;15.823161842395963;2.614767583996267;-0.042347442434835826;-9.4934584770645
1478631358867;281.2166832619775;0.24634794014640984;15.686732734270505;2.608183355900901;-0.03666121292114258;-9.48118827575459
1478631358901;281.20635961123907;0.28488291240581554;15.633567126756416;2.605789099441818;-0.04070142993512272;-9.380781544096488
1478631358935;281.19848453401625;0.3097548308763444;15.709444134073701;2.6219501387443858;-0.03366846084594726;-9.294889504739455
1478631358969;281.1921739751755;0.3297548799513357;15.861263437003307;2.663998139862454;-0.03740939865665277;-9.325565003447654
1478631359003;281.1844276841593;0.34733980973266165;16.067832382311504;2.725349697826209;-0.033967738336755426;-9.367014889117167
1478631359036;281.1758275731745;0.36112166478049745;16.330028278280377;2.8269535873966056;-0.03037643356323242;-9.44078614785563
1478631359071;281.1681905377352;0.37520795435122084;16.628966528912063;2.8978819531426296;-0.03366845856265863;-9.509170507657666
1478631359105;281.1452270717602;0.3975970302322526;17.157497213196695;3.199551353189163;-0.04893149871273199;-9.534459034364204
1478631359139;281.12572376727564;0.41803334314448176;17.518353927303675;3.473537659542821;-0.03770867843074956;-9.43958923197193
1478631359173;281.1163452379462;0.47107414613695153;18.08320043396471;3.343502600141894;-0.0037409400939941405;-8.721777190078608
1478631359207;281.1311867243973;0.46272141553273805;18.41647131522481;2.964021637007128;0.014963760375976562;-8.53577805046402
1478631359241;281.1279213839144;0.4510613491180117;18.685455268856938;2.7238532647063955;-0.015562306224438362;-8.486247857489063
1478631359276;281.11452933932514;0.44107239486240524;18.933284031561385;2.863315584475733;-0.0481833061273559;-8.109011604541168
1478631359310;281.1144160000317;0.442108500415409;19.212080032894903;2.8766334042755886;-0.06419453201293945;-7.2723875427246085
1478631359344;281.1471728867335;0.4039095968598972;19.88166006677907;2.184409666619822;0.009127889262768439;-5.306897617340088
1478631359378;281.17596086963624;0.3258643413277715;20.21161448525195;1.801337620190531;-0.022445640563964843;-4.7469537040710446
1478631359411;281.20126044630405;0.1981746196105886;20.586675051883383;1.956062756347656;-0.10504559783935546;-5.077502878515422
1478631359445;281.22898649731155;0.06636375403855345;20.961505672565274;2.2067057426452634;-0.20365678214197394;-5.7812488212585444
1478631359478;281.2548311435079;-0.039912196058653385;21.30525325759677;2.2706009994506835;-0.28491000041270453;-5.93417816004008
1478631359511;281.2894970952774;-0.1725034114685648;21.61308380060504;2.4260743966918437;-0.25528175201416015;-6.448183328954875
1478631359544;281.3333846224419;-0.40798288625736623;22.060995747167702;3.1133599838256836;-0.07407060929450672;-8.03987873934321
1478631359578;281.35204127350323;-0.5107293514740756;22.37655295138864;3.6293103959235826;-0.06254851837158203;-8.760533402517623
1478631359612;281.37947650094355;-0.6547099924126546;22.928519699153938;4.210502931124903;-0.10235212097167969;-9.339032342120259
1478631359645;281.4110446977964;-0.7336848012358346;23.326044653854566;4.181024359716847;-0.09711480484008789;-9.479242849908395
1478631359678;281.44078492569713;-0.8057947499898973;23.716730186987803;4.193444335627835;-0.06374561920166015;-9.450213045181147
1478631359712;281.46311783756687;-0.8817981218454046;24.113615557066797;4.318242115429789;-0.06314706878662109;-9.211690741320698
1478631359745;281.4969257039966;-0.9796010552516868;24.58869346405849;4.454861064999364;-0.0010474632263183592;-9.43973870517891
1478631359779;281.5280360098259;-1.0762535483878573;25.094255560067605;4.838532063702494;0.030825346374511717;-9.796324786144867
1478631359812;281.567808314235;-1.1522298235159842;25.64998980097522;5.008819437585398;0.03860650177001953;-10.025569595104828
1478631359845;281.6122810627728;-1.226143073942338;26.598764966908735;5.169829572296142;0.016460136413574217;-9.765200602954254
1478631359878;281.67802111280866;-1.2837876857070525;27.60584108096798;5.153519146551564;0.14200608596801756;-10.008062506921588
1478631359912;281.71591786618;-1.2904418037030008;28.19235516261289;5.044882100091502;0.18106149141616187;-9.855731207098438
1478631359945;281.7339485587886;-1.2851229531990895;28.42196057938944;4.794239205125439;0.1828571609275881;-9.551068899713083
1478631359978;281.768147265758;-1.3062352763183367;29.11504042363213;4.864868254564748;0.3842693664550781;-9.93967782974243
1478631360012;281.7692284731235;-1.3035331391400529;29.310992202057374;4.976198604362551;0.3541922080993652;-9.834482448168844
1478631360046;281.79544380437073;-1.3213255034220612;29.746372395506167;5.461473371621779;0.2611176254106569;-9.905710239819436
1478631360079;281.8203916920721;-1.3189748078357961;29.93358478227898;5.7683799142699685;0.20649989090518792;-10.843488956451415
1478631360112;281.8170059403052;-1.3159422357140573;29.959920438252215;6.011541093444824;0.14859014053344727;-10.809970133209228
1478631360145;281.8488014860829;-1.3400303082743374;29.85541777187793;6.879588832855224;0.44427404556274414;-13.033734854944049
1478631360179;281.8248077549308;-1.3168396785797754;29.67942131290641;7.7976155319213865;0.49530046844482417;-13.683311400604246
1478631360212;281.8114055899164;-1.268921819705253;29.460294150263994;8.302043894195556;0.5713163894210942;-14.39678349533081
1478631360245;281.7991586897813;-1.071577087340063;28.998115050355715;7.970147689056396;0.6262333900009281;-14.286051668548582
1478631360278;281.7867799272102;-0.8794838420321435;28.677701027764083;6.995408338165283;0.5723638161147945;-12.989142556762694
1478631360312;281.7669336630627;-0.7066156481538092;28.33044822673658;6.01573109248057;0.5835866455299313;-11.93554448095113
1478631360345;281.7352568964303;-0.5482669951710546;27.998254717450795;5.265896913909912;0.38411972885131834;-10.975319539233297
1478631360379;281.7010885926725;-0.41854893804667775;27.637254131338718;4.5976152841872535;0.20979191590461413;-10.061033780261129
1478631360412;281.6296812997648;-0.2781206134866135;27.134897051331347;4.112041424383595;0.05446808662691037;-9.525181740393117
1478631360445;281.5677411485682;-0.20862979128639073;26.7933740937109;3.984400511843897;0.0796072052001953;-9.08749138406962
1478631360479;281.5088391752934;-0.17295453244214595;26.46069553388868;4.017620059878565;0.0010474632263183592;-9.052925134133734
1478631360512;281.4229801715383;-0.13711895690551598;25.976213521668022;4.013130858700536;-0.058657940673828124;-9.211691070114261
1478631360546;281.3658442327864;-0.1086261221847252;25.699473548781878;4.015674643165525;-0.06165069160737912;-9.244311592809856
1478631360579;281.30916660450913;-0.043298135444316634;25.279286231942173;4.01747033094326;-0.04534019622249761;-9.28905352859497
1478631360613;281.2569024062223;0.029794656843362688;24.93370749406303;4.1647139248391145;-0.05461772708478092;-9.431658164978026
1478631360646;281.2098001068309;0.10117427996584938;24.739032424370095;4.303577611995022;-0.050427871325396695;-9.67766260475479
1478631360679;281.16932281606813;0.17053409295891828;24.67100469877834;4.303278099325485;-0.0383072265625;-9.808744780322163
1478631360712;281.1334336532098;0.250873655444376;24.72339904290765;4.2673651292220685;-0.041599252846276066;-9.849446062414348
1478631360745;281.099066703635;0.3410366109514677;24.90232616682682;4.258835858872998;-0.050278235434103404;-9.97125136413574
1478631360778;281.04669477022;0.4944828327018231;25.296053801816253;4.397549899291992;-0.06344634856071789;-10.15814873123169
1478631360812;281.01691918314793;0.6372850470200473;25.480916551849244;4.296095503478171;-0.12225392341337282;-9.786448777361958
1478631360845;280.98935501887735;0.7969862204702736;25.774316340383983;4.034977857517917;-0.20485387954711912;-9.005340869328473
1478631360879;280.9576533728489;1.0781728817346317;26.305369917161563;3.544017080511525;-0.22729952467766124;-7.453897956085204
1478631360912;280.93933739032036;1.283432593034513;26.714453871119492;2.9466636932373045;-0.1954267173601198;-5.739350292205811
1478631360945;280.93298629212063;1.4618453554154753;27.06878728082696;2.3353939357481894;-0.12419921112060546;-4.225766222436726
1478631360978;280.9351898163373;1.604393772981409;27.371036064676016;1.926135235595703;-0.07616554031372069;-3.1663316955566403
1478631361012;280.9584880462209;1.7039477653051969;27.531806374875703;2.2405238410949706;-0.1435024528724607;-2.8576293190002438
1478631361045;281.15398561081116;1.7991249775698916;26.834337713245738;2.195034155682474;-0.07377133865356444;-2.99424845123291
1478631361078;281.2062786978604;1.7436201723807163;26.355388105284174;2.9406783352173864;-0.13302782974243163;-4.745158052825928
1478631361112;281.2126741039057;1.6270439920191948;26.018898358719234;3.6770448371887205;-0.2831143491675873;-6.649745765741169
1478631361146;281.17940866113184;1.4149392472867577;25.900889874217864;5.998971680859476;-0.5451297904968262;-10.38395216756612
1478631361179;281.2154274689797;1.4349454608590608;25.772856680180844;6.337900707244873;-0.47061026382446286;-11.335048484802245
1478631361212;281.2776588837552;1.5673039048875683;25.590215190638077;5.599140003613382;-0.4537012145996093;-9.986813674926758
