sep=,
timestamp,gyro-alpha,gyro-beta,gyro-gamma,accel-x,accel-y,accel-z
1478631372362,281.5102263589583,1.1212366777005878,25.889295213520988,4.317793063337903,-0.1716343269458739,-8.83101276297918
1478631372395,281.50852103418623,1.0720763674593654,25.74703251508111,4.287266985321045,-0.13257891236457509,-8.857049707175022
1478631372428,281.5056598811357,0.9967939824333034,25.589054160902947,4.235342603172668,-0.13781623306274413,-8.887575929039064
1478631372461,281.50366071865585,0.9569457549272443,25.531087692169688,4.2057145917366725,-0.16579846839075324,-8.86662679466015
1478631372495,281.49712121519616,0.9253015190341835,25.532258405516906,4.237287901226052,-0.17492635651187738,-8.841636964347463
1478631372528,281.4905087408563,0.8842437945177362,25.66303138097413,4.269759301199473,-0.1421557252842438,-8.879944196618185
1478631372561,281.4834171702478,0.8588534258351611,25.832114244284472,4.309563001980981,-0.11088146438598633,-8.890568658281373
1478631372595,281.474397848778,0.8399791556993684,26.082109619446125,4.390965826460254,-0.11267711791439214,-8.841636951789376
1478631372628,281.46557370650294,0.8229115424208925,26.38835121777059,4.461295536759961,-0.08065466842651367,-8.764723412969813
1478631372662,281.4594260245655,0.8023345278311363,26.727349608134695,4.458153274945169,-0.06150105971184093,-8.77759248435517
1478631372695,281.44029925555407,0.7880312121069779,27.297976561284816,4.5603556715481215,-0.07302314606818835,-8.638878199624292
1478631372729,281.42719004235613,0.773753371620434,27.7344855685666,4.712536918208981,-0.0704793113708496,-8.553584486920014
1478631372762,281.41959920245637,0.7628932624154643,28.16719380831907,4.772092867168458,-0.10714052200870355,-8.588749355769599
1478631372796,281.4163423917777,0.7441804639079814,28.691409146440005,4.864419314354006,-0.10519523087653797,-8.647108126267185
1478631372830,281.41550780964855,0.7361085796926641,28.97169140946346,4.8819267587302715,-0.11013327294225454,-8.696638054380658
1478631372862,281.4144351055696,0.732347563269575,29.16739745100886,4.884620189932175,-0.13257891293539723,-8.554482784041674
1478631372897,281.4152330404662,0.7175740330891222,29.26636170967026,4.960037542227097,-0.13482348327083746,-8.630947584721538
1478631372929,281.41647088310276,0.6990649161556809,29.271318587774566,5.001337630462646,-0.10594342117862543,-8.628852151378826
1478631372962,281.4193251720112,0.6914814283925905,29.203253264095366,4.891354110430227,-0.12883798026209115,-8.372373586228955
1478631372995,281.43818581760036,0.6627157670296999,28.915489980066674,4.690690033556032,-0.21607669982910155,-8.489540085701178
1478631373028,281.439780401875,0.6606651224492628,28.625253175360278,4.692485675097172,-0.2668038475036621,-8.666860449793678
1478631373062,281.44884638922906,0.7043664967594534,28.2017824872297,4.490474778161571,-0.3021183219909668,-8.441056954093742
1478631373095,281.4509871568232,0.6988890366519793,27.933466297387195,4.453963257643115,-0.2615665313720703,-8.5516393259353
1478631373128,281.44745771311125,0.6788454991265949,27.696079873234524,4.55960756744018,-0.2066495307922363,-8.49732094883574
1478631373162,281.4463251189285,0.6487914695385395,27.5672411680151,4.59477236607864,-0.17028759764519052,-8.472481088345312
1478631373195,281.45363575076533,0.5923662956875856,27.506741633912338,4.496759589485521,-0.08619125862398068,-8.579322127367229
1478631373229,281.4629367309035,0.5231391802206842,27.48796249123541,4.356549049731344,-0.06000468139095464,-8.724171451104269
1478631373262,281.47702928422797,0.42332407258181365,27.514237560625038,4.394856486356398,-0.06269815369205316,-9.023147652844338
1478631373295,281.48640265685816,0.3660015427931231,27.57267242182808,4.387224950298341,-0.06284779268719194,-9.228899175350927
1478631373328,281.484168953403,0.3296729574447435,27.65716258809393,4.414309411377785,-0.05371990003516693,-9.158120771435648
1478631373362,281.48505643496674,0.2989844196852198,27.827743957861863,4.432565025506541,-0.05312135118988881,-8.884433174033928
1478631373395,281.48587628232644,0.28413868361826966,27.92394363564545,4.554370133148401,-0.051026423738313315,-8.932467356297467
1478631373428,281.4901932322047,0.28414593331755883,28.05349559413176,4.649090569648263,-0.045040920729567,-8.87949544363711
1478631373462,281.4952034424597,0.2857742670618563,28.183576283435524,4.621856642211705,-0.03666121406278689,-8.778040883426508
1478631373495,281.49975284797193,0.2954576558095608,28.320658756372115,4.645648945860984,-0.036361937713623046,-8.689755194965167
1478631373530,281.5066697906175,0.30791421142252334,28.447709652383576,4.555417680856399,-0.044143091396664384,-8.566602944747382
1478631373562,281.5067008293355,0.3192877745371157,28.569425490978517,4.578910611116746,-0.05327098836553196,-8.526650083569436
1478631373595,281.50375545983303,0.32942545572494375,28.723412997837062,4.708047991596409,-0.057610479445387316,-8.450783699732227
1478631373629,281.4995898883462,0.34008174222459125,29.013059644963754,4.955398995706252,-0.054019172959397836,-8.535777858667773
1478631373661,281.4982585029925,0.3469342984910221,29.220706352074888,5.022436605658009,-0.05716156406540831,-8.489539884771778
1478631373695,281.4918150914055,0.3568504307351846,29.478501847063455,5.171625333139114,-0.06150105378956104,-8.49223327030791
1478631373728,281.4747726720508,0.435637642408857,29.97346403541949,4.961833225438254,-0.0522235237121582,-7.494898805645853
1478631373762,281.4681755897508,0.6071592785823596,30.310095727897618,3.7921163006104526,0.010025719451904296,-4.988169813592732
1478631373796,281.485788924176,0.7945947701390347,30.632580183732376,1.7591396697998045,-0.029478607940673827,-1.762581334686279
1478631373830,281.53764458400525,0.7719833997738053,30.743773829403267,1.3904326141357422,0.020201076507568357,-1.7326538139343262
1478631373862,281.58594795735337,0.6714228199574512,30.947113694787504,1.5912462783813475,0.07362171018295921,-3.5423709938049313
1478631373895,281.57940531257987,0.6049183349842753,31.283533035566172,3.15705387186259,-0.0858919868413941,-4.60644428640157
1478631373929,281.5948258888976,0.5149054217957268,31.73918724814413,4.012831766156107,-0.2855085479736328,-5.5038209961488835
1478631373963,281.66996197818224,0.4514750203555541,31.89044250076472,5.333084280196437,-0.43828853227919895,-7.924209054300002
1478631373997,281.6933256450436,0.4463962457554597,32.22690654813766,4.943727280879299,-0.29194296950188,-7.5836338316101575
1478631374032,281.7345261010282,0.42889703589311756,32.3445534015414,5.099350324857374,-0.21727380065917967,-7.824700084332377
1478631374065,281.790808745154,0.3610629560946638,32.39555882084878,6.208763236004486,-0.2861070983886719,-9.4970495055601
1478631374098,281.8123296330883,0.3381510583622323,32.42726192457129,5.9650036525450645,-0.051924246792172196,-9.560346358080952
1478631374132,281.8191900851945,0.3620242244749092,32.53782355437525,5.8427496572081,-0.09876082076473394,-9.128641871234029
1478631374166,281.85554360132363,0.3506797119974454,32.48820667139651,5.648669831262156,-0.18495207368049305,-8.689755181265436
1478631374200,281.87690492610415,0.30590385392402303,32.41050518812828,6.069899905041605,-0.21383213577270507,-9.240122251361235
1478631374233,281.9250148840401,0.27210291493752375,32.256011195554876,5.822848294299468,-0.33414076462897935,-9.322871627044677
1478631374266,281.9903843197964,0.24116350348692003,31.96558941051019,5.649717513684183,-0.15292963560905773,-9.45185931455083
1478631374300,282.03891399143237,0.21088954514659264,31.693712158035694,5.285948279748484,-0.0469862075805664,-9.63621247705668
1478631374334,282.08276080621465,0.17684348968781466,31.399023703970784,5.306598049871623,-0.051774610900878905,-10.124779691723733
1478631374367,282.1142583249479,0.14246496956090568,31.121603133503402,5.647322946697845,-0.08230067978458246,-10.357466019439697
1478631374401,282.14606265729344,0.08283946229653387,30.812956780115442,5.746083765179291,-0.028880057525634766,-11.045350376184285
1478631374435,282.16561359715683,-0.0008525645878346672,30.533670874297034,6.484994179479777,0.059705402455252896,-12.321160293579101
1478631374469,282.1559914085444,-0.09266340099971601,30.302434860527207,7.491007789556682,0.21398177337646482,-13.638270481872558
1478631374503,282.14712743630645,-0.1769063833608864,30.128331880403486,8.729558528137206,0.15981295853214106,-15.191359171295165
1478631374537,282.1286915836326,-0.15801665868173892,30.11760200628782,9.224260738427937,0.06928221054077148,-15.655983930969237
1478631374571,282.1206844070946,-0.031123119302292758,30.357533680273477,8.445097443389892,0.001945288848876953,-14.337377366638183
1478631374606,282.11192617859933,0.1289943359482313,30.775634204725762,7.181258388165384,-0.05087678527832031,-12.549656914520263
1478631374641,282.0827242904131,0.3506436845341038,31.673477753950696,5.9347770757813,-0.05282207526884158,-10.524162456158548
1478631374675,282.05743316221714,0.45569563195083523,32.391443170411534,5.478681604722608,-0.060004683674243275,-9.848398745318502
1478631374708,282.0148185395312,0.5734131679034006,33.181784560822656,5.25168131415327,-0.11956044768734136,-9.172784891277924
1478631374742,281.9609739879282,0.6971415564112046,33.99786890043425,5.188384415966644,-0.17702128981437998,-8.578424694470316
1478631374775,281.9092309176838,0.8066257747570463,34.7709720233922,5.19033010667432,-0.15682020874023436,-8.324938337972945
1478631374809,281.81545807262415,0.9710897487686873,35.87453406605128,5.434987260027975,-0.07885902631455101,-8.127566338613816
1478631374843,281.7507533159426,1.083902431231537,36.51732957375719,5.511901353686675,-0.08424597091674804,-7.783998774840729
1478631374876,281.6955254809794,1.1483757140378676,37.026214871650325,5.6934116391831076,-0.09232641065292992,-7.817966163834324
1478631374909,281.62039193985066,1.2585767515112198,37.601506836355604,5.952284522440855,-0.1280897979515139,-7.9174755265275945
1478631374943,281.5735034832484,1.3468262372947086,37.84899911033268,6.063465159286372,-0.14425065002441406,-7.784746885227714
1478631374978,281.52242968229535,1.4475827296849102,37.951925794052954,6.120776443724753,-0.21323358307437737,-7.796119416178692
1478631375012,281.4942693481654,1.4843587610046616,37.84617790741665,6.2137016422547395,-0.22325930709285893,-8.03329488570718
1478631375045,281.4564600747689,1.5408086828460332,37.553401131056134,6.468684155593999,-0.27667993734331686,-8.19056369673144
1478631375078,281.4516126740915,1.5525399287352117,37.17851853737805,6.466888248620554,-0.2255038642993895,-8.535029424053803
1478631375113,281.44852225554075,1.5360072535715228,36.72285567655849,6.578967106097564,-0.20066403577500022,-8.8075194274351
1478631375146,281.4766191230308,1.5302013091026059,35.940776790525724,6.377854239709675,-0.24016834718455793,-9.298181568554789
1478631375179,281.49234463595553,1.5516024777735444,35.40756642270645,6.025756556204147,-0.2807201378034544,-9.301024683026224
1478631375213,281.5017483100393,1.5672520147120523,35.15226515129233,5.615450429357961,-0.3097498443492921,-8.94339051777944
1478631375246,281.51961698469177,1.5865658441528716,34.65716751590099,5.062240208258107,-0.3091512893676758,-8.448090378128178
1478631375280,281.5172483073997,1.6597900490349728,34.06272460588586,4.402787361554056,-0.2421136520164553,-6.614730274200439
1478631375312,281.53370451803806,1.8172451104917613,33.59882155469114,2.7281927917480466,-0.21532851181030271,-3.636792029516399
1478631375348,281.5592702245409,1.8495774465731964,33.281269356831544,2.004096134893596,-0.1623568000793457,-2.230647759246826
1478631375380,281.59541472430436,1.8271300600988156,32.83777574944658,1.9099743743896482,-0.15233106236113234,-1.7693150268554687
1478631375413,281.6250677044563,1.742503959579419,32.400513710529545,2.3211785095214843,-0.2102408332824707,-2.1070470985412597
1478631375445,281.67100768200885,1.6137520377375936,31.852969039819946,2.7944823963440952,-0.19572598571777342,-3.1370027252197263
1478631375478,281.7352658338421,1.4147046341345264,31.163698887081548,3.654000792340189,-0.3854664672851562,-5.162647259576619
