sep=;
timestamp;gyro-alpha;gyro-beta;gyro-gamma;accel-x;accel-y;accel-z
1478631222245;279.5785908719219;0.6579404936883207;26.396546436475184;4.368669926248036;-0.16115969924926757;-8.674341978355217
1478631222279;279.58263715458236;0.6686185023666199;26.635275193312875;4.465485499263089;-0.1785176612854004;-8.695441259511258
1478631222313;279.5902426353401;0.6778510698026229;26.991415947491195;4.472368634956505;-0.18285715636101085;-8.731653652665132
1478631222347;279.58769424855495;0.6772795803889897;27.238966670842647;4.591031467083841;-0.1634042587390868;-8.732401370897295
1478631222379;279.5835306788153;0.6668272456576443;27.502173214925154;4.715529825547803;-0.12539631537561655;-8.765172474194854
1478631222412;279.5762196522115;0.6538292599003505;27.788234962070984;4.856937288035545;-0.09846154099063714;-8.717138552226219
1478631222446;279.5671253168047;0.6348080961875281;28.09956740188112;4.939986322518997;-0.0809539436340332;-8.628104072957882
1478631222479;279.5558227598544;0.6156167761989231;28.431810618528495;5.009418097598291;-0.1086369034691117;-8.575880750175122
1478631222513;279.54302937526285;0.6593318531725854;28.826902934836667;5.117755576589889;-0.33399113159179683;-8.55388423476828
1478631222547;279.52600535657746;0.7921730722222041;29.376748883600076;4.731092118072509;-0.33952772293090816;-7.879766576385498
1478631222580;279.4977494234562;0.9626036331514282;29.976112313784775;3.1266775844298302;-0.032621006752783434;-4.477456087438762
1478631222613;279.48802103769447;1.002935219233255;30.439319897686218;2.409913608551025;0.2452560142959468;-3.4267011260986324
1478631222647;279.47927205732486;0.9622469595981226;30.863388421265217;2.4218846168518064;0.4161421943222172;-3.6635774528503418
1478631222680;279.4666512278285;0.8904636016853021;31.360572243401837;2.9273602962218224;0.2647089393173344;-4.559906991632283
1478631222715;279.45473960856555;0.8248977450785769;31.850737000940544;3.166331841687113;0.026036943054199218;-4.995651401519775
1478631222749;279.4383545451451;0.7530874574159107;32.40281483650551;3.5637690250121055;-0.07092822418212891;-5.5720554512023925
1478631222783;279.4255142046579;0.6563645920545175;32.93001371197641;3.88489117655009;-0.06284779357910156;-6.08875395085439
1478631222818;279.4079037450994;0.5993811761667867;33.390200877829386;4.690839310400188;-0.23912089080810545;-7.2550297268189485
1478631222851;279.3582127445173;0.4920187068484847;34.026284557323294;5.036652251080423;-0.26396073303222656;-7.394940521008149
1478631222886;279.3391350441157;0.43059634731208796;34.344404105044106;5.6821885540396435;-0.22984335480842272;-8.21764826740874
1478631222919;279.31787155711635;0.39814323948278635;34.586932867114186;5.841402882241644;-0.08843582153873285;-8.840739559991658
1478631222952;279.2919165662372;0.38674402926102136;34.729392303776095;5.495590407352289;-0.17657237243652343;-8.6384294101106
1478631222986;279.2345650236417;0.324830631467285;34.83485524524988;5.388599840324465;-0.05820902643549343;-8.717138607025145
1478631223020;279.18195274650793;0.2758403149454553;34.84854882914664;5.584625196006236;-0.05940612755098263;-8.932317554296926
1478631223054;279.1244920529597;0.2268905453680782;34.76994258430496;5.7022400203429155;-0.07122749938964844;-8.826523841504008
1478631223088;279.0673621016684;0.17962962155338705;34.59785873686937;5.806088517352193;-0.0713771369934082;-8.713996363476664
1478631223124;278.990694325241;0.07309940048011591;34.271781292761126;6.005106420754827;-0.09008183289680163;-9.05307502746582
1478631223157;278.9375190570724;-0.0010033880164661566;34.02404589748;6.025307972186431;-0.08125322046482825;-9.08255370847173
1478631223191;278.89028770414444;-0.08582510783208903;33.75949191797897;5.99178882015068;-0.0712274971063598;-9.190741476794331
1478631223225;278.8257790821934;-0.2403322552564394;33.31150559491203;5.80444261330869;-0.05476736754265148;-9.551368101855367
1478631223259;278.7716140660012;-0.3617228871838254;32.97588832530239;5.879111996780522;-0.02753331452521961;-9.905261327008157
1478631223293;278.7136300609108;-0.5044508237018955;32.60881809894547;6.033089127581939;0.03277063522338867;-10.326491181591898
1478631223328;278.6132857074085;-0.7099083642608373;32.01505244263623;6.494870699719339;0.2246060432434082;-11.000458802795409
1478631223361;278.5544774608816;-0.8382520536434367;31.608643084602853;6.587944996996969;0.2563292152404785;-11.237035562078654
1478631223394;278.4530031044536;-0.9957363534606459;31.038672902633753;6.613981793920695;0.33039982910156246;-11.649587020166217
1478631223428;278.40971308717974;-1.0275164440574431;30.86633192969312;6.617423897198587;0.29403790052109396;-11.285668075561523
1478631223461;278.3096726694814;-1.1492396848640183;30.377247434354384;6.441150653839111;0.27353753053969704;-11.302876399993895
1478631223494;278.18084507182135;-1.2523399374346025;29.948955464425744;6.450577969006448;0.17522564313584008;-11.524788674108683
1478631223528;278.1392980858819;-1.2821567048055251;29.821687981449934;6.482750053814798;0.18151040879401842;-11.597961754608153
1478631223562;278.0194265700059;-1.3265333475975831;29.506426600124353;6.017825799737498;0.13467384338378904;-11.50847875982076
1478631223595;277.9272462405261;-1.3404235983744588;29.38016974652293;5.761646222100779;0.1345242149131838;-11.065999780981242
1478631223629;277.831904179946;-1.3566516848316739;29.333436321072938;5.609614489746093;0.17088613436049782;-10.811017742566019
1478631223662;277.68774067873215;-1.352043896344786;29.40199924984196;5.302109104421921;0.186598096455005;-10.100987458856403
1478631223695;277.5928110459859;-1.3441453198800224;29.5304954915546;5.027823614192288;0.15472527772102038;-9.676764267675578
1478631223728;277.4922413223944;-1.3370143484004853;29.72580661742073;4.925172208879935;0.12599486236572266;-9.421332878057658
1478631223762;277.3325336110159;-1.3091226449379159;30.13243057255851;4.848108733345801;0.12165537185668944;-9.020753231988474
1478631223795;277.2773518475565;-1.2990695201706894;30.29895910966515;4.874295158740133;0.15607202072143553;-8.900444488967768
1478631223828;277.1629391555048;-1.2741930193800548;30.669164404234593;5.039196124593669;0.1994669292367005;-8.789862665115482
1478631223861;276.99228227455774;-1.2081513239656865;31.268664887205766;5.278167142619285;0.20605097217162874;-8.565106728539988
1478631223894;276.88686226028886;-1.1573799352714604;31.735125119513576;5.438877874258346;0.18046295812578755;-8.591742057612445
1478631223928;276.74550665443206;-1.0449504700793721;32.45446195205049;5.782744978100434;0.13751696698837912;-8.614337463644333
1478631223961;276.6713070366341;-0.9718254768168739;32.86014142840074;5.8934770240783685;0.1568202178733889;-8.814403159066847
1478631223994;276.6010333232783;-0.8616195501784071;33.25155528349414;5.896170720141753;0.10459668502807616;-8.737638739544526
1478631224028;276.5485681356642;-0.7707197914420804;33.59266430402176;6.020968518210016;0.12345102538509527;-8.854805348614603
1478631224062;276.5069973478983;-0.6849373676126064;33.83610277371313;6.243030393395945;0.07332243040886241;-9.203910024316608
1478631224095;276.4773169347371;-0.5852191610597872;34.01406491742868;6.361543667834624;0.04294599684563;-9.308955549090728
1478631224128;276.4613413759263;-0.43794269432572513;34.143043596840606;6.49187802070938;0.11118074187679448;-9.834781723376363
1478631224162;276.46193150882834;-0.3850326120830193;34.14468390054526;6.494122657831013;0.1301847152709961;-9.945813117627054
1478631224195;276.4628132541566;-0.1968203776206381;34.05174445359504;6.16611659199819;0.15068506241950672;-9.988609326171874
1478631224228;276.46510461220623;-0.045789173154420534;33.922474832965506;5.81925688221138;0.0779611927004822;-9.577255407305806
1478631224261;276.4740939904314;0.17053016701222506;33.751517451013484;4.71133995437622;0.06284779357910156;-8.079383354430156
1478631224294;276.48575270473043;0.5081455048259307;33.45702614941643;2.9716528808042404;0.018555062866210937;-5.084984758703411
1478631224328;276.49934756527745;0.6712527998696304;33.241126368480415;2.2194252312257885;0.03067570877075195;-3.699191202545166
1478631224361;276.5140373259901;0.8065793098859729;33.024120170979415;1.8839371390745043;0.005087678527832031;-2.6062381446838376
1478631224394;276.54050202120186;0.9024539140603276;32.70582487578839;1.9369088508054613;-0.029328979470068586;-2.0569185012817384
1478631224428;276.5838906347487;0.9487815963908139;31.888669737578155;2.638859142303467;-0.07586626510620116;-2.270750637054443
1478631224461;276.63747988295455;0.929036654698501;30.442559028662323;2.51226602178365;-0.06449379808730446;-3.0538042175292968
