sep=;
timestamp;gyro-alpha;gyro-beta;gyro-gamma;accel-x;accel-y;accel-z
1478631158845;281.18463489342037;0.9486650423777301;17.203806980520753;2.9137433930106926;-0.10743979949951171;-9.30057562865105
1478631158878;281.176140057693;0.9253370940270863;17.091527661051224;2.98990908858804;-0.09172784197158179;-9.269451093833986
1478631158912;281.1724745248157;0.9010634479808787;16.971740559163152;2.9664159939309114;-0.1041477676502196;-9.275137505439949
1478631158945;281.1676238008268;0.8688696204133574;16.813595817099635;2.968061907107569;-0.09606733704719227;-9.26975011331318
1478631158979;281.16786210593796;0.8407334215957752;16.61809129046543;2.8929438939522485;-0.14380173272682936;-9.196128631459082
1478631159013;281.1659937071453;0.7836130723746632;16.228816982341236;2.7425579917195964;-0.1701379554748535;-9.360879669731203
1478631159046;281.16562842080765;0.7540829791739669;15.902499097863583;2.6285340700122295;-0.2027589530944824;-9.482086174442387
1478631159079;281.16317942449064;0.7307012881983297;15.526170735360527;2.50253938574302;-0.22310966720581055;-9.478943579267455
1478631159115;281.15567787877586;0.6853703619832956;14.961478045528024;2.4281693322776348;-0.2292448089599609;-9.46368037243731
1478631159147;281.14984430345095;0.6541557097430041;14.6059447818678;2.348562282341067;-0.20769699401855468;-9.418190908503812
1478631159180;281.14506626569636;0.6417329843742876;14.450985285384146;2.3696610657401846;-0.2018611274719238;-9.431957641114947
1478631159212;281.1287304108394;0.5584819797736258;14.06069321132854;2.5001450105529277;-0.15652093353271485;-9.629329275147896
1478631159246;281.1145499155017;0.5117074029186908;13.984183525949778;2.5954642189468258;-0.11761515427188714;-9.72689343119068
1478631159280;281.09353176069754;0.471490179520927;14.023994605563141;2.747645680236816;-0.0923264026614197;-9.651326349960453
1478631159312;281.0734217303262;0.4373714952166798;14.217013179754558;2.8615198601653797;-0.059256489947222865;-9.34097753963759
1478631159346;281.0581609708166;0.40469019195919903;14.65304285858342;2.4955061774793603;-0.005087678527832031;-8.548796375860645
1478631159379;281.0534426441483;0.3989738985122845;14.880372260075815;2.4328080979941875;-0.015263035583496093;-8.373570668792723
1478631159412;281.0414537272734;0.4293933719924533;15.476367625786482;2.2967875435760243;-0.029179332733154296;-7.503577640533447
1478631159446;281.0380020399375;0.5345732844725392;16.40914804480521;1.3064859184265136;-0.043245262919994996;-3.8227918632507323
1478631159479;281.04905619272836;0.4831672667802446;16.965315784539925;0.8569745567321777;-0.015412673187255858;-3.7023335922241207
1478631159512;281.0327347255899;0.3732514327664612;17.65952749050154;1.4052467369079589;-0.027383681488037107;-4.979639885656535
1478631159545;281.00065493185866;0.2848826733961945;18.42260782053223;2.3129483682494607;-0.06763619804105837;-5.783493385314941
1478631159581;280.9856466231306;0.2241895264792698;19.249677783589206;2.209997916058451;0.020649989318847654;-5.173420582525432
1478631159612;280.9903431359344;0.13939226873101446;19.88918522478128;2.412607012353465;-0.0526724365234375;-6.156390293884277
1478631159646;280.97843340105607;-0.039119857557988705;20.786827588999955;2.7061961370605974;-0.03396773605346679;-7.414842541503906
1478631159679;280.9491407961437;-0.177623178893662;21.387175213657283;3.346944191963132;-0.05087678756160894;-8.281842671557515
1478631159712;280.91616208438046;-0.32831494846200376;21.9907781817054;4.085555605050735;-0.06733692169189452;-9.154978381756692
1478631159745;280.9035522582286;-0.4829946398594965;22.588076958952588;4.155585967077688;-0.044891281127929686;-9.619004335287398
1478631159778;280.8897460617691;-0.5888801823466682;23.004612945193383;4.000262006510887;-0.005985504150390624;-9.463081915637105
1478631159812;280.8781130623587;-0.7280904805300823;23.331024656338275;4.163367012875341;-0.04249707033461891;-9.65716210690923
1478631159845;280.8602850094296;-0.8643593414800188;23.659959731688236;4.264372322347946;-0.002992752075195312;-9.899425095135346
1478631159878;280.8393522151607;-1.0005949163504857;23.93317871779586;4.608688412066549;0.018255787658691406;-10.036194011102245
1478631159911;280.8343049379379;-1.1693960993339378;24.194035268651;4.638765643487498;-0.0040402153015136714;-10.141090190533548
1478631159944;280.83754997341106;-1.2637501068975747;24.28406106201004;4.406827430725097;-0.016759411621093748;-10.000430769934132
1478631159978;280.84239001260204;-1.3586740379021738;24.312174756054034;4.28607001235513;0.038756139373779294;-10.125976865619048
1478631160011;280.848958454012;-1.4891288204490358;24.222472087987263;4.1163808326942375;0.11342530364990233;-10.172364011327922
1478631160044;280.85221387414913;-1.585630099599318;24.08414696948302;4.228758645718358;0.16056113970107397;-10.423156927490234
1478631160078;280.86497094202144;-1.685474654361793;23.872366574820415;4.252102276301663;0.2376245147705078;-10.872668435315042
1478631160111;280.8767509158972;-1.8523527830648523;23.361567669671295;4.661510705389455;0.24615385818481444;-12.089970195770263
1478631160145;280.88236532886884;-1.9225663285539483;23.151977836558075;4.755034207739309;0.2705447967308108;-12.489053977258502
1478631160178;280.8626301727834;-2.1197933744636037;22.484146905248732;5.894823762512207;0.4622305397476069;-14.701744931793211
1478631160212;280.841607607903;-2.235343575747656;22.00962676241689;6.777236711883544;0.61231709285127;-15.85784505844116
1478631160245;280.84537059702114;-2.283203123870271;21.594016616432217;7.03581049118042;0.7381622993469238;-16.354192990112303
1478631160278;280.8668123130824;-2.2424358716153314;21.272386082692858;6.206668528747558;0.7390601249694824;-15.30867505264282
1478631160311;280.89782282974596;-2.193658361192567;21.02424766240893;4.831947863006591;0.7342717216491699;-13.737330575561522
1478631160345;280.91769780528705;-2.181561965558493;20.798664776177525;3.5378819022247567;0.6468833427871578;-11.876587265069782
1478631160378;280.91739951726896;-2.2211598834009973;20.737924859468407;3.49074587437734;0.591218172454834;-11.70884321899414
1478631160411;280.90453860547905;-2.2410432802134808;20.738191853573216;3.5806781929679676;0.36541503523121355;-11.206510075433552
1478631160444;280.90354468546525;-2.246148087253115;20.803258538016102;3.40829568713645;0.19213468322753904;-10.648061953680216
1478631160478;280.9033353465685;-2.240931671720233;20.843046890106894;3.260304019386228;0.05551555099487304;-10.164583221258596
1478631160511;280.89506329981464;-2.222300374585897;20.936358866296857;3.227533512027003;-0.04189852905273437;-9.695918173217773
1478631160545;280.867995571927;-2.0887725416376988;21.09101863446043;3.542071653523686;-0.027682956695556638;-9.7120791805543
1478631160578;280.85628115139394;-1.9946181066984652;21.333948440157414;3.927837570687942;0.10339958419799804;-9.909750601251423
1478631160612;280.85565106659556;-1.9516319689115584;21.623777828465332;4.087800096041895;0.19288288037949242;-9.899574659673869
1478631160646;280.87668488128577;-1.8527470520383342;22.18439941558603;4.301632195281982;0.31663316299120925;-9.942670727948098
1478631160678;280.91670653020253;-1.7974166264855143;22.538529377344997;4.001758528678957;0.3333925788934692;-10.139144609423726
1478631160712;280.9466237748634;-1.741998127371159;22.869551306157643;3.893720032633934;0.32845453340281966;-10.013299749987944
1478631160745;280.97745501164314;-1.708369746912002;23.215505471773046;4.174589979287796;0.3585317031749757;-10.288782651574909
1478631160778;281.0164578420606;-1.6397656763490214;23.55182750778309;4.13882642759243;0.36975452802353537;-10.154108369799703
1478631160811;281.0784298156473;-1.467704913806751;23.93023695474941;3.310881620788574;0.3016694046131102;-7.725639990643411
1478631160844;281.1312716198332;-1.3227484064807251;24.166693211257883;2.4953566802978515;0.15607202072143553;-5.941510987146199
1478631160878;281.18351511037315;-1.1884459164139454;24.368170795446616;1.9578584075927734;0.012419921112060545;-4.258686203002929
1478631160911;281.28775550686385;-1.0296362373553045;24.30782271331498;1.8950107601441442;-0.13302782974243163;-3.0105589500427246
1478631160945;281.3379306495892;-0.9819685656705148;23.488435009512674;0.7734767738342284;-0.008080430603027343;-1.942146459197998
1478631160978;281.4047314153779;-0.9558641092718437;22.886275092504835;1.5028106006897985;-0.035763387298583985;-2.2931962776184083
1478631161011;281.4625481023488;-0.9891839180763647;22.203083870147903;2.4006359309874474;-0.013168109130859374;-3.5422213562011717
1478631161044;281.51850937235355;-1.0752089531921185;21.893156955266335;2.291250988769531;0.014963760375976562;-5.530755764825642
1478631161078;281.5948729203338;-1.232937065422297;21.77528541360194;4.664054471588135;-0.040701428222656245;-10.661379846545309
1478631161111;281.65003985318515;-1.2421432728135062;21.507238075024496;5.501277010754496;-0.056413376617431635;-12.713959295709431
1478631161145;281.69449923263977;-1.11509734159794;21.30555203474267;5.148431394958496;-0.05731120223999023;-11.705102278900146
