sep=,
timestamp,gyro-alpha,gyro-beta,gyro-gamma,accel-x,accel-y,accel-z
1478630759973,285.0707824907264,0.9074726300494824,28.725420076976608,4.796932544995798,-0.172981073371222,-8.605957647094288
1478630760007,285.0556260864363,0.8712241961386145,28.68464971625453,4.768950445523462,-0.18285715179443357,-8.673593977566085
1478630760041,285.02500660321965,0.8485395833102796,28.647464918471606,4.713584465916979,-0.23986907882690428,-8.607603753922362
1478630760075,285.00512199898355,0.8400680872318514,28.664248135125554,4.72241305942263,-0.23747487716674803,-8.51288336922461
1478630760110,284.9910586189498,0.8238502218567479,28.690849135121045,4.667795544112869,-0.21248539733886718,-8.514529382865968
1478630760143,284.96402378810456,0.7837978700759238,28.765572041918222,4.766406647358742,-0.19976620558586436,-8.583362398609315
1478630760177,284.94759684691235,0.7606580929329748,28.84109452168699,4.7839142241657475,-0.19183540802001953,-8.642170436969561
1478630760211,284.9296229431628,0.7246870372166392,28.929170561660634,4.7696985307942725,-0.15068506470279536,-8.64306797946433
1478630760246,284.9109899742025,0.6804396687456444,29.033187569009147,4.779275337434897,-0.10160393066959222,-8.586804531569959
1478630760280,284.88997708595537,0.6294000135433521,29.1454010952743,4.79513712892941,-0.07945756987972417,-8.549843672406894
1478630760314,284.86601171556003,0.578639280158203,29.270907043853363,4.838082936262083,-0.0797568450872437,-8.536525814932777
1478630760348,284.8201048461278,0.47696277744178467,29.56459150036481,5.00253482262427,-0.07062895239954232,-8.623166109665622
1478630760382,284.79525353468546,0.44180314246310265,29.715342379601392,5.059995625935401,-0.06793547039446711,-8.576030355812842
1478630760415,284.7744899962926,0.4110587865296924,29.84133106486512,4.990414039722411,-0.07018003812553124,-8.559271209053229
1478630760449,284.72992605419836,0.36871854297170337,29.989763822271705,5.043834737329883,-0.06988076038498839,-8.46036059313782
1478630760482,284.7012346412108,0.3414123444503017,30.10765673147553,5.111470815498288,-0.05761047573504329,-8.36997932976987
1478630760515,284.6722559706051,0.2886567652435865,30.194523291907636,5.188534181434568,-0.028431142431066835,-8.53517950004898
1478630760549,284.62260299079065,0.22491210479776663,30.358115403215333,5.685331190313771,0.07422024689826648,-8.757091847229004
1478630760582,284.56486225209414,0.2833618840365672,30.552683307919388,5.04413406733633,0.15457564925041514,-6.464045061083882
1478630760615,284.56387151963366,0.3521375751573257,30.70371852653378,3.360411521502584,0.210989012168115,-4.603900154876709
1478630760648,284.5562011367661,0.39229265115522266,30.73168398176229,2.1902456062316893,0.1285386970630614,-3.0828339126586912
1478630760682,284.5599300242518,0.32097836240962613,30.373653410558227,1.8888757645204661,0.07721300354003906,-2.9441198539733886
1478630760715,284.5484563700149,0.17841021686694145,29.76326078545552,0.7170633972167968,-0.04803367080688476,-3.749469437408447
1478630760749,284.51495664284295,0.025179894721947038,29.908122486386937,3.431489529418945,-0.07332242612769622,-5.360617517089843
1478630760782,284.511924986742,-0.14908347350829415,30.00050449056905,4.15917748876363,-0.13751695557193597,-5.620238759613037
1478630760815,284.5415006176647,-0.3330763784176423,29.748677892833364,4.11428584230952,-0.07212532501220703,-6.326079336547851
1478630760849,284.57183462165045,-0.4566513425209173,29.679199038319158,4.06700043258667,-0.049230771636962885,-6.937498293249309
1478630760882,284.60730998343263,-0.6106861427301459,29.50293689678479,4.468178775201365,-0.08035540235214866,-8.162132953875885
1478630760916,284.63702294893204,-0.7662954463073279,29.34249177579115,4.5808558725661594,-0.05820902786254883,-9.08285261835307
1478630760950,284.6523877660312,-0.8823477953966765,29.152402293331868,4.690540236122068,-0.10160394208603538,-9.299228666454926
1478630760984,284.6651130815064,-1.0016448834328135,28.99736968425276,4.831648715663236,-0.15696984634399413,-9.044096880838088
1478630761018,284.69447574617527,-1.205754733353165,28.652488468044503,5.145139513806253,-0.07227496261596679,-9.901969445855915
1478630761052,284.7028996004998,-1.3117785115645024,28.456822864602014,5.243601020547561,-0.03920505218505859,-10.018087641851604
1478630761085,284.7148895297543,-1.411325695961139,28.33095657134384,5.357475127410888,0.04444236831665039,-10.113107666369528
1478630761118,284.72983158828833,-1.516001251915008,28.168421460985293,5.063586764028854,0.08933364944458007,-10.130465920666605
1478630761152,284.7437067724016,-1.607553082094092,28.12468290710682,4.982633003057912,0.09412205276489258,-10.23431427154541
1478630761185,284.7482374726114,-1.7620672918875668,28.106083821572284,4.719719623654149,0.09831190567016601,-10.199598347473144
1478630761220,284.73858333941854,-1.8859526907029787,28.18907802842951,4.801721030514501,0.07167643046723678,-10.039934878131001
1478630761253,284.73640032052236,-2.0265431387026385,28.239384585741668,5.054010030453465,0.16101004337919875,-10.4016092586793
1478630761286,284.7288656368365,-2.167043790618717,28.35320649377214,5.23312635175176,0.24705170207368207,-10.818948389434814
1478630761320,284.72161304201063,-2.2998689519133646,28.490562053632466,5.687575827435404,0.3978864046656483,-11.151293215124308
1478630761354,284.7261351766845,-2.455082508736363,28.613835525396563,6.197091722106933,0.5374982818382327,-12.079944184057414
1478630761389,284.72416821963645,-2.695040648034482,28.856782152109172,7.003039855957031,0.6898293350662105,-13.91794316329956
1478630761421,284.69692988273437,-2.8129756461130593,29.09601879872153,7.845499565124511,0.6612485527480952,-14.741847809600829
1478630761456,284.6808115164637,-2.8722545430171555,29.370683037781546,8.151209189605712,0.7170633972167968,-14.988899493408201
1478630761490,284.65449835482417,-2.8457399041396765,29.90040488223866,7.202357290295511,0.7897872543777339,-13.462745572662353
1478630761523,284.6422933039886,-2.8131845796387625,30.29356938312671,6.3892262592039994,0.7495347572326659,-12.347796079309283
1478630761558,284.6211508947165,-2.790944406824507,30.724280063711802,5.824494088745117,0.6482301177536137,-11.436802055358886
1478630761592,284.5958593930592,-2.778567111532311,31.185216958613374,5.636399766949564,0.5943605530006345,-10.792761954907327
1478630761626,284.57251254766686,-2.757992251806641,31.64815936424407,5.4272063055618665,0.4677671522071381,-10.253467738696187
1478630761660,284.5393367928489,-2.7085861960187367,32.33792757651151,5.061940805186424,0.43499652097950453,-9.552265927477926
1478630761694,284.5046663202474,-2.6787295463426823,32.80360388311693,5.05894821750801,0.3898059760604985,-9.169942215197905
1478630761728,284.4745970027253,-2.648646966508603,33.25310459193023,5.360767037104239,0.37978022464255334,-8.98080028404556
1478630761762,284.4476657109641,-2.5787433213043256,33.83995987873247,5.748478441763482,0.25842414169311523,-9.007734979657084
1478630761797,284.4397275558313,-2.4388841810861743,34.13993372184573,5.8060885904174295,0.20679915012968703,-8.97795709650889
1478630761831,284.43906233192314,-2.3446268640144017,34.48141754888122,5.8599579816404725,0.1666962905883789,-8.821136960833892
1478630761865,284.4392085304096,-2.1868161239936525,35.0074583345709,6.192901796136423,0.16714522166596724,-8.683470073113963
1478630761898,284.4657438866973,-1.9298151690084526,35.54283809144452,6.272060307721048,0.2284966209411621,-8.596829827471822
1478630761932,284.48460022197065,-1.7563813268157193,35.85138170462403,6.026355417146441,0.2765303008812014,-8.316259685748442
1478630761965,284.50179401215513,-1.59676427946709,36.23407350959291,6.016628991168364,0.31917700425300277,-7.749582135109137
1478630761998,284.5424530603472,-1.3697116393005555,36.7124767040938,5.743090994837787,0.34222120893173846,-7.125144432885945
1478630762032,284.5558773236605,-1.2677741674163319,36.81429885050774,5.622483506332523,0.2846107223510742,-6.875099850872903
1478630762065,284.58647591156733,-1.0225280315376482,36.951703882555655,4.575469156292826,0.11073183134880382,-5.426158495275676
1478630762098,284.6276880841223,-0.7945640858116851,36.44012259114753,3.9814080154970286,-0.03202244720458984,-4.013579808044433
1478630762132,284.6815044242379,-0.5381920348515525,34.60156312080197,0.8810665031984448,-0.0053869537353515625,-2.420238603210449
1478630762165,284.7239918509005,-0.3803288621337074,34.378508807251116,1.5447092758730052,-0.017357962036132813,-2.86017315826416
1478630762199,284.73217724276935,-0.3542196274264217,34.29296301935175,1.7093100554868579,-0.031124617015453986,-3.1171009239196774
1478630762232,284.7639397054958,-0.36499438701096903,33.91294286789351,3.0656257343567908,-0.1071405334251467,-5.264550467737019
1478630762265,284.763165976707,-0.4169313656811062,33.5891594543609,4.678868740490824,-0.2518401008274173,-7.450306726660206
1478630762299,284.7485779384074,-0.43646243665504836,33.25698767087177,6.279242766571045,-0.6257844315238762,-9.402328902380168
1478630762332,284.7533082972677,-0.32443733904561467,32.8083196385393,6.992565515954792,-1.045517951169214,-10.065523346765339
1478630762365,284.770126706728,-0.24344428413858538,32.654522094538024,6.003760084179788,-0.9783306853473884,-9.373748120062052
1478630762399,284.80524795063536,-0.033979538898540974,32.306414561523724,4.011784302929788,-0.9062052941198111,-7.631068805871531
