sep=;
timestamp;gyro-alpha;gyro-beta;gyro-gamma;accel-x;accel-y;accel-z
1478631387614;283.1039564782074;1.451788751906158;32.14531411767715;5.117905460788822;-0.2781763122392702;-8.143427997677586
1478631387648;283.08826038680917;1.4317260438423616;32.149478043355394;5.018695355036761;-0.34641104357070285;-7.950096469348296
1478631387682;283.07188259604396;1.398108925271945;32.15666492209847;5.04203911348423;-0.31498715134772937;-7.919869563790969
1478631387715;283.0538221675328;1.2843839422020906;32.16327674599701;5.138854378255317;-0.21458033064136978;-8.139686838387883
1478631387749;283.0443523812862;1.184441947473329;32.1448746015974;5.206640445653931;-0.1958756216090667;-8.417713606638229
1478631387782;283.0301106080258;1.0914958266478978;32.16747287266202;5.398924962848052;-0.175225624869531;-8.564807690794487
1478631387816;283.0167652214035;1.0131414912107162;32.22014936651922;5.416282705688476;-0.15263035126838367;-8.617330507980473
1478631387849;283.00392194741556;0.956053725524672;32.29422501325577;5.320664541747467;-0.14305355832749045;-8.492083906698785
1478631387883;282.98931129367656;0.9086703139559849;32.38494851045261;5.25587102578006;-0.15158289403569797;-8.280196584440644
1478631387916;282.9759964331908;0.8575162578484824;32.49501411693996;5.241805373869021;-0.1093850906316773;-8.198345011957151
1478631387950;282.96765990877293;0.8038025425082411;32.59253363632153;5.222651874752203;-0.11237784042358398;-8.344391536988969
1478631387984;282.94029608354236;0.7498472108199763;32.763295138307825;5.305101972088603;-0.12599486093866724;-8.447641538382134
1478631388017;282.9106429749933;0.7212248823509813;32.98848749771171;5.512799161042925;-0.12210428038680256;-8.446593746362254
1478631388051;282.88222196979945;0.7175236090923571;33.346564953630676;5.6702174452741625;-0.14963760604305426;-8.167669273503648
1478631388085;282.84662804448254;0.7005290870389392;33.963344043031405;5.643881409675535;-0.14754267502384028;-7.812130598681792
1478631388118;282.82390196227504;0.6840256627986473;34.44929168166591;5.625176873602345;-0.10684124680118402;-7.6946649335999036
1478631388153;282.793399867639;0.665096943206124;35.00096962320297;5.621735143356734;-0.09322422257575672;-7.507617855834961
1478631388187;282.75364756241197;0.6662684918875544;35.65893750683042;5.5253686284271994;-0.08918401184082031;-6.996156526184081
1478631388221;282.7064304240348;0.7211031885945255;36.36265721699611;5.092616714886575;-0.06554127044677734;-5.925349833679199
1478631388255;282.6590901157965;0.8835672718377116;37.48762697654726;2.483086104528606;-0.0618003303527832;-2.407968319702148
1478631388289;282.6613482008123;0.8450948016102549;38.14513676313207;1.9393036369875072;-0.031573534393310544;-2.3294085777282714
1478631388323;282.6520847761032;0.7442036161494309;38.89106801782486;2.8380270851686595;-0.04339490509033203;-3.850474819946289
1478631388357;282.6290762178446;0.6618299839667349;39.74861633153024;3.667019117736816;-0.14006080168571788;-4.126107286071777
1478631388392;282.6237999153174;0.5564927583272937;40.06890440645109;4.425531838934123;-0.10714052429199218;-4.746355153656006
1478631388427;282.622038659379;0.42137069946963585;40.31112995666852;5.131971404675394;-0.10085574721737066;-5.91008665196523
1478631388462;282.57776074073917;0.2079244736694012;40.691770491684224;6.798635035351664;-0.12315174561099847;-6.695085667419433
1478631388495;282.63084609237245;0.124254087662114;40.69993492068031;7.020547674792632;-0.12569558487491447;-7.4133461471999995
1478631388530;282.69074176526834;0.046279427492472776;40.59625478770351;6.788309675366058;-0.09397241173619986;-8.276754993029684
1478631388565;282.7334752750991;0.003599484206899286;40.430977740202685;6.739378544262796;-0.10863689597707088;-8.737788742474466
1478631388597;282.7557875655858;-0.030992571033061047;40.19769885379697;6.749703502389602;-0.2353799415809568;-8.37521668243408
1478631388629;282.7815747177218;-0.09877384190191693;39.89740061853653;6.925826779351755;-0.1455973930248292;-8.589946936090291
1478631388662;282.80052574566514;-0.13872188326450538;39.61064838692852;7.689577182006835;-0.32920273512135023;-9.165901488439738
1478631388695;282.8348002104752;-0.11626904600554801;39.348418654375514;7.358129670483246;-0.28520926591624735;-8.758588223266601
1478631388729;282.9046279488458;-0.05599213506525251;38.986669368693526;6.295253834909713;-0.01885433921537478;-8.46484982628189
1478631388762;282.93783842517547;-0.022838667311742004;38.70652439116869;6.340294799307174;0.09367314138066866;-8.6538419737
1478631388795;282.94793700626394;0.010207747163667923;38.542533058515424;6.268917534449603;0.17552490421551117;-8.561664990588277
1478631388828;282.9547488601327;0.044928316944109856;38.39620442942861;6.157886523791402;0.1207575428091979;-8.56944643824473
1478631388861;282.9516574860687;0.05450764870218239;38.286503196303514;6.352116170004196;0.03127425747332454;-8.808866604260354
1478631388894;282.9343484474652;0.03328477796175889;38.23753615979714;6.814795896557718;-0.037409400369119244;-9.317933732251078
1478631388928;282.9142426906312;-0.00696183488754387;38.23571169990292;7.747487080792337;-0.05566518781375234;-10.570250399725138
1478631388961;282.8470237426645;-0.07699594892974836;38.35578529019013;9.18340967260152;-0.07481880073823849;-11.89663870397359
1478631388995;282.7964381795084;-0.12543052353570222;38.52705837451635;10.382455499267577;-0.07541735686149913;-13.319841661071777
1478631389028;282.7106395093984;-0.11845586020933489;38.81591705253976;11.39580135192871;0.07227496033267816;-13.89235513305664
1478631389062;282.5923834625156;0.05010409539018307;39.48938509921543;10.817152738189696;0.35748424280276814;-12.600982612609863
1478631389095;282.52754370426965;0.22550813276467455;40.07625852352686;9.258228182220458;0.36212298283232375;-11.008688871002196
1478631389128;282.4526139933518;0.3703203251388767;40.72073349978997;7.910591776629537;0.26859948961562474;-9.685742816162108
1478631389161;282.36731336719095;0.47047423751605405;41.38147689473484;7.227795536804199;0.10175357968979515;-9.097966162463276
1478631389194;282.2606851042258;0.5603118360602982;42.01225531383562;6.989123339611664;-0.06868365555915515;-8.425794411700592
1478631389228;282.1586860454776;0.6422477513974715;42.59005531034698;6.638672070464649;-0.0914285770388611;-7.752574795852787
1478631389262;282.0574290023594;0.6889778212417065;43.10207669725615;6.6205662229454605;-0.11896189805718277;-7.562684457485936
1478631389295;281.9079658468408;0.7407162209052967;43.71379297326642;7.019499882772751;-0.2075473564147949;-7.554604099948145
1478631389328;281.8158477760527;0.7852044078930762;44.00129615972368;7.081000974450633;-0.22445640563964842;-7.452999947799555
1478631389362;281.73703933998075;0.8286144699041662;44.18659893178456;6.978499206742039;-0.13946224270834645;-7.384914765023626
1478631389395;281.66296516750634;0.8520760809873764;44.235424032244495;7.052120734261908;-0.11387421189460437;-7.433996118252538
1478631389428;281.55248296386776;0.8588436300562133;44.22155877511193;7.385812919439748;-0.12404956895026843;-7.443572669164836
1478631389461;281.499405692166;0.8746937385551704;44.220235104535625;7.537395665917917;-0.14978724388762962;-7.521084984445013
1478631389495;281.47431390311533;0.91197732576063;44.00238592071576;7.379079336868412;-0.18240823441657703;-7.847594345446676
1478631389528;281.4442344871162;0.9368364326720265;43.74249712560852;7.5233297311645;-0.185550630945398;-8.251915223870798
1478631389561;281.4160925920645;0.9762637476388065;43.41801043203431;7.832780441870168;-0.21158757628288585;-8.525901749420166
1478631389594;281.40994442315343;1.0261370087534711;43.0218167878401;7.958924576513469;-0.26815058593749996;-8.941894141741841
1478631389628;281.411047531555;1.1901643746223138;42.35369156139119;7.331494250079244;-0.3125929633873049;-8.911367924444377
1478631389662;281.4041695044371;1.4841563860417966;41.66401154044865;5.915324369955622;-0.1807622207752196;-7.537694922859128
1478631389695;281.39655620007835;1.7247248261344235;41.22106685940786;4.493616948644816;-0.12509703674316405;-5.651363235064595
1478631389728;281.40402965029574;1.9541892006118178;40.78358988416808;2.9946973640441894;-0.09038113093720748;-3.956268898065388
1478631389761;281.4102028401928;2.1491593722751436;40.31591686386297;1.9807532532289622;-0.07092822418212891;-2.5668834548950192
1478631389795;281.404988241343;2.2975203702224767;39.860355199259715;1.5358803649902344;-0.04189852905273437;-1.7302596122741698
1478631389829;281.424650638263;2.4087551664587945;39.19442262485729;1.8861817031309007;-0.11537059249877929;-1.1858780097961426
1478631389861;281.5768685373508;2.508077372255119;38.011166696834906;2.6874913635253903;-0.0626981559753418;-1.804779138946533
