sep=,
timestamp,gyro-alpha,gyro-beta,gyro-gamma,accel-x,accel-y,accel-z
1478631448198,292.97311459072677,0.3058870623386378,2.5549833392172445,0.4026747734512202,-0.033069912714196834,-9.73392614740564
1478631448232,292.97076134333514,0.2845720258412229,2.7601409406428288,0.43020812450905793,-0.020350716394616754,-9.67631582065518
1478631448266,292.9720908555105,0.2463154480624656,2.950845921074994,0.46821605759772933,0.0004489128112792969,-9.693075232276273
1478631448299,292.9723187733123,0.15799341085873198,3.208921271201762,0.5624877685159794,0.05835866546630859,-9.993098655214068
1478631448333,292.9732123096626,0.09639387613469588,3.3468287752182033,0.5913677975005063,0.08005611572818597,-10.20169345658887
1478631448366,292.96854733185603,0.0621693146713818,3.440764425087337,0.6795043404067866,0.03157353667659918,-10.190769619253464
1478631448400,292.965185739107,0.0515158956391273,3.4683062070826653,0.7130231636489741,-0.010474632120478054,-9.960626893339398
1478631448433,292.9582378601107,0.05019190676728754,3.4093570946678993,0.5876268810956317,-0.05940612698016048,-9.536404451077244
1478631448468,292.9496704500242,0.02513572682335554,3.289786224981109,0.5578489845331176,-0.13392565365252376,-9.500342062565776
1478631448502,292.93158775908057,0.0053680025069006545,3.1744561932916917,0.8430582413162104,-0.16924013113664477,-9.839270906288084
1478631448536,292.9118806182963,-0.026431997556834477,3.055014192142991,1.0232219345092772,-0.10354921866223593,-10.109965532418899
1478631448570,292.8862945229534,-0.04401235503686144,2.9643735966329667,1.211765315246582,-0.05491700057983398,-9.98172588680107
1478631448604,292.88224591712674,-0.03117831888674116,2.937044621329388,1.1834838446686045,-0.04354454326491395,-9.393351157611235
1478631448637,292.89290994548935,0.06583904964908555,3.0089224402219523,0.978031378173828,-0.023792378997802732,-7.105092409460246
1478631448677,292.9308794389583,0.11764943990250744,2.977471878971853,0.4914098781889828,-0.024091653919911186,-4.819677579498291
1478631448711,292.9958824355247,-0.018496404018929956,2.824331183197369,-0.7459433816771954,-0.015562311076426702,-4.502595497131347
1478631448744,292.99918066896333,-0.16730332787283392,2.878264204372233,0.3372831588745117,-0.059106851201818786,-5.568763716180622
1478631448778,293.0139630109844,-0.22693887117819264,2.8292820832724916,0.2280477081298828,-0.02483984222412109,-5.574300015258789
1478631448812,293.05840825794394,-0.5013995398347963,2.6406294473054723,0.1792658493041992,0.17088614349365233,-7.38386726526469
1478631448847,293.0779696809854,-0.6349723867973205,2.5396012628867104,0.5846341361557134,0.07676409529533702,-8.253262181500345
1478631448879,293.1097590171284,-0.7707504127401371,2.4975648221947533,0.7507318580627441,0.02424129180908203,-9.316885903698578
1478631448912,293.1518552627699,-0.863826824793154,2.5148537730498726,0.7841010437011718,-0.01885432894057594,-10.114604407733305
1478631448945,293.20160732339184,-0.9097841852393653,2.5122260503466904,0.6857891380310058,-0.013617021942138671,-10.243292345107905
1478631448978,293.2577491378767,-0.9742977851942548,2.455909351496697,0.6944681190490722,-0.016160861206054686,-9.744101696257548
1478631449011,293.32760729508385,-1.0632965801060876,2.4133119767723272,0.6605004012619144,0.08469489286118187,-10.04442387837963
1478631449045,293.3988923812705,-1.1905119089640306,2.281371671717953,0.37514147605066533,0.27608136980361303,-10.762086392267047
1478631449078,293.49164787860406,-1.310115438950842,2.0455524213019447,0.4810848778213374,0.2069488025748229,-10.400711286926269
1478631449111,293.6014005251017,-1.4558781202779136,1.7040802445324006,0.08469488372802735,0.20395604935798328,-10.586860685199126
1478631449145,293.6295280163753,-1.498247034993285,1.54633483386692,0.09950900650024413,0.21054010392341296,-10.855310546344146
1478631449178,293.7261648584586,-1.622786339389071,1.0759929815046179,0.13242928389396982,0.2798223196015839,-10.901847621917724
1478631449211,293.7937916391304,-1.6938442000305423,0.6702672049143693,-0.08559270935058594,0.35658640975952144,-10.458321983569487
1478631449245,293.86117978695495,-1.8110579519508616,0.20964339780592917,-0.2518400939775514,0.48108489608764643,-10.487501024041697
1478631449278,293.9168930036973,-1.9495850194697117,-0.2723063786389391,-0.4219780289028072,0.6380547241653315,-10.966939906487985
1478631449312,293.96614296901765,-2.0228015289861734,-0.7228250140343814,-0.2332850242614746,0.5081693206344731,-10.859649671526997
1478631449345,294.06527129729517,-2.1710097396601746,-1.507739770448778,-0.6857891380310058,0.3318962005725829,-11.14725329208374
1478631449378,294.1080020426717,-2.2780512607777403,-1.9928847511941703,-0.7613561279296874,0.2711433197463862,-11.943025922747701
1478631449412,294.18121918465965,-2.4581034003656312,-2.719927779849845,-0.7817068420410156,0.5249287231224123,-14.09032568283081
1478631449446,294.2343829762942,-2.5467791739480026,-3.193006803281486,-1.1394903526306153,0.7607575775146483,-15.31525910720825
1478631449481,294.2584709564501,-2.600456815912043,-3.6123944640019414,-0.9769838784148916,0.8707412162780761,-16.10788949432373
1478631449514,294.2813009271657,-2.6285383393869712,-3.9590582188910273,-0.9675567641769536,0.9409212524414062,-16.821511226654053
1478631449547,294.2940689578995,-2.5673218433960856,-4.211624131736799,-0.705990184855822,0.8571241943359375,-16.285359692382812
1478631449581,294.3302393465911,-2.43217400653026,-4.363096313069094,-0.8292916365692391,0.5398924743652344,-14.202104972839354
1478631449615,294.37190510368794,-2.331277657916046,-4.426210314410261,-1.178545767211914,0.3098994865196291,-12.51060120767802
1478631449648,294.4021500641451,-2.2397685381105905,-4.350099787982183,-1.1737573273589834,0.38606501427526235,-11.636867677716165
1478631449681,294.423552873122,-2.1668888932936063,-4.220418183909501,-0.9805752357040531,0.3042132347438717,-10.873266766534373
1478631449715,294.46078960969334,-2.106317603751656,-4.025734784188128,-1.066916114807129,0.2867056396705564,-10.161440977710113
1478631449748,294.48243001176286,-2.056171991151082,-3.791282162718246,-1.0390835205078124,0.38965632475700696,-9.782408668233366
1478631449781,294.5104983754393,-2.044585004828969,-3.3774189680389575,-0.7161655898605473,0.5321113372360355,-9.782109620498476
1478631449815,294.5271235162055,-2.0471711705435878,-3.0955044458444196,-0.5708674674766604,0.3758896492280881,-9.965864300802536
1478631449848,294.57023079921936,-1.9826010284187046,-2.682553871685745,-0.6224924133743159,0.18555062866210936,-10.122983967413381
1478631449882,294.58128493047127,-1.9179075647596384,-2.584055135965581,-0.6073790336608886,0.15068504871977492,-10.066570389866548
1478631449916,294.60620254646966,-1.8758433075772905,-2.348802389312266,-0.41853639141579624,0.14933832855224607,-9.869048670705267
1478631449950,294.642690526229,-1.8195547331172635,-2.152988038314002,-0.4508580909950193,0.1879448211891111,-10.105326547506637
1478631449984,294.69584041209606,-1.7405741465508167,-1.958951045433345,-0.28476037822114303,0.13826514587402344,-10.527454045049845
1478631450017,294.7464610170725,-1.6570819319054628,-1.886522839483993,-0.4020762504356447,0.1815104224937502,-10.501118045983835
1478631450051,294.8004499194591,-1.5957527082360428,-1.8955605246487297,-0.5104138664245605,0.23059154282722155,-10.507552389880269
1478631450085,294.8807469120281,-1.5467865417944313,-1.9424890068252911,-0.5304653235946781,0.30735564268913584,-10.816404404040425
1478631450119,294.9401454377967,-1.5150252165322908,-1.9664123331943446,-0.6157587577377446,0.31199439927253403,-11.157578432873636
1478631450153,295.0031274608677,-1.4785611008531883,-1.9975730659112085,-0.6283282799209468,0.28730419921875,-11.256937655639648
1478631450187,295.0711832581898,-1.4453661917265477,-2.0202996208166866,-0.7646481552124023,0.25513210641889017,-11.48812804570943
1478631450221,295.12788216547773,-1.3938549427258713,-2.0112647606741896,-0.6438906272445805,0.2445078502516786,-11.497106009674072
1478631450255,295.221330290335,-1.2511002092403594,-1.9729044917818694,-0.35119946173239147,0.37184944534301756,-9.705794483394781
1478631450291,295.2962845324541,-1.0635061469830085,-1.9858081757642343,-0.31199439242266813,0.2688987739562988,-6.93315909500122
1478631450326,295.4048256101203,-0.8797386793711249,-2.135564090274954,-0.3306990883260616,0.10773907014045397,-4.144961624145507
1478631450360,295.468113787582,-0.8437614296462045,-2.3939534984205086,-0.34132337874260266,0.0948702407836914,-3.114856359863281
1478631450394,295.5220327100689,-0.8609913839641408,-2.9182984659771978,-0.07481880187988281,0.18465280760612804,-2.98122997970581
1478631450428,295.57954224396457,-0.9786590036683191,-3.667596028881392,0.09292495193481445,0.07855975110703148,-4.121169245147705
1478631450462,295.600497682548,-1.118176154935186,-4.065522918929057,0.1322796417236328,0.012569558715820313,-6.306626155798137
1478631450495,295.62764059914775,-1.3630626526707383,-4.6026948755986465,-0.136619132232666,0.1013046486122068,-10.959906939111276
1478631450528,295.67597834743896,-1.4559016120050323,-5.101571697715161,-0.5071218391418457,-0.004189852905273437,-12.672509679467975
