sep=,
timestamp,gyro-alpha,gyro-beta,gyro-gamma,accel-x,accel-y,accel-z
1478630041300,181.58694103835361,-0.1202045090163684,20.552110441550415,1.8754080879211426,0.1716343269458739,-4.126855474090576
1478630041332,181.61002350698237,-0.25985829238479774,19.340980460810794,1.4691418475829063,0.0987608184814453,-3.6406828994750975
1478630041366,181.63612457862845,-0.41897642141393276,18.40904455362563,1.4323312893189488,0.08065466842651367,-4.557362860107421
1478630041400,181.6498229611612,-0.6628952637557268,17.838644607118276,1.1345521655760704,-0.003890577697753906,-5.355380200958252
1478630041434,181.63412688891154,-0.8089168390619828,18.533278714373054,1.856553749847412,-0.028431153847509993,-6.463745932006836
1478630041467,181.60893035517677,-0.9371985760381196,20.10041323338982,2.4432826480589807,-0.05805939025878906,-7.192780483654886
1478630041501,181.57172310607694,-1.1096819144418693,23.03989059535026,5.331438184356689,-0.3091512711013667,-9.965415205328165
1478630041534,181.56934718140892,-1.1567836605950712,23.442111799264637,5.5300074306763705,-0.30645783076630906,-10.25930375137329
1478630041567,181.59724576678633,-1.2834125700974082,22.948666361469066,4.717175893988087,-0.17328034515380858,-9.935338266168161
1478630041601,181.65176121788969,-1.423065738928223,20.750646494031326,3.497180469435523,0.08903437423706054,-9.973794911138713
1478630041635,181.68489720986494,-1.5019307038008718,19.557637904439822,3.1425394535561555,0.13078326568603516,-10.36345166972056
1478630041669,181.7047326774291,-1.555961665631429,18.813551688893703,3.560626744931005,0.03651157531738281,-10.938508688708394
1478630041701,181.7332280462298,-1.6082741747680607,17.8619709635238,3.1860838409866203,0.148440512062842,-11.781716439764201
1478630041735,181.74577274584195,-1.6447783116619135,15.82226249699137,2.773532967420947,0.24316111524277365,-11.694477716772258
1478630041768,181.75155693176987,-1.662821402390433,15.1576030487565,2.7534814189192836,0.31229368132991947,-12.448801461847125
1478630041802,181.73784068707542,-1.689864405256435,13.904984877561917,3.0195372062683106,0.49739539489746093,-14.014908622796833
1478630041836,181.72559309321755,-1.7112273975511656,12.404262114212667,3.1379006239075213,0.8089408676589839,-16.791733343505857
1478630041869,181.70399428880654,-1.7079873454554275,11.36833810098301,3.0129530786376444,0.8189665871108882,-19.139846621704102
1478630041902,181.59774143802244,-1.5848404941262348,11.292938489041864,2.2427683686187487,0.6763619507278316,-19.564068643841146
1478630041936,181.5458610526327,-1.5054512609697885,12.102132533303532,2.5290250680785626,0.5719149215698242,-19.227983170318602
1478630041970,181.43130605340707,-1.3200495386408235,14.085505423348629,4.2320507095336914,0.1686415840038331,-17.84563098678589
1478630042004,181.32735896162453,-1.1521097927867334,15.13916531023869,4.338293408203125,0.03860650177001953,-15.466991637420653
1478630042040,181.18054073331862,-0.9760747615652856,15.406447201501512,2.659808324631443,0.1930325042835204,-13.048249117986858
1478630042074,181.07324238826618,-0.8593388474134699,15.877471749701366,2.720112301779515,0.1451484762177948,-12.117354169519245
1478630042108,180.96955085456696,-0.7436517533886429,16.513097505778187,2.9692591175355014,0.15173253021240232,-11.781417310687154
1478630042143,180.82341837084252,-0.5534508616932302,17.55305599892156,3.07325703295283,0.12045827559318859,-11.0155719085142
1478630042176,180.7382118979324,-0.419405831798687,18.220629835329962,3.3864485741546377,0.1515828880420653,-10.776900515039264
1478630042210,180.66413597613354,-0.29983873442103093,18.33391282454509,3.313425386987254,0.07826046448306878,-10.412233163220062
1478630042244,180.60655897727293,-0.18065240584530667,18.370449686099672,3.068618280936009,-0.008230068206787108,-10.288333592633156
1478630042278,180.5634265991315,-0.024194251854036394,18.665841201916678,2.950703798940964,-0.008978256225585938,-10.221744712829588
1478630042313,180.52684335625545,0.11803147952063628,19.059531848925626,2.9731495856354013,0.04174889373226324,-9.545532454504444
1478630042347,180.51196220385285,0.34769114487694547,19.831955745945297,2.5909750360351054,0.15711947481459937,-8.149114117022604
1478630042380,180.52353690613634,0.48054007935484444,20.000863799892358,2.359934575830027,0.037708676147460936,-6.84352617034912
1478630042414,180.551932057759,0.6053291708342553,20.254435630477925,2.1178210060119627,-0.045190551768871955,-5.8675900108888746
1478630042447,180.61045984266988,0.785404265795837,20.410042545635953,2.2480057212829587,-0.1608604217584594,-4.385728528594971
1478630042480,180.67626277606,0.8654057778198195,19.53416378594771,2.1769279325623065,-0.18794482575568836,-3.5850177108764645
1478630042513,180.75912107658112,0.9126418740235148,17.810949510887877,1.5058033527649939,-0.12689268113841534,-3.114108171844482
1478630042547,180.87231524101261,0.9331569272716705,14.890145563048824,0.3678092300415039,-0.05087678527832031,-2.95609086227417
1478630042580,180.8995484319759,0.9329477678719968,14.247990251195798,0.44532150878906246,-0.057909743521874765,-3.2727240318298336
1478630042614,180.96275412248568,0.9123260101460146,13.556793064994926,1.4451999040465802,-0.1669955646542541,-5.738302536718547
1478630042647,181.00316340178966,0.8705242571115289,14.798491511185258,3.0000843177795407,-0.2458545829772949,-10.451288504736125
1478630042680,181.01006627174561,0.8778348317754034,15.553713766956308,3.635595367077738,-0.31274260099106466,-11.300781473541258
1478630042714,181.04976171803486,0.9917626439910904,17.283921069179492,4.413411631421,-0.419434203338623,-10.896909727124124
1478630042747,181.0972061862546,1.0780781459548892,17.578621450028162,3.4808698290618136,-0.27129297561645505,-9.128043302552681
1478630042780,181.153280319067,1.1401153090785798,17.562726679256222,2.526481448010355,-0.10055647885971702,-7.9979804294861845
1478630042814,181.20483438833043,1.1801773792237487,17.93604776156383,2.0977696401733903,-0.04369418029785156,-7.809586247961223
1478630042847,181.2460576225518,1.2077231218477424,19.092175870370102,3.0310593930893575,-0.12240355987548827,-8.8260750748232
1478630042880,181.29009027821652,1.2436432863105495,20.51054899316582,4.200327610601857,-0.2469020484869019,-10.011054893670604
1478630042914,181.37945873850845,1.3328778186652879,21.775344434873155,4.9166427467346185,-0.34805707547836934,-9.991152946240081
