sep=;
timestamp;gyro-alpha;gyro-beta;gyro-gamma;accel-x;accel-y;accel-z
1478630138968;181.0467313896844;-0.04945840396177192;11.085839101811938;1.8686743512278248;-0.03576338558611751;-9.919177678956743
1478630139002;181.05503113909185;-0.006372959422274908;11.385185198272373;1.8703203728606923;-0.01601122367364769;-9.882665884443652
1478630139036;181.06225341538502;0.04317647292666436;11.781353759148047;2.2351369056259283;-0.01227028350830078;-10.026018946307525
1478630139069;181.07678988502232;0.12535123002632365;11.834466391734654;2.187252908955421;-0.005985504150390624;-9.99444490045756
1478630139103;181.08306233863962;0.18856419509178501;11.833469411340976;1.9701286682681878;-0.013766660687542752;-9.639355314260209
1478630139137;181.08843520071326;0.24717060599776297;11.937928138189749;2.090437351923389;-0.001197100830078125;-9.500790646583493
1478630139171;181.0942329631078;0.32689170329695866;12.154794159795925;1.90324066395415;0.01631049880981445;-9.295936931433156
1478630139204;181.09476638892494;0.3522115252787447;12.333028845248828;2.199373536593653;-0.008978256225585938;-9.456049130923487
1478630139238;181.0988921076997;0.3882017038130044;12.557395381032425;2.351854163493309;-0.029927520751953124;-9.663147346198139
1478630139272;181.1086479655701;0.41923657311008106;12.390666429561087;2.275389384504687;-0.026036943054199218;-9.720907780909817
1478630139306;181.11647945625683;0.42345882254493034;12.108588492305064;2.20550865094834;-0.03127425918579101;-9.612569909192574
1478630139340;181.12294212428608;0.418785225526047;11.748168939311904;1.933317863409058;-0.027533319091796873;-9.365518471980375
1478630139376;181.1230515692219;0.3978145648399686;11.458512122991367;2.153584429843165;-0.01631049880981445;-9.328109071040432
1478630139410;181.11995082868177;0.3603316101288276;11.105768485562997;2.223165915591456;-0.01631049880981445;-9.606883715640677
1478630139444;181.10997984721843;0.31841634059587953;10.459353259562782;1.8329110449859871;-0.012569558715820313;-9.465027332350145
1478630139478;181.08907291060524;0.28276634798315287;10.002047293002551;1.4872480707030742;-0.01286883164005121;-9.471611368649267
1478630139513;181.0607013537045;0.2440292142238733;10.084277147835797;1.3700818269591777;-0.026485853582189883;-9.98127682785932
1478630139547;180.96258177202398;0.24544820410866575;12.604826035925685;2.1501427067328303;-0.07047931365413823;-9.583390840179257
1478630139581;180.91575992974538;0.28500131943691226;15.077884634356023;3.089268366152979;-0.053121351332594345;-8.071152925463766
1478630139614;180.8879020713578;0.31326298110809636;17.255507636511965;3.413233851358108;-0.03127425918579101;-6.2584431396484375
1478630139647;180.88399950987676;0.3274338244985995;18.316605745292176;3.0340520675327394;-0.0574608391302223;-3.6258687767028808
1478630139681;180.93977102973213;0.20797220404510894;17.36369026982257;1.0043677425660191;-0.0026934768676757813;-1.5049053810119628
1478630139714;180.9765887973947;0.061629524824387716;17.21898161202249;-0.012120645904541014;0.1596633289198915;-2.6363153030395505
1478630139748;180.98714607063934;-0.047777909363700424;19.17136537615637;1.9223944416321812;0.062099607272769204;-5.027972831670939
1478630139781;181.0116307280384;-0.16448433728143547;22.03169521442748;2.6988638214111327;-0.01915361328125;-4.73393552480489
1478630139814;181.05020686638343;-0.30053239167374884;22.980964117905174;3.2782605501037088;-0.02753331452521961;-6.387280824224651
1478630139848;181.0949815602755;-0.4258521408278805;23.487776061518645;3.8136640242203135;-0.014664485168457031;-8.118139352240041
1478630139883;181.1668475805887;-0.5553752922625946;23.82384951491954;3.7137061414414085;-0.049230771636962885;-8.144924117986857
1478630139915;181.1961440783599;-0.6155268457138556;23.741227964087585;3.750517028498929;-0.04908113403320312;-8.38539233175069
1478630139948;181.255850467091;-0.7522458788262558;23.3409976623921;3.7033810371841303;0.015861585998535155;-9.85573098790273
1478630139983;181.33214218492685;-0.9207490466099603;22.23167000867819;3.5700539505004882;0.18345569764289538;-10.843638447924702
1478630140015;181.36713375743304;-1.0201930098116765;21.41828830143878;3.3182138268401844;0.28580782318115233;-10.957512810516358
1478630140048;181.3921778514898;-1.1072313802589595;20.724339882588957;3.3174658123513217;0.37005379409790035;-11.050437762451171
1478630140081;181.40526142023424;-1.1844732422755635;20.136265875042657;2.9779378428252414;0.3730465461730957;-10.942698833874612
1478630140115;181.40288261897348;-1.2934698326110872;19.84993819331647;3.3140241428982695;0.4435258575439453;-11.339837180383503
1478630140149;181.37327680963784;-1.3783060506084952;19.769388638804337;3.633350693423487;0.41419688720703124;-11.46777718546763
1478630140183;181.3645880726064;-1.4153378558184697;19.686676359711075;3.8106712538788092;0.2879027542003663;-11.506233903503418
1478630140216;181.36704444938567;-1.5193022202971957;19.525692582506824;3.9712322931151833;0.3636193680030759;-14.123245955657959
1478630140251;181.3238785881518;-1.618596737933486;18.8899204373682;4.113088887609914;0.2856581781567045;-15.142726950073241
1478630140286;181.29545140304128;-1.709128617504774;19.431294665410174;4.903773912811279;0.4695628005981445;-16.992098094940186
1478630140320;181.24214213264258;-1.7321542136735144;21.014469228928995;6.758681649017333;0.5916670852661132;-19.301454649242757
1478630140354;181.19776517536573;-1.6943448627452866;22.54628262651475;8.18562583847046;0.5451297904968262;-18.542493307495118
1478630140388;181.1806039606133;-1.6373887659969064;23.23710108702308;8.049305981445311;0.5584475372314452;-17.37786383743286
1478630140422;181.18917718375502;-1.543605433633529;22.48154548920468;5.132569955090433;0.3667617668151855;-13.479205709075927
1478630140455;181.19310497630934;-1.5112031450432684;21.78289803676548;3.7982512597015123;0.13916297149658202;-12.21551643758565
1478630140489;181.18383649437087;-1.4764828505295573;21.45615624389269;3.445256198097998;-0.05117606048583984;-11.68325518875122
1478630140523;181.15792320888315;-1.4359634919814135;21.244134595130863;3.421613502369728;-0.19512743530273435;-10.819995852661132
1478630140557;181.12566569511844;-1.4071017742096046;20.999173861349426;3.343203233602829;-0.07197566914213821;-10.83421142501831
1478630140592;181.051940251178;-1.3277264645673008;20.441975781395122;3.379265941774705;0.16983868483391124;-10.50874963684082
1478630140626;180.9962873242045;-1.271621096784057;19.80998691367244;3.1058781949692404;0.38636429290771485;-9.940426163891702
1478630140660;180.93408318824862;-1.3182155770562611;19.1242501227856;2.9949965479201635;0.6108206985473632;-9.97274774017334
1478630140694;180.84321654561384;-1.314308248642962;18.41574459251636;3.2918775903121564;0.5925648926223628;-9.909151685510203
1478630140728;180.797000130781;-1.244315189434039;17.777384309594563;3.0060697819723803;0.4468178848266601;-9.57531011845693
1478630140762;180.75674385114297;-1.2150458360516914;17.041115466202182;2.800168346725753;0.27024551695671395;-9.319430181353912
1478630140796;180.72318283830415;-1.1218430089222027;16.20825379515033;2.323572857312113;0.114622413613135;-8.629001985345408
1478630140830;180.67557265924154;-0.892417266665216;15.324186164209722;1.8204910142760722;-0.06539163284301758;-6.805368581390381
1478630140864;180.665098864418;-0.7600574576505998;14.86125976768367;1.8140567434448749;-0.21098900303496046;-5.402815613611042
1478630140897;180.67233798059132;-0.6469325479945914;13.858762613055648;1.3232452569823712;-0.2597708801269531;-4.441094441986084
1478630140931;180.69875392368033;-0.4977162564483655;11.424616595114479;1.3087305555481463;-0.24106616139067336;-3.17306538772583
1478630140964;180.73473660041495;-0.44078741606008176;8.780510255973967;1.5155296668619265;-0.1975216369628906;-2.992452799987793
1478630140997;180.7873638639154;-0.4381478984261396;5.187971985217345;1.0552443999801762;-0.13242927932739257;-3.72866981048584
1478630141031;180.8398028128993;-0.4694069587527352;1.8663474012003851;0.22834698333740233;-0.23882162473374044;-5.7583542678833
1478630141065;180.8849527015175;-0.49634650187464846;-0.04156807445239192;-0.6200982493884221;-0.40776246111220676;-8.558522747039794
1478630141098;180.9132207812947;-0.4706073291018544;-0.07432908156130101;-0.5609913776370056;-0.6673837310348637;-11.368118395233154
1478630141132;180.93440200078936;-0.35704796374568465;1.1190625586444338;0.8028057624374516;-0.7001543342922115;-12.519429826299845
1478630141165;181.00662880438622;-0.02990598265245599;1.3718580912364835;0.4617816452026367;-0.08394669628005066;-10.189423063482716
1478630141199;181.0720104839138;0.14792957586981326;-0.18164756657171158;-1.5984289404440322;0.07212532501220703;-8.197447355297953
1478630141233;181.0840056594461;0.2595920842211833;0.286111846718867;-1.675641950833937;0.14873977357062976;-8.18607489741221
