sep=;
timestamp;gyro-alpha;gyro-beta;gyro-gamma;accel-x;accel-y;accel-z
1478630291375;176.83931508149527;4.300179625189724;32.896679004908314;5.347299784054956;-0.7065887672369019;-8.185626048533013
1478630291409;176.83073300850347;4.285832572095653;33.069501930746604;5.338920285452852;-0.7086837142391362;-8.230965751565165
1478630291442;176.81689954973015;4.260434312026478;33.328399904358115;5.596595762490667;-0.7191583522105415;-8.324040594548778
1478630291476;176.81342528261376;4.237635307996659;33.49911154175926;5.636100144682173;-0.721552540456377;-8.352621112005412
1478630291510;176.80884702299997;4.234027811300717;33.655109244877615;5.540332544066803;-0.7386111996001156;-8.222586089137103
1478630291544;176.8067335728918;4.233804792076736;33.73915965593022;5.584325953906402;-0.7606079284944455;-8.193855801645968
1478630291577;176.80765048898664;4.2292968296340145;33.79349404035618;5.411344712713465;-0.6959645042198244;-7.969100043166987
1478630291611;176.81264335079197;4.236522988879889;33.85416971650015;5.567865808359673;-0.7800608101333492;-8.158840848961356
1478630291645;176.82285083945462;4.243740429931112;33.78105898607904;5.447107932761157;-0.800261895774072;-8.054094366499315
1478630291679;176.83145637063004;4.241586034439211;33.76193571449306;5.39593190481218;-0.7121253414513484;-8.143278376056847
1478630291713;176.84213976550214;4.228380986041287;33.69395653973055;5.438279537330795;-0.7318774982977716;-8.0657661954907
1478630291747;176.8490552481926;4.220264073052397;33.75217132504691;5.525817166779143;-0.7580641189132816;-8.133850972840191
1478630291780;176.8567840410021;4.198916068415689;33.74125526087144;5.376180001410795;-0.7383119301008176;-7.936928214086964
1478630291815;176.86598091349657;4.174818596896838;33.78724475959397;5.508459296074556;-0.705241996266201;-8.196699180978886
1478630291849;176.87270860487175;4.136400823060182;33.8322673987593;5.4267572957108206;-0.6786065467502689;-8.012345721645513
1478630291882;176.88497441339726;4.063887817398334;33.957179513949086;5.456834619604959;-0.6467337325828615;-8.082225998544134
1478630291916;176.8942236934754;4.021104675162573;34.02287230488006;5.579387648120848;-0.6552630714305909;-8.268076395604107
1478630291950;176.90172827967737;3.9834833854119687;34.074374695586776;5.642684107916057;-0.6745662863538047;-8.124424314261042
1478630291984;176.90525909052826;3.951608650051834;34.29297225094671;5.7516203199857845;-0.7556698624541982;-8.091055124626859
1478630292018;176.90204307900473;3.9549644995617927;34.52480210881046;6.16881036112681;-0.802506468963623;-8.524405300317332
1478630292052;176.8898176667356;3.97002487538778;34.94924759324185;6.0242601071013135;-0.8243535408462397;-7.921066454558493
1478630292087;176.8646230532428;3.991513550406131;35.59256693205635;6.021417394488677;-0.7378630332725588;-7.739107502845954
1478630292121;176.79385432870728;4.109853669360465;37.29946767370761;5.477933179241791;-0.6263830139049561;-5.464016809026897
1478630292156;176.7463602930635;4.224259553494302;38.717623543595764;3.9625532390318807;-0.2663549346923828;-3.934870428466797
1478630292187;176.71741507975315;4.256907865713429;39.52477339174298;2.822164914648235;-0.04668693237304687;-1.85131643371582
1478630292221;176.71567336114754;4.158316570584068;40.23970690003449;2.1161747001096605;0.022146365356445312;-2.1965303855895995
1478630292254;176.69612618152655;4.067967231706039;40.91562851718149;3.2721254814147946;-0.05102642288208008;-3.2275334754943845
1478630292288;176.69271368794367;4.024448465469137;41.12256184435346;3.6100074829652904;-0.07676412726137787;-3.7301661865234372
1478630292321;176.7062310246316;3.92362800383799;41.09313226523734;3.704877139227092;-0.2850595986297354;-3.7114614860534667
1478630292354;176.79004227440487;3.693206475945302;39.8548529675474;3.933074923352152;-0.7646481734787114;-4.6965255393430585
1478630292387;176.84416034838787;3.5353172352179345;39.04712165033841;4.1593269802369175;-0.8749310691833495;-5.872377975817769
1478630292421;176.86995894327472;3.3297014896645996;38.33526447559411;6.342988422305323;-0.7821557548522948;-8.107514899710006
1478630292454;176.89563360016152;3.200539297521553;37.5757233536104;6.693140159374847;-0.7134720947265625;-8.102577077981643
1478630292488;176.9242830059363;3.100260942153694;36.64352635418501;6.929119098895415;-0.5867290580417728;-9.061604151684417
1478630292521;176.95326121846506;3.007021907979364;35.6064139476024;6.34882454458028;-0.4563946823341306;-9.21812515828237
1478630292555;176.97978176298528;2.8957977763090437;34.42831899949832;6.133046754632518;-0.6154594551307615;-9.405770859527587
1478630292588;176.9980224848213;2.724072917270463;32.708125069722634;6.309319778796285;-0.9226654647827148;-10.680533313696086
1478630292621;177.0094697287276;2.613378661478181;31.54079893665941;5.549909378106892;-0.8170213165283202;-9.99025519368276
1478630292654;176.99401829298122;2.5306774990852214;30.579588479438833;5.568763679648004;-0.600046772810351;-11.231200280053914
1478630292688;176.9800386422555;2.4452889646668408;29.465687708983882;6.5505357421875;-0.5078700271606446;-12.071564478246867
1478630292721;176.97371274633414;2.3325999866807674;28.02578376742952;7.171232522583008;-0.6118681617736816;-15.254506240081787
1478630292754;176.9599079252602;2.3093077486722025;27.60355995760469;7.080402497100829;-0.7056909393310546;-15.118336020660399
1478630292788;176.8787707201046;2.2682717845182725;27.07368560915132;8.871564614105225;-0.6781576202392577;-17.20518204269409
1478630292821;176.7696478448437;2.374054837496212;27.55554406568356;9.984868093816935;-0.6257844406570308;-19.242947515216468
1478630292855;176.63626857179196;2.6390102565321;28.93910587191129;10.078242250823974;-0.5114613387840334;-16.097115586853025
1478630292889;176.44800949855244;3.0266043539223393;31.160775085411895;7.592611722509562;-0.30256725306855514;-13.53457162246704
1478630292922;176.30250680395022;3.2120989465179868;32.422539150254465;6.062567735522612;-0.48617257461547847;-10.149768733160197
1478630292955;176.18205786019467;3.3174009105803144;32.901097465726394;5.206490931347758;-0.8324340079818852;-9.978284477642923
1478630292989;176.0619410795648;3.368742100954288;32.95423215674452;5.170427921781782;-1.0016741195678711;-9.847201936749368
1478630293022;175.90216155483623;3.4706714898083226;33.06638789430465;5.081393693675194;-0.847846662902832;-9.533710864611715
1478630293056;175.8126268157612;3.5397121778957077;32.95157599201219;4.988019810662791;-0.7450456108535639;-8.598027074432373
1478630293090;175.71734337342446;3.5556125820095428;32.52412539779518;4.409371123858541;-0.3622726204360835;-8.314912965580914
1478630293123;175.61973519536514;3.5551900482629697;31.99172523701273;5.1589058103092595;-0.4985925139938481;-8.39870959442812
1478630293156;175.51043984904007;3.5402673219850604;31.136373598711888;4.982782412332808;-0.4381388855422847;-8.155249423173535
1478630293190;175.44550597755307;3.5159516058533486;30.6981891425383;4.548533985757269;-0.49739539489746093;-8.286930213088029
1478630293223;175.37547402546318;3.4747562556668252;30.482380710614624;4.421491915893554;-0.5521627761398442;-8.744671853051706
1478630293256;175.29153517494663;3.426369779857522;30.53393342563786;4.463091133206151;-0.5813420948878556;-8.499864641969184
1478630293289;175.2031525933508;3.3860268245390026;30.85706244130611;4.473117071853764;-0.564283414052875;-8.62735598997036
1478630293323;175.11297162773957;3.360917183082693;31.371105075504403;4.656422734600678;-0.4658218696373049;-8.575132594122364
1478630293356;174.9946807891927;3.34812998930347;32.2361647938688;4.4913724576536564;-0.3488052360977046;-7.965658560943603
1478630293389;174.92202708895402;3.357750138464845;32.82074396889612;4.183717763519287;-0.39115267796171826;-6.962637702941894
1478630293423;174.84494585632552;3.392389219634344;33.56251944524243;3.4837129070006307;-0.46627077331542965;-5.204994701440632
1478630293456;174.81967899654234;3.4221558757239032;33.841443556343656;2.860771708679199;-0.47165773618393575;-4.197783698272705
1478630293490;174.80327771127645;3.4487188896068517;33.97220661931196;2.4019825232908127;-0.4562450538635254;-3.3559225395202636
1478630293523;174.8085343185309;3.443862093908644;33.86828377159877;2.3933038345336914;-0.5068225822006351;-3.125779904937744
1478630293556;174.82065964465872;3.419965710297289;33.65221523195539;2.6550197112485763;-0.507870036293799;-3.2384570205688474
1478630293589;174.85345613015485;3.3685348524209626;33.32123460297293;3.598335311480611;-0.6118681731901248;-4.506186507360637
1478630293622;174.90269015048526;3.2855251270385764;32.65055660824047;4.75249022234492;-0.7402572257995605;-5.906345858001709
1478630293656;174.9901437119631;3.1632914733329804;31.497018287896942;7.010521590014546;-0.9974842666625976;-9.40981129402481
1478630293689;175.06268548652994;3.139632086674087;30.62441911764067;7.073220184381306;-0.9262567672729491;-9.715820120648294
1478630293722;175.14927376881363;3.1803928366433825;29.84101197925918;6.355557944488525;-0.7018003433669917;-9.516802180713041
1478630293755;175.23076958087864;3.237796555731406;29.175031285008135;4.9383400896819305;-0.4499602836387697;-7.97927543675527
1478630293789;175.30600274895662;3.261440210278821;28.62450579518062;4.009240244470164;-0.3633201019287109;-7.173177665301412
1478630293822;175.3980602991544;3.2239127918685626;28.023828147840568;3.90958160036616;-0.4756979606186039;-7.167641366223245
1478630293855;175.45909047918147;3.156839518295282;27.75264534571337;4.432714845773392;-0.5358522667698198;-7.992144562939554
