sep=;
timestamp;gyro-alpha;gyro-beta;gyro-gamma;accel-x;accel-y;accel-z
1478630450844;173.43503586927588;-0.20923130781597676;36.21281523670957;5.964106173982378;-0.06853402252197265;-8.088062358281109
1478630450877;173.44637495237095;-0.14420633564243426;36.4245324449847;5.903203258260199;-0.006584054565429687;-7.870488896538631
1478630450911;173.46343985904218;-0.11117428027932809;36.777874863917226;5.8180596717834465;0.09606734503870247;-7.721599793608207
1478630450945;173.47325335863675;-0.12436766475518414;37.03331523213541;5.855917958135204;0.1264437774602906;-7.715314986850833
1478630450979;173.48349805042426;-0.13940568839219736;37.2800099836622;5.892429364489228;0.08783727340698241;-7.777713616456906
1478630451012;173.48964451123516;-0.14279498575888888;37.50317802279433;5.943007344917487;0.04668693237304687;-7.817517043243779
1478630451046;173.49357133381085;-0.13626665411209807;37.705545028831565;6.0271034795843645;0.02050035228591005;-7.819462864098907
1478630451081;173.49782601404758;-0.12004082851295138;37.871771957056225;6.058527111512434;-0.014814122772216796;-7.835623519808985
1478630451115;173.50139742033397;-0.09402560593901223;38.003187606930645;6.086808721371018;-0.044442367175006076;-7.8182654299086884
1478630451149;173.5083033150276;-0.043418051398493855;38.12454459332553;6.187365277862549;-0.05117605991501768;-7.90685089133447
1478630451183;173.51243090128298;0.009227770738831315;38.13223725229821;6.126911822940921;-0.02693476839134673;-7.808090173317725
1478630451217;173.51169025600007;0.04849280141564645;38.092685072751756;6.066607849217782;-0.03067570877075195;-7.623736837281938
1478630451252;173.51633796342762;0.07666183887921765;38.0090178030494;5.941660341622168;-0.01945288848876953;-7.485770802218653
1478630451287;173.51753653770828;0.08179843769138316;37.85964123243616;5.856067495274264;0.022146365356445312;-7.489212540170364
1478630451321;173.51702065385078;0.030459567873183966;37.48233817925391;5.982960264319292;0.042497081180239905;-7.794173768853501
1478630451354;173.50967609577535;-0.01995541376574355;37.29927210024598;6.170306517968699;0.06703764676978607;-7.955483350018412
1478630451388;173.49991655351224;-0.04801324996178998;37.24238379634376;6.386383217797801;0.02483984279494325;-8.000823617022856
1478630451421;173.49216646657146;-0.057195088512595936;37.170432709182705;6.255150929702632;-0.05147533455171505;-7.642591230154596
1478630451454;173.48736967259245;-0.06106593075846498;37.271047855184094;5.866691641843621;-0.0811035766712157;-7.064241928155719
1478630451488;173.4929951287258;-0.06861886309976944;37.893260272282276;5.701941037396341;-0.07347206458768923;-6.435763846234232
1478630451521;173.50023371072487;-0.0012173180110504928;38.58468918427671;4.980837497943267;-0.05476736351121999;-5.039046014349163
1478630451555;173.5123784401061;0.09479628993026874;38.86879132870442;2.2628198440551754;-0.08544307174682617;-1.8107646430969238
1478630451588;173.5538350704508;-0.04180421125660547;39.16300008733279;1.7296610618591308;-0.047135844042681854;-2.062754367828369
1478630451621;173.55278216898745;-0.1731900902205497;39.48458151436912;3.3364696510314937;0.2322375656017335;-4.679466852514445
1478630451655;173.54988595908475;-0.2434767458399149;39.95005791960121;3.843292507226765;0.13721768264770506;-3.715052788543701
1478630451688;173.56440714902752;-0.46129449392256805;40.68600607511071;4.694580250494182;0.25094226150512694;-5.077802445983886
1478630451721;173.56493349964774;-0.6191516929388071;41.1010401090925;5.661688375854492;0.18749591751098632;-5.650315625707805
1478630451755;173.5754625771607;-0.7352099581161933;41.50824710255849;5.3392194128174335;0.24944588546752927;-6.435763553973287
1478630451788;173.5766341311141;-0.8492198032176121;42.031834361888436;6.197241067449748;-0.001197100830078125;-6.7458127420287575
1478630451821;173.5972245427277;-0.9883606926145658;42.76157999269435;7.093121839550882;-0.02633621826171875;-8.477568949536234
1478630451855;173.60882194702722;-1.1155229818524421;43.56040807336272;7.533954293292388;0.28266543350219725;-8.67299580617696
1478630451888;173.60695755923044;-1.1590157484531725;44.27125389118935;6.787262248672358;0.18824410096320787;-6.578517937557958
1478630451922;173.60916960483857;-1.2257305086274366;44.97104551888668;7.54682268882431;0.3107973030090332;-8.47981351359263
1478630451955;173.5808396714827;-1.2923209484969724;45.83973304711165;7.068281860329443;0.18974048385067144;-7.398532152291946
1478630451988;173.5457659010306;-1.3061357688971647;46.329761408785224;8.214056983184815;0.17941549147453623;-9.29279417642802
1478630452021;173.5162866853237;-1.3276848197095334;46.83976484050319;7.466766570812836;0.03696048812866211;-7.67760624677129
1478630452054;173.4742806686702;-1.386005228693115;47.476823153898366;7.909694389398395;0.09696516723632811;-8.27451057510376
1478630452088;173.43159468252486;-1.4106294572122715;47.82657516362079;8.052897137805074;0.08708908538818359;-8.14597187347412
1478630452121;173.3898209468883;-1.456840822206568;48.096152307999425;8.710255277252196;0.16475100173950194;-8.632443869427592
1478630452155;173.3716240549934;-1.4860630602295686;48.21832919436152;9.068188571576028;0.22729952011108398;-8.816498122052103
1478630452188;173.3472625369948;-1.5453909274015687;48.60259920480867;10.139444030761718;0.22879588929881572;-10.205733489227294
1478630452221;173.55699678895527;-1.3170158213349763;49.849917206489934;12.541277208709715;0.6748656112228519;-11.5044382522583
1478630452254;173.8794850493473;-0.8846293408208922;51.49979243760963;13.870208767700195;0.5497685470802244;-11.403881782531737
1478630452287;174.34150094338898;-0.11518835786159815;55.11409510471733;14.091373146057128;0.4312555603359127;-10.195258856964111
1478630452321;174.5710923974035;0.6514745160178546;60.98079347592274;13.813496115875243;0.37409400939941406;-7.747337297058105
1478630452354;174.44522856306375;1.073675137341722;68.67714622807149;12.965499815368652;0.3182791831970215;-5.354332591601461
1478630452387;174.12388724822142;1.0662185671414535;77.2781119960383;11.8361848197937;-0.041898519919579845;-2.5995044890472663
1478630452421;173.81801006729853;1.0473431118697625;86.51118852577058;11.965920622253417;-0.17313070184182724;-0.43140521163940426
1478630452455;353.51765457122696;178.89252151379858;-83.74827179848636;11.485882897131145;-0.1840542514828674;1.338059471086133
1478630452488;353.1197892801839;179.0041670756579;-69.21290578237299;11.045499867657572;-0.1913864929254516;3.7057752571105955
1478630452521;352.9143232620488;179.12035587139363;-60.03204203726823;10.307935826464742;-0.19871873779296872;4.859032219054759
1478630452554;352.69450351167103;179.1491343773957;-51.935757023745154;9.67047963444814;-0.14963760747010965;5.749076663384959
1478630452587;352.45084059698763;179.20523643561597;-43.06337907860545;8.771756624658405;-0.11911153259277343;6.918494354104436
1478630452621;352.4229903739041;179.24747864443373;-39.95123423362122;8.42280158656016;-0.17986439971923826;7.057956966134719
1478630452654;352.4023248058658;179.20177588995244;-39.42945559639787;7.160608033520355;-0.12210428010139147;7.252485631826706
1478630452687;352.38270087019833;179.13821945888452;-39.59009779336607;7.037755633898824;-0.15861586112699586;8.243086824444681
1478630452721;352.3527227167697;179.05628024948084;-39.814279820825924;7.1230493603028355;-0.15442600650925595;8.159589114611968
1478630452755;352.32659828463534;178.92922929837604;-40.15033144260264;6.892307809979096;-0.10729015732917468;7.8977229427061975
1478630452788;352.3114385397728;178.80195334861565;-40.347688931832536;6.616975057452544;-0.10489596023559569;7.40960531670386
1478630452821;352.29942067986036;178.61916904614347;-40.71469258791281;5.013458130236715;-0.09846155240708031;5.663933086041361
1478630452854;352.2948095398977;178.55407476388297;-40.81921515793417;4.702810464831441;-0.12165537185668944;5.329642825372517
1478630452888;352.28410134443965;178.3689572504278;-41.142161831410824;3.198504072625935;-0.1828571609275881;3.9731779472902415
1478630452921;352.28418586463437;178.30868574232287;-41.264920546223046;2.6405051559448243;-0.16864157030410132;3.3147724907472726
1478630452955;352.2932758422644;178.15534972613423;-41.81863125742775;2.210446390478313;-0.09831190567016601;2.454206047002971
1478630452988;352.32571223007017;178.0170828506354;-44.624236804406976;1.7637784355163573;-0.07422025146484375;2.999934680175781
1478630453021;352.32583136242573;177.97851904317642;-45.458939113853816;1.0384849700927734;-0.05237314304960891;3.7172970603391526
1478630453055;352.3612614152433;178.01774028193495;-46.6024096052343;5.0124108131408684;-0.11985972061157225;4.687697212982178
1478630453088;352.3742768900413;178.08426398852208;-47.18664823302202;7.291541247337404;-0.37544074326667465;6.449829671389796
1478630453121;352.3666705280344;178.13593028797496;-47.7666251635244;8.707860783331096;-0.7673416320800781;8.955511602075397
1478630453155;352.35463925295477;178.1008115177705;-47.855617555682144;9.699958242388814;-0.8128314636230468;9.148394473321735
1478630453188;352.34788803462254;177.87198008217348;-48.54432432824835;7.389404354360723;-0.4273650009044679;7.292139925616607
1478630453221;352.35225697542035;177.7655880830422;-49.07071839581804;5.827037928009033;-0.3263596138000488;5.571606757586822
1478630453254;352.35764996541803;177.74820047241366;-49.57468236358154;5.432742695971578;-0.24256255569458007;4.8944962352477015
