sep=;
timestamp;gyro-alpha;gyro-beta;gyro-gamma;accel-x;accel-y;accel-z
1478630229757;185.95343682535838;3.5615385091751794;16.369471729703008;2.8142344824085708;-0.34341828236235306;-9.44332976107397
1478630229791;185.86195847187264;3.7781205228152515;16.9584284799005;2.757372206679592;-0.571316384854517;-9.162609844749513
1478630229824;185.76841555537632;3.999349081792316;17.472344120780996;3.0144494272757787;-0.7544727753238519;-9.122656275752092
1478630229858;185.6319973716063;4.231173394719847;17.96853841943361;2.945765835648705;-0.659303295865259;-8.894608987747318
1478630229891;185.54182967784146;4.310118416355452;18.396682367690133;2.7641058531830085;-0.5192424667800777;-8.015936649676412
1478630229925;185.44849418883044;4.330957856268094;18.85739470180059;2.8425158844878897;-0.58672906260835;-8.297704549816995
1478630229958;185.3101416382925;4.306704847388982;19.25767665866528;3.26359620193257;-0.9802759056976065;-9.01461816329956
1478630229991;185.22961868684212;4.2194462163622575;19.321139271212633;3.4489970925262194;-1.1091139190673827;-9.342623781607811
1478630230025;185.15318739897953;4.17540567891614;19.217320020101763;3.3256957526939455;-0.9135375709533691;-9.196277995068208
1478630230058;185.08441909622957;4.11846793123577;19.072600652837508;3.2983120164069812;-1.055992569732666;-8.812757218490727
1478630230092;185.01603592300185;4.03668200821954;19.01822890585481;3.3734302122253923;-0.9424176102126948;-8.77459973912984
1478630230125;184.938919172361;3.9081313570605367;18.716851602460316;3.2628479317153802;-0.9322423079559579;-9.017012127497699
1478630230160;184.89865402253469;3.811589099438545;18.51317556703595;3.0096612066185564;-0.9118915207793935;-8.503156760583446
1478630230193;184.87273706402982;3.712676876945408;18.401147281717602;2.9664157747352027;-0.7963713454757817;-9.626486325073241
1478630230230;184.84065963811153;3.584407063064721;18.65315354403639;3.294122099569626;-0.6305728953513374;-9.454402989417966
1478630230264;184.7976755004597;3.405888803174375;19.346968849828972;3.6352960918702184;-0.5672761444368283;-9.142857772384769
1478630230299;184.7787323569653;3.286400520679658;20.015048675216732;3.234566488536866;-0.48273090059584933;-8.78821654187627
1478630230333;184.7392087244405;3.1312366547402606;21.981203965970714;3.469347879702784;-0.48617258374863304;-9.157522193621144
1478630230367;184.68869733517545;3.129508044610576;24.060781651461802;4.379892625515722;-0.5874772232276853;-8.530391133261285
1478630230401;184.6647913980379;3.1511951707559422;25.21233125912776;4.013130876966845;-0.49051207882424347;-7.415590875653177
1478630230435;184.63499469919418;3.185783068506029;27.204558097359865;4.030788205542042;-0.311545491027832;-5.968744738769531
1478630230469;184.63145198725604;3.2033506440554516;29.430676193812968;2.8281508571900424;-0.026036943054199218;-3.002628157043457
1478630230503;184.7304327765181;2.99976474263525;29.648243284615575;1.9078794479370116;0.03127425918579101;-3.9839515624999997
1478630230537;184.7545076588691;2.900750018510599;30.301697749354464;1.92164610748291;0.00014963760375976562;-4.5404538108825685
1478630230571;184.74025724517375;2.857709924514118;31.68580649991147;3.0569464610777795;-0.07915829238891602;-5.110123876135051
1478630230605;184.74083492667424;2.737021813285961;33.2078528188773;3.5097497039243577;-0.3054103675399907;-5.269488216400146
1478630230638;184.7329707155449;2.603541816667996;34.488240643395415;5.2232503795014695;-0.5313631309509277;-7.469161064733937
1478630230671;184.73118562937552;2.5673563157056765;34.84492778737033;5.081094546331838;-0.5476736480270512;-6.528988073376566
1478630230704;184.74442674444043;2.4868669141777007;35.47625079408723;5.740547228639107;-0.5591957343833986;-7.563282752172649
1478630230738;184.77799912498568;2.32468491335039;36.08940993119158;6.377554891436919;-0.44038347699814473;-8.332121125616505
1478630230771;184.80279276421095;2.2193932573090507;36.21963608664445;6.186467598370462;-0.4122515800918452;-8.199841630023345
1478630230804;184.82963912459027;2.1032929686623167;36.12784366569924;6.170157026495412;-0.43559505997810044;-8.450185158450342
1478630230837;184.86821080385837;1.9386448113992476;35.68481202115975;6.334608460766449;-0.5819406410217285;-8.819790222400053
1478630230871;184.9134671670515;1.788891993581493;35.005885319370755;6.492326860455424;-0.5385457359313964;-9.786449069622904
1478630230904;184.96582537851734;1.597305243329667;33.65367916535139;6.368875837353617;-0.26575638142323293;-9.527426523645222
1478630230937;185.00491343598787;1.4701007936406119;32.537603028118106;6.369773589910939;-0.09427169036865234;-10.377218329266459
1478630230971;185.02776828422947;1.3626778725717852;31.373956236205938;6.230760329083353;-0.06569090805053711;-10.245986004638672
1478630231004;185.09113116301512;1.1469269199688295;29.505969352737075;6.70810399281606;-0.07347206344604491;-12.939163304845987
1478630231038;185.11381743017677;1.041814652993656;28.081533987484136;6.851307471875101;-0.22849661637458482;-13.408277484893798
1478630231071;185.14782272785118;0.8972915929728941;26.725420830106398;6.770802294921874;-0.2615665405052248;-15.20078634033203
1478630231104;185.1459596355659;0.776695219898263;25.649414522837994;6.963685166168212;-0.24016835403442383;-16.671873622894285
1478630231138;185.10778511557453;0.6968725600592915;24.94712414086423;7.323862878417969;-0.17432780838012693;-17.023671629333496
1478630231171;185.03224953998813;0.7075393729178201;25.24234373130811;7.416039642333984;-0.09097965851936023;-15.576975276184081
1478630231204;184.97763564423735;0.7620175981096053;25.786359576229994;5.7077767578125;-0.049829322052001954;-13.012186455480753
1478630231238;184.91153939910424;0.7816775659088265;26.511630539726823;5.04488231928721;-0.051774610900878905;-11.679963161468505
1478630231271;184.79174427237183;0.7468109322556504;27.724719318599703;4.995202561773732;-0.0469862075805664;-11.691635186822712
1478630231304;184.71091305870007;0.7636521180853375;28.40107345674547;5.360168750409037;-0.14425064888276973;-10.460865749768168
1478630231338;184.64649991608132;0.799186001474764;29.05256013364107;4.966771270928904;-0.08888473663330078;-10.041580745641886
1478630231371;184.58712214180528;0.8576618836692628;29.60407029874216;5.131073341590818;-0.07018004072990734;-10.163086626025288
1478630231404;184.50944600558068;1.0063567193659737;30.085558489817878;5.153369472415186;-0.1530792732128175;-9.358485157543793
1478630231437;184.47037229480628;1.1356480022664301;30.26452061285222;5.391742357867583;-0.16684593732529318;-9.486724730096384
1478630231471;184.44949221457188;1.2400427476513984;30.225588253838986;5.330689850207418;-0.12898761444091797;-9.429713095324859
1478630231504;184.4393028884817;1.3831432699295316;29.918220117625097;5.351489623260497;-0.10669161148071288;-9.629628787817433
1478630231538;184.4414918550663;1.5485534226122646;29.336289887492573;5.000439896171633;-0.05835866546630859;-9.572467296246439
1478630231571;184.44645638078507;1.6400745712914253;28.92691016249621;4.860079668581346;-0.06015431671142578;-8.919747776385396
1478630231605;184.4535026150002;1.7212243596121377;28.71586237243482;4.472667903314158;-0.061949967956542965;-8.618527601960684
1478630231640;184.46784617385282;1.9339271141644776;28.161091991519317;3.573046556445211;-0.09457096557617187;-7.404966605786234
1478630231672;184.47589563741073;2.066674002343611;27.883595850550883;3.4391211202759293;-0.19303250885009765;-6.788609169769287
1478630231706;184.49194517150215;2.1914552715790525;27.543287681998617;2.6948234599791467;-0.2549824859397951;-5.845593283136188
1478630231740;184.505192899882;2.3058805397160804;27.294553506648857;2.3295583614625035;-0.3001730514083989;-4.703708436584472
1478630231773;184.52748199635403;2.4020160405972613;27.14991206463392;2.0914849338807167;-0.30301613848037084;-4.003554088592529
1478630231807;184.56577856306856;2.4982618233425207;26.83046398213206;1.9641431869506836;-0.266205278822314;-3.414879755401611
1478630231840;184.59709135158195;2.536779482187395;26.594319333456628;2.173037135668844;-0.23074120326386763;-3.5009213775634764
1478630231874;184.6397026016617;2.5413944296049555;26.020368702152023;2.461987348528951;-0.26440964584350585;-4.075081155450642
1478630231907;184.69945239813066;2.4969090554743625;25.128349526324442;3.740341397448629;-0.6323685317550786;-6.256048937988281
1478630231941;184.7390161728336;2.427684035864554;24.47504599029223;4.25689058829043;-0.743100340270996;-8.358008540664798
1478630231974;184.76757976845963;2.3684758875186964;23.899657427829762;5.4333413925170895;-0.8264484855651855;-11.071536518450825
1478630232007;184.78835324170046;2.4013002393930902;23.527441261723098;5.360168750409037;-0.5681739997421391;-11.054178410284221
1478630232041;184.79769567014912;2.5031062169346963;23.289089229093193;4.470722760595754;-0.4427776638169249;-9.576507255819626
1478630232074;184.80150631755905;2.591239375224282;23.05820182130563;3.6004304205963384;-0.4194341942054685;-7.801206542150676
1478630232108;184.80194667660297;2.5925694167576867;22.938898432853396;3.1247324417114255;-0.4447229494549272;-7.436539847918599
