sep=,
timestamp,gyro-alpha,gyro-beta,gyro-gamma,accel-x,accel-y,accel-z
1478629996045,178.86978259215422,0.8990224855746191,16.913827493148773,2.219724141107127,-0.023942007468407973,-3.820547299194336
1478629996079,178.87178490514606,0.8355045982646132,18.610819183386138,1.3729250144958496,0.11252748716049826,-2.7091888160705566
1478629996114,178.84138671769992,0.683168931244613,22.74924865414529,1.2834417274475096,0.07796119155883789,-3.61973363494873
1478629996147,178.8080762365503,0.6133512825558141,26.283860610240232,3.8245875875610857,-0.058657940673828124,-5.614552530670165
1478629996181,178.81928672781635,0.47292519414538225,27.848522020065733,4.59671764236943,-0.18779519271850584,-5.664082577514648
1478629996214,178.84703530658956,0.38425954130448103,27.08602732847948,3.575740179443359,-0.12195464706420897,-6.299593480682373
1478629996248,178.91553452912444,0.18003675309403003,24.910963258348964,2.2186767509460448,-0.11596914063052972,-7.084143291064351
1478629996281,178.93062653771125,0.08417625724960504,24.97120603897291,2.5576059234619137,-0.30092122344417727,-7.346757139532268
1478629996314,178.9334318223268,-0.025775440162831342,25.4427791229087,3.817853968457132,-0.4450222312982543,-9.07552094202442
1478629996347,178.92391940559978,-0.08494370105232707,26.03946224426206,4.670339324011281,-0.447566069420526,-9.997886711474507
1478629996380,178.9191602252097,-0.09981664233761142,26.82893351238439,5.516390189538523,-0.3766378498049744,-9.933692617852985
1478629996414,178.92996766828486,-0.10583263166161218,26.47053793570571,4.800972732897848,-0.2606687114577333,-10.020033369091898
1478629996448,178.9327980574359,-0.09618082977963102,25.993592108144252,4.112190952389501,-0.20186113089685676,-9.705345342254638
1478629996481,178.9133947639263,-0.07910878313824608,25.599242200424595,4.217984825012623,-0.08319850540714105,-9.907057124383748
1478629996516,178.88463791324196,-0.09132545927774187,25.05113574563373,4.025101867001317,-0.04848258361816406,-10.25930375137329
1478629996548,178.8427195416632,-0.11664031151837168,24.59189016605302,4.434061438076757,-0.10295066682014148,-10.904690444128216
1478629996581,178.7969910449957,-0.12415897526281536,24.334113362685244,5.080196720709279,-0.12285247040347894,-11.48857637399882
1478629996615,178.76161907272797,-0.15605102095908638,23.760469856525273,5.118952713952586,-0.11342530364990233,-11.508328537695109
1478629996648,178.7569709732716,-0.2715432100726576,22.57567981331171,5.359569907733053,0.020799629205896054,-14.212429967498778
1478629996681,178.71535062835306,-0.3743058127675323,21.421866153673957,4.583998499707132,0.4062660987743409,-16.289699182891844
1478629996715,178.59627901762119,-0.5519259619861018,22.395928704341227,7.357980252075195,0.6259340873939451,-19.365050630840656
1478629996748,178.48308120399932,-0.5977782438047091,24.17952268503584,8.99890592264384,0.10190320445005636,-18.41380496826172
1478629996781,178.4380131156984,-0.6040353771067892,24.222115178540175,7.100005023193359,-0.005536591339111328,-15.14931100463867
1478629996814,178.40646128344153,-0.6628394799286559,23.74864438894456,5.091419321795553,-0.06434416961669921,-13.190555063684284
1478629996847,178.3690400993613,-0.7197694771533106,23.855973008990237,4.613776236724854,-0.3238157836692873,-12.368595413970947
1478629996881,178.32933619848748,-0.7684875995009837,24.285621806127764,4.473416018267721,-0.5793968017578125,-11.388917876025289
1478629996915,178.29068363492857,-0.8369313883368753,24.625135967554332,4.17877971346206,-0.4349965049964841,-11.134833224841207
1478629996952,178.21503540135782,-0.9126284301077919,25.47867593423428,4.768651266214065,-0.03725976333618164,-10.741735385894774
1478629996982,178.19228576924888,-0.9404720037088016,25.56906428194503,4.955847725854441,0.14410100899572134,-10.422258955737203
1478629997016,178.13039138467622,-1.0390580764380906,25.217198072219052,4.445284258358739,0.436043977355957,-9.820865426226705
1478629997048,178.06827256288526,-1.2263292431188542,24.639473621721198,4.581753789520263,0.41958384094238277,-9.422380341283976
1478629997082,178.03996719345596,-1.3167773236931613,24.144799170915796,4.530877004241943,0.2418143722423585,-9.421033822045848
1478629997116,178.02248259442283,-1.3419462057650873,23.413334813544083,4.058171905296389,0.16669629515495615,-9.376591599859669
1478629997150,178.00246362817998,-1.3677592014577329,22.87836319300084,3.3343747976440934,0.13916296236342748,-8.80377898053145
1478629997184,177.9804950306963,-1.3672666727015619,22.73141383533898,3.705326481296634,0.1812111472862307,-8.636184663391113
1478629997217,177.97010926787615,-1.3410359201536992,22.0827668797843,3.406948980668653,0.20350714796314714,-7.698256309155374
1478629997250,177.97495753525456,-1.2714209019239762,20.416242233165246,1.911769879504293,0.24510639495849607,-4.85858335647583
1478629997284,177.9805834213484,-1.2451348821702495,19.8247579858114,1.7733550960265099,0.25049334641055904,-4.458153128814697
1478629997317,178.00970165969628,-1.173108341622916,17.47857357349531,0.8037035697937012,0.23657705382747807,-2.4054244804382323
1478629997351,178.02345456069912,-1.1381569884686353,15.745763038073738,0.6374560458861291,0.21203647539443335,-1.5527894142150878
1478629997384,178.02993456356694,-1.1152494269250943,13.81507040992348,1.279401512145996,0.1420060814014403,-2.0968717414855957
1478629997418,178.02840557694148,-1.1165464739090516,13.526441768336998,1.6859668815612792,0.11043256070786155,-2.934243772125244
1478629997451,178.0370237865054,-1.1480728121016153,12.936740301203578,2.195931790650432,-0.012120645904541014,-6.54679450983256
1478629997484,178.00115142118153,-1.1758356006065296,14.771029624719372,2.672677368617337,-0.16026187362670896,-13.140426466424762
1478629997518,177.96737990341498,-1.103679484188025,16.36984676371573,3.9164650032043453,-0.2852092910324223,-13.791499388122558
1478629997551,177.9218028163071,-0.7921204172565076,19.29476225866842,6.518662932586669,-0.4210802078468259,-10.311377637481689
1478629997585,177.953567949894,-0.6732685266290709,17.749949323625483,4.191648556518555,-0.055365913391113276,-7.395090085546672
1478629997618,178.00160511312106,-0.6028901189302863,16.02593194580326,2.157175549670309,0.18136077575683593,-7.041496866253763
