sep=,
timestamp,gyro-alpha,gyro-beta,gyro-gamma,accel-x,accel-y,accel-z
1478629983799,175.15213499839038,-0.13874969482307295,6.382410749380407,1.6098013777801765,0.04773439559936523,-10.385447959081828
1478629983831,175.17255989448537,-0.1548175583999821,5.815989793667373,0.7752723885467275,0.053719899749755856,-10.010755801126175
1478629983864,175.186288359377,-0.1475909444436556,6.975868348470492,0.8119336380004882,-0.005985504150390624,-9.372701168292387
1478629983897,175.18896123734754,-0.14709472174808197,9.04741667934526,1.8984523154327644,-0.034715924072265626,-10.073004715496674
1478629983930,175.1910680927097,-0.14141891262259448,10.333803934253574,2.103605397122167,-0.055964459239575076,-9.431209361764601
1478629983964,175.20230903825797,-0.13157867655855632,11.483348788629227,2.5495254563262684,-0.05506664046688238,-9.128192848824895
1478629983997,175.22588146630574,-0.11905000857086316,12.25122400799105,2.3823803259918463,-0.030675711054040582,-8.05035344467163
1478629984030,175.25108182907127,-0.09380617403629916,12.896994868177567,1.6187796705383806,0.10115501899995724,-6.117484809167682
1478629984064,175.27308722274324,-0.09268959015345543,13.314652744916554,1.6783354003021493,0.1949778045488405,-4.3254245742797846
1478629984097,175.29450931841487,-0.1877007227900245,14.618590805500839,0.4418798439025879,0.2781762985395384,-3.525312306976318
1478629984130,175.27646728298132,-0.23381968665567363,17.193767834961946,3.006219331669528,0.04743512096266786,-6.351069108636677
1478629984164,175.25993513506128,-0.25042152416035357,18.93244974529267,4.1445125652037555,-0.050727147674560547,-5.93417816004008
1478629984198,175.27383937652277,-0.31575243025479,18.488182413367173,4.111442947033792,-0.04803367080688476,-5.79711040725708
1478629984231,175.34146281455293,-0.46274173297397203,15.324032567895351,2.156277906710841,0.15457564925041514,-6.481103894042969
1478629984264,175.38367009733355,-0.5272780480331,13.873114221166555,0.948702407836914,0.19422960968017577,-6.8599863067626945
1478629984298,175.39610259341651,-0.5631229671814606,13.560546806116292,1.4134768781799822,0.011671733093261718,-7.590816655786335
1478629984331,175.40305778638776,-0.6027934592907102,13.511016800755439,1.740285295193456,-0.033518823242187495,-8.297255490875244
1478629984364,175.40521313343734,-0.6522001670360896,13.603329810456996,2.1275474137237294,-0.08379704897231421,-9.250447081623879
1478629984397,175.41301878054944,-0.6913067192454317,13.656416880322402,2.8079496710846197,-0.16175824966430663,-10.434529604571685
1478629984431,175.43448844255008,-0.7248400825628604,12.888333213610457,2.253542244123411,-0.19123685760498046,-10.174309738568216
1478629984464,175.4668898037769,-0.8139348614421903,10.846663607461483,0.8340799302916974,0.020201076507568357,-10.484358707427978
1478629984498,175.45101163997052,-0.8309939680723555,10.623264180254402,1.3055881293365732,0.07601589814338366,-10.714052502264455
1478629984532,175.44801238474827,-0.8456469182191139,10.785717803842772,1.523310806274414,0.11896189498901366,-10.845882865850626
1478629984564,175.4231706290537,-0.9020111779999906,10.155777846860241,1.216703283105418,0.3547907585144043,-11.589432411193847
1478629984598,175.38064497028003,-0.9684424146126546,9.049495359178923,0.7230488283019513,0.44577042160034175,-11.470620446069537
1478629984631,175.33006694569139,-1.0638748349177354,8.523624371171012,0.6965630455017089,0.7107786178588866,-14.104541547448932
1478629984664,175.25143198992518,-1.1244856354162325,8.515037001256177,1.7518074820145033,0.5946598373413086,-15.809512112426757
1478629984697,175.19698338231842,-1.2025935291685965,8.837313581629772,2.088641600213572,0.6702268455062993,-18.372355352020264
1478629984731,175.0721535619887,-1.2457664930044656,9.6178829322398,3.4421137992858886,0.6434416961669921,-21.020492610278723
1478629984764,175.0004827131545,-1.2076551325007348,11.176641987251728,4.8077067173279815,0.6935702934265137,-21.441721880340573
1478629984799,174.94864409573842,-1.0885105725838202,12.481551445774599,5.620687672424316,0.5719149215698242,-19.364303027343748
1478629984833,174.9284627441393,-0.9590981282231319,11.516676290714354,2.7703905960083004,0.3850175544738769,-13.970465962219237
1478629984865,174.9172168646071,-0.9461174397521976,10.491139530951427,1.0299556266784666,0.2663549438255373,-12.552500321252642
1478629984900,174.88510577551705,-0.9255234265665054,10.36188807451207,0.907103080926463,0.03486556167602539,-11.956044686535746
1478629984934,174.85445025764264,-0.8992700359324034,10.730338212056918,1.6512509026900863,-0.031573534393310544,-11.709142348071188
1478629984968,174.83078157067376,-0.8866800957708715,10.864263609867553,1.699583839571336,-0.036361937713623046,-11.709741044616699
1478629985002,174.7875216468495,-0.8473136749782444,10.801723042863067,1.9262848275336901,0.012868833923339843,-11.158925171307473
1478629985035,174.76763864098933,-0.816591985925469,10.758083509395568,1.7115549666031262,0.11761515427188714,-10.695048526586964
1478629985068,174.74680136313188,-0.7943232262457074,10.694015310257878,1.4597148246765135,0.1677437560979859,-10.354173919091746
1478629985101,174.71675417987322,-0.716188028368548,11.536919687426877,2.256834321638476,0.0028431144714355467,-10.388291658075154
1478629985135,174.7082954342375,-0.626812109275762,12.361275709320376,2.6408043946197255,-0.042945992279052735,-9.98980628087148
1478629985168,174.71018250288415,-0.5808000634882811,12.455449371063416,2.892345316137746,-0.05282207412719726,-9.128941365637257
1478629985201,174.72721267875497,-0.49538356545017753,12.093106423595955,2.2731448204482905,-0.04638765716552734,-7.496544380895793
1478629985234,174.75900772418734,-0.4462434995843299,11.647344956990272,1.6325461839538067,-0.038756139373779294,-5.941809970092773
1478629985268,174.811318321119,-0.38306905273792335,10.688419996151731,1.6377836096832528,-0.037708676147460936,-4.554968658447265
1478629985301,174.83130379194972,-0.3693593639748562,9.848896664411916,1.3552677772521973,-0.033818093883129764,-3.4223616355895996
1478629985335,174.87674145245055,-0.3716946468178518,7.4568585723424645,0.7618050772735848,-0.030675713337329213,-1.498470964050293
1478629985369,174.94892176003285,-0.43220856603839225,3.589435784460136,0.47165769965131765,-0.023193824016186408,-0.6414964073181152
1478629985402,175.01098051313465,-0.5234576084394952,0.5429840687688032,0.9923966246673837,0.0008978256225585938,-1.696291876220703
1478629985435,175.03444524071477,-0.5639665990757275,-0.22321966191571202,1.28149639293286,0.021398181904223747,-2.324320899200439
1478629985469,175.14987501970634,-0.8593725969602914,-3.051020755471339,-2.304419024835154,0.22685060729980466,-9.467122021340764
1478629985502,175.14976782320502,-0.9702442064578763,-0.8926659928858917,-3.2115221422942355,0.3399766357421875,-16.856077513122557
1478629985535,175.14625060682943,-0.7290818762500803,4.669807588676079,4.088398682989553,-0.2238578734909184,-16.636858423614502
1478629985568,175.19437256487154,-0.5612131856052497,5.5529198716698085,4.902127826104685,-0.15173253021240232,-11.60155320322886
1478629985603,175.29339841390734,-0.5175055021321799,2.7589756423292258,-0.3037642990997061,0.01975216369628906,-5.935973811285197
