sep=;
timestamp;gyro-alpha;gyro-beta;gyro-gamma;accel-x;accel-y;accel-z
1478630445548;172.3208105153274;-1.1949878502168665;22.860702246400454;3.9709331823044454;-0.4068646446228027;-9.525780035079828
1478630445582;172.3598058158767;-1.1074573554157852;22.81136001415475;3.912724026577733;-0.38666356811523434;-9.214683584727439
1478630445616;172.40466720705294;-0.9553537314476696;22.80373101211389;3.9276878691521007;-0.289249506333936;-8.969726927837403
1478630445651;172.45464503346992;-0.787389790256623;22.790117893626064;3.9023991323830094;-0.18001403732299803;-8.923937903285305
1478630445685;172.5069830355494;-0.7388719987378559;22.755488849009453;3.9338230200394055;-0.08649054410629906;-9.068338142964418
1478630445719;172.5882158968679;-0.6826081406735663;22.689383733735312;3.953126325723342;-0.05865794980698265;-9.3469634821794
1478630445753;172.61407736490582;-0.6391388736060296;22.67805223267288;3.96240361969443;-0.05895722501450218;-9.416993899005279
1478630445786;172.70792441695255;-0.4222827470636495;22.702728169638064;3.983652214227244;-0.04698620301398914;-9.369558486352489
1478630445821;172.7534245685999;-0.2898093904113013;22.76268661738292;3.915866461922461;-0.056712647258373904;-9.346514350172411
1478630445855;172.8115868097292;-0.07105586548633748;22.89839976993206;3.8525698080477184;-0.07646481552124022;-9.123554357102979
1478630445887;172.82931329941673;-0.002611031162504931;22.968450033739938;3.8355110241793384;-0.08903437801875734;-9.063998499475046
1478630445921;172.8956508601576;0.25307012904076104;23.310936212164485;3.682132460917625;-0.05342062568388064;-8.835052983988914
1478630445954;172.9194201623396;0.334739525744047;23.567534054907973;3.70532627123408;-0.037110125732421874;-8.741828519384562
1478630445987;172.92930172842034;0.36682100136838774;23.71364248324774;3.810521552342968;-0.022445640563964843;-8.738835949972458
1478630446021;172.95002315023925;0.36470054821494924;24.306243981226828;4.134935785962594;0.1132756614795653;-8.83684845257094
1478630446054;172.9648493721168;0.3282300051666058;24.8507503090433;4.2111015363388695;0.1750760055320803;-8.572888103131204
1478630446087;172.9769005274967;0.29162857993400215;25.522388422411296;4.1479543305549305;0.1785176567188231;-8.070405029705912
1478630446121;173.0083194931544;0.24138335308220177;26.802088026027924;4.15588516921997;0.18495207368049305;-7.086238655908406
1478630446154;173.02048899230263;0.23165451892968983;27.221781051315297;4.138227968508936;0.19901800843391101;-6.881833250781148
1478630446187;173.05372143912487;0.2736772726941922;28.49664334776225;2.353949144744873;-0.008379705810546874;-3.337666751861572
1478630446221;173.09447336044306;0.211089202745857;29.279850404044314;1.894262425994873;-0.0410007045718201;-2.6274866844177245
1478630446254;173.1400556312821;0.07038822618617417;30.004537764120553;1.7344491729184983;-0.09157821578426519;-3.8230911384582518
1478630446287;173.1648092793605;-0.08357178707067454;31.214129001693838;3.109319622393697;-0.11701660271520377;-5.3487961463928215
1478630446321;173.18187409524725;-0.18448311588198957;32.04852880824824;3.914818697302043;-0.08230068663444835;-6.198139185333251
1478630446354;173.19310124697844;-0.2892262902349105;32.802205991454876;4.909160976144485;-0.05746083984375;-7.6202950445313
1478630446387;173.19269232260544;-0.3723206797657471;33.48093591318567;5.301660246409568;0.017208324432373044;-7.482628156811371
1478630446421;173.20965463644762;-0.43218570563026304;34.213301701998155;5.608417343250243;-0.07003039855957031;-7.512705497830175
1478630446454;173.23242731153067;-0.569144188558948;35.284052240815306;5.85756370691508;-0.14036006319350564;-8.24563057237705
1478630446487;173.23873066733194;-0.6772132826073748;35.99084466296311;6.003909283392131;-0.13287818300551735;-8.46380199772939
1478630446521;173.23243363312153;-0.7574524138175878;36.61989383228649;6.105064577528369;-0.09172784197158179;-8.933814149530232
1478630446554;173.2391213285961;-0.9071112826071965;37.575322130293706;6.406285165228322;-0.07062894897460938;-8.694393837384133
1478630446587;173.2397953324862;-1.0336260417839116;38.20942269850356;6.88332991907969;-0.06284779357910156;-8.884882214709371
1478630446621;173.2290376460441;-1.1470565534331267;38.76657594430613;7.2987236879210915;0.008230068206787108;-9.083750443975626
1478630446654;173.2316925876564;-1.2136717002351431;39.366934349803;7.52063632736206;0.0740706229942385;-9.151686354473977
1478630446687;173.23808640657333;-1.2747199978425898;39.95677193577928;7.171382452447712;0.11417348253554664;-8.765172131701558
1478630446721;173.2332253785663;-1.3459345637652251;40.570226761406765;7.534851753588765;0.11477204208374023;-8.988880203191936
1478630446754;173.224498661887;-1.393890221152821;41.15223897836451;7.654412491253763;0.10983400115966796;-9.079710520935057
1478630446788;173.21401267447132;-1.4050078780793476;41.90520590133576;7.103297233139164;0.0005985504150390625;-8.141033540289104
1478630446822;173.21479925097324;-1.442766096201584;42.30324920455287;7.226897638116404;0.06404489440917968;-8.66656138921529
1478630446855;173.18062127651598;-1.4594593619726015;42.74135594460348;7.391199727044627;0.041000703430175776;-8.532336020251362
1478630446888;173.16362577525186;-1.496862125314044;42.88558011578421;7.903409025518596;0.13467384338378904;-8.917652703802288
1478630446922;173.20075403833457;-1.50012521796838;42.98252411447363;8.031798089544475;0.0770633659362793;-10.034847345733642
1478630446955;173.31815023501886;-1.4083330095304072;43.21713059361287;9.001749037115275;0.4387374542236328;-11.108945773260295
1478630446988;173.44210662617206;-1.3069731108687017;43.465907878086455;10.030208287756144;0.5813420906066894;-11.66380230026245
1478630447021;173.56408806892316;-1.1790763762897583;43.7261949404221;11.04564935913086;0.6292261420761235;-12.464064205169677
1478630447055;173.66236367645195;-1.0133777587395003;43.94660278532085;11.714080535125731;0.45190556335449217;-12.454786673736571
1478630447088;173.6791309921138;-0.7913765312189271;43.771078775356905;9.756820970208942;0.22206220397949217;-10.663624848993122
1478630447121;173.59021144643742;-0.6713743496909906;43.479273299531236;8.382100158337503;0.22565350646972654;-9.707290923364459
1478630447155;173.52235846551787;-0.6215115048870241;43.35192210226038;7.767239025292918;0.06464344025764149;-9.139266287231445
1478630447188;173.44585582475244;-0.5839983805431114;43.28597534481032;7.377882053375243;-0.04234744186401367;-8.700977453558146
1478630447221;173.37240869680113;-0.5638362257347913;43.27648618425388;7.088483000769093;-0.04967968444824218;-8.272415429455414
1478630447254;173.2961127663004;-0.5632702058607267;43.314410128915526;6.9342065582275385;0.045938748920825306;-8.134150721972809
1478630447287;173.2153069111795;-0.5810182724489289;43.399388901401345;6.95051713010259;0.05985504607048351;-7.875576504284515
1478630447321;173.13806770011303;-0.6223504317729768;43.49827238357297;7.136217213705368;0.027682956695556638;-7.891887368420511
1478630447354;173.07182486977555;-0.6749479282994788;43.60064456814513;7.229740862185694;0.006284779357910156;-7.945008790820464
1478630447388;172.9814270020793;-0.7223288660812536;43.62680487261662;7.21178438626714;-0.030226786826318127;-8.077288432544098
1478630447422;172.92848654255283;-0.6403216002509358;43.52795826622995;7.331195194067433;-0.06389525680541992;-7.996633471856638
1478630447455;172.86640190780955;-0.6447519019494403;43.43012232658638;7.229441331249848;-0.06359598159790039;-8.129212607983499
1478630447488;172.82612090321257;-0.5506801513976839;43.272071488881004;6.905326263239886;-0.053121349334716794;-7.585429592453129
1478630447522;172.80112446690202;-0.5452835131707763;43.2226765300099;6.030994054998829;-0.018555062866210937;-6.7425207512786605
1478630447556;172.77722312209266;-0.518496000680491;43.150891894313055;5.13795661656484;-0.0010474632263183592;-5.6760535858154295
1478630447589;172.75842615393586;-0.4737009303834446;43.06503540512516;4.028692913763225;-0.0053869537353515625;-4.336946962030232
1478630447623;172.74321492781087;-0.4456624798112875;42.96936974917305;3.245639917810261;-0.039354689788818356;-3.208080587005615
1478630447657;172.7395414051465;-0.4507118915830908;42.76976028662107;2.6505305831357835;-0.03411737365722656;-2.53471137008667
1478630447690;172.73475858265564;-0.46606432680314447;42.44318036492;2.9749452003479;-0.01750759963989258;-2.408866145324707
1478630447725;172.72027424697404;-0.47379610052769405;40.707150753244896;4.304774584960938;0.010773907470703125;-3.0711621795654294
1478630447757;172.72360038578356;-0.5315137113751777;37.728476252282924;3.611204437664896;0.009277531433105468;-3.3075893012449145
1478630447791;172.74438367998786;-0.6049321783036093;36.8627150139756;4.647295059967041;0.010175357055664061;-6.118681325475872
1478630447824;172.75382548944415;-0.6832600587696273;36.35844184565725;6.188861471237056;-0.06554127044677734;-7.836371584530197
1478630447858;172.757382545936;-0.7266932775260407;35.474297970691765;7.648127711895853;-0.13467383425063453;-10.114753826141357
1478630447891;172.76550400763202;-0.637931897002758;34.92673499071727;6.616675563049316;-0.032172084808349606;-9.159317726135253
1478630447924;172.7552461816014;-0.5171136240680246;34.37824240279313;5.719897330651804;0.05611409684333484;-7.799261636894289
1478630447958;172.74984120416624;-0.4480324179846277;33.87232111580212;4.95539884957578;0.1370680450439453;-6.811952489825337
