sep=;
timestamp;gyro-alpha;gyro-beta;gyro-gamma;accel-x;accel-y;accel-z
1478630261621;180.79819340952642;3.277103063715701;29.461557922280228;4.684554686305905;-0.5493196274190791;-8.606107596366945
1478630261654;180.78770075076946;3.2534219522446626;29.35744589145985;4.686799332560692;-0.54019176441413;-8.663418926471099
1478630261688;180.7712384588813;3.240366833906476;29.41182872152254;4.746654378631175;-0.5367500675616145;-8.613140308015327
1478630261721;180.75191699793376;3.2259271752255336;29.57311402519425;4.861127168340282;-0.524180519120593;-8.603713020247453
1478630261754;180.72952483408466;3.2240998822825775;29.821198836428536;4.869507023385147;-0.5553051583981112;-8.640075314154103
1478630261788;180.70032148652678;3.231815843573153;30.085175923370336;4.888959904203494;-0.5615899172064237;-8.440907565368443
1478630261821;180.66077580499805;3.2482598147076964;30.394978353922472;5.003283115674345;-0.5633855610308528;-8.397213163591594
1478630261854;180.63884902731795;3.2554666338914156;30.529432441829403;5.076006621208833;-0.5415385005646792;-8.58785188177349
1478630261887;180.6133302104047;3.263715319878673;30.620332480964727;5.208585839534085;-0.5467758075631165;-8.66042584560234
1478630261921;180.5908996364058;3.27818432203104;30.639224520724643;5.200505299333203;-0.5853823081914917;-8.604461308730952
1478630261954;180.56193142398274;3.2972975214552704;30.598042713979556;5.16025271085659;-0.5089174721206539;-8.500164218570804
1478630261987;180.5461336415011;3.299079408128557;30.52199939410737;4.988768258976494;-0.5051765548595459;-8.390928904823493
1478630262021;180.52948976744165;3.3053659271641953;30.434390617728056;4.935347481453919;-0.5600935548685578;-8.321646301557077
1478630262054;180.5100143228863;3.3264629586963665;30.391726477379315;5.023034900344721;-0.5972036857383791;-8.364891861304594
1478630262088;180.49092421689332;3.351665545459117;30.4353654979906;5.010465574524342;-0.6072293777908199;-8.357708991462644
1478630262121;180.4675738269709;3.3594623353419895;30.59875294146627;5.015702934038417;-0.5877764904436946;-8.313416114619281
1478630262154;180.40697171061566;3.326563701921504;31.375939276297718;5.6416367542875925;-0.481384171295166;-8.846724698815867
1478630262188;180.33686809764498;3.372565799135625;32.37142716906857;5.438878166519292;-0.45385084307021456;-7.583334191076457
1478630262222;180.2622289875016;3.4296290923277675;33.623105212750175;5.8011506956238295;-0.5743091335047793;-6.618172085217386
1478630262255;180.1761801368204;3.544670132379631;35.78483628590845;4.798428820568695;-0.45130699467314406;-4.842122927801311
1478630262288;180.12965251335905;3.653766989593922;36.93052648766091;3.167977416937053;-0.2371756019592285;-2.5357588333129883
1478630262322;180.15151150528;3.6305428988349058;36.91260473368992;2.8217162940979;-0.14335278786923736;-2.280626718902588
1478630262355;180.22715876428782;3.4957638859146565;35.89835714510884;1.1789946800231932;-0.04803367080688476;-3.1865327720642087
1478630262389;180.2095217333542;3.447580226899277;36.14102807546407;2.672377965545654;-0.11507131729125976;-4.2609307670593255
1478630262422;180.18243599557945;3.3720984581543707;36.6955409765934;2.9782372276306153;-0.34611179576264695;-3.7110125732421873
1478630262455;180.16846654077494;3.250937692968099;37.30604359985373;3.474884726770222;-0.46387655338896433;-5.071667304229736
1478630262489;180.14996551463983;3.1435086527751643;37.68966158657616;5.5698109967438505;-0.6742670425415038;-7.676558468451141
1478630262522;180.13049834570123;2.9948230116286654;38.1703783651376;5.301211388397216;-0.9536404487609863;-6.533327344689891
1478630262557;180.11239445903067;2.83849714491112;38.52735163854326;6.541108755813725;-1.007360348510742;-7.591564757040166
1478630262591;180.0990843822038;2.7096634617472186;38.87940282131226;7.53814378087148;-0.8161234909057616;-8.560318325219676
1478630262624;180.11039142742877;2.576368946121845;39.32031636107885;7.138312395886332;-0.5250783515930175;-8.354566546984762
1478630262658;180.13280369148947;2.4673390489783484;39.3294629914716;6.988225879315286;-0.593762029985059;-8.807818848773092
1478630262691;180.16067065090502;2.3548916900617076;39.15957462649281;7.086537565789744;-0.8358756546020507;-9.634117696734517
1478630262725;180.1813159613324;2.256676079573782;38.64778297498727;7.242160819830373;-0.9494505958557128;-9.495254146575927
1478630262758;180.21432715094465;2.162047176809752;37.83749601071628;6.7550903465270995;-0.8351274665832519;-9.112930215100198
1478630262791;180.26114864914544;2.055080786120757;36.673689629870516;6.605901509448141;-0.7977180656433105;-9.201365746661276
1478630262825;180.31803855051166;1.9239097904856948;35.39824711503652;6.539313141101226;-0.6826467483520507;-9.767594439288228
1478630262858;180.3716500325788;1.782049667818854;33.93186517671905;6.665008582128957;-0.47061026382446286;-11.00330220952779
1478630262892;180.4509541119701;1.5148758960631057;31.869973691492913;7.082497715814411;-0.15382744753188451;-12.642282591247557
1478630262925;180.4759935577581;1.3307500082827728;30.591035862144658;7.866598759515583;-0.11896189498901366;-15.244480520629882
1478630262959;180.44516234535678;1.2156898658309627;30.483698525925007;8.996512013244628;-0.07930792999267577;-17.02621546859741
1478630262992;180.35789543501076;1.1938057643536202;31.35093859741386;9.34591581802368;0.0037409400939941405;-16.375441529846192
1478630263026;180.219479375706;1.2739691554985946;33.31905434303807;10.902595809936523;0.17178396911621094;-15.68665963973999
1478630263059;180.05907694016628;1.3783711550789086;35.57957974221142;8.606257434900105;-0.019303250885009764;-12.220903391321002
1478630263093;179.9391334831342;1.4113048794897978;37.04921501304423;7.33059671671763;-0.2397194325181066;-10.205733635357767
1478630263127;179.8223974397203;1.4133124375712958;38.14926440228874;6.653486705835163;-0.5969044013977051;-9.918578781481832
1478630263160;179.6592227373776;1.3996353390758771;39.00228333433814;6.574327865456976;-0.7505822204589844;-9.183858293151856
1478630263193;179.6105612723856;1.3923408586756172;39.13938558259512;6.331765556357568;-0.6830956611633301;-8.63019937843643
1478630263227;179.4934697660759;1.3626936098862001;39.11498055676434;7.0322194078858935;-0.24331073800515732;-8.377610957159474
1478630263262;179.43948363605352;1.3236486125226172;38.40116029828054;7.082048583807423;-0.14903905334472656;-8.217199409396388
1478630263296;179.43921029783485;1.306770976580029;38.012026364940084;6.818835819598287;-0.1782183815113036;-8.050802101754583
1478630263330;179.46059247633355;1.2639028338286706;36.762403948067174;6.446088658230565;-0.32456397168808615;-8.509741034344584
1478630263364;179.48231002841968;1.2516895578445202;35.89255191985921;6.17210227881167;-0.39324762268066404;-8.670750876794383
1478630263397;179.5134320303181;1.2638198909021878;34.72199871241461;5.42780476464536;-0.12629414670639671;-8.440608571005425
1478630263431;179.52138588526222;1.2731710180665021;34.384573787795944;5.102193448461964;-0.14290391615715342;-8.027309427222562
1478630263464;179.53889791750618;1.3170712879007893;33.530869071935605;4.310161684826761;-0.06000467910766601;-7.312789841870218
1478630263498;179.54253257931683;1.3360281539278995;33.348611865323456;4.275595252227783;-0.06838438491821289;-7.177068608325347
1478630263532;179.53515887488427;1.4095827796439613;33.12603114971387;3.8832457474306223;-0.10489596023559569;-6.222530114746093
1478630263565;179.5324400847698;1.5156864978556044;33.15895756519447;3.1549590915404258;-0.2142810440174071;-4.635324343927205
1478630263599;179.53456731569338;1.580471702537886;33.30733594122839;2.8860604637145992;-0.21458032835808116;-3.9077860221862792
1478630263633;179.53707872903718;1.6513201650213405;33.50398121936458;2.9626749168395996;-0.35987842790908176;-3.740041976110637
1478630263668;179.56667167299221;1.72582962554401;33.33359520465827;2.928407905578613;-0.3802291511535644;-3.1090204933166503
1478630263701;179.623517262754;1.7208460349219359;32.51056361836241;3.600729951532185;-0.5382464607238769;-3.9122748580381272
1478630263735;179.70989200921224;1.662385197301595;31.11690864997686;3.673154113360494;-0.6070797584533691;-4.732139873559773
1478630263769;179.75278837109403;1.6295401102320295;30.474154507488095;3.489698557281494;-0.58792612690581;-5.693860168401897
1478630263804;179.8485702591151;1.528931952254614;29.116446071379176;5.380519427987746;-0.763002159837354;-9.149291750955022
1478630263838;179.92400299064863;1.494356495677967;27.979194822210403;5.941660478619486;-0.6022913551330566;-10.680384260614217
1478630263871;179.9597912414311;1.5495799655551414;27.866067250826802;4.93684396937266;-0.4299088356018066;-9.00863284181226
1478630263904;179.98432023329357;1.6429782622004387;28.607101392961987;4.517559312306251;-0.2183212684520753;-7.7422494723998
1478630263938;180.02348393741377;1.618503092742263;29.029350931154124;3.871424084472656;-0.16250642854995093;-7.194725772503763
1478630263973;180.03055526592516;1.5799353480004257;29.680310511154783;4.693832427801564;-0.27967268256864625;-8.172008889593556
1478630264005;180.03715938172724;1.5522357495270782;30.323690191614862;5.535094853475876;-0.4786906944274902;-9.09287841087021
1478630264038;180.04284100899002;1.5751254520082674;31.18315726435063;6.179284993389993;-0.5906196220397949;-9.767594731549172
1478630264072;180.0355747012636;1.644726478171135;32.174286917812424;5.844096834033355;-0.6121674369812011;-8.33616142311641
