sep=,
timestamp,gyro-alpha,gyro-beta,gyro-gamma,accel-x,accel-y,accel-z
1478630266221,180.8713668096711,2.8143246802522413,27.52102888681353,4.610783512049122,-0.45714287948608395,-8.88054303472759
1478630266254,180.84057620923312,2.783409541948043,27.649365399452154,4.639214492366696,-0.4691138946367311,-8.957905748936627
1478630266287,180.80812561986846,2.770420545433003,27.73965152866996,4.671835608717333,-0.49515083997421894,-8.939649595951755
1478630266321,180.7769320857997,2.775965607009781,27.80433680609749,4.72001896279375,-0.5267243515346431,-8.903137911036517
1478630266354,180.74521481905376,2.7969632991984597,27.83102650798841,4.6784197637474625,-0.5280711036682129,-8.812158302749507
1478630266388,180.71324972555868,2.8216253103919553,27.86162837883548,4.631583015674143,-0.478840342876871,-8.796596293352591
1478630266421,180.6786163723549,2.8468893585533634,27.908832708816487,4.747253015811182,-0.46881461029605703,-8.82427931398023
1478630266455,180.6265832727212,2.8964753504393164,28.05214638722697,4.825513446044922,-0.44846390760117205,-8.76068293052353
1478630266488,180.5960072130196,2.9296516662950496,28.137351073667205,4.803666228031832,-0.42332479016953145,-8.684368227530085
1478630266521,180.55207646698895,2.986233385964883,28.21551881693891,4.72016849993281,-0.44861355433808636,-8.643516644538792
1478630266554,180.52145389918886,3.02647263609158,28.236490373751053,4.703409138544067,-0.46252982408828097,-8.51901862970977
1478630266588,180.4910263340761,3.067922265109738,28.276331019925045,4.80635985102998,-0.5367500983860111,-8.548945807968428
1478630266621,180.46982675599722,3.1037791646157102,28.26247828392891,4.750395423756446,-0.5056254790872684,-8.6385789894905
1478630266654,180.44941446733034,3.1159021913535474,28.16905318055131,4.745008396955859,-0.4631283699367428,-8.659378480557434
1478630266688,180.4317845436036,3.1213479595342775,28.039579349451895,4.6531308397487035,-0.4843769096706295,-8.57109249755186
1478630266721,180.4113580437563,3.130323366755335,27.745271032131264,4.5151650969463635,-0.530016378817358,-8.50614931172924
1478630266754,180.39930543846975,3.1415964581957008,27.568312502242836,4.504839981272641,-0.5663783439304446,-8.58261414551679
1478630266788,180.38523980404486,3.1627855607135604,27.440239819035927,4.497058863551397,-0.6031891761890379,-8.627655575705132
1478630266821,180.35764535730456,3.232746641622419,27.471512607466043,4.632481028526369,-0.6619967499000485,-8.650849139426414
1478630266854,180.33931189973887,3.2710764404818446,27.60160714900412,4.70206233161157,-0.6413467605812009,-8.79285497879926
1478630266887,180.32324162641845,3.3129710377706054,27.72697744527672,4.659715035878029,-0.6402993064880371,-8.79061052434072
1478630266921,180.30709965573962,3.360217472742279,27.871039682274418,4.658817100657616,-0.6768108726722654,-8.733598779971338
1478630266954,180.29141145558708,3.4021410402838983,27.988395353075394,4.587440124065234,-0.6380547515647951,-8.644115645653603
1478630266988,180.26087343287298,3.4453361987800224,28.23620647493934,4.840477224687207,-0.6697778961624018,-8.572139481287566
1478630267021,180.21898998769663,3.499565567626233,28.76685162156885,4.919336260134913,-0.6193500419616699,-8.052298733520507
1478630267054,180.15423341869266,3.594075851376506,30.144332138368664,5.206341348542924,-0.6382044051515753,-7.798363719940185
1478630267087,180.09616555519128,3.684574910228156,31.669395097116862,5.347449261828512,-0.6750152396934572,-7.393294945758208
1478630267121,180.0220610746845,3.7895218438598373,33.542486048559105,5.711667554705962,-0.5945102271370124,-6.957400679071247
1478630267154,179.91760497773222,4.0655274955099205,36.2082141645151,4.159476617840677,-0.22355858001708984,-4.034529072570801
1478630267187,179.8862705604273,4.169211597402293,37.05990348342916,2.60788445058614,-0.04339490509033203,-1.8281226051330566
1478630267221,179.92240798301737,4.1171293048506605,37.063858176844356,1.8510171585083006,0.2163759750366211,-2.098368117523193
1478630267255,179.94104301879443,4.0229563202471255,36.96413298505865,2.1345801253721115,-0.052073886108398436,-4.455908272497355
1478630267289,179.9164657216439,4.001117814579041,37.205837234608865,2.5411457870483396,-0.4234744551727548,-4.166808422033489
1478630267322,179.88360343584282,3.9249198041400266,37.44975663294414,2.7103859169006346,-0.7612064629264641,-4.2727524300172925
1478630267357,179.8064936582235,3.806480391229434,38.941059620310966,6.211606738634989,-1.267280866241455,-7.182455306332372
1478630267388,179.71233355082876,3.732206040544652,40.01848976752783,6.042366184091009,-1.0311527275085448,-6.489184470776468
1478630267422,179.6409557100688,3.6440251001844395,40.80318145602475,6.1043163529769515,-0.6835445374419913,-6.614430706731975
1478630267456,179.58102649915776,3.5297511293638215,41.45968469274952,7.404517546844482,-0.6114192546706239,-7.744045160177536
1478630267491,179.50646475630234,3.409967620691535,42.04859307942815,7.117362875631637,-0.4294599227905273,-7.686883595541305
1478630267522,179.4320502085378,3.2955531265752187,42.569901996316496,7.360972784954682,-0.5205892097804928,-8.553285577038675
1478630267556,179.325330753381,3.04181615953903,42.70816841547328,6.409576991581637,-0.9837176071166992,-8.070105535302684
1478630267590,179.28472494000135,2.954009308334394,42.59125825968361,7.134870694467239,-1.0420762725830077,-9.713725048065186
1478630267623,179.18598209686482,2.8010475313481487,42.43530221918757,7.18679490643926,-1.1677718597412108,-8.753650036212056
1478630267657,179.10190761505243,2.6414158069835283,42.06148684243285,7.506121260601654,-1.1691185981750487,-8.705317382458597
1478630267690,178.97791648057114,2.4351019129433267,41.13754602663645,7.5152493005614724,-0.7242460021972655,-8.927529224041848
1478630267724,178.92828920882576,2.1801233806832276,39.49991443668501,7.990947315979003,-0.6096235794509761,-10.640580365753173
1478630267757,178.88308394299986,2.0312426959120113,38.48675156533364,8.224382270105183,-0.22909516222304663,-11.04460189590454
1478630267790,178.83283084572096,1.8829684204443797,37.84790840425238,9.776872409112752,-0.15188218608247114,-13.420098855590819
1478630267824,178.77865215595705,1.7324172494591215,37.08808491450693,9.775225810949504,-0.18106150054931638,-13.839533058929442
1478630267857,178.665357448473,1.6745198470540408,37.55021418686569,11.540949827575682,-0.16639701538085935,-16.34910531158447
1478630267891,178.50469673406303,1.6888309615150332,38.56755734449684,12.124386844635008,-0.1454477599876467,-14.567071088409422
1478630267924,178.3339614973503,1.805092340073126,40.373982179316286,11.222371661432087,-0.029628263810742645,-12.387898664855957
1478630267958,178.1890241292197,1.9492248049701437,42.00206328114164,9.89822850576192,-0.28595747448464387,-11.017068576812743
1478630267991,177.89338759710733,2.1126951090185235,44.478004006261116,8.373720306396484,-0.984465795135498,-9.155726277514546
1478630268025,177.78583231909425,2.136405036643931,44.54005728509028,7.717110647229105,-0.9065046035766601,-8.71549273951426
1478630268058,177.7452481858663,2.1396751074598193,44.40463426047758,6.958597743368707,-0.716913759613037,-8.036586712060496
1478630268092,177.61282762904727,2.146518299325209,44.22207418255629,7.184550232785009,-0.2888005752563476,-8.073995966869965
1478630268126,177.56870670047806,2.1610364704406417,44.186058830606314,7.9943889808654784,-0.3749918395885499,-8.186822647039591
1478630268159,177.49218028097602,2.2090965602098955,43.44726180731961,7.126490732928365,-0.14095864100800826,-7.328950538679491
1478630268193,177.46826665986023,2.239073552647869,42.04885361689756,6.81674089314565,-0.43125559230195354,-7.901613812664896
1478630268226,177.46288553441337,2.2486345182455216,41.56005758045309,6.5185132013680755,-0.45998598939094226,-7.204900700301164
1478630268261,177.47419678158516,2.2578334760517658,39.65993210448952,7.234978068719431,-0.43529580303688997,-8.327931418841704
1478630268294,177.5073317208286,2.2758052495236973,38.34419686561836,7.17078339057602,-0.3037643356323242,-8.524105952044575
1478630268328,177.55418603434595,2.312647478991067,37.15248903731283,6.680271325451508,-0.20844520030366256,-8.563909846905618
1478630268362,177.60615968621627,2.36952382274373,36.03217454889221,5.574299905660935,-0.25887303623808544,-7.246200815936177
1478630268396,177.68674979127357,2.459531175520409,34.73515469712713,4.936993753106892,-0.3609259048351319,-7.19966352116689
1478630268430,177.74399183448563,2.5225003574753724,33.854234371778,4.031536466626077,-0.44861353835506595,-6.174047677258402
1478630268464,177.795902393091,2.596116676933587,33.24882961887277,3.6131494342528283,-0.5684732384170406,-5.6298155662536615
1478630268499,177.8594716872987,2.66346807472942,32.491843695187285,3.1576525684081016,-0.6554127044677734,-5.087079685156047
1478630268533,177.92445430939608,2.7278225541346868,31.670600767385668,2.3961472412660716,-0.5180453705165767,-3.908983123016357
1478630268567,177.9977879687675,2.7600773649840638,30.560360555754297,2.221220297949016,-0.4294599410568364,-3.0361469802856442
1478630268601,178.14956088225318,2.7047922224423027,27.644864608795565,2.7130793937683104,-0.2551321326767094,-2.768744582366943
1478630268635,178.35619005621658,2.5144059190497265,23.546528117185197,1.995118170928955,-0.06958148574829101,-3.497180437469482
1478630268670,178.46106747321113,2.3840247492577094,22.266261485832946,3.687818612228683,-0.32995091629028317,-6.668899086761474
1478630268704,178.56336539916686,2.2081621010822676,20.906314279378652,4.159177123437449,-0.618003303527832,-10.52296535532847
1478630268738,178.69147463637316,2.1234174653664897,20.027566804239477,5.837512560272216,-0.7713818473815918,-13.565696244049072
1478630268771,178.82428497268182,2.34425470733119,19.61001754297139,3.5298015081543475,-0.23777417064057663,-9.217676583397807
1478630268805,178.90350287821713,2.453037366110267,19.385471885029688,2.233341309179738,-0.21143793411254883,-6.377704017584025
1478630268838,178.97832131165205,2.4919353584317725,19.350744477615223,2.214786173248291,-0.3883095634902827,-6.908618527984618
1478630268871,179.03666063369036,2.5073510451149903,19.58843168793719,2.7620108171325177,-0.5777508063827641,-8.676287687329202
1478630268904,179.07416357261877,2.543266871579765,19.97140934203901,3.706972467538528,-0.7487865692138671,-10.263793098681791
1478630268938,179.11799131450528,2.7232406805707816,21.295746996860505,4.3258735601563005,-0.5632359314186033,-10.431686124774068
1478630268971,179.13102559237706,2.805951442982744,21.809416276935735,4.306720019940286,-0.5244798057445558,-9.734674385656788
