sep=,
timestamp,gyro-alpha,gyro-beta,gyro-gamma,accel-x,accel-y,accel-z
1478630238788,183.95034173628616,1.8665899433929583,26.067157764339743,4.487781246494968,-0.3167828031636687,-8.800785939905653
1478630238821,183.88728686111284,1.8445982196639508,25.9647091658597,4.400393141627591,-0.31139584971372825,-8.701127547819633
1478630238854,183.84107106152132,1.8032015196616176,25.675056379977885,4.311957217340869,-0.31783025554436606,-8.947730108753172
1478630238888,183.82826212760034,1.787277449451663,25.53635583675808,4.242226172762277,-0.32501287764949954,-8.946982231261627
1478630238921,183.78661823923306,1.7459938290835413,25.27576390834604,4.126107190173655,-0.2747346336530638,-8.825476133965806
1478630238954,183.75978133420213,1.7255512025615778,25.229787983563767,4.122964837027317,-0.29388826234651205,-8.791059688313748
1478630238988,183.71789950577374,1.7089500789645922,25.388323090159485,4.2057144404688005,-0.272190798955725,-8.829516422332555
1478630239021,183.70275646069982,1.7003624117505496,25.495246725019182,4.251503570622997,-0.2534861030523316,-8.804975684069307
1478630239055,183.66061996320929,1.6921768961328778,25.989336227627778,4.429721901901951,-0.2907458666739243,-8.763526392054837
1478630239088,183.64739408275506,1.6996260838491632,26.155087047662658,4.550629131405614,-0.332943659232324,-8.930821132593556
1478630239121,183.6185639144876,1.7198448360805954,26.4849302048599,4.48149671373223,-0.37409400939941406,-8.851363555863966
1478630239154,183.60199632679695,1.7459670371434823,26.636057940113265,4.471321356676565,-0.34057517702407203,-8.9023900883439
1478630239188,183.57037611015022,1.7951328394808268,26.885861815328514,4.612429388693161,-0.3754407615329837,-8.82023919001026
1478630239221,183.56308449217389,1.8246569701454616,26.975208825829945,4.747552181420848,-0.402225897172559,-9.030779134103469
1478630239255,183.5434550890473,1.877480113325188,27.14357967428068,4.725106595655809,-0.42122984545058567,-8.933514326333441
1478630239289,183.51368521242003,1.9596801621711504,27.64306617550678,5.044134058203175,-0.34656067889117403,-9.40412484588623
1478630239323,183.45316463693362,2.1071678570005576,28.691940734600074,4.609735911825485,-0.1031003089904785,-8.086116795437595
1478630239357,183.39241450051958,2.25206495001775,29.83148585044098,4.072237748718261,-0.1268927062545903,-6.22477467880249
1478630239390,183.32731103165236,2.4023865128646875,31.224160799485176,3.933673473767191,-0.31483750004423783,-4.99235937423706
1478630239423,183.26744653350212,2.533882730458975,32.624770006826694,3.110516577093303,-0.34162263111723584,-3.2908301818847656
1478630239455,183.22776439981968,2.595657519349757,33.878866657979415,2.8663083000183103,-0.34506429600371047,-3.308188143920898
1478630239489,183.19213992637128,2.6242849622374425,35.09544655724213,3.224540577288717,-0.23178864822387693,-4.007444666290283
1478630239522,183.14788823388892,2.6789081554503356,36.26577398387972,3.45707726740092,-0.11926117019653319,-3.702931850378215
1478630239555,183.14130314611214,2.6866367169980347,36.812158048455906,3.231723328399658,-0.17028761134492232,-3.1280241767331955
1478630239589,183.17681180683095,2.5912427910913607,37.04668970498228,3.1902740044191478,-0.2569277473892085,-3.9923312683105467
1478630239623,183.18267779384192,2.5342699648443427,37.654261222456554,3.878606689453125,-0.49919105070915537,-4.965873518371581
1478630239657,183.18646822464862,2.4235618491577484,38.498113241204486,5.549460428762995,-0.9935936889648437,-6.629394613238424
1478630239690,183.1905797084693,2.366238535514201,39.21349537376531,6.375609310327097,-0.8948328704833984,-7.505373072582856
1478630239724,183.19664131616523,2.3178275542919087,40.005210867220946,7.485920111028849,-0.6117185241699218,-8.269871663256733
1478630239757,183.21740071028773,2.287164073068519,40.76675838264847,7.704989855194091,-0.3350385993846925,-8.683021233367919
1478630239790,183.26239616126037,2.256191508057193,41.16439886831681,6.701220937037747,-0.17268179473876952,-7.951891645669378
1478630239824,183.31288963282051,2.205485569248858,41.40791185844431,7.0744171756135295,-0.24540565189970656,-8.963891015625
1478630239857,183.4181880991457,2.0631778086998844,40.54745150938922,6.806266553143412,-0.7425017898559569,-8.848969628198445
1478630239891,183.47851182428064,1.9892351728836701,40.13012185625394,7.382371181488037,-0.7628525039672851,-9.419088460131734
1478630239924,183.54599141466161,1.9160256430002287,39.27495231248516,6.767061318295262,-0.501734867140185,-8.795548565264792
1478630239957,183.64482124515055,1.7938259802880618,38.32284040567555,6.275501716879196,-0.335337874592212,-8.554632023211568
1478630239991,183.70861593811364,1.6765966238685188,37.55871242028961,7.4518031757630405,-0.4887164138793945,-9.957933763531594
1478630240025,183.74634679041165,1.5808983396702392,37.04068322006853,7.994089559527486,-0.5808931960617192,-9.810540285436808
1478630240059,183.82041585659096,1.4576338083594382,36.33954739747069,8.136843833514302,-0.5198410354614258,-11.70270807723999
1478630240092,183.89598822510098,1.280113195179796,35.359050371745084,9.349058499963581,-0.4632780212402344,-14.177714043426512
1478630240126,183.91745455071143,1.1671667964967123,34.80333653040223,10.718990470123291,-0.3516483688354492,-15.837045431518554
1478630240160,183.93302695953238,1.109419647910853,34.295029961605835,10.531644190216063,-0.3339911407249514,-15.214852275085448
1478630240193,183.9746755081561,1.1005345354790363,33.69156846029824,8.858695780181884,-0.3003226707458496,-12.86644001394063
1478630240227,184.00892606781852,1.126938896660377,33.389444956486166,7.577648254394531,-0.2843114562767092,-11.821221351678668
1478630240261,184.0435814000011,1.1409439325267232,33.09273587918376,6.571335076849162,-0.5865794067382812,-10.78004290471822
1478630240294,184.068478281436,1.1436650051149098,32.86103375101016,5.909039079141058,-0.7205050621032715,-10.498125513104348
1478630240328,184.0768542247914,1.1537021805682834,32.58394504393377,5.642983456188812,-0.7029974441970698,-10.017189962359517
1478630240362,184.08226759100603,1.152407341904438,32.393516336145666,5.542277659385745,-0.5065233069931157,-9.253290287426859
1478630240396,184.08851576441805,1.1245213679291588,32.103423565568875,5.6976015468873085,-0.21622633058299542,-9.299678017657623
1478630240430,184.10584900900332,1.1137444187164205,32.021903544561276,6.161029132666066,-0.1646013664190308,-9.432406352996825
1478630240465,184.14539095229924,1.087801167300293,31.67188325102944,5.190928497259155,-0.10190320816040038,-8.192359558039112
1478630240499,184.25043278635033,1.0151814475372285,31.2215903429266,5.07735352061452,-0.16998831730027159,-9.142109474768116
1478630240534,184.36958166202842,0.9854313276582769,30.729466150815085,4.9036244304711465,-0.16415245160987396,-9.166051199108734
1478630240568,184.45926174862558,0.9942021979848883,30.502977667738786,4.9244239066967035,-0.06404489440917968,-9.673173330511524
1478630240602,184.54432458732052,1.0129598771227732,30.36872518156938,4.719120981907565,-0.02798223190307617,-8.493729673744971
1478630240636,184.62940290316917,1.038518636172721,30.291258085251904,4.13029735817276,0.027383681488037107,-7.962964901412836
1478630240671,184.77624419973267,1.087226357479939,30.181216547880314,3.3230024128235875,-0.0522235237121582,-6.930465618133544
1478630240704,184.91868825052907,1.1521233399480335,30.057090594551934,3.135954969732463,-0.14933832398566882,-6.538415242413431
1478630240737,184.9671843474375,1.1866920803206058,29.93115507275838,2.7911903690613804,-0.21413141668844618,-5.702838716888428
1478630240771,185.1182794372886,1.269401711730018,29.379949469164636,2.224213342285156,-0.1985691093223635,-4.313753133447468
1478630240805,185.26316247017016,1.3314129093139837,28.533291483864485,1.701978105163574,-0.12000935821533203,-3.1343092483520505
1478630240838,185.30806218642516,1.3465774683040606,28.229769406147174,1.828421880340576,-0.1358709533470217,-3.038241906738281
1478630240871,185.45958565423362,1.32551473529318,26.55007201631052,2.801365579986572,-0.2367266891479492,-3.7147535133361815
1478630240905,185.59430074947696,1.2401299021023249,24.562499962106923,2.993350479479879,-0.35030163953476584,-4.884021456854045
1478630240941,185.71513143545587,1.1433733890776625,22.869853208745052,2.9037176278930157,-0.3043628769142087,-6.772897513635456
1478630240972,185.80592129852175,1.060077829915149,21.894402289327395,4.548983154296875,-0.4918588035583496,-10.605116107531636
1478630241006,185.893440972527,1.0971522997719452,20.801659950196,4.904222971753031,-0.42018239135742186,-13.046752741949259
1478630241038,185.90954355202953,1.2023524607007148,20.92656745284379,4.823119244384765,-0.2721907966724364,-12.192172679138183
1478630241072,185.95353783918875,1.4956736364356342,20.884638401440668,3.0458734975952653,-0.17657237243652343,-7.636306341198831
1478630241105,185.96100142940446,1.6551329266467336,21.104806085646093,2.6960205608092247,-0.3289034576305421,-6.872406227874755
1478630241138,185.96056236533266,1.693977566975915,21.277223564211308,3.002628193576075,-0.469862075805664,-7.476792509460449
1478630241171,185.94527492973864,1.769970951371319,21.830478558227476,3.6209308476599515,-0.5653308670043945,-9.161113313448288
