sep=,
timestamp,gyro-alpha,gyro-beta,gyro-gamma,accel-x,accel-y,accel-z
1478630072233,180.68510464836768,0.35160135067969317,9.350027634711903,1.5210662239517085,-0.04369418029785156,-9.496002224996872
1478630072266,180.67322360313074,0.3753033239316462,9.269180740371716,1.2247837502410635,-0.05312135047636111,-9.32541532017812
1478630072300,180.66747500531324,0.3875936155866429,9.411351509174441,1.7996915152176283,-0.05237316245756228,-9.732279914568574
1478630072333,180.65662983496918,0.408119356199749,9.004078625815906,2.0816086693694813,-0.04264671935482183,-10.286537576061859
1478630072367,180.65448956265544,0.42737532367705855,8.248056736716359,1.3058872949462383,-0.04908113403320312,-9.736769341792177
1478630072400,180.64711369116083,0.4515656582791862,7.729151603126107,1.4999673766205086,-0.04504091873168945,-9.718363813710384
1478630072433,180.6359067521107,0.4745652756317381,6.5163678478610505,0.7706336593627929,-0.08185176697330317,-9.32646314873062
1478630072467,180.6275844131982,0.4816142005765373,6.257345529013148,0.5915174841949716,-0.08140285794372067,-9.179817822122015
1478630072500,180.5899132686549,0.49274648269590815,5.751316005966519,0.8780734679954592,-0.0526724365234375,-9.738564989612362
1478630072534,180.5713013160224,0.4939004594766509,5.548710677156856,0.8074445281540044,-0.06479308242797852,-9.645490008489787
1478630072567,180.52164152884677,0.48454194514297433,5.47939082844445,1.1074678688934072,-0.04144961624145507,-9.645639847022947
1478630072600,180.47935370929667,0.44404792064849435,5.213212777776225,0.6441899207184091,-0.030825346374511717,-9.688586049364552
1478630072633,180.45429639516226,0.4120747787295438,5.052051314234708,0.5584475737640634,-0.033369187921716364,-9.80290898684077
1478630072667,180.43041003254334,0.3857932482774332,5.164489064328363,0.36317042779233305,-0.027533319091796873,-9.805003931559716
1478630072700,180.38609460875992,0.3834533486939282,6.513799162721198,1.131409918602655,-0.04923076935367426,-9.432106822060979
1478630072733,180.36908895845963,0.38439698143234213,7.959970263693573,1.318157665219507,-0.01915361328125,-9.34546712440811
1478630072766,180.34817818406648,0.4000347783523768,9.847647725433681,1.655291106575157,0.010474632263183592,-9.259724704388528
1478630072800,180.32642218574492,0.4236677759424425,11.727078937143952,2.3006780847411603,0.030226800526049917,-8.599673234204202
1478630072833,180.30189451957514,0.45245923119835507,13.630928756590937,2.469619030717481,-0.022146365356445312,-7.2870518817625936
1478630072866,180.28469353408565,0.4720099824368221,15.303598816198344,2.5644893491329857,-0.022445640563964843,-6.004358488464355
1478630072900,180.2760700642096,0.452194909059231,16.474754216424795,2.43475337770991,0.06075286712646484,-4.917840139825642
1478630072934,180.2590341871502,0.40424603002764176,17.72487504751851,2.005592949322611,0.37693711473769503,-4.258985478210449
1478630072967,180.24661162760924,0.3149370172613268,19.292826398323516,2.564040267358348,0.4246715012039058,-3.650708618927002
1478630073001,180.260840971242,0.16973788041152424,18.845641228711084,2.0444984340392054,0.1967734557939577,-3.8308722938537594
1478630073034,180.28930844422376,-0.03236142344401743,17.246187390628084,1.7678185777526347,-0.03740939865665277,-5.605723619787395
1478630073067,180.30030590447652,-0.22880207097287675,15.465247862895412,0.6299743118286133,-0.2235585708839353,-5.999121172332764
1478630073101,180.28869357240754,-0.3876212015684287,15.409490802784411,0.8610147720336914,-0.5072714584792963,-6.2719102317258715
1478630073134,180.26524420660104,-0.6098644699272436,17.58880113885669,3.0618846755317874,-0.7010521918808109,-8.993070348358154
1478630073167,180.25090755575465,-0.7408577797547877,18.540600847824592,3.5968389354430137,-0.5648819907257333,-10.195857553509622
1478630073201,180.24003646953122,-0.8369685837318385,18.928599671560548,4.174290521417185,-0.3444657455886714,-10.364349568408354
1478630073235,180.25544724780053,-0.9665773301444518,18.267807734629585,3.996670831884816,-0.06628945846557617,-11.003750976208597
1478630073268,180.2717852017721,-1.0226575680676975,17.23128889690915,2.957437504809885,0.08918400270766579,-10.907084791918843
1478630073301,180.278802788307,-1.074290330483849,16.33064498463664,2.2572833623139186,0.22999299697875975,-10.60212357465215
1478630073335,180.2686280849523,-1.1085882417068191,16.00979008262329,2.34197817297671,0.26590602644768074,-11.05642312047109
1478630073368,180.261401169806,-1.1267513090480274,16.045641644539028,2.933944624781888,0.15652092896613756,-11.54573852315694
1478630073402,180.2541780247777,-1.1156868955383503,15.293862313905057,3.3997662843566387,0.03681085052490234,-12.567463497106731
1478630073436,180.27504219022,-1.1345488378043151,13.938860530556779,2.5392004251342266,0.19078794165417928,-13.548488211877643
1478630073469,180.27110561536912,-1.1470538762312255,12.52311659085736,1.8607435479537582,0.47270519027709956,-15.920393576812744
1478630073502,180.23213043924534,-1.1247515399166728,12.153574789323784,2.3805846747467294,0.5392939422165043,-16.472705972290036
1478630073536,180.15418397829242,-1.0477652349572113,14.213226334185956,4.166210163879394,0.6675333503723144,-20.357148528289795
1478630073570,180.08738887306401,-0.9229154797141825,16.018772236503324,5.626224263763428,0.46028526916503903,-19.978115893444418
1478630073603,180.025018483147,-0.7913534615522457,17.26626471338947,6.545747338867187,0.3251625129699707,-18.468273056030274
1478630073637,179.98594212525904,-0.6688732942419605,17.479320443060143,5.039046452740579,0.18809447249260264,-15.042619393157958
1478630073671,179.95770879123137,-0.5800255861035086,17.117834568931432,3.204040262106247,0.09472060032582084,-12.720243782806396
1478630073706,179.8889787637967,-0.5204359442668025,16.86616893717841,2.2988826161591334,-0.02693476867675781,-11.681459683636575
1478630073740,179.82745119676073,-0.4786075814852882,17.316272743413293,2.541894011599757,-0.05237316131591797,-10.86743111918345
1478630073774,179.7692949098016,-0.45374621167999835,17.8800644901284,3.2460884652953594,-0.11387420732802711,-10.679635488073528
1478630073808,179.70308812453803,-0.444448479965721,17.963469765538978,3.0044238242715946,-0.05102642744865734,-10.158897138446196
1478630073842,179.6819648796581,-0.4428873550328591,17.955981510840324,2.9827264881741486,-0.042347446430590935,-10.07046102236323
1478630073876,179.6367335123959,-0.42138728554358146,17.952163487453756,3.3741784002441912,-0.03306991499748546,-9.874136595828272
1478630073911,179.63008778771058,-0.43056702951881115,17.93211187486237,2.9071593841110355,0.009127893829345703,-9.85543211455401
1478630073945,179.6231283797552,-0.406315937487898,17.936401686898947,2.6933272300720215,0.0008978256225585938,-9.27723207113298
1478630073979,179.62047646798,-0.3947839806928017,18.072132269858997,2.4717139023711905,0.00718260498046875,-8.89565601258222
1478630074013,179.6197750429262,-0.36736947676082515,18.665707962939194,2.8136359730927274,-0.004638765716552734,-8.838344919940084
1478630074047,179.64243454284068,-0.3117030632728713,19.26757716902814,2.263867234216258,-0.03740939637336414,-6.556221678869426
1478630074080,179.66393578972003,-0.2954448261479583,19.448429370443346,1.9737199935913086,-0.031872809600830075,-5.969792201995849
1478630074114,179.68664254120765,-0.2698872998250382,19.553291851883472,2.09552514918223,-0.04728547822150867,-5.179705946405232
1478630074147,179.71618547717293,-0.25150418514011796,19.11056439667878,1.961300072479248,-0.035464107524487185,-4.077774340057373
1478630074181,179.7860637829034,-0.27180222178820024,17.265889991285487,1.709160783209279,-0.03067570420417469,-2.9940988136291504
1478630074214,179.84731234604868,-0.32232808844978894,15.388900470967354,1.4362217939514665,-0.011372457885742187,-3.137302000427246
1478630074247,179.90971928679022,-0.402488657437045,13.522419589751905,0.8913912055969238,0.13437456817626953,-4.004900827026367
1478630074281,179.9720348683336,-0.5423816999526874,12.628935791845999,1.4435538904052228,0.17462708358764648,-7.174524257604777
1478630074315,179.99487147809802,-0.6249511213227614,13.499277197654932,2.179621318098437,0.16819266662597654,-10.073004825094529
1478630074347,180.00003620363307,-0.6330006306256896,15.341258063462517,3.700388303375244,0.039354685222241094,-12.376825774438679
