sep=;
timestamp;gyro-alpha;gyro-beta;gyro-gamma;accel-x;accel-y;accel-z
1478630009132;180.4315936405707;1.1247841425780984;-1.6024213002418897;-0.3924994346618652;-0.10549451065063475;-9.615263778785895
1478630009165;180.48020773882462;1.167469727628107;-1.458269982576422;-0.44412440795898434;-0.16086042404174802;-9.65027889586729
1478630009199;180.51997483412183;1.2157000937641598;-0.8994398491974581;-0.5011363532577641;-0.18046295241756596;-9.75981351678816
1478630009234;180.58007893286933;1.2974155064335142;-0.7322827900429004;0.28685526814116163;-0.1602618827598635;-10.22069728613589
1478630009268;180.59993448113067;1.3039681302673054;-1.0135892372235686;0.19737199935913086;-0.14335282440185546;-10.09051264393013
1478630009301;180.67619160216023;1.3747755585575543;-0.925831038846911;0.6893804587875493;-0.06838438491821289;-10.072705641218553
1478630009335;180.69588882491763;1.3563822709245075;-0.9894720027743934;0.29029696956025436;-0.04833294601440429;-10.008960040283203
1478630009368;180.72908977039805;1.3930032559001368;-0.9604296695817736;-0.5232827003479004;-0.05686228942871093;-9.478494479226507
1478630009401;180.77244073192713;1.3856326023043035;0.040723618186953484;0.5213374006534024;-0.10654198301010764;-9.900921772567042
1478630009435;180.80284144537322;1.3952692512064244;0.2964522615672865;-0.31483750461081506;-0.1092354507446289;-9.330652709374949
1478630009468;180.83100439066123;1.3790533673557075;0.8907746928259422;0.5189432098388671;-0.17372925796508787;-10.210372474139556
1478630009501;180.85875008590372;1.3677374003667633;1.2044913876111842;0.09920972215957008;-0.2231096660641662;-9.766696803178625
1478630009535;180.89689462736658;1.3662169515417546;1.8880637336747623;0.5603928078140131;-0.28416180497321764;-9.665541821852932
1478630009568;180.91252697521514;1.3687314351752413;2.484377759474213;-0.13123217849731444;-0.2796726859935792;-8.757241338702292
1478630009601;180.91737029069765;1.3902741293137284;3.687347411210551;1.063624087524414;-0.29448680876579597;-8.491934013366699
1478630009635;180.92641035575437;1.4152223623353728;4.43698707361964;1.698835715484619;-0.20844518660393077;-7.572111809185892
1478630009668;180.94450685176463;1.429423097619083;4.531722531947551;1.1763012031555176;-0.12988544006347655;-5.574898857934772
1478630009702;180.9818050347941;1.3602062829476582;4.777061299591219;0.5027823486328125;-0.03396773605346679;-5.51908403173238
1478630009735;180.98150746556507;1.3018616392626996;5.051984516825759;0.17597382202148437;-0.0028431144714355467;-5.991489654541016
1478630009769;180.9781979493221;1.26281240611981;5.57446839317946;0.8655039092796388;0.006434416961669922;-5.400570465032756
1478630009802;180.9715299134072;1.1496619271492592;5.29024369468641;0.9861117905105463;-0.006733692169189453;-5.865794067382812
1478630009836;180.95221828875148;0.9537624076993483;4.13402353705038;0.2609679809570312;-0.016310489676659927;-6.301987682342529
1478630009869;180.92526979150247;0.8076380187040804;3.8727895499329708;-0.1623568000793457;-0.015562310791015624;-6.814047854669392
1478630009902;180.85249153497196;0.6218449204839416;5.213309443894542;0.8798691101074219;-0.14619593430671374;-7.996633544921875
1478630009936;180.79160011111384;0.4917650209147405;5.947178388566863;1.2472294456039554;-0.2353799507141113;-8.341249092511088
1478630009969;180.72038711073648;0.4137794956031781;6.533561637171442;1.229272887487011;-0.3682581519859377;-9.062801690905912
1478630010002;180.6468048229766;0.36843824347914256;7.343727980043869;2.166153952026367;-0.4574421409938717;-10.14632710480634
1478630010036;180.5813435680974;0.24731743911917042;7.1985673565909964;1.8417396636078134;-0.3586813362121582;-10.650456374536082
1478630010070;180.51826683578426;0.1486286137582583;6.7351482648090455;1.4703390580108389;-0.2346317649786011;-10.830171501977741
1478630010104;180.40897846568416;0.05984706821715398;5.851258813452778;0.8197147933959961;-0.2697965961539245;-10.839598378753662
1478630010138;180.32201569933628;-0.00823315402157672;5.399424589940434;0.7285854927062988;-0.2888005749709366;-11.100117593029886
1478630010171;180.23723476794393;-0.06443342459955315;5.038192492844242;0.6115689048324712;-0.1792658550124208;-11.4359043758668
1478630010205;180.13748821799635;-0.12285913063657362;4.4256546507114045;0.20485387954711912;0.010324995801068144;-12.183493698120117
1478630010238;179.95720774629947;-0.20995048671463962;3.268115050623463;0.15816694717407226;0.2522890067888307;-12.674006055505574
1478630010272;179.83566905792512;-0.28911309480129443;2.649785612123404;-0.02259527816772461;0.3425204750061035;-13.660716122436522
1478630010309;179.70289843603058;-0.3859935720295924;2.287855733638102;-0.29718028106689454;0.27249008101311045;-15.78871248550415
1478630010343;179.54830021391146;-0.457753130380147;2.400166465763034;0.14664486995087936;0.20575170516967772;-18.74390552215576
1478630010377;179.3073379983075;-0.4785885563804787;3.9528989271266126;2.0433014793395996;0.22729952011108398;-20.083760626220702
1478630010411;179.1744335955082;-0.44357240174028856;4.907284000120538;2.45809691696167;0.13467384338378904;-19.934722157397864
1478630010445;179.04996194563006;-0.3648047482516042;5.1502226667552895;1.9473837753295897;0.04264671478824457;-17.516128983306885
1478630010480;178.93687897808542;-0.30995073145381113;4.7033398123402765;0.9482535132919437;0.014065934753417967;-14.97094298095703
1478630010514;178.75399335072376;-0.21685048998265857;4.558172099436705;-0.025887305450439452;0.05401917381563107;-12.532149607141315
1478630010547;178.54519943655765;-0.1332587956362312;5.0591762035122665;-0.0909796630859375;0.05416881256103515;-11.351957387896627
1478630010581;178.3864456503284;-0.07170672873079235;5.832199739873793;0.20171148986816406;0.09756372107630013;-11.004349380493164
1478630010614;178.22703398928633;-0.006151177622641635;6.72142390648446;0.9238625838791019;0.050128598187107486;-10.521618251568452
1478630010648;178.0559255428673;0.013863648054703;7.198413605070922;0.7205050255706533;0.048781860252738986;-9.857376928478851
1478630010681;177.80005879894549;0.025495644611104522;8.280103488281405;1.6747440612792968;0.019602525807118215;-10.165929703964107
1478630010715;177.63997555631877;0.03275934946699589;8.570299861709525;1.2105681778838857;-0.018555062866210937;-10.006266636480763
1478630010748;177.47871083847028;0.030786857823579143;9.182359014246131;1.3848959862640127;-0.017956512451171875;-9.989956028073093
1478630010781;177.3381987876091;0.03259947679154723;10.022368042315836;1.5369278099502437;0.011971007729959092;-10.516979631982371
1478630010814;177.1088004125071;0.013612211264753298;10.489653409992362;1.1194389137268066;0.01750759892636488;-10.069413413006439
1478630010848;176.96243796726174;0.017984672907696817;11.184094069009449;1.3983633706023917;0.04833294430193782;-9.857227656201273
1478630010881;176.890778614012;0.02351449882382258;11.676300445312746;1.670254969699122;0.06838438520362397;-10.06821649483945
1478630010915;176.67476278362287;0.05436887341986845;12.363475422761345;1.5887024025848135;0.0143652099609375;-8.277054560498147
1478630010947;176.49290140606345;0.14619128321455135;13.673522215849777;2.286462544350023;-0.0053869537353515625;-6.788309894561767
1478630010981;176.4000425309721;0.2052951781360168;13.33336798238863;1.946485913174413;-0.026336218832540906;-5.399373656463623
1478630011014;176.3223669921084;0.24027228708242748;12.255867732373119;0.5819406410217285;-0.03486556338849186;-3.6200329101562496
1478630011047;176.23601147652874;0.27884788650137576;11.781580837837193;0.2292448089599609;-0.027533321375085504;-2.7856536315917966
1478630011081;176.14352458080708;0.3129370307022283;12.152367676026756;0.8713397666931152;-0.0495300457028381;-2.8598738830566406
1478630011115;176.0099827314068;0.33769330482942245;12.948056392543366;2.818125064672902;-0.08274959487915039;-5.941510694885253
1478630011149;175.97124128892182;0.3488693881785509;12.852695301326174;3.228730649389699;-0.09442132797241211;-6.294356456811726
1478630011184;175.89841842540324;0.3561375029390762;11.873763589471228;2.346317626953125;-0.16385318068352062;-7.7605054061889645
1478630011217;175.85363497994825;0.3615392267003771;11.936203800065323;1.8858827658500987;-0.1406593429676024;-9.873239007667731
1478630011250;175.752873752454;0.4548435863011779;13.825650832383351;2.121262634365819;-0.12764087144050282;-11.00015952758789
1478630011283;175.67071201892867;0.5631583589662207;16.163967680002205;3.1196447266509755;-0.05072715224113781;-10.989834679058939
1478630011317;175.595723209799;0.664687727240566;18.098324940721383;4.079121005425974;-0.046238019561767575;-10.554089830780029
1478630011351;175.52788027586138;0.760146080558035;19.080329421857886;4.102614109216257;-0.06628946303215343;-9.637858527230657
