sep=;
timestamp;gyro-alpha;gyro-beta;gyro-gamma;accel-x;accel-y;accel-z
1478630286090;178.52072115192522;3.1222077727349893;32.49292143364456;5.289988371752412;-0.5798457237022463;-8.300697178594605
1478630286125;178.5157655784174;3.129338595029974;32.458619802573935;5.313631076613837;-0.5726631278549321;-8.315511278533934
1478630286158;178.51382888546036;3.131903645356287;32.326025739123274;5.364807488726126;-0.5389946467447982;-8.38703812619634
1478630286192;178.51424272794338;3.133053119434916;32.21109547289879;5.4312467400590885;-0.5518634689662838;-8.342296555737406
1478630286225;178.51554928318956;3.1597326192930946;32.12359358821843;5.467907733784522;-0.6180033217941411;-8.453028090258687
1478630286258;178.51883157396327;3.2022530710627675;32.04690823333355;5.427206141165085;-0.6215946242843754;-8.41217712489697
1478630286292;178.5253881110525;3.2513890084499115;31.89291496090917;5.243002150472114;-0.6434416779006831;-8.374019472006148
1478630286325;178.53626102386218;3.341599085586086;31.697037524861546;5.140500397604896;-0.6287772201316897;-8.402899552364671
1478630286358;178.54326121215794;3.3844757782493056;31.593367503332104;5.093963524102361;-0.6063315841343021;-8.456619283151067
1478630286392;178.54438764033551;3.4194047033332575;31.54908180552892;5.128529567400627;-0.5808931729434218;-8.4760726008981
1478630286425;178.5408092066268;3.4635381949246073;31.595596723134125;5.105934171643539;-0.5984007665896817;-8.316708180717903
1478630286460;178.53174884611806;3.5421753533292666;31.820415425912948;5.057152493197657;-0.6286275893777957;-7.992294017880223
1478630286493;178.5283730935916;3.5719399630515514;32.04738190580168;5.162647010698158;-0.6192004209117526;-8.093299656146392
1478630286527;178.529801801064;3.5958480591154425;32.23459653297817;5.2064905089393605;-0.6353612701305421;-8.188319452335453
1478630286560;178.53835919508884;3.6060827637105928;32.40545573640578;5.260210713508148;-0.6117185367280094;-8.3913776715043
1478630286594;178.5479402596212;3.588421539280411;32.44465603449884;5.372289368914114;-0.5630862892482662;-8.47936443638457
1478630286628;178.55910778396392;3.5725304166903404;32.39780398070526;5.351639553125202;-0.5690717888320795;-8.41487044650102
1478630286661;178.56989731555575;3.5649913641007482;32.362796677265585;5.247341853897812;-0.5910685382760071;-8.22333428172248
1478630286695;178.57460530192083;3.551542175805584;32.43574429321024;5.334580300041009;-0.5554547897228272;-8.119785521145024
1478630286728;178.5653194030974;3.540375171561336;32.907015592774;5.758504051617533;-0.6265326606418704;-8.363993633823236
1478630286762;178.54155354681794;3.570080836948371;33.627020856411605;5.865644685507379;-0.6839934776527341;-8.01309392793062
1478630286796;178.49284852766937;3.653933420900455;34.94572050054156;5.784989487357903;-0.6498761085620848;-7.073070108386129
1478630286830;178.4510570126661;3.734531568656634;36.31022410052757;5.804742153377691;-0.5677250503982417;-6.620266719409078
1478630286865;178.39975559826675;3.8266089731158743;37.88877777049487;5.093813815716654;-0.41853637771606444;-5.304354070337117
1478630286899;178.33913016991377;3.9560555352893;39.49471709630895;3.8549638019286094;-0.24929628439638762;-3.4265517807558177
1478630286933;178.28716657484267;4.00892950677406;41.27318800544255;2.2472575332641602;-0.005237316131591796;-1.93451494140625
1478630286967;178.2747134108083;3.9299499046595985;42.176286073807056;2.8049568824768065;-0.042048166656494135;-3.1389480140686032
1478630287000;178.23816210752378;3.8607079490852416;43.15028305671396;4.162768791253865;-0.1518822043487802;-4.6122801529482
1478630287034;178.24387152065933;3.7565774123378843;43.2931289454196;4.551077788488566;-0.3601776939834468;-4.422689016723632
1478630287069;178.29874128035297;3.612524668359402;42.7005419455688;3.569605037689209;-0.5134065911002923;-4.572925170898437
1478630287103;178.32251069079462;3.48074620219322;42.636926309385586;5.2494364852353925;-0.8795698348999023;-5.916072302246094
1478630287138;178.33237539222858;3.32757986644883;42.47150760103549;6.103867750692926;-0.9335890098571776;-6.4799070124085985
1478630287171;178.37039732365525;3.1376458628264015;42.077522697496505;7.133972941909916;-0.884208600616455;-7.74404526977539
1478630287204;178.4144243788128;3.0150530924429333;41.52524223308461;7.654711547265574;-0.867598826599121;-8.35980393618159
1478630287237;178.46057965375564;2.938296616150127;40.79777446668499;7.503128946917876;-0.6959644950866699;-8.55448253173828
1478630287271;178.5181278096312;2.8409300566247246;39.853992630149214;6.585401376928761;-0.5487211066867923;-8.258499570697174
1478630287305;178.5688068744627;2.7101007972060107;38.74090901786673;6.172401311990595;-0.3908534255870851;-8.629151988275348
1478630287338;178.59188018391092;2.5999384590949086;37.84176770098894;6.454468290975876;-0.3280056091750972;-8.728959758526459
1478630287371;178.64654121280185;2.4208510872730837;36.36248407696118;5.9088895968009245;-0.39010523985157486;-8.644564150005952
1478630287405;178.6570981614547;2.344861619807875;35.47382886296013;6.035033904974163;-0.5050269218223635;-9.292495193481445
1478630287438;178.67116361947808;2.2474585122915545;34.71658889096761;6.826766904858499;-0.6169558585678226;-10.695197798864543
1478630287471;178.66102128230654;2.1081402104152738;33.79998173259015;7.4372878898069255;-0.6485293929611332;-12.169427763366699
1478630287505;178.64350934554957;2.0214652820571537;33.187028637677976;8.428038756561278;-0.7851485069274902;-13.476212957000731
1478630287538;178.61009407779582;1.9466382650499308;32.745695156567095;9.728838446044922;-0.5373486168350092;-16.01750838165283
1478630287571;178.55304663062645;1.9192573084469584;32.48055100997152;11.07048920135498;-0.5961561951125972;-17.571345259094237
1478630287604;178.46677410420398;1.971186351068732;32.642854913430774;10.901847621917724;-0.47719431838989257;-16.933140879058836
1478630287637;178.30403144852687;2.1816063559356973;33.611262879681746;9.491064293670654;-0.37963059046372655;-14.10304487915039
1478630287671;178.252818313405;2.2532653644150753;34.02493984779578;8.279149340820313;-0.3740940002662595;-12.39897184753418
1478630287704;178.07540673629907;2.380370383540288;35.43617553629277;6.307823329693451;-0.3965396556716005;-10.060435375976562
1478630287738;177.94103040396217;2.4199283321511804;36.40034104076888;6.367678882654011;-0.6206967986618168;-9.999981637927144
1478630287771;177.80321583346307;2.465964733650838;37.38857748015854;6.469282304150238;-0.7917325614929199;-9.261520355633646
1478630287805;177.68802023582907;2.491414570366906;38.08703935585205;6.551583315011673;-0.575506233193213;-8.830114851733297
1478630287838;177.54870196847853;2.5309094406344435;38.64525743347808;6.280290120199509;-0.2932897033691406;-8.12876351250913
1478630287872;177.47288178804854;2.548645607227783;38.66580645828444;6.156540123284282;-0.2651578521286137;-7.555951066710846
1478630287905;177.41142776985063;2.5498814763689204;38.351528099528416;6.379499851492233;-0.29358897857666016;-8.175450627545267
1478630287938;177.36913611901946;2.5251032699925657;37.902865168867095;6.699425230993703;-0.483928010559082;-8.174103889111429
1478630287972;177.34152136453855;2.5217890004881234;37.28390111962049;6.267571216140873;-0.49993922046164513;-8.222586253533885
1478630288005;177.31940068035124;2.534529787001626;36.64210323063576;6.346429867996089;-0.4548983177129761;-8.419659014218114
1478630288038;177.29859046072986;2.5425295806398602;35.678701817435716;6.020220110995508;-0.25827450408935543;-8.504503535549901
1478630288072;177.27883125947972;2.5570900407591464;34.929091468280724;5.965452674954198;-0.2313397171462886;-8.513780957385151
1478630288105;177.26492116957527;2.6463396745661005;34.69629323852797;5.554099196762836;-0.21428104858398436;-8.580070817709528
1478630288138;177.24215359885542;2.766564546097259;34.580288201473316;4.893897684832662;-0.32665887987441383;-7.156268908337503
1478630288171;177.22611610597664;2.8923627562354155;34.617404183344725;3.9829040992736813;-0.3357868011032231;-6.048501435443013
1478630288205;177.2043749407601;3.0373755791047286;34.825232616689846;3.4654571193419397;-0.4358943397521972;-4.8006736038208
1478630288238;177.19376081344592;3.175127234017367;35.02868444885064;2.984073094177246;-0.4596867004836909;-3.897161752319336
1478630288271;177.19128148350217;3.3117788448409584;35.089866301791915;2.3193831505373117;-0.32995091629028317;-2.921075662994385
1478630288304;177.20404346516497;3.4138651790324475;34.6546761900142;2.6197055290222164;-0.33922844772338867;-2.412158172607422
1478630288338;177.3870026571663;3.3660607100965403;31.125984826173635;1.8658315735414623;-0.3060088996887207;-2.7720366096496583
1478630288371;177.41448283636785;3.339953577797362;30.681009256510908;2.29843359375;-0.22490531845092773;-3.4995746391296385
1478630288404;177.4654818125698;3.2946967673890803;30.20773332208019;4.700715593177732;-0.8834604125976562;-7.375936764526367
1478630288438;177.50187581430117;3.241114593908205;29.70965198984503;6.742371150207519;-1.2042834350585936;-10.97816309209615
1478630288471;177.51505397795412;3.320108095602642;29.714175390368492;7.20953989527598;-1.042674822998047;-11.036072844751178
1478630288504;177.54783229539595;3.4806602521556447;29.768246904570535;5.576843927587941;-0.569371070889465;-9.091083124951272
1478630288538;177.60153178022824;3.651195572528871;29.885325435318368;3.5447650493346154;-0.43619365149233486;-5.8077346771240235
1478630288571;177.61953062069435;3.6678462944971453;30.00505509507813;3.3219546573363243;-0.4321533996582031;-6.1685106475278735
1478630288604;177.63303079354802;3.6726781137735696;30.631590027535204;4.213495792797953;-0.6875848212421638;-7.328052658258006
1478630288638;177.6396850609275;3.6501269567270738;31.04316958489184;5.129128107540868;-0.7731774712272453;-8.479065352973295
