sep=;
timestamp;gyro-alpha;gyro-beta;gyro-gamma;accel-x;accel-y;accel-z
1478630243238;184.12049750519057;3.238368992885493;21.436381035575742;3.5309986226841574;-0.7068880218948237;-8.772205208676121
1478630243271;184.12811726863043;3.267032300835352;21.793169281301612;3.684227296038717;-0.5511152946472168;-9.171288780101808
1478630243305;184.1326761717944;3.257978165830001;21.90774081308373;3.553145010873489;-0.5368997085903072;-8.875604865939357
1478630243339;184.16873560585236;3.1971666832615666;22.20856820940031;3.5842694863250477;-0.5928642043625004;-8.660126935721003
1478630243371;184.19385016521022;3.169183848058085;22.19139259705477;3.6562451189345677;-0.6410474945068358;-8.984241638404782
1478630243405;184.20609577543306;3.1526456793417013;22.213117601917553;3.7259763929836685;-0.6597521949768066;-8.964190181234665
1478630243438;184.25263684995255;3.1215284719706125;22.125924986672167;3.69066188053669;-0.6344634490745608;-9.094824035362514
1478630243472;184.29295538865716;3.070073708374856;21.948463474478036;3.907037724569626;-0.6259341056602541;-9.463082134832813
1478630243504;184.3325980080066;2.992119257083916;21.718460859567863;3.703231545710843;-0.5398924812151003;-9.072378317166736
1478630243538;184.37605650100102;2.9009414902775483;21.5498030435575;3.6198833364845715;-0.45400048067397436;-9.23473500536494
1478630243571;184.41212619749032;2.8403963805375376;21.55362723636419;3.634547616157052;-0.5033808853481198;-9.012672810518602
1478630243604;184.46827486137605;2.828344303744037;21.844999182446653;3.7367501771567855;-0.6078279282058588;-9.28426486954633
1478630243638;184.50393084509682;2.8812908518140152;22.171640880273678;3.7665280055060513;-0.6566098235641605;-9.244012372401263
1478630243671;184.5416804665751;2.931211910438437;22.53280796339421;3.7566521417119714;-0.587926145172119;-9.20271275908975
1478630243704;184.59972312115517;2.9465308343723384;22.948363827534127;3.804685617297678;-0.49350481491641834;-8.973168378094746
1478630243738;184.64176314571966;2.9453483509034286;23.140582104179167;3.8048352914340557;-0.5391442726467037;-8.94563504073664
1478630243771;184.68107852923407;2.956343063875902;23.359816116872697;3.9320272043975066;-0.5749076690784423;-8.993070558135297
1478630243804;184.71966219846968;2.9801505634465215;23.566527980692786;4.044405117886327;-0.6400000404136721;-8.980201692531327
1478630243838;184.7623641581738;2.9985128267604115;23.731225144419692;4.056824956799997;-0.6292261146766599;-9.130886490089352
1478630243871;184.82632993928297;3.0470529016825183;23.943077837838032;4.0300400266563985;-0.6435913246375974;-9.028235148709081
1478630243905;184.86880411990188;3.0670547768123293;24.167557389123232;4.002356972350253;-0.6040869972450192;-8.964639447955681
1478630243938;184.8986047151773;3.0818742276612765;24.69529402063582;4.110095930038741;-0.5520131339695071;-8.765620925781828
1478630243972;184.91481249352302;3.1388637549804153;26.230368983032;4.060865382164065;-0.5111620567266479;-7.63421112248525
1478630244006;184.8880803415392;3.2249228498333227;28.010094425524976;4.164414403036423;-0.4985924865943845;-6.8864721626281735
1478630244041;184.84381611729466;3.336368197841671;30.4168970920492;4.569932382290624;-0.5259761726489989;-5.598989927618205
1478630244074;184.80777717876146;3.4747592400522205;32.593440837768775;5.23581962084017;-0.44038344959868114;-5.075408536584675
1478630244108;184.80421625408812;3.5627186791178653;34.32722271477907;3.226935071209818;-0.1240495735168457;-2.520944710540771
1478630244142;184.86644976090466;3.4803239010081035;34.475848975544565;2.8009166671752928;-0.3145382248367183;-2.5112182662963867
1478630244176;185.04779882179426;3.3013880356019323;32.64654103509274;0.7001546402528882;-0.09457096557617187;-3.851222715704143
1478630244209;185.09004513289347;3.2521433399899045;32.88494413672079;2.870946919604391;-0.21218612213134763;-4.6206598587587475
1478630244243;185.13313933122254;3.142483150638474;33.049466027607664;2.1555299744203684;-0.07332242584228515;-5.052663328552246
1478630244276;185.1209340149871;3.030379831217216;34.4635176535627;5.231779467187449;-0.18121113815307616;-7.812878494439646
1478630244310;185.11069678903806;2.959873181688952;34.925235837732856;4.995651547650247;-0.23133973541259764;-6.685957627459615
1478630244343;185.09999114456988;2.8697290774184;35.67350887173432;5.901258179473877;-0.3589806114196777;-7.6161049358977
1478630244377;185.0895641428746;2.7485012102959527;36.127241366131685;5.478083163905422;-0.4409820205633179;-6.952761767224222
1478630244411;185.07333810617786;2.6374309404092844;36.742377863367736;7.267598993273824;-0.6624456535781733;-9.028683805792033
1478630244445;185.07556377191767;2.513921700978785;36.33622989528346;6.202927771316655;-0.694617756652832;-9.436147439221292
1478630244479;185.0687729891737;2.397231228717133;36.07204181232648;6.457162169702351;-0.831236888885498;-9.678410427447409
1478630244513;185.0596871862969;2.1965163693558063;34.858754301769714;5.635651172505389;-0.928950244140625;-9.094674573571979
1478630244547;185.0397243794875;2.018323096390597;33.07493457339736;6.023063188934326;-0.6024409927368164;-10.181941110229491
1478630244581;185.02897193947922;1.8852541703362469;31.71781751693363;5.709423027182184;-0.3125929656705935;-9.261520428698882
1478630244615;185.01127474370026;1.7279961155492627;30.29871855866595;5.506663927957229;-0.03232172241210937;-11.157728216607868
1478630244649;184.97507452209337;1.5597551417725142;28.90366612128997;6.083516634722799;-0.05566518859863281;-10.802039486340433
1478630244684;184.9489119073895;1.3576468498869878;27.67805113251443;6.220285404559225;-0.06868366012573242;-12.885144714410602
1478630244718;184.89643602047104;1.1676910012844495;26.678834868770583;5.95662409286499;-0.014814122772216796;-13.515118441717325
1478630244752;184.8351302690981;0.9371587062280543;26.13334603384024;6.740276369885355;-0.033518823242187495;-15.13644217071533
1478630244786;184.7249802221942;0.7525958156232552;26.438564444938986;7.991545866394042;0.07676409072875977;-17.354969284057617
1478630244821;184.44982472952887;0.6006142495956255;28.52123898779084;9.38482159500122;-0.17328034515380858;-16.31169591064453
1478630244854;184.31274629941757;0.6033172635027931;30.0376532024315;8.26179137878418;-0.2079962692260742;-13.728053044128417
1478630244888;184.18486805250413;0.5886969461054156;31.389184615137328;7.268946170099079;-0.13736732025146484;-12.818406050872802
1478630244921;184.0328998669205;0.4854810424139467;32.20074548117615;5.938966782556101;-0.24136545486450195;-10.559626714380085
1478630244954;183.92267584200485;0.3962798436742758;32.41231421940686;5.413140279476903;-0.2027589530944824;-10.009109824017434
1478630244988;183.8198489487656;0.29115600881500564;32.50248585750394;5.418676852549705;-0.060453589635656675;-10.028413074902444
1478630245021;183.69206867321637;0.12511130253802355;31.74328727166791;5.69041872271113;0.008080430603027343;-9.831340058489888
1478630245054;183.62776385982824;0.017659799660187617;30.647447220017526;5.43408954400327;0.1331774630650252;-9.729885909271239
1478630245088;183.58877612633296;-0.09454069342461954;29.464599157804575;4.9132010727149895;0.06419453201293945;-9.36432109715566
1478630245121;183.5526328581066;-0.203355877411283;28.109280783326682;4.820575441653467;-0.01062427215023199;-9.535806229455769
1478630245154;183.5304865036371;-0.2938603300082377;26.925190794237405;4.196885945715382;-0.05970539933356922;-9.315838477004878
1478630245188;183.48629334578604;-0.3508066170591832;25.308076282511333;4.619462319537252;-0.05342062910881359;-10.137648233386129
1478630245221;183.4578293491955;-0.32581762068466685;24.489827976603618;3.969436605337448;0.12434884872436523;-9.715221497168018
1478630245254;183.4187555360011;-0.2534156125988682;23.853765141006544;3.59683919117134;0.16819266662597654;-8.908375482896435
1478630245288;183.36091561096782;-0.08655915935094718;23.305382658213087;3.0674213125366716;0.14454992180700063;-8.04317069356069
1478630245321;183.3040358550021;0.08291160321654317;23.15853359242579;2.693626432214305;0.011522095489501952;-6.152200440979003
1478630245354;183.25827156431765;0.2728416652871515;23.228216827180336;2.448370472717285;-0.045938743783425884;-5.049820506341755
1478630245388;183.21261997434587;0.47235154389877027;23.34754812752259;2.037764888000488;-0.09352350577478646;-4.067150070190429
1478630245421;183.16077335562585;0.6714054065848267;23.48837814747467;2.065746973773092;-0.15113397979736326;-3.365200070953369
1478630245455;183.11834852871937;0.8421106329254044;23.255029275638783;2.120065570068359;-0.17417817077636719;-2.650231600189209
1478630245488;183.097679529106;0.9646476874458405;22.33320229138592;2.325069087219238;-0.10354922180175781;-2.4446295326232907
1478630245521;183.1003117980431;1.0242144985533987;21.065014366888636;1.9092261863708495;-0.0626981559753418;-3.649361880493164
1478630245554;183.0951559208133;1.0428640716025992;19.49796877274976;2.2750901275634763;-0.1105821891784668;-5.606621737670898
1478630245587;183.0697614817372;1.0315852740392757;18.852504027613506;3.6577415132384745;-0.21532851181030271;-9.169942251730523
1478630245621;183.03633461560253;1.0525271765147495;18.509339012938504;5.278167343548685;-0.43993455505371093;-12.210578396661578
1478630245654;182.9618523710361;1.3035279739231833;19.216402250942597;4.682609388323873;-0.3073556472557131;-10.428094749218598
1478630245688;182.9220595469287;1.4808192043795496;19.723682521243475;4.162020384039357;-0.12360066983872092;-8.391526962048188
1478630245721;182.89724055613715;1.5550915655260493;19.512995613870842;2.8703483691893514;-0.13602059095078148;-6.5589154479980465
1478630245755;182.8751216266994;1.5871963129380227;19.563276648064406;3.019088165592868;-0.3468599563819822;-7.631218516540527
1478630245788;182.85040190738144;1.5761963594490171;19.4117245560533;3.155258585943654;-0.4948515556335449;-8.757989417123236
