sep=;
timestamp;gyro-alpha;gyro-beta;gyro-gamma;accel-x;accel-y;accel-z
1478629989965;176.29652006271326;0.6865584179975637;5.339280846548077;1.1807902947356923;-0.13751696242180186;-9.886407007200736
1478629989997;176.25223970656043;0.6439302315324571;5.451322627968016;1.1421837929656729;-0.08783727340698241;-9.99953263378432
1478629990030;176.18420860152963;0.5510904391809127;5.7435148575455095;0.719457580610644;-0.06419453657951671;-10.596437418774515
1478629990064;176.12661803294662;0.5160722497846219;6.60764330053016;0.6845920737335458;-0.06569091261711436;-10.897358493804932
1478629990097;176.05725451917448;0.5212750532417811;8.119743419601638;1.5626654960632322;-0.13542203140258788;-10.161889780923538
1478629990131;175.99564767976537;0.5240295303042359;9.744338898914142;1.9002479666778818;-0.1524807136646239;-9.019855479431152
1478629990164;175.90319427184082;0.5378568384472596;12.70428364021146;1.649006356899999;-0.0676361991827027;-7.064840186309814
1478629990197;175.8692935240151;0.5558467763583854;14.041914237257336;1.711704622473195;-0.05835866774959722;-6.525247279413044
1478629990230;175.795218814939;0.5807354437962531;16.936693521801697;2.5142110549042;-0.05297171629753429;-5.173720149993896
1478629990264;175.71214576128415;0.5434656890766022;20.266988944476854;2.2991817087035624;-0.0037409400939941405;-3.877409588623047
1478629990298;175.59129430623105;0.46455876868596174;27.083933815378735;2.765003642272949;0.06464344482421874;-3.88803385848999
1478629990331;175.49130769011117;0.46246610817287936;33.35317269469974;6.447435214001312;-0.10235211640510242;-5.816264166668802
1478629990364;175.43376225829923;0.4419868786127478;37.23853567762507;6.3048310525422915;-0.2958335426330566;-4.834042789459228
1478629990397;175.43243210841047;0.3955423909209629;38.22802539747079;4.782268470819294;-0.105344873046875;-4.3583445548459885
1478629990431;175.46529577102;0.29411992585659325;38.952460830358014;4.113687072698772;-0.09023147506713866;-5.631611509759724
1478629990464;175.54883492277108;0.11093352989325421;35.815554497050265;3.5669118530824777;0.08005612143640756;-7.382820313495024
1478629990497;175.54870981870752;-0.03508024569836175;34.40117488748873;3.3833065132692455;-0.015562309649371308;-6.436960508672892
1478629990531;175.52264223097268;-0.11803966532124194;35.489905535537964;7.137713845471293;-0.23642740709056378;-8.991873174462839
1478629990564;175.5162320951921;-0.139908140053062;35.82153614091857;6.585850216674804;-0.19078794251041253;-8.0286562661211
1478629990597;175.5582264401249;-0.1898947347163012;33.93773181035809;5.992836319909617;-0.3939958152660401;-8.303690108766313
1478629990631;175.58133709942067;-0.21716728868609447;32.885050470834834;5.836764445318654;-0.38187515566176733;-8.434772521795704
1478629990664;175.63381753009068;-0.2646136854420504;30.62238525304403;5.001936191152484;-0.09606734161376952;-9.379434568200633
1478629990697;175.64408094080386;-0.26612836616917035;30.34172166227563;5.160402275395113;-0.071676416767505;-9.776123928833007
1478629990731;175.67659150956638;-0.22645906554386738;29.38423983101788;5.871480223260447;-0.06479308699455577;-9.988758963775634
1478629990764;175.726238351026;-0.21905629672968652;28.377480254093847;5.322459855065867;0.15921441268367925;-11.160121833746135
1478629990798;175.75885465680338;-0.17062738518989776;27.314650443559803;5.0174986012665554;0.3708019889665651;-11.626392899322509
1478629990831;175.79064913930586;-0.1313215657741439;25.979092655506257;4.548384494283981;0.3987842071699095;-11.327267329406737
1478629990864;175.81895025894988;-0.1279964133264793;23.943590332828666;4.292803576660156;0.4052186401145998;-12.598588410949706
1478629990898;175.81639507877702;-0.10501759158107196;23.431934438768682;4.7008652490478005;0.047884033203124995;-12.441020306451618
1478629990931;175.82835624279178;-0.11543189399630101;23.36346977159943;6.622661067199707;-0.06449380493717034;-16.512060662078856
1478629990964;175.82635255717423;-0.1008260253280123;23.316463576325678;6.897994258117675;-0.09247603912353515;-16.90590683517456
1478629990997;175.82049699271187;0.0034401422475398833;24.1269386809009;8.635735750579833;-0.20275894763599553;-17.46644929885864
1478629991030;175.8413018921816;0.10666040501544985;24.10527918690367;8.483105394744873;-0.08155249404907226;-16.68848339691162
1478629991064;175.8909033790814;0.20029085307571204;23.111240041977485;6.190657305145264;-0.0579097526550293;-14.025083687591552
1478629991097;175.9843900127169;0.25123553168080665;21.65198606359954;4.0671500336578115;-0.09217676391601562;-12.6536550491333
1478629991131;176.03312014440675;0.2626965648632306;21.253286747336368;3.1718683964936063;-0.38262334368056616;-12.058097386169432
1478629991164;176.06637464364675;0.2740305514226228;21.227473570850755;3.0873229311736297;-0.42901100541267073;-11.003601192474365
1478629991197;176.09968490003;0.25056749487414787;21.853128754768573;3.843441870835889;-0.0992097312927246;-10.866832276507466
1478629991230;176.1098241071832;0.23920439229492008;21.9604049293127;4.623801883111521;-0.04489128341121831;-10.875511549786477
1478629991264;176.16255005801352;0.15774006147899425;20.67406117680809;4.1347861209593715;0.1794154960411135;-10.316465169879049
1478629991297;176.2023069043777;0.08537037449232299;19.416920762038302;3.6400843490600585;0.23014263115758657;-9.948057389422505
1478629991331;176.2466232285958;0.0226649600548822;18.67467523465649;3.0241760450500994;0.13901333560528872;-9.672424996362253
1478629991364;176.27953153022833;-0.04121698130091726;18.42474892865439;3.145681624039402;-0.012719196319580078;-9.903764987503179
1478629991398;176.31485779575846;-0.09739488701954205;18.14865991943125;3.3149218178237785;-0.07137713242683094;-9.898676943649164
1478629991431;176.36054202760985;-0.16294710796899212;17.858420347040223;3.5290533566681668;-0.26590601731452623;-8.619275468035786
1478629991464;176.40486143645842;-0.20470955914236277;17.06328347259026;3.3180641527038066;-0.3295019989124266;-7.5492168174192305
1478629991497;176.49839738735275;-0.29334558861872206;14.743903794700968;2.035969163690135;-0.1990180221336428;-5.50022910913676
1478629991531;176.56762679061742;-0.37826578474089856;12.690126890558215;1.2306195802550761;-0.10115502014160156;-4.2402807777404785
1478629991564;176.60450787676754;-0.4271104754984047;11.638932224782048;0.5578489868164063;-0.07287351303100585;-3.425055112457275
1478629991597;176.6734721380599;-0.5315567596889443;9.928273173255118;-0.21772271347045896;-0.03591302490234375;-2.6701334014892577
1478629991631;176.7542518673323;-0.7081250079746851;8.609022446092688;0.5283704519409687;-0.029927520751953124;-3.094505645751953
1478629991664;176.8134007055628;-0.8536824202747056;7.673751123348367;1.040729570681788;-0.04608838195800781;-4.153490967559814
1478629991698;176.87799026197726;-1.0286639977014094;6.225112031790915;0.5820902786254882;-0.05297171173095703;-5.2265422241210935
1478629991731;176.95955732749894;-1.2919917419142382;5.47920996801285;0.28042086944580075;-0.2769792045593262;-8.022221721295267
1478629991764;177.00166117271718;-1.3248837462073395;6.865285228979059;1.1278186423702397;-0.4715080711807124;-11.295693502752481
1478629991797;177.03472909633993;-1.351073526405881;9.290422080248833;2.718915260314941;-0.4414309128249995;-13.19324795603007
1478629991831;177.08678673030815;-1.2948619004088773;11.066788429959434;4.2131963714599605;-0.17328032688749953;-12.307992184448242
1478629991864;177.16120456472976;-1.2628321108198324;10.696204475952856;3.195810303497314;0.09187747957534156;-9.624540841003187
1478629991897;177.29551469994882;-1.293636168275994;9.21058525337673;1.0262147596497089;0.6856395186935551;-7.858368691308796
1478629991931;177.37219481409886;-1.31556416480643;9.586364503250127;1.0209774069854989;0.7083844161987304;-9.312247174514644
1478629991964;177.43703253712079;-1.3013329023813736;10.935855968130916;2.3053169965881852;0.4616320075988769;-10.872069592639058
