sep=,
timestamp,gyro-alpha,gyro-beta,gyro-gamma,accel-x,accel-y,accel-z
1478630512941,179.0377001686199,-1.239472620255564,10.890659118080254,2.0878934669937004,0.10699088668823241,-9.577255813731183
1478630513884,179.0377001686199,-1.239472620255564,10.890659118080254,2.0878934669937004,0.10699088668823241,-9.577255813731183
1478630542171,179.0377001686199,-1.239472620255564,10.890659118080254,2.0878934669937004,0.10699088668823241,-9.577255813731183
1478630542205,2.2080887833734906,22.644563272818534,-11.089366389291985,-2.1731869924683123,-3.5670611618926746,-8.829666212916653
1478630542238,1.4615004119324067,21.771387755660534,-10.833403801006797,-2.5851391694884747,-3.5296517335532696,-9.552265927477926
1478630542271,0.24327148575424085,22.59895842349862,-10.642410298337596,-1.7543513212784192,-3.1471780092101542,-8.833556872812798
1478630542304,358.42313084921136,23.616155804703066,-9.966345101600771,-1.6528969163314438,-3.4983775382995606,-8.554482422140426
1478630542338,356.93412318716315,25.388931136390017,-9.112706771403122,-1.2928688873512204,-4.2543467718594,-8.702773187001654
1478630542371,355.5393833437394,26.648183971695097,-7.687749456119964,-1.4110825669219718,-4.271555036926269,-8.636334049833122
1478630542404,354.9635256622268,26.6325062758968,-7.316331713661813,-1.1415852653835201,-4.614823608619626,-8.953116925491205
1478630542438,354.1673445785703,26.118500814677212,-7.064826654624213,-0.9410709174446296,-4.726004403012059,-9.02539212556919
1478630542472,353.7952899416851,25.77335945460448,-6.941880918027884,-0.9370306656104977,-4.547486686927732,-8.951321164648235
1478630542506,353.71032924668657,25.2475070877962,-7.251675613557138,-1.2177508102638182,-4.206163312751706,-9.343970309979095
1478630542541,353.7904600269428,24.943196841937066,-8.204552503045091,-1.324592114147218,-4.200327660834207,-8.55837281717509
1478630542575,353.67093797241847,25.126125679236587,-8.186981797886856,-1.3340191781528061,-4.259135252811527,-8.632443887693901
1478630542609,353.68625748499403,25.220893616404272,-8.338643415140485,-1.4459482199295424,-3.9866450941666027,-8.704868579245172
1478630542643,353.51954607484254,25.752096294917973,-8.24257007859731,-1.1363479903511238,-4.390517050646292,-8.410082244110107
1478630542678,353.3470596387144,25.95256693350746,-8.027098989840136,-1.2348095167857958,-4.3052235948119835,-8.644414658532664
1478630542712,353.2721975844982,25.910693738846405,-8.177615084763097,-1.5303437553848138,-4.332307830987498,-8.94488703994751
1478630542748,353.13823813213526,26.018858874153462,-8.115222929177252,-1.245732994217833,-4.325574298648513,-8.973019146916362
1478630542781,352.7021779511271,26.351361969209247,-7.767226595746464,-1.386093123626709,-4.258237308457959,-8.98124921512315
1478630542814,352.2232760932369,26.878916282870428,-7.413778980541132,-1.1727098823989741,-4.607192090827878,-9.280524367843753
1478630542847,351.6216373315615,27.732304952477154,-7.235902610864019,-1.0250175537883537,-4.483890787528222,-8.912265786599553
1478630542881,350.880307184091,28.767694325708515,-7.083257932014421,-0.8212111511672846,-4.864119893016014,-8.667009891034615
1478630542913,350.2136118631119,29.83557798142531,-7.184300377882541,-1.191414637667872,-5.028571592148533,-9.115623691967874
1478630542947,349.84877135288804,31.92219175465237,-8.151892899232717,-0.9006687187637202,-5.414935875923093,-8.5404166700501
1478630542980,349.93369520470725,33.50058579417564,-8.921976561186032,-1.2342109695102785,-5.067926327603124,-8.6556375884125
1478630543013,349.96266365159227,35.41386233097744,-9.765437536169694,-1.5011643861190416,-5.1948191617218775,-8.039729339201468
1478630543046,349.415943524008,37.220282826904096,-10.494408577211809,-1.4064439050950517,-5.8759694061721675,-7.048380342157184
1478630543080,348.82812501304056,37.81383467432621,-10.463239574064731,-1.4344260148421861,-5.858611645065434,-7.315483410069439
1478630543113,348.11037391689354,38.28161607888072,-10.380012287432479,-1.3434464019885985,-6.059425362968322,-7.51569819967302
1478630543146,347.5649149928419,38.5835460374545,-10.414029569192426,-1.3141174727508798,-6.6021607520172365,-7.754220590298436
1478630543184,347.3972243430895,39.01377745604391,-10.595875154263181,-1.4959271339195315,-6.299294168942235,-7.407809838988678
1478630543218,347.11181094741056,39.70795663760563,-10.504000963364582,-1.5273509759101551,-5.9657519136290995,-7.577199487713724
1478630543251,346.394497872945,41.784172830475704,-9.946407370335137,-1.4667478468521498,-6.4968158972366705,-7.2467992521867854
1478630543285,345.83784044021877,43.34194280018999,-9.280733796784332,-1.4344260696411133,-6.457760555720609,-6.8849758231231935
1478630543318,345.2376452920002,44.7549906506702,-8.396640437011646,-1.0661678948222892,-6.933308801103639,-6.655581212162692
1478630543352,344.7411398010211,46.24693943740144,-7.5445899030752415,-1.0712556418487802,-6.971914951247209,-7.178115961953811
1478630543386,343.9437982489424,48.502823572347964,-6.839742618281886,-0.8014590171537478,-7.322366657643998,-6.359298729318892
1478630543420,343.72670242019694,49.548474917941576,-6.727765456477318,-0.6730699599777348,-7.5185413826431144,-6.14337196848765
1478630543453,343.552812549525,50.02299890914867,-6.70445088668177,-0.5997475158691405,-7.5836338179104255,-5.972485496200434
1478630543491,343.58112382134817,49.98198470399413,-7.034889055755126,-0.3522469557831064,-7.584681440966948,-5.902754738174565
1478630543524,343.66075672138646,49.69856188163426,-7.461182710547665,-0.7040449165565427,-7.564779457003809,-5.9320836719788606
1478630543558,343.847915816045,49.20730469754992,-7.9723887771460324,-0.9388263122890377,-7.389703373839915,-6.315305472459632
1478630543592,343.81460873572206,48.29661538581274,-8.651492227873462,-0.8363246039459481,-7.388955386750516,-6.396858069256693
1478630543626,343.7172330533257,47.45529898209205,-9.090692350836955,-1.0532990694612816,-7.18918879985545,-7.126939682272263
1478630543660,343.6395361752081,46.874313571875746,-9.734263945785747,-1.3551181579147464,-6.898293661189358,-6.66022011944314
1478630543695,343.3323425943738,46.289068826729526,-10.01057554464,-1.2547112892593257,-6.798933963499311,-6.573430414293752
1478630543729,342.90902806345,46.01345416135341,-9.639598747622053,-1.4704887321472166,-6.457910321188532,-7.011718818708788
1478630543763,342.5171977420458,46.01024190625844,-9.424225956673197,-1.6365865088531746,-7.345410510696284,-6.726210029277382
1478630543797,341.6216629893917,46.153848854538865,-8.296799739631723,-0.5585972113678231,-6.899341124415677,-6.45641363462368
1478630543830,341.0652252884425,46.15883975936142,-7.596866256429178,-0.5075707154205069,-7.379528012217674,-6.817489254694385
1478630543864,340.7317067671953,45.67202820645085,-8.995293366385999,-0.6575076309204101,-7.197718561111577,-7.600842229107767
1478630543898,342.28699216094896,45.42487793984668,-13.540594477884401,-1.0576385833740234,-7.122899795764312,-6.463895441746432
1478630543933,343.6383716754672,45.30302814316627,-16.53743605887315,-2.296488377966359,-7.2541317550659175,-6.096385724374465
1478630543966,344.2322417432226,44.90525471395594,-18.80477027859283,-2.741360900878906,-6.968174490643828,-6.6907463139077175
1478630543999,344.45513952734143,44.429086799141004,-20.676121465537435,-2.278980577397067,-6.940491492849076,-6.389376006405614
1478630544034,344.71963396405306,44.01591643159495,-22.261220940952054,-2.5350107000931166,-6.9354038691201705,-6.6213146027605045
1478630544067,345.302762281173,43.8167807120339,-24.916521249639246,-3.0771476380500475,-6.664110957435797,-7.015908726412989
1478630544100,345.82942025766494,43.82465214203389,-26.986709075086992,-2.8893524544646962,-6.77618951694364,-6.501155296414159
1478630544134,346.7685559106312,43.903048903765715,-29.757399410447473,-3.224091901939455,-6.821679361044697,-7.294833329419046
1478630544168,348.7534644135243,44.53551251248926,-35.5367291152548,-3.367295143536478,-7.1254435619629914,-3.886237914983928
1478630544202,349.23468173511736,43.66329215851165,-35.925077688046684,-4.525938890252634,-6.687154810488084,-7.295281949969381
1478630544241,349.9739657287926,43.30110133431138,-36.849826673263216,-5.063886075768992,-6.543352936277631,-5.635950502511835
