sep=,
timestamp,gyro-alpha,gyro-beta,gyro-gamma,accel-x,accel-y,accel-z
1478630127201,177.71428866042885,0.27184376214072853,17.507084453774155,3.170222127123922,-0.001496376037597656,-9.358335578163894
1478630127234,177.66894058589133,0.2866428137075934,17.485124006615287,3.0560487541862296,0.012719196319580078,-9.189843596372846
1478630127268,177.64090928215347,0.28101716681050176,17.562535061247804,3.3167174142699687,0.02154781494140625,-9.201066599317919
1478630127301,177.62532915807188,0.2518872342313859,17.596882018725267,3.613598420129344,0.09606734618034679,-9.282768621372897
1478630127335,177.63403602236136,0.22329604734122538,16.562025315296967,2.9970916570358908,0.17612346875839865,-9.59386536398623
1478630127369,177.64020578663957,0.21354429104202455,15.643073834999434,2.06619610578008,0.03306990814761957,-9.065195782968216
1478630127402,177.63624210410305,0.2051993541339088,15.717452969223793,1.4930839372497051,-0.03501520000223195,-8.659827331719919
1478630127436,177.6103085346976,0.19904388942962797,17.122973135030954,2.27045143491216,-0.0665887336730957,-8.95281794254463
1478630127470,177.5727428360224,0.1921847519106749,18.86019881524278,3.530100710296631,-0.11387421646118163,-9.105896882397309
1478630127504,177.53747668815254,0.17406873066396425,20.441842800513413,3.9046437421051783,-0.07302315063476562,-8.36055227033086
1478630127538,177.50987847164552,0.15249351050094512,22.21806913134816,4.085705169589258,-0.04204816551484982,-7.629572649029642
1478630127572,177.50212820952515,0.11675089701523607,23.612780140921835,4.339490618631057,-0.029179332162332136,-5.750722750091552
1478630127606,177.53395658043206,0.04934049320927392,22.224354382827148,2.3808840595521032,-0.02798223190307617,-3.580229307556152
1478630127639,177.57743851107904,-0.0655310496771924,20.657209050024413,1.1397894817076624,-0.02693476867675781,-3.085377751922607
1478630127674,177.61899874304515,-0.2104605817974207,20.695287553645983,1.717989328765869,-0.11537059249877929,-3.641730362701416
1478630127708,177.64737281307137,-0.3010990191193665,20.93394601050467,2.318185684381053,-0.17836803281479513,-4.209305793762207
1478630127742,177.69209541256672,-0.41426573374290104,20.493693235806333,2.083853269958496,-0.1382651367408689,-4.262876055908203
1478630127776,177.73275945702846,-0.5299033191520433,20.143811529783928,2.089389861297607,-0.08289923248291015,-5.026925660705566
1478630127809,177.76936623483883,-0.6415732852808474,20.47534330937717,2.26476498677358,-0.05626373901367187,-6.2813374007627365
1478630127843,177.8110995297037,-0.7769404460505465,21.77474678223775,3.7758057561348655,-0.0579097526550293,-8.781931433724798
1478630127876,177.84639223967534,-0.8499678112732675,22.403774766087004,4.432864446844532,-0.07571663663559593,-9.420585238028131
1478630127910,177.89919007976533,-0.9368110557537795,22.291829349895426,4.7857097703795874,-0.05566518859863281,-10.67424882659912
1478630127945,178.0080359507529,-1.0140895507986623,21.137307140863182,4.422838581262156,0.051026413748925546,-11.301679299163817
1478630127979,178.09187935218375,-1.058835349694712,20.18177620481236,3.612700777169876,0.10474631806525866,-10.956764622497557
1478630128013,178.16507963221315,-1.1211347353119299,19.780975352386932,3.1464298394576646,0.35778351058959956,-11.975497428894043
1478630128048,178.22855603235698,-1.125024673131205,20.547750125086015,4.040215411111526,0.7109282554626465,-12.464962030792236
1478630128083,178.28831344276153,-1.183311546679688,19.985007723814668,3.635894477888476,0.5612906517028808,-12.243648307092487
1478630128115,178.3113674165936,-1.2439411031034677,19.253969444622772,3.748721139791794,0.30750527572631836,-12.86718761743754
1478630128149,178.33474744031443,-1.2955842357664111,18.918660549819183,4.161720962701365,0.11641806485825218,-13.891457015173136
1478630128181,178.35962703408296,-1.3547650106765172,18.601139302415646,4.367323103332519,0.047285482788085934,-15.313463455963134
1478630128215,178.37865270844924,-1.4008289521313178,18.527052328238636,4.135235179901123,0.13287819213867186,-16.737115618133544
1478630128249,178.36744570465746,-1.4046002483173639,20.02469892016302,5.813121630859374,0.2750339157104492,-17.56161881484985
1478630128282,178.36933586049832,-1.3748024856266432,21.137344367140848,7.062595622253418,0.2967313682556152,-17.759290089416503
1478630128316,178.38987966087026,-1.319607775315775,21.312895224441892,6.506392649078369,0.28281508023911156,-16.46567300491333
1478630128349,178.42328600932862,-1.2710942151288598,20.875866863777336,4.9051205051146445,0.2835632636913331,-14.51065771179199
1478630128383,178.45485336584503,-1.222292985802662,20.423770737784547,3.2389060429779812,0.328454531119531,-12.594547903387248
1478630128417,178.4561518599029,-1.184157198377078,20.873282865166818,3.429843415312888,0.32291795804672874,-11.792191656549274
1478630128450,178.44855093564064,-1.1571020720265706,21.415872722788187,3.8552631684676744,0.2500444267494138,-11.448174513244629
1478630128483,178.42416254009277,-1.1099165248231309,21.73807643946308,4.343830072607473,0.08274960401230491,-10.94254905014038
1478630128517,178.41802258263738,-1.091685876646965,21.662172899351496,4.338892104748636,0.02483984222412109,-10.47852298701182
1478630128551,178.40884515793883,-1.0546039620003578,21.356912147419273,4.208408041204884,-0.002992752075195312,-10.06133320159912
1478630128584,178.40602450565893,-1.0128621313939246,20.87266881068555,4.138078367437795,0.015113397979736327,-9.754127164547704
1478630128618,178.42326702616714,-0.9034549887043677,19.839497430907866,2.773533058752492,0.1388637042805727,-9.287856683493219
1478630128651,178.4395778469163,-0.8434703621784866,19.735057778910598,2.243217171832174,0.16789339141845702,-9.0165633790832
1478630128684,178.4482443432679,-0.762514861174169,20.28802460167205,2.2732946224488315,0.13213000026682348,-8.432228682531788
1478630128718,178.46216465757752,-0.6615325165351797,21.17182577307386,2.4260745428223163,0.0794575653131469,-7.514949806158244
1478630128751,178.50622919311724,-0.5020506269857372,22.02539041067628,2.398990063476562,-0.004938040924072265,-6.365882939147949
1478630128785,178.55525390281855,-0.39164343939484786,21.904062442633574,2.2381296394348142,-0.03007715835571289,-5.4056584358215325
1478630128818,178.62001675213662,-0.28154506014464437,21.06093412756536,1.7461213444031773,-0.027383681488037107,-4.462193051855266
1478630128852,178.6928051565606,-0.1775794246820479,19.657880735998653,1.3269862701416015,-0.02543839035587152,-3.5435680946350097
1478630128885,178.8063287144784,-0.04760957269683886,17.142254258449483,1.5334863094605504,0.036062662506103516,-2.5309704299926756
1478630128919,178.90060421907998,0.002987592543946954,15.363664811433281,1.813308555426076,0.11342529936873615,-3.5411738929748533
1478630128952,178.99572612453295,0.026017545758062775,13.119557536657258,1.613242969601415,0.08439560509557487,-4.925172382409871
1478630128986,179.116025142195,0.017638067844555665,11.162614204721315,-0.03561374969482422,-0.0014963761803031956,-8.185476493127643
1478630129020,179.12426660580144,0.08102045887285436,13.652617494748819,0.32411504974365235,-0.04967968330659787,-11.310807485254108
1478630129055,179.10199418204428,0.2958076641525818,18.957842010182762,4.9926586494445795,-0.41838674467888193,-12.766182819421589
1478630129088,179.1265925948061,0.5200901601436703,21.141486826805696,7.456441795349121,-0.2527379036170896,-10.900201608276367
1478630129122,179.20541781605132,0.6514557950051749,18.91697748758148,3.9736265678405758,-0.06284779814567883,-7.803451690728962
1478630129156,179.28700572356132,0.7394118701880066,16.730379406692723,1.0975918235778808,0.11267711563110351,-6.455216296331584
1478630129190,179.33793476803746,0.8341346540933864,17.201523149269164,1.7767968339782207,0.18540100019150413,-7.931241765948385
1478630129224,179.36517228343612,0.9231446189652219,18.893789632618354,4.652083609417826,0.013617021942138671,-10.301351844964548
