sep=,
timestamp,gyro-alpha,gyro-beta,gyro-gamma,accel-x,accel-y,accel-z
1478630002495,178.33110780093403,0.8636254066484859,21.646784847987817,3.754407505731983,-0.17702128068122547,-9.112929949596543
1478630002529,178.3223667688427,0.8575855352793262,21.81253896200621,3.8117186805725094,-0.17118541870117188,-9.014169460550836
1478630002563,178.3159535993931,0.8367481560443459,21.79960203492895,3.844788700601272,-0.13631985417103568,-9.137769666881963
1478630002596,178.3024123680858,0.7918433944065966,21.206572778947343,3.398868650530325,-0.12539630966739496,-9.273940130615234
1478630002630,178.287856360202,0.7652815623699173,21.123426957582637,3.4548331143364774,-0.10085574721737066,-9.257330247000045
1478630002664,178.27169777798525,0.7500496053318495,21.163126493681972,3.561973647761624,-0.14440028991146245,-9.229348407822615
1478630002697,178.25220653173702,0.7409860858790228,21.34847866186647,3.4042553942031226,-0.11162965468807379,-9.03362205677866
1478630002731,178.2281554615684,0.7200800930433388,21.71546574539794,3.6258687962535396,-0.06075286255988758,-9.020304447041358
1478630002764,178.20646270706627,0.6881046062403825,21.923804278148165,4.054131525598094,-0.056712656391528435,-9.405022854171879
1478630002797,178.18785228402723,0.6723701273934799,21.79770211276672,3.7463269381316375,-0.06913257293701172,-9.269301638893317
1478630002831,178.16769658253412,0.6666373990135076,21.710770409329427,3.8000470753434112,-0.1140238533692519,-9.233088799927337
1478630002864,178.14085382473897,0.66293330588095,21.599454730641074,3.6689645298832794,-0.09232640380306402,-9.214234982443415
1478630002898,178.1159011082781,0.6501007977460009,21.519789035825482,3.5229180413840804,-0.05746083984375,-9.077914755525509
1478630002931,178.10657739623176,0.6472590061553931,21.560797944622394,3.4861073552559594,-0.05850829850349109,-9.05053095987304
1478630002964,178.08007867791162,0.6286764286210229,21.769111632288418,3.7804443665877914,-0.06419452744636218,-9.262717310333251
1478630002998,178.05519871011072,0.624356971472682,21.880700724243138,3.7102642938918433,-0.08843582153873285,-8.964489666504738
1478630003031,178.0400197408187,0.6141744091179236,22.00886662882408,3.675249071886201,-0.1011550221394791,-8.98289477210678
1478630003064,178.02519838659381,0.6032028920629066,22.282362947025266,3.8820483908722174,-0.13886370085563976,-9.540444739443995
1478630003097,178.00756947021935,0.5977719361267398,22.49543165388671,4.195239932074025,-0.18914193115234373,-10.167875321606546
1478630003131,177.99426342638253,0.5973521315228534,22.59265311518689,4.082562633779831,-0.1967734489440918,-10.071358921051024
1478630003165,177.94372728525065,0.6299380280420074,23.730369065244496,4.174290722346585,-0.0963666191045777,-9.298031602157465
1478630003198,177.9062872999727,0.6567728247741508,25.05155000560099,4.6954785145081575,-0.06838438491821289,-8.76292742151469
1478630003231,177.87223788210403,0.6935715799527511,26.320896825763157,4.320785740064573,-0.04967968444824218,-7.841160293811186
1478630003265,177.8145299090229,0.7524046499372089,28.262775542617877,3.455132270812988,-0.042048166656494135,-4.813392800140381
1478630003298,177.77871938551144,0.750521056007409,29.659062439037793,2.899527701922506,-0.017357962036132813,-3.7392940803527828
1478630003331,177.7259239899145,0.7135623384649054,31.89745902768773,3.328538858032226,0.10369885940551757,-3.556586566162109
1478630003365,177.66746558595207,0.6503974250407674,34.50535589983778,4.589983930792287,0.1934814125282224,-4.824017070007324
1478630003398,177.59979695441868,0.6098888398244124,37.19600059535005,5.685929959924518,0.03681085052490234,-4.851101184026897
1478630003433,177.5665171091098,0.5446255094542988,38.487979374748605,6.081421900066407,-0.17657237243652343,-4.1786303772524
1478630003466,177.63490821548265,0.41346661581383215,35.48980200035901,3.6803368644714354,-0.07212532372785717,-3.755903854370117
1478630003498,177.7466659943231,0.21570011337059905,31.09810683460692,1.3813047203063964,0.05177461318416753,-5.433939650671184
1478630003532,177.79148494547175,-0.0473188186493665,25.473521714273943,-1.1465230277463794,0.1448492021519196,-4.879532328741252
1478630003567,177.75612753068074,-0.23625479263860666,25.548394943182206,-0.13721768264770506,0.04728548507137457,-4.881327979986369
1478630003600,177.6899137760045,-0.405793568924239,27.63595824167458,4.118775080020167,-0.03725976333618164,-9.348908570098876
1478630003633,177.61075859689987,-0.4802233104709033,30.311985044682146,6.2758009555540974,-0.22041619033813475,-9.919476753234862
1478630003667,177.56458244573994,-0.5591012759660651,31.56383947200573,7.527070452062786,-0.4912602531433105,-8.926331684820353
1478630003701,177.57917769218847,-0.7563285597280476,30.136190232611934,6.079327220208943,-0.26276364133530294,-9.458593152850494
1478630003734,177.58988687337018,-0.8479617231501708,29.45783551763481,5.937919538525492,-0.15143324587172827,-9.632022624151409
1478630003767,177.62034021604586,-0.9346660655319274,28.75940316304772,6.064213676098734,-0.06673837127685546,-10.4008610706605
1478630003800,177.6705877004105,-1.0389140077838646,27.488036846957833,5.681590250219777,-0.06329670639038086,-9.620650531591847
1478630003834,177.74916631934235,-1.135506972251829,26.828060742431653,5.690119374438375,0.08484451219863258,-12.111069390161335
1478630003867,177.80479692626568,-1.1577469723996112,25.87238076380442,5.1328690841674804,0.22909517135620117,-11.318588056127727
1478630003900,177.91957923247213,-1.2459493741810717,24.629999574901646,4.982184163311868,0.404769718170166,-11.792939552307129
1478630003934,177.9759782564382,-1.302349868830319,23.75255673676965,5.109825039318949,0.709880792236328,-13.884125064849853
1478630003967,177.98966307430928,-1.3141282666412057,23.408734910575394,5.09082084444575,0.5780500450576656,-12.757802821350097
1478630004001,178.07980696995193,-1.4434725678822118,23.16218451576815,5.820005106762796,0.5844844620193355,-16.3564375541687
1478630004034,178.0935253805394,-1.4628668264102949,23.101705067933196,6.406584367370605,0.3842693573219236,-17.19425849761963
1478630004068,178.14412349845594,-1.4913023214558756,25.124203743802816,8.745719389343261,0.3098994728198973,-17.398962739562986
1478630004102,178.21354894029454,-1.4143790828257756,26.280894791262828,8.673743701934814,0.12030864255600608,-15.603161856842041
1478630004135,178.3204710278581,-1.376191535139439,26.283641078765182,6.443694493103027,0.04279635467529297,-12.979415820257366
1478630004169,178.43817387036452,-1.3795384130773676,26.28941730727038,5.819705539294332,0.09786300199204125,-12.840701761572062
1478630004202,178.56249137694076,-1.3446927324723625,26.454011472215456,5.902754555511474,0.13437456817626953,-12.424260310308634
1478630004236,178.70019645558196,-1.297445979819205,26.34705077144494,5.18539202921763,0.14110826034545898,-11.184662985284627
1478630004269,178.83565416601013,-1.2554465633041145,26.240190252924993,4.6194625204666515,0.1663970108142821,-10.846182725580036
1478630004302,178.95543525590978,-1.1920287917099992,26.407152973991604,4.5494319575103,0.16684593275871593,-10.55154584538564
1478630004345,179.10455190131344,-1.0948639346488958,26.312619951872147,4.596717568162549,0.09576805727309547,-10.177451835986226
1478630004379,179.1947748702849,-1.0365452833155768,26.056266919300096,4.495412946949806,0.07272388456040062,-10.169820756585896
1478630004414,179.32151502002097,-0.9316403682584516,25.830835301555013,4.205864220207277,0.052971702597802504,-10.024522204943747
1478630004447,179.42349322368833,-0.7728140423238611,26.059269867853608,4.119373666967824,0.060303954315185544,-9.23338848612681
1478630004481,179.49297866246062,-0.6729632897709382,26.156895069979342,4.014776762744039,0.11507131494553745,-8.668805587945505
1478630004514,179.5620349920654,-0.5685145643126835,26.090501211944126,3.355174424566701,0.11177929229183355,-6.964433208056539
1478630004547,179.63790531006742,-0.4728047252113175,26.030974095565703,3.0199861190795896,0.023942016601562498,-5.833771327917278
1478630004581,179.7602277903385,-0.34833023997089246,24.862837687782136,2.2812251231871543,-0.029328965770336796,-4.487481806890666
1478630004614,179.8008880146787,-0.31188420019723995,24.186796145529073,1.824980069323629,-0.033818098449707026,-3.388693174743652
1478630004647,179.91772035664624,-0.23467909449447077,22.19618578649349,1.2132616912841796,-0.024091654205322263,-2.439392216491699
1478630004681,180.0159935031244,-0.18267087214782735,20.216890460197117,1.6093525745667516,-0.037259761052893005,-2.2290017456054687
1478630004714,180.04829397904928,-0.17304953945147178,19.473938309896187,1.7398364189147948,-0.038756139373779294,-2.3885154312133787
1478630004748,180.13892688937844,-0.15384811094014683,17.15790403664864,1.9909283180236814,-0.22206219484633766,-4.057573263549805
1478630004781,180.17062642323089,-0.1434020947051513,16.49918197155699,1.8306662982665,-0.33473932189388433,-5.0046293654844165
1478630004814,180.24087267141613,-0.1785864476575756,17.296294795979914,2.080112402929738,-0.23148937758293467,-13.245022859191893
1478630004848,180.17756363527997,-0.011479507984487219,21.996987724045365,7.36127227935791,-0.15397709640938192,-15.829114638519286
1478630004883,180.14884128901676,0.32226225504797007,25.575863821206234,9.610475101470946,-0.1710357810974121,-13.044508470153808
1478630004914,180.19022787224074,0.5198216276415434,23.825811450323368,4.400093848153762,0.1250970458763186,-6.896946941021829
1478630004948,180.25253038819233,0.6508328038520352,21.802272369658162,2.763956032916158,0.0008978256225585938,-5.608267751312256
1478630004981,180.30439043830762,0.7622184809696969,21.0781493532989,1.5554828910827636,-0.01092354507446289,-6.348225701904297
1478630005014,180.32365214447307,0.8713533326036055,22.00463519402074,3.1015384669981896,-0.06150105514526367,-8.87784966745777
