sep=;
timestamp;gyro-alpha;gyro-beta;gyro-gamma;accel-x;accel-y;accel-z
1478629972647;175.89007926692943;0.9721268364522487;10.362045298498884;1.961898641160596;-0.1894412086431519;-9.865307794543355
1478629972681;175.8912684906778;0.9433112925516746;10.77639513840289;1.9695302046181167;-0.12434884415778796;-9.447519476981926
1478629972714;175.8892204787014;0.9009470127147733;11.260322138573919;2.1134814607040022;-0.08215103989753406;-9.236680148083343
1478629972747;175.89060691765698;0.8374495652271116;11.606405074157196;2.2595277437072245;-0.053420624542236325;-9.557054536294215
1478629972781;175.89375750835654;0.7496822061029877;11.956554346630405;1.7151462508270516;-0.05357026214599609;-9.19044242078252
1478629972814;175.88199932098684;0.67541858249956;13.524949082964286;2.031929039720166;-0.15322890625;-9.56932486090171
1478629972847;175.86239065823813;0.6467345278146227;14.839661067180584;2.3707085198333484;-0.22954408416748046;-9.174730289724655
1478629972880;175.84610332123677;0.6299870821826535;16.493398858407073;2.664746447753906;-0.2488473350524902;-8.393322686358541
1478629972914;175.8367595795478;0.61801078871037;17.328502897658637;3.120991629481595;-0.25917232971191406;-8.379107479327544
1478629972947;175.83519394107617;0.5764670705877045;19.01041339473454;3.3960253259963356;-0.19961656341552733;-6.684012777002155
1478629972980;175.855801603162;0.540286560070887;19.264847307682587;2.917783708776906;-0.07915828782233875;-5.2832545836851
1478629973014;175.88577639122082;0.47179984638450573;19.441171681251923;1.7215806312561035;0.020500351715087888;-4.449174580328166
1478629973047;175.90153129646927;0.39283548450793065;20.33637012326174;1.1791443176269532;0.10295066225356422;-4.125359098052979
1478629973081;175.9011229588482;0.3072462511638167;22.362527140654386;1.921047557067871;0.12943652268562;-4.549431774847209
1478629973114;175.89834956473317;0.1914024387376617;24.295715640897633;2.92167428647466;0.12090718155460199;-5.583727476556599
1478629973147;175.9041316871318;0.0422024520598907;24.983241107366847;3.080290000329539;0.11537059421124576;-6.013935587365925
1478629973180;175.91738025708935;-0.13622681486502092;24.94236056188329;3.3101335789002477;0.042646717071533204;-6.454318909100443
1478629973214;175.9333405820423;-0.310892011299267;24.92876025201968;3.765630298614502;-0.055964459239575076;-6.932859965924173
1478629973248;175.962819585869;-0.5784859172629395;25.4060518561777;4.248062070133304;-0.2379237808448728;-8.174552801922708
1478629973281;175.9790110265891;-0.7845407153852334;26.830880654195326;5.3782747543334954;-0.2947860702735837;-9.503633633190766
1478629973314;176.00130751370278;-0.9121956916137828;27.211555653114523;5.7962124355040485;-0.33952774119721724;-9.7634048786439
1478629973347;176.03917314440636;-1.054416730054224;26.37734633632498;5.296572549615427;-0.2964321113144047;-9.74484981577769
1478629973380;176.0908122547333;-1.1975074057325674;25.040938368286167;4.636670826632716;-0.11881227565156295;-9.871892214434967
1478629973414;176.14056934145881;-1.3268939850666561;23.645753457238516;3.9622540734222156;-0.027234043884277342;-9.556605673715286
1478629973447;176.22370627548406;-1.5444014049331698;22.155040875678818;3.273472329446487;0.22505496062126476;-9.800215802234039
1478629973481;176.253453707637;-1.6772973044800075;21.70609538426023;3.2806548613617195;0.30376433791561286;-10.703428159332274
1478629973514;176.27986622377563;-1.8029625114897438;21.40273215956517;3.977966058349609;0.08693944778442382;-10.401609404809772
1478629973547;176.32516853535168;-1.958506463462389;20.671060028699742;3.5577837583237324;0.25632922437363304;-12.001982992498576
1478629973581;176.33424568244962;-2.1468651897831212;18.537386138670367;2.585288989755325;0.28850129091567356;-9.392602978725591
1478629973614;176.35834956370124;-2.342632640683892;17.66111615433553;2.1525370031494644;0.6162076705490238;-11.901277177429199
1478629973647;176.32093356622366;-2.47938509636179;17.044562183523567;2.8241104774917476;0.5508160285728517;-12.602478696386516
1478629973681;176.30618089530373;-2.6393825458555367;16.99718562525129;3.3771711888520044;0.5819406410217285;-13.108703002166747
1478629973714;176.28137252914948;-2.7813936650049333;17.138708503892598;4.094533678613231;0.7369651802505366;-15.878943960571288
1478629973748;176.23459819971896;-2.9295263265916267;17.5154876962486;5.037549930572509;0.669628258558642;-16.992995920562745
1478629973781;176.20127807249;-2.9864883611380875;18.39490501433385;6.3806970619201655;0.7188590667282231;-18.442685025787352
1478629973815;176.18325439005486;-2.9575085123743308;19.35971389097349;7.039701068878173;0.6271311882240231;-17.79355710067749
1478629973848;176.1979871466703;-2.8985660291018758;19.593156855079418;6.092046124267577;0.7240963463271968;-16.11447354888916
1478629973883;176.22199290339836;-2.848381470278483;18.99554231144506;4.345176884106547;0.8246528343200683;-14.164545934295653
1478629973916;176.2466617136173;-2.7982708920234955;18.604634956322975;3.127874706094917;0.7673416320800781;-13.124564588165283
1478629973949;176.25844006568633;-2.724646423264416;18.78628937757952;3.362356901683006;0.5475240012901369;-12.859855959375201
1478629973982;176.26810310656526;-2.5735336861803493;18.911618099220156;3.4151789575438944;0.42901101340418096;-11.768249055425821
1478629974015;176.2769293663618;-2.4621692024696777;18.882145518320126;3.7523125518798826;0.41135377730217293;-11.058667830657958
1478629974049;176.29388210149298;-2.3520198822538267;18.363720633058822;3.8262335281372066;0.4433762336399173;-10.802937458093464
1478629974083;176.33451444260385;-2.1848321306753427;16.903121710089525;2.6132711303268557;0.31663315585593227;-9.789292037963866
1478629974118;176.35293725787844;-2.034708926367544;16.365421889220904;2.600252567468211;0.205901351906592;-9.673771734796091
1478629974151;176.3787358276854;-1.8653684535186643;16.053478961590866;2.704999071050671;0.1521814247573726;-9.440187670505827
1478629974185;176.41039493728707;-1.7584537889011214;15.75529976457109;2.6066871533932394;0.17013796460800804;-9.134777104319724
1478629974218;176.44931753300673;-1.6522373904489829;15.105370456555136;2.728043190676905;0.25992050859755833;-8.925434224523976
1478629974252;176.5227610657125;-1.4973092896097417;13.432108993675845;1.8664298682281746;0.3155857017627684;-6.580313917596638
1478629974286;176.58468482733858;-1.4032446008936048;12.355472752662163;1.6320973076751455;0.24031798951543867;-5.481225717981159
1478629974319;176.65691553440737;-1.3255978258363725;11.110005507805749;1.0236707742553204;0.18061258317145984;-4.32886623916626
1478629974353;176.7666777239019;-1.2337096342381957;9.439514839802534;0.7009025360107421;0.06599019239121116;-3.135356711578369
1478629974386;176.83734722611425;-1.2119341073525502;8.193532191019228;0.7939771255493163;0.0326209976196289;-2.920177837371826
1478629974420;176.90553707848568;-1.2205536545112512;6.468784998873206;1.0465654280952643;-0.025438392639160156;-3.1310172210693357
1478629974454;176.96446775069626;-1.2645653149343037;4.7786149213998135;0.6593032638992182;-0.05551555099487304;-3.3533787002563473
1478629974488;177.02400394957758;-1.3233362146189556;3.874433885008501;0.728435855102539;-0.21083938369750976;-5.07855092626363
1478629974521;177.10022247486486;-1.4053416426960783;3.7797166220457217;0.2753331543853506;-0.533158800462354;-9.450662213720753
1478629974555;177.11584466094675;-1.4142834724100992;4.3029498179846986;0.3372831588745117;-0.4993406837463379;-10.946140279565379
