sep=,
timestamp,gyro-alpha,gyro-beta,gyro-gamma,accel-x,accel-y,accel-z
1478630271888,179.40690885826257,3.0151486484320986,26.674261869665855,4.49271947008213,-0.5707178116065915,-8.754099074033387
1478630271921,179.40615669172982,3.0020719373065528,26.58499444216372,4.460697032010695,-0.5568015190235106,-8.734796056614641
1478630271954,179.4067328294907,2.989586340371313,26.501233881324115,4.412663397736428,-0.5397428344781859,-8.774599559891683
1478630271987,179.40870277112617,2.968325815665354,26.461029326412294,4.51486584457173,-0.4869207489345455,-8.913313660817826
1478630272021,179.41261824125692,2.9411716977643207,26.39749611343759,4.351760679233306,-0.4659714912580442,-8.853009487306931
1478630272054,179.41186598606438,2.9166649627919594,26.39592267606352,4.3435306912270315,-0.4584896133533446,-8.746018600618699
1478630272087,179.41204400605005,2.8982196409574352,26.431048374070457,4.393509820987796,-0.49290624908918107,-8.733149871726637
1478630272121,179.41285736516647,2.8859417523229873,26.50260389748334,4.37510429383359,-0.5051765560011903,-8.688857095347974
1478630272154,179.41359698147016,2.8564669857548637,26.650227146818178,4.356698769533494,-0.4878185711321712,-8.72357319980004
1478630272188,179.4118518313242,2.831794786079633,26.788090179663417,4.466083885281346,-0.47061027980748327,-8.8341553501626
1478630272221,179.40994675741206,2.8180132594873917,26.954978662764145,4.523394996189792,-0.49844284214075885,-8.851064180191745
1478630272254,179.40840162532282,2.810622831192441,27.132389711487694,4.586392445638962,-0.4938040764242061,-8.876203617283794
1478630272288,179.40727082773105,2.800912216585477,27.34469689262763,4.615871117511717,-0.47165772933406985,-8.79899052241221
1478630272321,179.40763563171345,2.801886007840106,27.442279241561256,4.66270766008906,-0.5072714858787599,-8.81290649990146
1478630272354,179.40870139952284,2.8113965246959283,27.49312851829376,4.607042571955128,-0.48871641787514963,-8.68990470770158
1478630272387,179.41293586550256,2.8222549331937334,27.53902719966353,4.600308852386474,-0.47749359530987856,-8.806771266815764
1478630272422,179.41123934125943,2.8381071844201666,27.647458952027538,4.621707111922512,-0.4459200409377925,-8.70860949650628
1478630272456,179.40437213163605,2.853181800968189,27.773191372025714,4.682609580120118,-0.47180735666303075,-8.572439108121534
1478630272490,179.39464902287244,2.8760963788781337,27.949080931774187,4.800823113560397,-0.5205892326133791,-8.70352137958703
1478630272522,179.3814151012369,2.9124293222373145,28.198093706236197,4.907963656118699,-0.5633855598892085,-8.691401039643166
1478630272555,179.34042185048122,3.0083922377616936,29.034431091999053,5.105934278958104,-0.7384615928207524,-8.74422326903399
1478630272589,179.28734249556084,3.1185260589166823,30.23402873788655,5.038746784807415,-0.7770680763244628,-8.403198950869776
1478630272623,179.21798394393292,3.2517849647617987,32.11593049302491,4.961982940673828,-0.8037035880600102,-7.015011010388284
1478630272656,179.06090405327637,3.501850814626604,36.4412692882919,4.489427241870016,-0.32980129695283245,-5.0388966690063475
1478630272689,178.94893814054035,3.6919320355522203,39.37959405012353,4.377947519329935,-0.1310825774261728,-3.7159506141662595
1478630272722,178.86968865975385,3.8229100055281435,41.50204190103091,2.2296002960205077,0.021996727752685546,-1.209071838378906
1478630272756,178.81558345135454,3.8282284217748526,43.399519888153115,2.313845974676311,0.10908581314086914,-1.71095636138916
1478630272790,178.77102899811115,3.7646331349140114,45.05350909686262,3.3141739403322337,-0.015562310791015624,-3.642328913116455
1478630272823,178.7019511695006,3.750367967552727,46.93135478494782,5.404012568310648,-0.4670189978668466,-4.54673873637095
1478630272857,178.7580812373143,3.6480824501395652,46.16183452289478,4.900332101794332,-0.7127239249740727,-4.496161372430622
1478630272890,178.80777934733882,3.5216540013020983,45.51374371874542,4.350114486639201,-0.8873509902954101,-4.144063798522949
1478630272924,178.78078892312348,3.460889780106869,46.34908044364191,5.936722072369232,-0.8731354179382323,-5.375132656915485
1478630272957,178.75145096377992,3.3993068621283706,46.98481914191198,7.015160711924126,-1.0099041877746582,-6.036081660461425
1478630272990,178.7568026135822,3.318955177019133,47.157184497565886,7.381024570918362,-1.1566986770629881,-6.813598521733004
1478630273024,178.76743280606817,3.2335997449482528,47.114654821380604,8.06352155380249,-1.1743559508392587,-7.2541317550659175
1478630273058,178.78345300652734,3.178660222318618,46.89083703092533,8.280795573657379,-0.9394248764038086,-7.664886977386474
1478630273091,178.82054141689733,3.0629664525193934,45.8333723168732,7.995286587292328,-0.7374140930618159,-7.262660806219279
1478630273125,178.91395260030492,2.8679454457605393,43.75419399108569,7.678653709997609,-0.6385036552429199,-8.31431432383433
1478630273159,178.9417303070958,2.8120944232270353,42.914367516621404,7.628824168749898,-0.6437409896408207,-8.870816426086424
1478630273192,179.04644552571378,2.5925288774825233,39.999360975720506,6.178686589105427,-0.6482301177536137,-8.821735438183694
1478630273226,179.09984361018124,2.403264110502162,37.79245681882111,6.353912040445022,-0.6054337265457026,-9.748141843060404
1478630273259,179.12882830472952,2.197344379916309,35.65049605990488,7.12140349279195,-0.4849754555190913,-10.53478657989502
1478630273293,179.18258416992052,1.8777284665791873,32.61614387832572,7.692420296478271,-0.4153939789039548,-13.244873221588135
1478630273327,179.1863578536272,1.7717081015384764,31.832097185409864,7.646181984655558,-0.464774397277832,-13.262231183624268
1478630273360,179.1196507080938,1.4739147423349257,30.617091882559393,9.047837711334228,-0.30630817032966295,-16.895881115722656
1478630273394,178.9811731079899,1.418192937584284,31.462461386982817,10.863989308166504,-0.12719196319580078,-16.884059745025635
1478630273428,178.74624015138065,1.519650185167919,34.10596816120286,10.702679971313476,0.17432780838012693,-15.139285285186766
1478630273462,178.67155730655276,1.5704051558748382,34.92495812766247,9.567379471588135,0.15667058940278367,-13.414412626647948
1478630273496,178.41975640788448,1.676771001090991,37.33787909482723,7.668179004669189,-0.08768763580322265,-11.85264466394633
1478630273530,178.24435036284072,1.7192117170503276,38.54010168312417,8.046911633654684,-0.4542997650146484,-10.011503879547119
1478630273564,178.06119736726893,1.797825894406394,39.35425900904224,7.376086475195363,-0.4879682441269047,-11.13662931447774
1478630273598,177.83000613737875,1.9138114223946325,40.000989743886784,6.766762079620361,-0.3612251663429197,-8.682422756018116
1478630273633,177.6978394189727,1.983231356611721,39.9321414036,6.59363140860293,-0.11552021183623,-8.251765440136566
1478630273667,177.58737190440547,2.044153072687822,39.46421803589363,6.4918778197799805,-0.1298854217971675,-8.614636921514943
1478630273701,177.48366103060786,2.0881514011346103,38.687763872163565,6.3320650233613325,-0.27398645248413084,-8.124723187609762
1478630273735,177.36060240344523,2.163842739919574,37.507313380871466,6.289717435366846,-0.5407902999877929,-8.595483527429401
1478630273770,177.28669945701586,2.22361785264282,36.698853688055046,5.7014917592588805,-0.49574937212294895,-8.0891097667085
1478630273805,177.16123198993603,2.325779891482171,36.15076402479396,5.638644029611861,-0.4091092246622196,-7.868843177441507
1478630273839,177.08401635503495,2.4004370005681537,35.99053090202718,5.574150651649664,-0.37184945447617207,-7.958176797203335
1478630273873,176.9689394133912,2.534402397491057,36.21853540939258,4.8924016741212455,-0.4688146239957888,-7.292289526687748
1478630273906,176.89458308531658,2.636589477341211,36.54137920992284,4.368071145220846,-0.4932055374256102,-6.396259226580709
1478630273941,176.81709259159877,2.744393771901785,37.11700192802195,3.9665933082029223,-0.4828805347746762,-5.625775058691203
1478630273974,176.74526221016043,2.8570167313253876,37.71889352552231,3.305195391845703,-0.4866214921360406,-4.46563530126363
1478630274008,176.67905826363182,2.961471095869505,38.33259432791483,2.961327886144817,-0.5262754387233639,-3.521272383935749
1478630274042,176.62680071742952,3.047025045516121,38.76962375349495,2.6484356566831466,-0.4680664336937014,-2.902370962524414
1478630274075,176.6003036967678,3.099416899346319,38.64557795788721,3.563170912988484,-0.5262754544209732,-3.0277672744750976
1478630274109,176.6843129720417,3.0338909184664784,35.91431490762724,2.8624180145815012,-0.3441664886474609,-2.9349919601440426
1478630274143,176.78031157786586,2.8953068862471714,33.07923471727835,3.1257797588072713,-0.6802525284255855,-4.7252565437868235
1478630274176,176.78160605934323,2.858147780214257,32.933857382025714,3.37717107925415,-0.6848912941421381,-5.28624762802124
1478630274210,176.7789612327032,2.783816026922251,32.61549896191803,6.616675416918843,-1.1215338767120615,-9.393201008550822
1478630274243,176.77817281895204,2.816467836463087,32.3042240624247,7.701099277496337,-0.7618050407409668,-10.765378127288818
1478630274276,176.78782556254436,2.951296739711042,32.5006405599864,6.695833563177287,-0.41135376360244114,-10.159644815008342
1478630274310,176.7901379424308,3.059365530103726,32.53811731425121,4.913649958126806,-0.37184944534301756,-6.8192847324095665
1478630274344,176.79907730957527,3.091093566465053,32.444890326391636,4.048744644927979,-0.2893991074050776,-6.8128506077088415
1478630274378,176.80272527904236,3.0746065442116413,32.33116356051698,4.254346785559132,-0.6251859085083007,-7.297825935363769
1478630274412,176.7824669820443,3.032803487572689,32.48736125854906,5.463867463684082,-1.1245265922546386,-8.504802993420512
1478630274445,176.7595884224978,3.0251394457640397,32.705305987720756,6.219088669055328,-1.135749412536621,-9.431957513250783
1478630274479,176.7369379840597,3.056903418528648,33.145103033371825,5.92490110353101,-0.7704840217590332,-8.412027733888383
1478630274513,176.69538734853563,3.138650288143653,33.794016822494314,5.721094522813428,-0.4842272720668697,-8.400505382670556
