sep=;
timestamp;gyro-alpha;gyro-beta;gyro-gamma;accel-x;accel-y;accel-z
1478629942965;174.86339888132628;0.2693426450879673;12.258897373424462;1.9690812461410647;-0.04144961624145507;-9.178620830889791
1478629942998;174.94054233143572;0.3002877323870924;13.066133793700118;2.2978351072670424;-0.039354689788818356;-10.630554354040324
1478629943032;174.9733324224592;0.3483602664490725;13.83098086352281;2.375197682195471;-0.043544541552447476;-10.565911128411814
1478629943064;174.9924152912807;0.4188684505465262;14.967973255476469;2.4393921525596176;-0.053270985796832246;-9.407716276240627
1478629943097;175.0110536734378;0.5208770017600672;17.426737739955627;2.587832829019241;-0.03755904311027843;-8.255057905810698
1478629943131;175.0157483201484;0.5800345332881709;19.366448382338305;3.1018379979340356;-0.04608838195800781;-7.707084927777201
1478629943164;175.01966963283567;0.6387200619936498;21.376403075873682;3.169923034579493;-0.035464112091064454;-6.792200764520466
1478629943197;175.0269995272544;0.6928838241811907;23.401354334129127;3.4210147875579073;-0.04159925384521484;-6.00151537399292
1478629943231;175.0392298625496;0.7248709110923517;25.011377491647664;4.0081928817085455;-0.051475335693359374;-5.273977636773884
1478629943264;175.10143232482642;0.6965999854984909;25.663997246155773;3.599233429364115;-0.029328970336914062;-4.895244569396972
1478629943298;175.1526484013548;0.6538694261538056;26.092153274881653;3.1497219215393066;-0.033219548034667964;-5.196165790557861
1478629943331;175.20351755454408;0.6143212536944928;26.757569478573842;4.22935734226387;-0.05626374358024913;-6.149656601715088
1478629943364;175.27013502442404;0.5474106520059018;26.364873921438033;3.772513555322215;-0.06524199295596918;-6.034435646820068
1478629943398;175.35152006490682;0.4504523405325583;25.603140953615647;2.658162539318949;-0.05237316588249523;-6.298994930267334
1478629943431;175.43921884899746;0.33055019412101844;25.783884982856605;3.28155265045166;-0.07122750053129275;-7.425317027636617
1478629943464;175.485554973285;0.25647100455154487;26.341646210765344;3.809623790652491;-0.060154314428137144;-7.957727914074808
1478629943497;175.54642977754892;0.1554413068148715;27.099371886621967;4.354005383997364;-0.056114101409912104;-8.753051440131244
1478629943530;175.5789547195148;0.0904434624709371;27.159740521369;4.8051626223357395;-0.062398881909466575;-9.261520246035792
1478629943564;175.61114386411893;0.021459573686680295;26.591817506753436;4.986224269015528;-0.06958148574829101;-9.563339037090913
1478629943598;175.6452724405948;-0.049879277020286314;25.60387684928271;4.710891078097559;-0.06105214233398437;-9.736470036901906
1478629943631;175.67628867117364;-0.12068089708763298;24.600986392217433;4.146607701718946;-0.055814823919103945;-9.683947457177936
1478629943664;175.69926745780614;-0.19863573737385246;23.614775504207454;3.8331170040406284;-0.050727149957849174;-9.854982726818696
1478629943697;175.71062220971902;-0.2846982857254302;22.60149225255892;3.4492964407989755;-0.015263035583496093;-9.933392977319285
1478629943731;175.70509194452558;-0.3718580185040956;21.869972127163035;3.4561797705719246;0.0020949264526367185;-9.981726142529398
1478629943764;175.67233163249352;-0.5125966291335459;21.61760544099575;3.8522703798598608;0.03561374969482422;-10.78213739277944
1478629943798;175.6423486149048;-0.5601866943414046;21.527581735759373;3.9858967052184044;0.06090250244693597;-10.149320258740335
1478629943831;175.61921670590854;-0.6388899190515825;20.925965096973428;3.9009026193480936;0.09531915473661501;-10.779593553515523
1478629943864;175.57614636809203;-0.695610391301021;19.830127429528826;3.6140474973374044;0.1551741928155883;-11.195586091967671
1478629943898;175.53583891113047;-0.7328917084584754;19.069002098567633;3.3472434945701153;-0.03456628646850586;-9.906308936364947
1478629943931;175.50524376222128;-0.7805043849230935;18.690669048168942;3.459621435458399;-0.038905786110693584;-11.777527171380818
1478629943964;175.44845473596894;-0.7803048837357403;17.839889093270866;3.4032080953735857;-0.10998364789658226;-11.461342622375488
1478629943998;175.40733752463163;-0.7983187146166325;16.919353171268575;3.0514100158691404;-0.10369885940551757;-11.78650528147593
1478629944031;175.33707183539698;-0.7889126609932063;15.987994199229924;3.549254323577881;-0.041898519919579845;-14.073266996002197
1478629944064;175.29584608967104;-0.7406223005523668;15.494002800301008;3.5579334507264195;-0.035464112091064454;-14.343811783599852
1478629944100;175.24033766371042;-0.6164320966661238;15.425414354784811;3.876960529681295;0.13242927704410393;-16.270395932006835
1478629944131;175.22293655945023;-0.5474436584035076;15.53166248324035;3.9734770763672884;0.16864157943725586;-16.33803212890625
1478629944164;175.18655656622977;-0.3001104344942009;15.968199446597222;3.5278562193054706;0.1854009910583496;-15.957802977752685
1478629944198;175.15375655308517;-0.10465572600073161;16.25825769678015;3.2480339368073268;0.09247603684024652;-15.04740779647827
1478629944231;175.11246102746864;0.10221713213802186;16.737606189791048;2.8121394337999925;0.0380079536382691;-13.649343956811725
1478629944264;175.05974660578025;0.2990050898458007;17.529308072639694;3.0662241934402843;0.035164841450122185;-12.850129515130817
1478629944297;175.00389622346833;0.4835553993055228;18.290968049129557;2.937834946751315;0.0565630142211914;-12.191873403930664
1478629944333;174.93966057422898;0.6442629885884312;18.826516955979272;3.0743044413802214;-0.03576339186516125;-11.281029163714498
1478629944367;174.8379147620892;0.8200148841174723;19.27977247090951;3.266888121900719;-0.046537294769287106;-10.956614838763326
1478629944400;174.77204728899625;0.9142936732684291;19.473963971613554;3.479373526089452;-0.06554127044677734;-10.355520511395111
1478629944433;174.68508395223313;0.9058227152297063;19.023617356751295;3.477278526571579;-0.039055414581298825;-9.859322180795111
1478629944467;174.63554376671837;0.9172065404117882;18.414502907714784;3.3509845351288092;-0.03606267163925804;-9.257180581996822
1478629944500;174.59838283119277;0.8670195706697085;17.90942847106527;3.268235031581204;-0.0383072265625;-9.152134938491693
1478629944534;174.57675334696532;0.8018343368916319;17.16889614070303;3.149422536733933;-0.032172084808349606;-9.12879187416397
1478629944567;174.5620812206231;0.7734091492816227;16.10425453819818;2.2951416760651395;-0.035763387298583985;-8.344241479260102
1478629944601;174.5471267062028;0.7505776953069101;15.458797189160276;1.760785683441162;-0.038756139373779294;-7.593958899334818
1478629944634;174.52589005610955;0.733341472630605;15.10152916908964;1.7154453433714807;-0.06913257293701172;-6.4707786071225994
1478629944668;174.51835661854798;0.7206915675070781;14.464343568234305;1.3816039224486798;-0.09053075255794683;-5.202300932312012
1478629944701;174.52077367740443;0.6667453297321994;12.35016839543188;1.0893617553710937;-0.071676416767505;-3.584119885253906
1478629944734;174.5351154854213;0.5952338995933596;10.083762744166835;1.0163386778015642;-0.04339490509033203;-2.439392216491699
1478629944768;174.5515933007981;0.4927333720205842;7.271613784510812;1.054047280883789;-0.017657237243652344;-1.989282304382324
1478629944801;174.56862958528598;0.35492995658094595;4.113477354897533;1.4028525352478027;-0.03172317199707031;-1.802384937286377
1478629944834;174.61474553593482;0.052619138571571966;0.2830397122319157;0.28580782318115233;-0.03740939979829709;-5.278616110229492
1478629944868;174.6261741789551;-0.0738521827288603;-0.36835160132175665;-0.783203231778345;-0.03845686530790408;-6.132747260229289
1478629944901;174.59417773848693;-0.29991940073909024;2.661495014746288;-0.9530418618133291;-0.49589902799301777;-14.521880532073974
