sep=;
timestamp;gyro-alpha;gyro-beta;gyro-gamma;accel-x;accel-y;accel-z
1478630220955;186.78901240122497;1.5588602213838982;18.545545043850872;3.135805671197065;-0.2569277736470278;-9.324367793019722
1478630220988;186.7954443513944;1.5835397431775655;18.512044583607878;3.0385412367447278;-0.27578210658335883;-9.381380167576763
1478630221021;186.80017390544108;1.6508371166581115;18.701250507159337;3.2984616814102043;-0.34416648408088363;-9.60074851109609
1478630221054;186.79999178162;1.7183386597167243;18.87771275682293;2.9670145169464868;-0.27353753282298565;-9.223511988720134
1478630221087;186.79752693987825;1.7930816729899888;19.196452771250957;3.463960798103269;-0.2904465729146846;-9.779865051590091
1478630221121;186.79602842006415;1.866405604558222;19.483022575148645;3.356521208666311;-0.24016835403442383;-9.498097425444143
1478630221154;186.79354981374354;1.9967883017494308;19.778874641893804;3.4668040861046405;-0.309749826082983;-9.49600246245889
1478630221187;186.79554748326677;2.088647562574446;19.834362504378888;3.4169747457863293;-0.30361469346198716;-9.429862678129691
1478630221221;186.8023126626968;2.1894265043222805;19.81806367017353;3.3744777439503695;-0.332494769253931;-9.425074037347361
1478630221255;186.80948812374933;2.3395553583911224;19.700760175273555;3.206135179425729;-0.35868132707900363;-8.93022279224107
1478630221288;186.81614577379378;2.4236636593604866;19.55752235001962;3.315670083474391;-0.38142624513377665;-8.962544131060689
1478630221321;186.82288025444493;2.4876921349694308;19.41316777633381;3.2106244856350354;-0.37933131183127405;-8.911817312179691
1478630221354;186.82771127702026;2.539265661749075;19.340848342394196;3.1905729873657225;-0.44352585240654585;-8.83220985125117
1478630221387;186.83580686061543;2.579998502231861;19.308390025237916;3.2372600380416614;-0.4607341659932979;-9.230096595841413
1478630221421;186.84695012193956;2.6594340552966895;19.355640776787045;3.3292870825836434;-0.502333449521265;-9.529820524375978
1478630221454;186.85310169952348;2.7015763665437995;19.45893457501385;3.343352907739207;-0.5231330718772951;-9.518896723573189
1478630221488;186.85942833896743;2.7572073138032827;19.671137331408783;3.2965164281663597;-0.5297171310093021;-9.45335569058843
1478630221521;186.85349117576823;2.8591518066905466;20.471599978885752;3.1886277167831545;-0.5457283272121334;-9.38317541696308
1478630221554;186.82177365760236;2.9604536375557045;21.51626478333799;3.5125930284583475;-0.548571459949878;-9.18999334357446
1478630221587;186.7677189741569;3.0818339355555175;23.03261843330503;3.69904149187617;-0.4192845566017087;-8.012046364239604
1478630221621;186.7148486996377;3.206971601027894;24.961649402911828;3.792415502752736;-0.1927332336425781;-6.457460860387981
1478630221654;186.6389947780565;3.3975395590335102;27.433468878942513;2.7334301078796384;-0.13168109130859373;-3.803787887573242
1478630221688;186.62315839303034;3.425684625937725;28.005276816307624;3.0181904678344726;-0.2814683509384282;-3.142988229370117
1478630221721;186.64338060970533;3.3284511824695584;28.676909263386165;1.260247898864746;-0.5840355663327209;-3.2139164535522458
1478630221754;186.5844654363758;3.319553571521005;30.395036930836774;3.178452049200237;-0.79801734085083;-4.878335227911174
1478630221788;186.55216967379607;3.319660987481739;31.27311767380231;3.532644403430074;-0.5029320045028813;-5.554847419030964
1478630221821;186.53560155224756;3.296135428382737;32.417258135899985;3.67420201497823;-0.354341845703125;-4.33470210571289
1478630221855;186.5271677311558;3.189214709264;33.24900724842557;4.844517677450739;-0.21143793411254883;-6.655431848553568
1478630221888;186.54314139570235;3.120700125930888;32.85957112011392;5.053561154174805;-0.4456207931297365;-6.878691153363138
1478630221921;186.5655499576478;3.027248720371604;32.482004820381995;4.516212519073486;-0.7146691955566405;-6.857891088049113
1478630221954;186.56749376634406;2.929906802886598;32.528353038255254;6.105064668859914;-1.0868179161071776;-8.984840060955658
1478630221988;186.593985863625;2.8456649356925534;31.982866623556312;5.926097948632761;-1.1676222586700693;-9.127594481072947
1478630222021;186.62313195513923;2.8032324633066095;31.3682293727351;5.012410849673487;-0.8553285430908203;-8.816497866323775
1478630222054;186.64746592991793;2.663006229770756;30.08025824207049;4.621856502931099;-0.4294599045242183;-8.784625458581745
1478630222088;186.65082180690743;2.5385413762164317;28.998139111358196;5.030965839474462;-0.3752911056629149;-9.566631429699807
1478630222122;186.6409776106458;2.4356181100178036;28.00901200706634;5.405359087548777;-0.420481650867332;-10.056993564959615
1478630222155;186.6251975218322;2.359359531704377;27.053733135536262;5.639392226763815;-0.4858732811416499;-10.077494062805176
1478630222188;186.64535762097557;2.2492730756590906;25.490348536685637;5.221005778912454;-0.5009866791213863;-11.184812476757914
1478630222222;186.6565757359212;2.1996229233088584;24.4716618715615;4.82925431307368;-0.6804022025619633;-11.545439247949421
1478630222255;186.6701834834202;2.121735393631202;23.398525230572655;4.302829369177297;-0.632069256547559;-13.150002980804443
1478630222288;186.61815795481454;1.9784782985701581;21.445285037953628;5.287295091247558;-0.6459855354309082;-14.656554375457763
1478630222321;186.58976784795894;1.8736516708151796;20.282570627982757;5.6824880027771;-0.5626373718704096;-17.21236464767456
1478630222354;186.53988063716122;1.823537251228967;19.622795598827494;5.634753753308207;-0.3962403656227048;-17.363348989868165
1478630222387;186.45105420239682;1.787200703080036;19.600143605841158;6.019172611236572;-0.22864625854492185;-17.71559590911865
1478630222421;186.3023059004175;1.825308348651261;20.573561109396703;5.982661035919189;-0.3381809913469362;-15.524602114868163
1478630222454;186.21363159017446;1.8738418594256994;21.672207056913948;4.747253125409037;-0.3854664718517335;-13.015179792077838
1478630222487;186.10519996612115;1.85755283252595;22.98234575728452;3.876960744310426;-0.45863926465683613;-11.485284346716105
1478630222521;185.9810898382135;1.8122820756731999;24.33014061004244;4.385129868582077;-0.5868786636794917;-11.349862607574462
1478630222554;185.8615037439845;1.7697416959797354;25.515960473556557;4.463689774952735;-0.601992079925537;-10.510545434216409
1478630222587;185.7628299953872;1.719496831154579;26.50840853891692;4.641608757958934;-0.44861353607177734;-10.36719246368408
1478630222621;185.67110612530158;1.6652777204295108;27.290603691812976;4.857535747119039;-0.29149404641580184;-9.916035161413625
1478630222654;185.6042340210354;1.6084778873001235;27.63489099153933;4.771494252821337;-0.10130465774536132;-9.391255865832418
1478630222688;185.5320312403255;1.5144760557315615;27.739149535915832;4.967369821343943;-0.08110358123779296;-9.10619652293101
1478630222721;185.514084498724;1.4199842052584208;27.30240375027657;5.18823507062383;-0.10444703829116188;-9.849895121356099
1478630222755;185.5245106667616;1.3894475039711975;26.796545589343925;4.795286577020213;-0.1108814552528318;-9.671976229681446
1478630222789;185.55132462036596;1.328727792026554;25.973352572638436;4.100070489148051;-0.0661398208618164;-9.110835051185544
1478630222821;185.5745345713632;1.332570083515927;25.237638541639583;3.9805100254776886;-0.055066638183593745;-9.26571020853892
1478630222854;185.59832779955974;1.3559681944726494;24.52975532337416;3.472789471524022;-0.06299743118286133;-8.508543495123089
1478630222888;185.62083367397062;1.395193199691084;23.918995467221038;2.9545943401060994;-0.06434416961669921;-7.608922513580322
1478630222921;185.64170772768938;1.45287802886556;23.453597755109765;2.5604490379333495;-0.056413376617431635;-7.005883116558939
1478630222954;185.6584972026437;1.539460316420205;23.169018840495706;2.3768438442505895;-0.13138182523422873;-6.133944361059367
1478630222988;185.6813361674339;1.6882468492471787;22.887021309466096;2.2390273189269005;-0.20141222379379906;-4.828955403192341
1478630223021;185.7026627643614;1.7855199865585716;22.618807076497717;2.018760912322998;-0.201112939453125;-3.9543233169555663
1478630223054;185.73857223848722;1.8734668010226776;22.15521090730477;2.444928661700338;-0.28805240093728063;-3.864989667510986
1478630223088;185.85270865684797;1.8802550860049678;19.64989075557852;2.1362263582091776;-0.3351882244303648;-3.772363990783691
1478630223121;185.9488490464036;1.8242260950487734;17.34166663362067;1.5306430488586424;-0.5403413871765136;-4.120720332336425
1478630223154;186.01439288626366;1.7819884162408135;16.15600579733637;1.747168515368551;-0.8934861320495605;-6.027402971704304
1478630223188;186.05004044915722;1.7005683290265161;15.451067675567122;2.6059388243813677;-1.0413280662978999;-9.086144791766255
