sep=,
timestamp,gyro-alpha,gyro-beta,gyro-gamma,accel-x,accel-y,accel-z
1478630301237,174.88976120599182,3.6255330008771764,29.77426431323867,4.886864909252198,-0.5216366775733884,-8.461857117589178
1478630301271,174.87983989015285,3.5886718886699254,29.784255446548247,4.979041682301368,-0.4335001746246591,-8.490437750351889
1478630301304,174.8690739975409,3.5512817254347895,29.835551634959963,5.005527519900538,-0.4535515769958496,-8.405742863198927
1478630301338,174.85237556099975,3.4903073782661282,29.984202001849496,4.904522097405145,-0.43245265659941357,-8.376114626787649
1478630301371,174.8330510494825,3.4309076237325105,30.11073678519636,4.831498657934367,-0.543932689666748,-8.261043172499072
1478630301405,174.82254721717285,3.415669136890909,30.174879046099065,4.762217013649177,-0.60393737562428,-8.19879407546548
1478630301438,174.81276211052932,3.4120373943661053,30.22495341094141,4.902576535703276,-0.6833949363708496,-8.34080002443618
1478630301471,174.80543181476978,3.3975498550423198,30.249322813916553,4.922478366686078,-0.6440402283157222,-8.5115367860544
1478630301504,174.79726868020748,3.3902518427318875,30.270383860076475,5.021688572902837,-0.6947674033897463,-8.602366802403424
1478630301538,174.79080031802906,3.3881759672011187,30.315896536158473,4.977844636270217,-0.6848913124084473,-8.514529318933887
1478630301571,174.7852842644651,3.379395409616219,30.386357132770407,4.999093166870949,-0.644638792430493,-8.486547219461551
1478630301604,174.78079897249168,3.3580198012302507,30.4669277858383,5.026925514575094,-0.6281786742832278,-8.433724722925957
1478630301638,174.7819846538548,3.3408545209820604,30.509301286563314,5.16115051821284,-0.6402992973548826,-8.61463679365078
1478630301671,174.78917389727204,3.3176210069623724,30.440744676901733,5.1684825964002865,-0.6067804786792723,-8.702623467199503
1478630301705,174.80324655305134,3.28909282370457,30.227983374436015,5.129876350358594,-0.5593453534354382,-8.637531347026023
1478630301738,174.81438150867612,3.2655864192561435,30.069694633844744,5.166387633415032,-0.5360018989507691,-8.72087932792343
1478630301772,174.82323025872557,3.2443003629121043,29.896480390858407,5.271882564190775,-0.5358522636302979,-8.782679804406687
1478630301805,174.8243487365238,3.2277702862836835,29.940391969026447,5.124339832084718,-0.45429978328095744,-8.322843521118164
1478630301839,174.81971852220966,3.20187357249523,30.094139154720818,5.112219204446487,-0.4878185791236814,-8.03030204230044
1478630301871,174.80473898941858,3.234862529120616,30.851710323362173,5.175964476588275,-0.5297171355758793,-7.63735380442515
1478630301904,174.7746879526452,3.303502519927844,31.99322504984085,4.320037693609669,-0.4643254753333982,-6.544699875640869
1478630301938,174.70159194843936,3.419629583703459,33.87299538798359,4.71014270741567,-0.4016273284912109,-5.603180365045368
1478630301971,174.6458003983216,3.568318436702183,35.51059903991084,3.7229838738039134,-0.21862053909301757,-3.7563527671813963
1478630302004,174.57577730488958,3.673634863091062,37.72904433812093,2.010231861169636,-0.03696048812866211,-1.178545767211914
1478630302038,174.54817647962568,3.6295097594994052,38.79676960029102,2.87289235458374,-0.06584054565429687,-2.8426658508852123
1478630302071,174.54815731404008,3.5550900287358362,39.2614910647042,3.3631051445007323,-0.13991115951538086,-3.5122938354492184
1478630302105,174.59618544745382,3.4128407133336904,39.08955380253009,3.172317199707031,-0.27249007644653317,-4.455758927154541
1478630302138,174.67144484699875,3.266417217177098,38.248751344649165,3.0342016914367673,-0.4779425064086914,-4.754734859466552
1478630302171,174.67990217019192,3.1438116670400316,38.32141320715202,3.894767404528707,-0.7514800278152338,-5.686228650610149
1478630302204,174.67161151830229,3.0945938425159327,38.61065673533241,5.07241519998759,-0.9831190567016601,-7.03446397194229
1478630302238,174.67519269130565,2.931939534178466,38.723999503379225,6.327126653643697,-1.2044331091949716,-7.278522757543995
1478630302271,174.72025308667568,2.789734699150719,38.487333718878475,7.126042258508503,-0.7987655288696288,-8.703222163745016
1478630302304,174.76542028641953,2.7239075987369255,38.16166089013876,6.881234846496581,-0.4619312753857084,-9.036615037182719
1478630302337,174.8154286570321,2.648575816133039,37.623345279764116,6.540809042214788,-0.4047697044704342,-8.688707243115083
1478630302371,174.86952820977257,2.5427973945925144,36.925742574444044,6.472574477563425,-0.4912602394435787,-9.229797037506103
1478630302405,174.90555282267394,2.4541950837746045,36.18094047410511,6.755239838000387,-0.6663362495422362,-9.42342809677124
1478630302438,174.977718343822,2.335043833425326,35.19086459683351,6.620715705285593,-0.6907271789550781,-9.402628762109577
1478630302471,175.06096347022233,2.2095970094926547,34.09809119246976,5.657797542428411,-0.3761889529767155,-10.33127958491221
1478630302505,175.13633051497928,2.0042430785139556,32.27912578669987,5.634304438638128,-0.35598784678639495,-10.032453144073486
1478630302538,175.20966078668866,1.7915177628261758,30.872003219498435,6.856544495745748,-0.48931496429443355,-13.27599813543111
1478630302571,175.26514810259135,1.610883024444011,29.02486688452912,7.875277448272705,-0.8448538925613276,-14.202104972839354
1478630302605,175.29300520545004,1.537970984004832,28.57890900866911,7.8721350585937495,-0.6928220871414057,-15.46295142211914
1478630302638,175.28802100929335,1.4613951427141472,28.141702991374498,9.443329898071289,-0.5018845230102539,-18.357541229248046
1478630302672,175.2289572621439,1.5404057098379647,28.61385625619835,9.588328736114502,-0.30615853729248044,-16.77721849594116
1478630302705,175.18410043558953,1.6805392584218062,29.633331793144063,9.069984076690673,-0.22101474988632835,-15.438710130310058
1478630302739,175.09673578750917,1.925403159758925,31.526518768382477,6.215646565777435,-0.2768295669555664,-11.273247862188517
1478630302772,175.0632536878269,1.971082095140899,32.08705744748195,6.013935368170216,-0.37559039000358896,-10.865785251672566
1478630302806,174.95964901625334,2.016798350863345,33.686575211322946,5.910386146368459,-0.7779659019470214,-10.426748083849995
1478630302840,174.89709357627697,2.058379380765127,34.31500421531511,5.587019458173541,-0.6374561920166015,-9.230246023382618
1478630302873,174.86473646883394,2.0698648922392264,34.40820221672664,5.044882027026266,-0.3711012698823062,-8.097040386177833
1478630302906,174.8656675645216,2.052040162736559,34.30986539316724,4.932803607940674,-0.22670096056289038,-8.22363407295323
1478630302940,174.8514524832752,2.0143668873399405,33.712728393852046,5.63774634098662,-0.21308394775390624,-8.730755848162993
1478630302974,174.85514232639682,1.992762239356927,33.274916277139845,5.352686920453398,-0.26755202182272914,-8.180089264256011
1478630303007,174.8625056588992,1.9499605183411333,32.65374791850718,5.354183282791264,-0.27892447514189406,-8.622567933709918
1478630303040,174.86351036766357,1.9255086918838464,32.330163155265716,5.534346811587549,-0.24914660112685522,-9.384073260851949
1478630303074,174.84860582690118,1.9134726479560529,32.16634732618025,5.62353082342837,-0.32770635414257326,-9.218125377478078
1478630303107,174.83594610988453,1.9083246829554026,32.19052989358053,5.784989907483011,-0.3000234046714846,-9.474753502599894
1478630303141,174.81376459156184,1.9435698092157216,32.600468446584884,5.838110964556783,-0.1876455642479006,-9.342773501409962
1478630303174,174.79835274602814,1.9957417271820026,33.41294371830628,5.2486884616133755,-0.21727380065917967,-8.057835096530756
1478630303208,174.7974359902636,2.074127418800944,34.03259774752997,4.4835913753233845,-0.2780266677856445,-6.663212565557658
1478630303241,174.80658132815353,2.1917224557001473,34.68322273066524,3.544316136523336,-0.30361471629487347,-5.070320565795898
1478630303274,174.83205009011553,2.2932706160496106,35.09523552573207,2.4326588165834546,-0.2356792441879399,-3.5561379456117748
1478630303307,174.86010329535515,2.3805597233710203,35.485641149821134,2.1673513451173902,-0.1997662010192871,-2.716521058654785
1478630303341,174.9144792017751,2.409163152574322,35.19017762454882,2.3446716133117675,-0.2252046119247563,-2.427870121002197
1478630303375,175.03572134218166,2.3632970691180826,33.582814322345946,2.2809257018491627,-0.19722234348906204,-2.2206220397949217
1478630303409,175.2005292771713,2.235010049222483,31.03479700915763,2.1764786544248462,-0.2275987953186035,-2.7934347869873046
1478630303442,175.38062351043448,2.058596008182652,28.686224425093513,2.1410148345947264,-0.34760814382995886,-3.871424376733601
1478630303476,175.42585471517754,1.8506293343997167,28.72592295072663,7.858518036651611,-1.0211270080566406,-12.690316262054443
1478630303509,175.44119960672293,1.8479325947644731,28.81609297788678,7.778312281036376,-1.0330980163574217,-11.763760219573975
1478630303543,175.53023206549418,2.1108422941838727,29.17842178118753,6.975656174468994,-0.4484638802017085,-10.134505989837646
1478630303576,175.5900110475442,2.301695089528434,29.39049678102526,4.120570621667429,-0.1385644028152339,-7.055413309533893
1478630303610,175.6461486542953,2.378438099432472,29.572724732650254,2.778471026611328,-0.06763619689941405,-5.681590177154541
1478630303644,175.67399305451093,2.3988182927182446,29.816761105749762,3.3420063885010776,-0.3377320853855228,-6.512228515625
1478630303678,175.69351302382734,2.3769729626715628,29.97564751385939,4.3596916951386255,-0.685639482160937,-7.663241036810353
1478630303713,175.73764919182082,2.325778372287773,30.077383477795404,6.3096189078733325,-0.47315408482206983,-10.22668275375366
1478630303747,175.76911669162575,2.3630255436330616,30.318687056142515,6.824971107482909,-0.7911340110778808,-9.702502373913674
1478630303782,175.818969173561,2.4193414209880606,30.108948556273827,4.540753122622705,-0.23358429946899412,-8.034192473867721
1478630303816,175.87845087611535,2.48443254923583,29.934400429124278,4.049941818823292,-0.2482487663711421,-7.445817598547413
1478630303851,175.9141067897656,2.492659604852396,29.782144378382934,4.646397197811864,-0.41614216121453207,-8.498068994149001
