sep=;
timestamp;gyro-alpha;gyro-beta;gyro-gamma;accel-x;accel-y;accel-z
1478630056019;180.36130290725313;1.2292948139500908;16.751611021382356;3.0624833081452176;-0.2292448158098268;-9.533112396395067
1478630056052;180.35586758776532;1.234751322922002;16.64734913850252;2.761412289550365;-0.2346317581287352;-9.304615875918604
1478630056086;180.34805791372844;1.2447013467996721;16.778316894085716;3.022230646603368;-0.2668038520702394;-9.252991021352493
1478630056119;180.34266291807916;1.2520360375729251;16.89636685418193;3.180696978582814;-0.2721908058055909;-9.394398534072586
1478630056153;180.33331823880005;1.2505853539423943;16.945882253725994;3.070862867825292;-0.2599205222972901;-9.313295021333452
1478630056187;180.31945657711876;1.2475120666945645;17.262628594492607;3.3176153860229998;-0.23208791543988627;-9.342024998297331
1478630056220;180.31079342301092;1.2317974049657792;18.037248388289722;3.503016340548731;-0.17866730117244878;-9.352350100271321
1478630056254;180.3136863179253;1.1895579465993125;18.050729041969763;3.1799488453629423;-0.12823943555527367;-9.25209287150295
1478630056288;180.30997495340068;1.1010488626803985;17.99944612632346;2.4570495268005876;-0.13796587979965844;-9.02539230823228
1478630056321;180.29191812258827;1.0526590209720976;18.389154056092025;2.6535234813414514;-0.1874959192234528;-9.276184621606394
1478630056355;180.27861071866948;1.0337783480964309;18.781086937622867;2.558802987759374;-0.1900397533499694;-8.734347187185845
1478630056389;180.22899247662505;0.9782641295631981;21.33564053936062;3.4626142879982944;-0.19422960968017577;-8.150011942645161
1478630056422;180.19342493466294;0.9297580340369253;23.30318138560356;3.777601252116356;-0.18091186522884525;-8.075193213830515
1478630056456;180.15173747112183;0.8955480094550535;25.122635813164006;3.8347628715515136;-0.14694412689208983;-7.088333290100097
1478630056491;180.11121405593912;0.8681399181116282;26.72256524338853;3.729418144635111;-0.10714052429199218;-5.4550391373232
1478630056526;180.06868996375107;0.7744295930974613;28.18082491086443;2.646640151568502;-0.04144961624145507;-3.315370748901367
1478630056558;180.04714556341332;0.6494624389082644;28.89950326047641;2.2608745552062985;0.181959326171875;-3.2870892417907713
1478630056592;180.02016951823217;0.506229705136683;29.577391783396653;2.2864625854492187;0.39549218673706055;-3.7369001709535716
1478630056626;179.9979742270289;0.3447757901763503;29.833224476577485;2.247856083679199;0.4454711372596677;-3.9598602005556223
1478630056660;179.98435773884734;0.13532043790500234;29.261517596223015;2.218527113342285;0.38456864851246353;-4.502894772338867
1478630056695;179.96696396928905;-0.10552477399716358;28.014283615128747;1.8818425048828125;0.27518355331420896;-5.199307887975872
1478630056729;179.90267880008844;-0.4889942908175973;26.676330644883752;1.9702781825743614;-0.026785131072998045;-6.497414538983255
1478630056763;179.81710528540435;-0.7241979999256334;27.4351863294169;2.6123732864379883;-0.22056582794189453;-7.041347228650003
1478630056797;179.59091785868748;-1.1143386597890577;32.356464418332486;6.837989725140482;-0.7627028846298344;-9.706542296954243
1478630056831;179.49851121449527;-1.2833082209278726;33.493683292639766;7.789983867999166;-0.6818985603332519;-10.103231730651855
1478630056864;179.4454488402498;-1.4744970371922794;32.50134055227864;6.975805958203226;-0.3133411422729492;-10.549750194140524
1478630056897;179.39370295273895;-1.653888621052055;30.698726476074558;5.571905813598632;-0.11013329463349654;-10.59778401107788
1478630056931;179.317270827605;-1.79537791569342;29.794177599783584;4.676025425089988;-0.049829322052001954;-10.259902155657857
1478630056965;179.16747017881482;-1.9969580424975666;30.598268958299126;6.169408765411377;0.1858499038696289;-11.619809137018024
1478630056998;179.0403173080545;-2.0889432609029064;31.181073570476375;6.913856136377156;0.28850131831513715;-10.46041639856547
1478630057031;178.95938605251953;-2.2401881809249478;31.26391787120805;7.954285810796916;0.5596446563278324;-11.65422520136088
1478630057064;178.91272310690337;-2.4002420407492373;29.952267402367642;7.855226009368896;0.8741828811645508;-14.016853619384765
1478630057098;178.852673666092;-2.54956755414615;27.690967355139907;6.831555162048339;0.884208600616455;-12.685976771545409
1478630057131;178.80214681284056;-2.8315868607011456;26.109483153176427;7.650072854614257;1.0254664985656738;-18.037765670013428
1478630057164;178.72796645919837;-2.912297639377099;26.022427551076923;8.640673791503906;0.5967547546607908;-17.905186753082273
1478630057198;178.67238416139577;-2.943280357080875;26.841333157784835;9.229647399902344;0.31289221119536087;-17.140089685058594
1478630057231;178.65471747204847;-2.9010610360954945;26.77246203670744;8.487295247650145;0.37379475245820354;-14.51215408782959
1478630057265;178.68635389123367;-2.9125903589509448;24.85384626612191;5.645078601837158;0.6169558403015136;-12.445059937231242
1478630057298;178.71876248472134;-2.9126694071935737;23.43602479107075;4.11922391976621;0.7413046890258789;-11.948861643163859
1478630057331;178.73914879620267;-2.886798812276059;22.644242410167884;3.871573813407961;0.776319888305664;-11.468375735882669
1478630057364;178.75192954126823;-2.8670038302987195;21.86230618644028;3.7585972947051745;0.7567173622131347;-11.053130947057902
1478630057397;178.7747817128601;-2.8221167526895834;20.675306660423782;3.785382571908645;0.5765536781532223;-10.797849487304687
1478630057431;178.8037201146142;-2.775187240712346;19.935659787085125;3.516483688354492;0.4312555740356445;-10.610204224450886
1478630057464;178.8383162875372;-2.727713856894898;19.066896818562462;3.250128662330564;0.23104047847138717;-10.397718534851073
1478630057498;178.90123718194664;-2.6425930900780683;18.20479407548502;2.606836658566259;0.1336263801574707;-9.902118535470404
1478630057531;178.95446896192453;-2.5736131672037343;18.18533658685004;3.3547254204238763;0.1149216796875;-9.990853963293507
1478630057564;179.02940537846365;-2.5039984251659675;17.744481032305323;2.9140428097821074;0.23867197799682616;-9.488370542808342
1478630057598;179.1154994301565;-2.4364360450612303;17.33410783363126;2.378489784826711;0.33518823242187495;-8.325238015039265
1478630057631;179.22237395653482;-2.3789503829709213;17.05430188596455;2.3068131899626922;0.4273650054710451;-8.27570782206431
1478630057664;179.3334160661132;-2.3164189100470693;16.494045402851043;1.996913749108836;0.3104980460678227;-7.163750788525491
1478630057698;179.45640002733842;-2.270138337833245;16.028680798587043;1.678933841119334;0.1505354293823242;-5.920112517547607
1478630057731;179.67159122167948;-2.1985023595273194;14.993574120417211;1.7467196756225079;-0.03336918563842773;-4.818181203460693
1478630057765;179.84154962897378;-2.1578187272830873;13.652453634472229;1.1641804841857404;-0.031124621582031248;-3.512892385864258
1478630057798;180.1208522218885;-2.1472625703876647;10.519065894983482;1.130661734008789;-0.013168109130859374;-3.148674458312988
1478630057833;180.21613581077355;-2.152829281254251;9.170644358470573;0.7404067903380841;0.02154781494140625;-2.7875989204406735
1478630057866;180.50061353776735;-2.2057199716825067;5.6451298935918395;0.2280477081298828;0.17956512451171874;-3.63888724822998
1478630057900;180.76048699516915;-2.31570383845476;4.686419668973077;-0.45848969098515807;0.3283048980823485;-7.098059734344482
1478630057933;180.83153500973515;-2.350293585857703;5.437485732580159;-0.21054010848999022;0.39399582439919467;-10.00536886565713
1478630057967;180.9476023018157;-2.3340613873351965;8.750238193417095;1.9574095678467303;0.2353799507141113;-12.676250327301025
1478630058001;181.0607717805894;-2.2288009272470615;13.04508567593908;5.266046551513671;-0.015113397979736327;-13.35246295095235
1478630058034;181.31017920776281;-2.069264719220645;14.576592106813752;4.20706122970581;0.06539165110932663;-10.264690705108642
