sep=;
timestamp;gyro-alpha;gyro-beta;gyro-gamma;accel-x;accel-y;accel-z
1478630061481;181.3842894503985;0.8650255494293353;12.9019534070379;2.379537138455175;-0.10474632719841319;-9.682750274149468
1478630061514;181.4145237748175;0.8218942949121346;12.985027411117615;2.4299650109222157;-0.13841478162261117;-9.696217594555765
1478630061547;181.46208452491803;0.76579521587815;12.907874511251542;2.1407155685203616;-0.13437456931791383;-9.500791016476251
1478630061581;181.47654835423717;0.7588712377040536;13.001247328129097;2.155380044555664;-0.1804629547008546;-9.521141422343614
1478630061614;181.50044538869062;0.7553538591521518;13.347707334804053;2.332251641967357;-0.22445640563964842;-9.724648447009175
1478630061648;181.53742251807998;0.7582657934489861;14.140937383888716;1.6332944450378417;-0.11402385863151866;-9.627533669568551
1478630061681;181.51873079414094;0.7839026518772207;16.260160903716212;1.6127940933227538;-0.07601590270996093;-9.288006339363287
1478630061714;181.4596325438822;0.8681748290635432;20.325316059267138;3.4684500951794206;-0.1294365238272643;-8.658929688760452
1478630061748;181.395259361112;0.9749457310134071;24.69671901549743;5.271732780456543;-0.1897404884172487;-7.511957492474466
1478630061782;181.34893233171627;1.0509669286245222;27.68244996153845;5.147683280004933;-0.08978255312270485;-5.86669189300537
1478630061815;181.3285068085281;1.091393132704388;29.296042756697172;4.281131697436422;0.06479308242797852;-4.3430818115234375
1478630061848;181.32286997979378;1.0545778985107517;30.08061178375999;2.698264978735149;0.47435122218476605;-2.855235117340088
1478630061881;181.32072761517617;1.0136534960577794;30.410392633304575;2.088342105810344;0.6142623451675288;-2.888155390167236
1478630061915;181.29095298193204;0.876467568029513;31.78707117233936;3.0457234946653244;0.24001872556381856;-3.90404478983134
1478630061948;181.29269759547685;0.6663636963925397;31.012220652436078;2.2275056618288156;0.0032920272827148436;-3.868281694793701
1478630061982;181.28906701785746;0.577978138891873;30.69298023552789;2.236334280450642;-0.038007946788403205;-4.549881272180378
1478630062015;181.26851444926118;0.324092524288461;30.08754370129601;3.039139878491312;-0.08529343414306641;-6.6057520179748535
1478630062049;181.23024536907675;0.18203535125250742;29.67141904950137;3.482815227508545;-0.3081038329912233;-6.792499893597513
1478630062082;181.17532695197283;0.03564051663776972;29.67382500793696;3.7502176254272457;-0.4896142303687986;-7.071574024609476
1478630062115;181.11099169473718;-0.10384330656729343;30.41295852085864;5.100696771030267;-0.7160159271406126;-8.779088648046924
1478630062148;181.03931427358438;-0.18753587571664682;31.501325418249486;6.66351198689565;-0.9267056983505375;-10.05639530680552
1478630062181;180.98774448372043;-0.24465431822321262;31.469658410480157;6.938097135925292;-0.848145928977197;-10.379462747192383
1478630062215;180.96365350355893;-0.34119180503337987;29.31617671359472;6.115090315246582;-0.6893804268215084;-10.193462913458049
1478630062249;180.88595655822795;-0.5179005237334238;24.513356577671278;3.24294614868164;-0.047584757995605464;-10.484807620239257
1478630062281;180.80976132191643;-0.5801020525032915;24.2277325265857;3.7033810189178213;-0.011073182678222656;-10.27022700418681
1478630062314;180.73355323225283;-0.6355161487116205;24.56180808476059;4.698620758056641;0.13168108902530512;-11.898134787750243
1478630062350;180.64811217246944;-0.6639150216417404;24.216655722964763;5.154566536712646;0.1958756233215332;-11.690886706542969
1478630062381;180.59433509240333;-0.7418892871008761;22.895242863651124;4.944924180779978;0.28924948806762696;-11.979687281799317
1478630062414;180.51776128541914;-0.8120918978044014;21.311758587672017;4.192247033868357;0.37229836728745136;-13.415310452270507
1478630062449;180.37900729381013;-0.8728363069082733;20.912335203926567;4.899434568432718;0.1445499263735779;-15.023316142272948
1478630062481;180.26858435477624;-0.8860676106231737;21.16508297492275;5.752817530413717;0.11866262206478277;-17.121384984588623
1478630062515;180.13942318865867;-0.865129394747336;21.695746198829085;6.127510236358642;0.1369184040152526;-17.58825430831909
1478630062548;179.9937462560473;-0.7888134469260674;23.12983278781402;7.518691038513183;0.10624269410285632;-18.072331956481932
1478630062583;179.8504719894958;-0.64967803344991;24.581878237401956;8.237699724578857;-0.010324994659423827;-16.70733773498535
1478630062615;179.680734934801;-0.46902624435403595;25.011290549941187;5.923404544830322;0.09906008912238758;-13.396157131250202
1478630062648;179.5677049315672;-0.40197895237093745;24.58357667402936;4.45201791399531;0.16026187819328624;-12.440870084325969
1478630062682;179.43525068491095;-0.3491609208541868;24.65311513223282;3.9441478320357386;0.10384849700927734;-11.8330421378538
1478630062715;179.28948739353385;-0.28232494782449796;25.376512668143953;4.685752033731155;-0.056712647258373904;-11.429769087982177
1478630062748;179.15757343835006;-0.2355190556028617;25.534876225591223;4.9093106502808626;-0.07018003159675282;-11.030236685943603
1478630062781;179.04000543321857;-0.19929099506551998;25.039318442451883;4.061463731649704;-0.04159925384521484;-10.364199565478414
1478630062816;178.87000404330973;-0.1503502160858107;24.326589058349438;3.806181979635544;-0.02528875503540039;-9.751134229809418
1478630062848;178.76760979449955;-0.1283645202187463;23.9285109975664;3.7847838205642064;-0.03725976333618164;-9.406967741161957
1478630062883;178.6349837465731;-0.096385282679112;24.043046841066133;3.912574398107128;-0.03531447334566037;-9.75996328682266
1478630062915;178.55475933930023;-0.06418875801499574;24.105285736120642;4.2497080381088885;-0.04070143050594488;-9.269001797430217
1478630062948;178.4951649575512;-0.04164207184976076;23.776496752661874;3.863942295616213;-0.022744914629840057;-8.374767842688039
1478630062982;178.45795227838613;-0.01424984974889293;23.31197558007452;3.519925243643112;-0.03306991157255252;-7.966107181493937
1478630063015;178.42901798662135;0.012379693804512294;22.547475021273353;2.828599550805613;-0.04399345593348771;-6.953509809112548
1478630063048;178.41111709247798;0.03580953495988289;21.79261627929959;1.9901799838744103;-0.05267243595261534;-5.584924285125732
1478630063081;178.39247334477443;0.06285305574186513;21.710037816537277;1.3376106861390173;-0.06224924088077387;-4.645050203649699
1478630063115;178.35158910016688;0.12301453114761571;23.053190649291963;1.5638625968933104;-0.08993220214290777;-3.2954689476013184
1478630063148;178.32717266578678;0.14744964259751012;23.879154024628274;2.385522825268656;-0.08664017257690429;-2.94950680770874
1478630063181;178.31948412002885;0.14053462254531937;23.423304694985575;3.3137246621947734;-0.08529343414306641;-2.6774656440734863
1478630063214;178.38635598018433;0.04260758876250133;19.14344842299346;3.404405214469973;-0.11192892932477115;-2.7136779441833494
1478630063248;178.46390720501853;-0.06392754268676533;15.1755228706529;2.0213048977173864;-0.16834231336289085;-2.9294553688049314
1478630063281;178.5470302724435;-0.22066855822305662;12.525693959514676;0.6111199737548828;-0.26874914091911634;-5.567865306036174
1478630063314;178.57803389576478;-0.3953961482702145;13.146951562983915;-0.5433342853821814;-0.08873510359611828;-11.889007186181843
1478630063348;178.52558857243895;-0.3290536846387963;17.570016654565013;4.7566801483154295;-0.22505494692153297;-16.290746646118162
1478630063381;178.574476667874;-0.08924677833128777;19.644589438737437;6.858190655517578;0.05671265068330685;-11.217134345300495
1478630063414;178.66028883755425;-0.055748466233817184;16.669236688448564;2.8127380760460463;0.1626560798534425;-6.5834563072755925
1478630063448;178.7356162028629;-0.06392561719730461;14.418441367288285;0.9727940620422363;0.27533319890947894;-5.979817921447753
