sep=,
timestamp,gyro-alpha,gyro-beta,gyro-gamma,accel-x,accel-y,accel-z
1478630296471,177.80614287539552,4.0675924039375175,27.78455452002796,4.549282340456138,-0.7068880287446896,-8.656086741968025
1478630296504,177.7894546279642,4.051181045080673,27.97842016593123,4.517409688402223,-0.527322897383105,-8.633341583169006
1478630296538,177.77414453026137,4.01592064160532,28.16989069856306,4.580107892326626,-0.49155952835083006,-8.618078690861871
1478630296571,177.7584000514723,3.994864853712494,28.442403780922465,4.722562820323976,-0.573560907811718,-8.659079139134544
1478630296604,177.742610996583,4.003942074110173,28.755380492066696,4.803666456360696,-0.6759130287833978,-8.736142564436328
1478630296637,177.71978906956656,4.059997933636285,29.217567064133448,4.878634758847021,-0.7469909545013681,-8.639626584005914
1478630296672,177.70757128014344,4.083077429194931,29.44159913431183,4.871003405452054,-0.6681319190536625,-8.559121260922215
1478630296705,177.6983345130498,4.103133630344372,29.663910950265738,4.917390984985768,-0.6967126545643608,-8.565705370286572
1478630296740,177.7012239356598,4.112384062416032,29.604415114296177,4.8674118814828224,-0.683095642897021,-8.523357681827386
1478630296772,177.70346604116156,4.118241401559511,29.557196730330887,4.888810065670334,-0.7142202884535829,-8.577526635952317
1478630296805,177.71538527825908,4.148091175024146,29.313530834805572,4.8840217399818355,-0.7517792938895989,-8.691251027580071
1478630296839,177.72362651961933,4.1649641291169655,29.1620213078151,4.755483147950051,-0.6946177543695433,-8.59428599734106
1478630296872,177.7324466971265,4.182225489211183,29.0406553858655,4.632780221535498,-0.6489782692397944,-8.480112565037864
1478630296905,177.73221122475752,4.180357348907483,29.078411771599676,4.670189540277049,-0.6299743300949223,-8.49058709226977
1478630296940,177.7281739948361,4.189046523422054,29.20534835448688,4.740519339625013,-0.6913257156703854,-8.49223332054026
1478630296972,177.71859450241126,4.200360518283947,29.42939035353441,4.85559059526748,-0.7279869651241461,-8.5487961840644
1478630297005,177.7047500141307,4.212411809496306,29.734865884412617,4.880280804454419,-0.7275380089303828,-8.628104260187548
1478630297038,177.66299759307313,4.229097638474117,30.325039256453618,5.346851149804889,-0.7107786532498604,-8.647108354596048
1478630297071,177.60553983243275,4.278650356614253,31.11081879106553,5.3306899780715815,-0.7508814933832152,-7.452401360851899
1478630297104,177.5500142961527,4.359224666723077,32.20147823807051,4.965275241951178,-0.8044517806453862,-6.548440961865335
1478630297138,177.47409287708098,4.553134469071767,33.68483567971527,2.9608792655944822,-0.41270051116943357,-3.1625907554626465
1478630297172,177.464353978329,4.5405128735593445,34.00229347706369,1.9135659691408275,-0.19901797646787017,-1.5879542510986326
1478630297205,177.47498220155023,4.40424731150387,34.14843625272423,1.0931029877260328,-0.11103110198974608,-2.6517279762268067
1478630297238,177.40548863650628,4.345209900542045,35.565049731743095,4.139724454144388,-0.39444472351074217,-5.734112683813273
1478630297273,177.36215722184008,4.2989290387180095,36.16769910745901,3.8760625579282637,-0.4756979606186039,-4.207659487859905
1478630297306,177.31713730727918,4.26070965469536,37.14720593175003,4.574720968274026,-0.6139630973594729,-4.808005846405029
1478630297339,177.2842599327399,4.130405059883125,38.09440627533882,5.382464680304006,-0.8476970252990722,-6.504597143963724
1478630297373,177.2629341640278,4.0894728706114485,38.464655001495856,6.258892143791262,-0.9768342590774409,-7.627178433669754
1478630297406,177.23493593107202,4.037437592191027,39.00177445435144,6.181529361083568,-1.1113584831237793,-7.093720426498539
1478630297440,177.2087731970455,3.940533746474964,39.338074652210615,6.316502648638235,-0.9852140196869149,-7.499836709572607
1478630297473,177.2092338482221,3.8547237556612877,39.2288775671809,6.555623311117477,-0.6473322681565244,-8.488192927142233
1478630297507,177.2176116332902,3.7171135744856523,38.408699900613705,6.238391901674028,-0.5593453537208494,-8.470385979229583
1478630297541,177.22259374057444,3.5893565174122086,37.53608128955826,6.101024508357327,-0.5958569290382322,-8.268674781622364
1478630297574,177.2373846016805,3.4497755630573663,36.60253616694711,6.575973842565715,-0.7953238822494633,-8.37581505018603
1478630297607,177.24749316827467,3.3703503570623283,35.6335978295756,6.782174460546672,-0.8355763793945312,-9.769689511871338
1478630297641,177.2691362310478,3.2741972270013564,34.092802507198805,6.275052840600535,-0.960823053741455,-9.83852280960083
1478630297674,177.27544678804165,3.244757844626501,33.58517459205343,6.190507667541503,-0.9591770401000976,-9.999981784057617
1478630297707,177.27890185954428,3.1858526990463867,32.12844545825042,6.154444931970164,-0.9409212524414062,-10.646864852850138
1478630297741,177.2809517447474,3.164336925683176,31.164830719903016,6.076334175872803,-0.7291840248550288,-11.350910363061725
1478630297774,177.27817319506036,3.129575309975175,30.12624882702038,6.539312629644573,-0.6956652198791503,-12.378471788080036
1478630297807,177.25930632232019,3.039715071643904,28.563734062147564,7.204751345825195,-0.884208600616455,-14.622736277008055
1478630297841,177.2085994711321,2.9944986766615718,27.90544720471226,7.70588768081665,-0.8843582382202148,-15.250765299987792
1478630297874,177.16924550342344,2.9816844455999076,27.83252319200665,8.18427910003662,-0.6732195610488765,-16.10788949432373
1478630297908,177.00521097672652,3.0807618349675128,28.382014200977835,9.207351396942139,-0.5678747245346195,-16.72020656890869
1478630297941,176.8255877642278,3.2805448134841053,29.94301400555316,6.873303907366842,-0.7550713485717773,-12.264447349493205
1478630297975,176.75594191798154,3.3304130080958636,30.621674506734482,6.295104206439107,-0.8176198669433593,-11.748946389062702
1478630298009,176.60306770599934,3.4123884217075613,32.01969421777534,5.7701755655150855,-1.1565490394592284,-10.509198257391153
1478630298042,176.3558185751553,3.506384367667039,34.07859790240119,5.645228166375682,-1.0245686729431152,-9.349357482910156
1478630298076,176.11731709168092,3.5517033302323266,35.64535025306691,5.875071507484372,-0.5571007850978756,-8.674042904077098
1478630298109,175.98056618016028,3.5666803944521104,36.2585595726412,6.044311947863921,-0.4294599227905273,-8.787618137591704
1478630298143,175.91832734824672,3.5621987691274017,36.39200982969048,5.986551759747416,-0.3983353194748051,-8.51722254920639
1478630298177,175.74380629349912,3.5143997727961196,36.49049261699988,6.3510685606474055,-0.512359146140283,-8.537273915044963
1478630298211,175.64595694852028,3.4764491469791814,36.21060235277516,6.780378882366791,-0.666186602805322,-8.814552979333698
1478630298244,175.54599709136545,3.425041467150091,35.31385497656709,6.106710463305562,-0.8289923430954106,-8.734646425860747
1478630298279,175.4759713874285,3.3816760875055953,34.56422666257185,5.972784807940572,-0.8934861320495605,-8.893261993585154
1478630298314,175.4443299546099,3.3665923135137197,34.2195125376243,5.891681445898488,-0.7900865295852534,-8.9582049328126
1478630298349,175.37997748274304,3.3466177769498606,33.503911590074004,5.691615896606445,-0.5849334056550113,-9.259574847589061
1478630298382,175.2447101784706,3.3597974130974517,32.651189552260256,4.967370004007034,-0.2680009483337402,-8.030601427105815
1478630298416,175.1904001215212,3.3853278660764383,32.30787691999711,4.113088887609914,-0.19422960968017577,-7.09626437536031
1478630298449,175.1359015647323,3.421103243638227,32.167375548196716,3.4672526244565844,-0.24510639495849607,-5.876119062042236
1478630298483,175.08563229002576,3.454490894445886,32.10425273448031,2.8411690364561974,-0.3296516410827637,-4.756830078180134
1478630298518,175.04236202376316,3.478689326890967,32.16902760576904,2.358587910461426,-0.33039981083525344,-3.8609494522094723
1478630298552,175.00523605131437,3.4969734094783598,32.240840707574996,2.1875518371030687,-0.3247136001586914,-3.14747735748291
1478630298586,174.97726693991268,3.494257928545428,32.31702830234913,2.291251281030476,-0.3018190650497563,-2.7501895195007324
1478630298621,175.04352508176763,3.3031602860756792,30.382832754048003,4.704456533271726,-0.6144119827712886,-4.600009577178954
1478630298654,175.12683293514277,3.1451329466257594,28.720848357933715,2.5891794578552245,-0.35823240513456983,-4.948066935785114
1478630298688,175.16212695028733,3.031409198438943,28.3601719540508,5.26200648234263,-0.8137292892456054,-8.417265050019974
1478630298721,175.19865525496218,2.9443871080622417,27.738297962666582,5.986102554675191,-0.7920318367004394,-9.760262415899708
1478630298754,175.24303313347002,3.035254170928064,27.427843803987106,5.145887628759816,-0.2572270408630371,-9.209296539660542
