sep=;
timestamp;gyro-alpha;gyro-beta;gyro-gamma;accel-x;accel-y;accel-z
1478630216946;188.48589032430448;1.5794377696506239;25.690451427888547;3.0488662496704606;-0.09023147506713866;-4.80740729598999
1478630216981;188.42114851644521;1.6316914853873032;26.776709241731357;2.77098914642334;-0.12689268798828124;-4.688744383947551
1478630217014;188.38700419867706;1.5931982843494241;27.02730522489956;3.3551742784362286;-0.31588497697028795;-5.612607241821289
1478630217049;188.3828654881639;1.5069500850331992;26.26223483649715;1.5161282012939452;-0.3673603172302246;-6.121823715154826
1478630217083;188.3165936720874;1.4589156611045793;26.51302053330821;2.6532242061339315;-0.7034463570083491;-6.458658253479004
1478630217117;188.20767712810272;1.3560140866192905;27.03727920269932;4.794538425534032;-0.8722376288482919;-8.855104450292187
1478630217151;188.1597043175099;1.3149330290551229;27.120788519209857;5.362263384600729;-0.7145195579528808;-9.793032831927388
1478630217185;188.10474036285152;1.248794988235316;26.60565179290559;4.51830739986035;-0.11866262891464865;-9.050232022592239
1478630217220;188.06224698974466;1.1567536934665574;26.05138876715358;4.324377107628534;-0.08828619535141624;-9.152284941421636
1478630217254;187.97446532703202;1.0204319253901315;25.223004505873504;5.3540333163939415;-0.3113958534240722;-10.687267590387165
1478630217288;187.92917260755726;0.9603383972593471;24.525219512509423;5.238213957214355;-0.32935236587524414;-11.00060844039917
1478630217322;187.88238970813285;0.9048450893401829;23.818250037306882;4.708796188177541;-0.3155857063293457;-10.717344602612405
1478630217357;187.82498490378867;0.8439079492742265;22.97444394345835;4.129848116567917;-0.19213468322753904;-10.584915323285013
1478630217388;187.77177566380462;0.7657082909852497;22.245044947911207;4.290259700863622;-0.16355390090942382;-11.84516336828023
1478630217422;187.66700144041363;0.6476421400939792;21.157601330028147;4.468478050408884;-0.31812953646010717;-12.525715190179644
1478630217455;187.60449738709488;0.5313318203543694;20.635820685099688;4.903624129077047;-0.24989478914565405;-15.061623368835448
1478630217488;187.51566485504756;0.42130570922775284;20.237061735124037;5.76299288746938;-0.15502455749511718;-17.394174336242674
1478630217522;187.39374616972233;0.3413082257041953;20.36452111815491;6.459855354309082;-0.05985504150390625;-18.397045556640624
1478630217555;187.18326850849823;0.3439115758842115;21.948103068392346;7.522132703399658;0.10025719451904297;-17.504307612609864
1478630217588;187.0582388525652;0.42738427518375843;23.443027177499342;6.994211237335205;0.10773907470703124;-15.16906316833496
1478630217622;186.94577761077736;0.49486363810257034;25.171125983524288;6.086659170532227;0.040402153015136714;-13.122619591577351
1478630217655;186.78821860775585;0.5081563756853277;26.95431646119124;5.7478794894896446;-0.22041619033813475;-11.894543485260009
1478630217688;186.74255207754913;0.4989898816840896;27.106947344681693;6.581211597088724;-0.3295020126121584;-11.952153670446574
1478630217722;186.6829526140566;0.45898729059385057;26.33130810626049;4.473565929866116;-0.3253121414405759;-10.502913770294189
1478630217755;186.63582552950666;0.5021585847968544;26.4123830516288;4.818330841064453;-0.07092822189884027;-10.681730706787109
1478630217788;186.5880742659586;0.5803010882110642;25.76643244195686;4.144213454393018;0.10699088668823241;-9.679607747473195
1478630217822;186.5740875334367;0.6123010066364302;25.532330529383028;4.467580407449416;0.01227028350830078;-9.818621154431254
1478630217855;186.56492395738024;0.7204664225735281;24.451666139914956;4.487182860476709;-0.06284779357910156;-9.857227437005564
1478630217890;186.5793900269963;0.8054189299029528;23.619784053309754;4.118026709338277;-0.11686697310295421;-9.858275265558063
1478630217924;186.60299186549543;0.9204560713991633;22.882280378626266;3.9282865108986846;-0.1622071561965422;-9.68304919316396
1478630217957;186.64158876770387;1.0243953132365895;21.797001590096635;3.0261212608337402;-0.09965864867058116;-8.726117118979058
1478630217991;186.70268724632803;1.1510598632500209;20.579071472970774;2.2459107948303223;-0.06628944933242165;-7.806743571881205
1478630218024;186.72181397248022;1.2236351394456975;19.97470370313638;1.9288288585938511;-0.10863690946274436;-6.706458125305176
1478630218058;186.7379763399971;1.308854393800134;20.056051358426267;2.0362685119628905;-0.23912088852481683;-6.178985572052001
1478630218091;186.71864791968542;1.414926634269232;20.585554295540078;2.4486697479248045;-0.37110126645737324;-5.504718529510498
1478630218125;186.7109214273661;1.5363065774462286;21.41422739995101;3.072359353460744;-0.5714659904922358;-5.452944210870563
1478630218158;186.74515026875704;1.680654830745903;21.623368245401114;1.9375075473509729;0.2195183464492671;-2.3337480682373046
1478630218191;186.8501253253137;1.6985244802063029;19.579068723293158;2.9104514661926775;-0.3410241035350831;-3.023128508758545
1478630218225;186.92343278013624;1.6599978980475005;18.132836205319876;2.16675242937617;-0.2311900932422606;-3.137451638031006
1478630218259;187.05336003107683;1.5769572377414849;15.51981278524226;0.2723404388427734;-0.06419453201293945;-3.385550785064697
1478630218292;187.1273534197624;1.5343295362690297;14.755576220513086;1.223586832074076;-0.2448071243175538;-5.779153894805908
1478630218326;187.1599917655739;1.4816765339480393;14.504094187559195;3.161992131982371;-0.5319616813659668;-10.535385057244822
1478630218359;187.20770535883827;1.502306209975584;14.45192105257334;3.432836267852783;-0.7408557762145995;-13.746458469390868
1478630218393;187.1966776519681;1.703905883358417;15.201357657109403;3.4611177749633786;-0.48228199691772455;-12.58961015472412
1478630218426;187.1790934028982;1.9602005015768709;16.064593143000977;2.6207529283164535;-0.1690905105148442;-9.350404790872847
