sep=,
timestamp,gyro-alpha,gyro-beta,gyro-gamma,accel-x,accel-y,accel-z
1478630234054,185.14619894466387,1.1763770548405226,19.30033422267671,3.168875548520288,-0.17148469847526865,-9.483881853086967
1478630234088,185.1641788414668,1.0939971220553324,19.053091142868823,3.238456942937034,-0.14320319136467297,-9.75532452110611
1478630234121,185.18318909940828,1.0395301178516287,19.231181336868037,3.32973594972915,-0.14185644151439192,-9.494056972680612
1478630234154,185.18963401204525,1.0157844350686211,19.58409503283055,3.272125435749022,-0.09965863953742664,-9.232041592429345
1478630234188,185.19240136940707,1.0021912240040933,20.112351552800686,3.14912351725474,-0.1352723869489622,-8.80722051755376
1478630234221,185.18970527260672,0.9942331426369474,20.70609560978624,3.399916072657448,-0.13617021713809807,-9.19074171425635
1478630234254,185.18467390726477,0.9821927811222355,21.50776100636847,3.850474893011525,-0.13377602232780772,-9.252541916744969
1478630234288,185.1864579126798,0.9570621928994147,21.85201748618307,4.002356987762451,-0.1134253082164796,-9.291597404391505
1478630234321,185.19132705192538,0.9348139652828256,21.94147227349196,4.0653543824126945,-0.08155250318222679,-9.281721030282414
1478630234354,185.20461928111024,0.9007026247438464,21.837957748561077,3.96300215184316,-0.07930793455925304,-9.217077859452832
1478630234387,185.22597474874425,0.8393214123074704,21.479659687916186,3.6029741365626684,-0.11537059478206792,-9.000402390012983
1478630234421,185.23132209964132,0.7963975499505109,21.373276732902866,3.5751417690224545,-0.09831190110358874,-8.993220113826077
1478630234454,185.23799433333357,0.7225491752970228,21.181335390119482,3.5541922332128566,-0.07466916427612304,-9.07207875198156
1478630234488,185.2402804392793,0.6739130904931321,21.05163223891664,3.6944028905563986,-0.13168109473352668,-9.320178168443311
1478630234521,185.23433162280705,0.7291146312992325,21.223434127843195,3.752911211892776,-0.25528175201416015,-9.417143445277492
1478630234554,185.22728722354762,0.8062986118117667,21.477817881868344,3.8328174731047824,-0.26066870574951173,-9.419387881469726
1478630234588,185.21678892986745,0.887069244251163,21.791201873400908,3.776553916754201,-0.25438392639160157,-9.219472170710842
1478630234621,185.19755766617683,0.9579287783944238,22.193053503190928,3.8120179649131836,-0.23478140943222678,-9.095721650922519
1478630234654,185.16859848835028,1.0472498371003902,22.747864343516387,3.911676599884033,-0.29643208391494114,-8.950573104493598
1478630234687,185.12557803349492,1.1551849752695114,23.54277675297957,4.095431705165189,-0.4016273284912109,-8.66940421142578
1478630234721,185.07664498647637,1.2547400804820426,24.563466727837493,4.058920054499281,-0.5868786819458007,-8.077886836828663
1478630234754,184.97970674223205,1.4824745405121225,27.00369072924618,4.465635104900808,-0.5014356101989745,-6.366930402374267
1478630234788,184.9403140765016,1.6610909524289048,28.30952528488352,2.736273222351074,-0.1854009910583496,-3.427748589324951
1478630234821,184.92648853803874,1.7589403913145685,29.57632325161041,2.5261818805418907,-0.031573534393310544,-2.699761647033691
1478630234855,184.94274321233115,1.7163095921470781,29.925056644797614,1.518821678161621,0.10489597850190475,-3.050362552642822
1478630234888,184.9165570436653,1.7376464186615772,31.129828249606657,2.981528962652385,0.030825346374511717,-4.831947570745647
1478630234921,184.88051911133243,1.7319957381157325,32.00062173192483,3.20823051687032,-0.0383072265625,-4.291306908361613
1478630234954,184.85284889927217,1.7004024667058586,32.881228879487935,3.8763622715272006,-0.2539350135803223,-5.071667011968791
1478630234987,184.82949173661174,1.649919660501341,33.53577266871463,4.844367601455562,-0.426467170715332,-6.30438217626363
1478630235021,184.80313791841598,1.6203407684518827,34.191977439039285,5.04203891255483,-0.5090671279907226,-6.746710786847025
1478630235054,184.77151615197252,1.577748429338077,34.6384114664718,5.26664510192871,-0.6371569350753911,-6.744017456109821
1478630235087,184.739931343163,1.4941728909867427,35.29641867839968,6.114192380026169,-0.5090671279907226,-7.798663177810795
1478630235121,184.72600681127426,1.4001815526245966,35.57799773177917,6.070049396514892,-0.2531868175700132,-8.455123053243941
1478630235154,184.72745895453292,1.3289155104170733,35.53292438985213,5.96694936151905,-0.15068505785292946,-9.071031539916993
1478630235188,184.7337521586712,1.2126264587565247,34.918784020918196,5.792471824203617,-0.19901801585459905,-8.645013537741265
1478630235221,184.7591460058636,1.0516917558874108,34.014011181098226,6.441150580773875,-0.33399113159179683,-10.287734896087645
1478630235254,184.78264503511292,0.9059369306378745,32.73697136489002,6.067505776446684,-0.33967736053466796,-10.105925499780476
1478630235288,184.8458116241686,0.6566162265352591,30.0299216403915,5.076305923815816,-0.27353753967285155,-9.868450476483256
1478630235321,184.88473476954871,0.4424909200728437,28.038338032471493,5.14319415189214,-0.08604162216186523,-11.586738642065226
1478630235355,184.89393273707677,0.24541015626163698,26.175917305572316,5.250334456988424,-0.05596446608944097,-12.054954704229534
1478630235388,184.90119742849316,0.03084317841640862,24.388666341897366,5.420921617535502,-0.07721300182757258,-13.12591132659912
1478630235422,184.88196193683072,-0.20663856304869108,22.542350849882638,6.3618427238464355,-0.3224690498020267,-16.448165405273436
1478630235455,184.86012005268378,-0.2839348123855044,21.978067146901523,6.188263103485107,-0.08020575104865711,-17.90698240432739
1478630235488,184.78598550360826,-0.2785314937328617,22.118077233746483,7.050624613952636,0.1429039070239989,-18.465579579162597
1478630235521,184.68935461120648,-0.18763229962349867,23.068760329160604,8.098087840270995,0.3618237350242678,-17.718139748382566
1478630235554,184.6026060002416,-0.009231055166918009,24.38892196431814,6.739976948547363,0.4875193223251764,-14.608520704650878
1478630235588,184.46359667987682,0.220019083337075,26.566809276957763,5.143493207903951,0.032920270543859806,-12.156408999578654
1478630235621,184.40623963556502,0.26805205459018994,27.18632557253565,4.410418600784591,-0.0591068523434631,-11.024999223681538
1478630235654,184.2137794448239,0.38796546491278583,28.5487648714773,4.998045493582077,-0.16115970381584482,-10.744129587554932
1478630235688,184.10525122724343,0.4544344005529431,28.958644737758103,5.332635358252004,-0.15442600708007811,-10.216657034301758
1478630235721,183.9849460578599,0.5216598284780923,29.036978587771774,5.2947770445007825,-0.20006547622680662,-9.793032831927388
1478630235754,183.90934158169406,0.5493439284938667,28.894544493407913,4.506486220959574,-0.09995792045316775,-8.755744944398383
1478630235787,183.84292189372357,0.5691445904552614,28.62211163331241,4.909160720416158,-0.16983868026733398,-9.491962119293213
1478630235821,183.80188538392005,0.5530877321394068,28.124690288833047,4.861276888142433,-0.25647885284423827,-9.107543151766993
1478630235854,183.7748041016469,0.5688436267621664,27.587028900797876,5.002684295831248,-0.12090718155460199,-9.911545741039886
1478630235887,183.75309861053887,0.5812809170232344,27.14356957292566,4.693383460191358,-0.054318445598217656,-9.525331231866405
1478630235921,183.73757736100075,0.5824980335452892,26.68404615202923,4.453514477262575,-0.06479307786140125,-9.115923113305866
1478630235954,183.72653705439308,0.5963700077873624,26.33915773075438,4.094833154750149,-0.07062894897460938,-8.868721371769626
1478630235988,183.7148589844185,0.6697665801891272,25.977440965899834,3.2035913858275857,-0.08544307174682617,-7.155670211791992
1478630236021,183.6979686079386,0.7890072683477533,25.92888702659268,2.51555775680542,-0.09935936661319573,-5.396680179595947
1478630236054,183.68858780581357,0.879132474604976,26.11629570775872,2.3472154525756834,-0.16684592476720572,-4.505587956945598
1478630236088,183.69129560152967,0.9656827799576582,26.132743194812964,2.167650474194437,-0.24226328962021507,-3.8057331764221187
1478630236121,183.68912853775586,1.0632822181623438,26.18586607567987,2.212242333984375,-0.2861070983886719,-2.909403929901123
1478630236155,183.70739804872366,1.127296218305512,25.90390517894299,2.52184253616333,-0.27293898925781246,-3.2148142791748047
1478630236188,183.7558398024166,1.138366677000784,24.771690061424557,3.286939458056539,-0.3298012786865234,-4.0677489128664135
1478630236221,183.87115077378883,1.0758736944722465,22.268600324894262,3.0277672744750976,-0.29448681333237325,-6.022315293176471
1478630236254,183.91782686003225,1.0179198169427333,21.300874357552434,2.3865700692992657,-0.37409400939941406,-7.570914416094869
1478630236288,183.9134072185018,0.9476288529776419,20.83819509981972,4.068945794500783,-0.5488707305908203,-11.041609289959817
1478630236321,183.86284680482126,1.0929100703467431,21.333057180641077,4.2980408927917475,-0.39743747558593745,-11.402385260363667
1478630236354,183.81067791710714,1.3066597655410388,22.432491562313523,5.040393045043945,-0.28954875414199194,-9.142558351046778
1478630236388,183.78886135331263,1.3869478898793306,22.55645678983904,2.909254146166891,-0.2795230529563967,-5.648968887273967
1478630236421,183.76381514476805,1.3955696921191254,22.988663092109977,3.39138661507871,-0.36646248247451146,-7.033266505786031
1478630236454,183.74441986007045,1.3291828126226772,23.04297572359841,3.21526326505132,-0.6105214050735347,-7.441627526446432
1478630236487,183.72220236216396,1.2425071448710003,23.073717188757787,3.5299511822907252,-0.49245735397338863,-8.83430510649737
