sep=;
timestamp;gyro-alpha;gyro-beta;gyro-gamma;accel-x;accel-y;accel-z
1478630066831;180.10169405161224;0.08404864462984225;13.84696450332301;2.4019828155517575;-0.019003975392079153;-9.549123533232393
1478630066864;180.02003773321906;-0.07103506578423606;13.94698779579738;2.4685715583580077;-0.02454056701660156;-9.711330937736575
1478630066897;179.94875105065512;-0.20025709802078806;14.151297215411223;2.1903952986343764;-0.02528875503540039;-9.345167556939646
1478630066931;179.90158316059896;-0.27865796038697505;14.969084885215876;2.236782846202049;0.041599253274392685;-9.271096943078563
1478630066964;179.84778720251765;-0.3487624200069664;16.346462685320414;2.777423437804135;0.06748655872483214;-9.236680568208453
1478630066998;179.802200397552;-0.43067925038305627;17.487440538673173;4.025251468072459;-0.004638761149975471;-9.893739231518655
1478630067031;179.7787725439829;-0.5227431380622375;17.685186124026334;3.5256115091186015;0.00987608184814453;-9.830442086736857
1478630067064;179.75920367455583;-0.611875146155097;18.044195505692947;3.0526072205888513;0.04219779969367664;-9.562890252143797
1478630067098;179.73427777017707;-0.673621262174152;19.24079362246785;3.2510266203838634;-0.00987608184814453;-9.523535507556051
1478630067131;179.6853713127838;-0.7401532489862398;22.513130941364192;2.5499742595396935;-0.014065934753417967;-7.637951916448771
1478630067164;179.6178863894073;-0.7645561698040348;27.032579295202787;2.4769512550354;0.08678981018066406;-6.163572898864746
1478630067198;179.50199616440642;-0.782784042857463;33.52284847553387;5.994632263415679;0.015562310791015624;-6.419901821844279
1478630067232;179.41908710802738;-0.8303431518698051;38.26335512532225;7.120804869311675;-0.015263035583496093;-6.3061775352478024
1478630067265;179.39168490003155;-0.9770152774971012;39.82537061699231;6.831854400723241;0.14963760832634287;-5.679794672039896
1478630067299;179.41939380910355;-1.070660807747073;38.68468099558424;5.496937301049754;0.22909517592277842;-4.950011932373046
1478630067332;179.45294342981663;-1.1562742750373087;37.38587010538777;3.8783072681151327;0.2759317321998533;-4.278737641906738
1478630067365;179.4672713284617;-1.259455089630386;36.30767940320015;3.202992908477783;0.2931400748985354;-3.9113770324155688
1478630067399;179.48548063270098;-1.3849451583799317;34.879691512781065;3.485807687322795;0.33907881011962887;-4.938040924072265
1478630067432;179.50525662023105;-1.5883863624956192;31.975472594236866;3.0873233330324292;0.32606033859252925;-5.481225425720215
1478630067466;179.5152849385772;-1.732630799390489;29.413418766313285;3.550601208142191;0.13646949462890623;-6.06496171798706
1478630067499;179.52376424578387;-1.8760558088209225;26.65450734406021;2.631077986907959;-0.005237316131591796;-5.984606032507121
1478630067532;179.5065429562104;-2.0420622317203776;25.123623150510465;3.8364087755950167;-0.13826514587402344;-8.024316428552195
1478630067565;179.48739901330646;-2.118342958654962;24.610358490239488;4.696077064923196;-0.18854338073730467;-9.137919640129152
1478630067599;179.47618551228587;-2.182769587487729;23.54555877226723;4.271255688653514;-0.14649521408081054;-9.331700355264358
1478630067632;179.46105750235597;-2.234243990943403;22.399503473433047;4.421641553497314;-0.15083470458984374;-10.46415763092041
1478630067665;179.45372478133044;-2.2338722499913293;21.4962774686703;4.102464544677734;-0.05237316131591797;-10.743381399536132
1478630067698;179.4380718330439;-2.2260154572260245;20.422852787946887;3.5124435917839874;0.07616555858002975;-10.991779821777342
1478630067732;179.4241473301846;-2.2084197862568833;20.067176567603163;3.3013048552471442;0.18270751419067383;-10.906935300445555
1478630067766;179.3746252223566;-2.1077492408366187;19.702795531670684;3.737049370165914;0.2834136215209961;-11.189600587817282
1478630067800;179.31776084897535;-1.982695526369631;18.691830748458365;3.303848598612938;0.3434182866435192;-10.870274233654886
1478630067833;179.27875127658984;-1.909041160254412;17.6974653535278;3.3491888108184558;0.3410241126682376;-10.895263567352295
1478630067867;179.245811894909;-1.8640900945560464;16.283297564565427;2.883366868115915;0.4938040741409175;-12.53603960031718
1478630067900;179.19097640549643;-1.8105238712153442;15.008818115722443;2.5661352234937365;0.3838204490772215;-13.002759578704833
1478630067933;179.13591036356735;-1.7594684162766863;14.841398492720176;3.13475816116333;0.22266074526137672;-15.48135684738159
1478630067967;179.0310793479308;-1.6410143746011685;15.001373530155938;4.22591556777954;0.09651625442504883;-17.75330458526611
1478630068000;178.99283794822912;-1.6000976557152764;15.213561820419729;4.247912441662699;0.19108721086806615;-18.23513766937256
1478630068034;178.85581708092226;-1.397591063809895;17.273411427263994;6.219387725067138;0.3877110222083982;-18.211345290374755
1478630068067;178.78194748088748;-1.226495941828817;18.451940506626517;6.055235273742675;0.4101566719055176;-15.953613124847411
1478630068100;178.73041638931014;-1.087667026951902;18.729020730674858;4.589086178234965;0.4269160835266113;-13.571831385803222
1478630068134;178.65460194160104;-0.9578173386313762;18.49449439474251;3.059490574336331;0.42437224426269526;-11.93165361099243
1478630068167;178.62175798615448;-0.9142298516964217;18.59287479032435;3.0778959813324733;0.3963900123596191;-11.153537779180706
1478630068201;178.54205009954694;-0.8000159056834609;19.0722273924625;3.9481880290709435;0.25034371109008785;-10.727071192987262
1478630068234;178.50569006549574;-0.6979911254260361;18.262781015873436;3.637989532205276;-0.05835865633315406;-10.276212946728617
1478630068268;178.50656757758483;-0.6639439910633742;17.765081249972173;3.4400187632353973;-0.07392098539047874;-10.177900602667034
1478630068301;178.51934113696979;-0.569388870361682;15.923560400081971;2.2755391865052284;-0.10280103378295898;-9.71746618908858
1478630068335;178.5390646746336;-0.5010856480088636;15.542544751066917;2.12081372155454;-0.044592005920410155;-9.947458729409613
1478630068368;178.56435540951577;-0.4206137443442839;16.142898104976638;2.2954408416748047;0.07436988778425366;-10.329932554217427
1478630068401;178.58360639761952;-0.3368879198856838;17.13571621816909;3.235913108239695;0.16041151579704602;-10.344148053509368
1478630068434;178.6577378555371;-0.23673000891237156;17.308334848032736;3.803787887573242;0.10115502014160156;-9.810840145166217
1478630068468;178.69668064019214;-0.2132138290010736;16.78636367940902;3.213766706350632;0.06329670639038086;-8.983044373177922
1478630068501;178.82726592698464;-0.18632081294007607;14.357842900587917;2.208950270169042;-0.013018471527099609;-7.482478446142375
1478630068535;178.924538167797;-0.1776389806128535;12.653517866797918;1.643320127957128;-0.040551792902185115;-6.386383290863037
1478630068569;179.02724119450437;-0.16630159530725902;11.537291233281284;0.8758288217406719;-0.04923076707038562;-4.78481231008321
1478630068602;179.13167552458347;-0.1708233334012354;10.936456826192675;0.9669582685608417;-0.0857423469543457;-4.330961165618897
1478630068636;179.23527846354273;-0.1897641063352352;10.289544610519505;0.8653542625427245;-0.09741408461418467;-3.9297827499389646
1478630068670;179.38716508823174;-0.26681820746668705;8.554670084326382;1.3961188430786131;-0.1411082694786135;-3.77954659576416
1478630068703;179.55884616321643;-0.39987818241982453;5.393397914644413;0.6370072974716313;-0.19572598115119616;-4.201225363159179
1478630068737;179.67297236848754;-0.4976025838277196;3.9045289432771413;0.07347209997866302;-0.20350715024643576;-5.370493598937988
1478630068771;179.7771839083588;-0.5968444710072399;3.7218003833700357;0.3326443748916499;-0.19153613281249998;-8.230965740148722
1478630068804;179.87070626432285;-0.6718853899974608;4.839163825069134;0.5889736083984375;-0.10220249250107444;-11.279383296203612
1478630068838;179.94646986124806;-0.6544856984240257;7.391668513000187;1.8893244581360369;-0.04743512952500022;-12.807931418609618
1478630068873;180.02229957151957;-0.556126350890477;10.092949180276486;4.276492931719869;-0.12255319747924803;-12.129025318090617
1478630068906;180.13312017052644;-0.4865540312563548;10.424099632396622;3.6361937713623043;-0.1001075569152832;-9.626037572092166
1478630068941;180.26608554999083;-0.4872542104475195;8.970414821024544;1.7470190421615726;-0.04369418029785156;-8.043918881579488
1478630068975;180.4412009032834;-0.5204893633513263;7.810944442532479;0.07601590270996093;-0.011971008300781249;-8.574084765569864
1478630069009;180.51739588555319;-0.507939006496094;8.968952051110561;0.7374141843933611;-0.01915361328125;-9.659256848415488
1478630069044;180.5916086584208;-0.4646002878078809;10.516709174124832;2.7117326553344725;-0.0326209976196289;-11.38083744542226
1478630069078;180.71992684933147;-0.37480424170522175;10.366856175316807;2.2845173331329596;-0.020350714111328123;-10.042628428063914
1478630069113;180.80382153030772;-0.32292532955201037;9.888035749826248;1.4676456724747082;-0.01631049880981445;-9.151685989147797
1478630069147;180.91510603784545;-0.2258226362137989;10.356631888093426;1.8864812249335925;-0.03172317199707031;-9.143606070001423
