sep=;
timestamp;gyro-alpha;gyro-beta;gyro-gamma;accel-x;accel-y;accel-z
1478630211305;188.9621681471554;0.5668865001907297;6.76634659525123;0.9189245246887207;-0.15023615417480468;-10.670807015582174
1478630211338;188.92565096086537;0.5714838946358901;6.856576692964119;0.7528268210479989;-0.4180874557716306;-10.482114435632527
1478630211371;188.90930648232674;0.5631709558604653;7.087449003868958;0.881664761352539;-0.239420166015625;-10.458471475042774
1478630211405;188.85821759783593;0.6014975647244639;7.406425095691252;0.776319851773046;-0.3251625129699707;-10.230722932522557
1478630211438;188.7703153122096;0.7694795715381884;7.827545598553332;0.7160158609252423;-1.0307038512298836;-9.812785105221531
1478630211471;188.69755274123983;0.9826560774927806;8.07954627698592;0.9935936889648437;-1.2270283142974598;-10.364050293200835
1478630211505;188.61912062338718;1.0045301430255642;8.3063494051603;1.2156559477432631;-1.2282254333938472;-9.660454061126709
1478630211538;188.56162149282642;1.2391907333080046;8.341727458583666;1.17016600660244;-1.1338041419540532;-9.263914155435003
1478630211571;188.51386613639204;1.4386790454455818;8.248291867844795;0.8499415893554687;-1.1047744285583496;-9.08958667584844
1478630211604;188.4274376773262;1.6024528933628241;8.24733734815316;1.2330139097793957;-1.0838251457656733;-10.311078618002496
1478630211637;188.36636907563334;1.8035776883885677;8.400281745893889;1.4323311827535874;-1.1053730155060066;-10.157699672289937
1478630211671;188.29975213250216;1.8569950783363784;8.78762711262374;1.826027715213038;-0.9536404487609863;-10.796502602740377
1478630211704;188.18339079351983;2.1147538997013102;9.84819413629338;2.226607507412694;-0.534355883026123;-10.1282211374145
1478630211738;188.10204347505766;2.2868538037387798;10.561950953162562;2.5432406404357404;-0.12240354160917923;-9.700706498906271
1478630211771;188.0319795095713;2.4840820072676153;11.260791228238233;2.687341725921631;-0.003142389678955078;-9.587281430435098
1478630211804;187.96670258788822;2.6718692747818817;11.674314003964723;3.2344168052673337;0.10863690032958984;-10.742633430713042
1478630211838;187.91631122494076;2.8694765174900247;11.838157929787076;2.391807495028712;0.27398648901674894;-10.206032983630523
1478630211871;187.85962879113046;3.110010123986407;11.972466859803223;2.6571150030273945;0.42586862030029293;-10.56576156387329
1478630211904;187.79415752925132;3.2122380150822996;11.887174481236688;2.4640824576446785;0.5274725532531738;-9.991901463052443
1478630211939;187.75031213280224;3.211290696819797;11.775925103269296;2.1196166389907707;0.38097733917236326;-9.277082666424661
1478630211973;187.67448822554613;3.312517772963822;11.509825023162044;1.82423198176953;0.2855085845062509;-8.473378804370016
1478630212007;187.6254432126461;3.4259814557964097;11.413049485256295;1.7815852555648424;0.10429737328793853;-8.618677209881692
1478630212038;187.55885709693777;3.501204883162646;11.419735547225644;1.5080477706909179;-0.028431144714355466;-8.721029476983844
1478630212072;187.4672902011893;3.563956257646271;12.066952439289;1.4282909278869629;-0.09187748870849609;-9.09033500999771
1478630212105;187.35104102085916;3.660265022359661;13.696373127963318;1.436670706762746;-0.19812018737792966;-8.336909602002054
1478630212138;187.19989074932735;3.7783491129462465;16.258404933392217;2.310404528985545;-0.5083189308387692;-7.221959670257568
1478630212172;187.02625049641608;3.868076816247025;19.13703107207132;3.66058462770991;-0.7055412880275631;-6.80910922922343
1478630212206;186.82170119788196;3.855993354023068;22.315550121269226;3.2909799290863795;-0.6082768273174064;-6.383390831048787
1478630212240;186.6339732733298;3.794960055099502;25.620872987994396;3.9662943252563476;-0.49724575729370113;-6.728454999188333
1478630212275;186.51251065533594;3.7613321431061943;27.768482361077236;3.8974610275268553;-0.3525461579253897;-6.026354923956096
1478630212309;186.45504031326337;3.735770020236348;28.83305292434065;3.7609913867674765;-0.2700958747863769;-5.606472392328083
1478630212343;186.28818791803388;3.6123787866441015;31.969579343348666;4.047996310778707;-0.17612342309262602;-5.111321269226074
1478630212376;186.1565178811868;3.402178486101135;34.58083193041044;4.850353069073334;-0.2576759536743164;-5.702838424627482
1478630212409;186.1224741858577;3.319986109083805;35.277303392604296;5.193920970773138;-0.3829226280212402;-5.642534762573242
1478630212443;186.07655814829786;3.1141247651269097;36.14988435584617;6.31126492151469;-0.519990663932031;-6.558167113848775
1478630212477;186.10889135439737;2.8765199205527474;35.77174973282021;6.13693755152598;-0.6141127440963872;-7.10733741190806
1478630212510;186.2201730834806;2.507535609469228;34.03997901353675;4.6386163712099195;-0.324264669081103;-6.229413444519043
1478630212544;186.25584851963822;2.285015165647903;33.726255982881554;5.0134581667693325;-0.17058686828613281;-6.667552494458109
1478630212578;186.30463980657106;2.0599640887053656;33.44539694656759;5.63265842499677;-0.145597406724561;-7.63166735628657
1478630212611;186.40471024860443;1.7255430084584278;32.280243317916096;5.295525008757296;-0.1441010124206543;-7.7923783619202664
1478630212645;186.4826448748235;1.4957734013496984;31.173153750346703;5.08438658617264;-0.11926117932968772;-8.098835845626704
1478630212680;186.57885269535188;1.2733167970916284;29.800419178566994;4.877288007284273;-0.060603229522705075;-8.86378320298139
1478630212714;186.67039754730564;1.0612162655612893;28.33296183372779;4.636371548000263;-0.06688800888061523;-8.61538529448012
1478630212748;186.7659445754563;0.8418422245591871;26.686700120129924;4.375253775317489;-0.07526771925773937;-9.472808432946726
1478630212782;186.8930500556406;0.5754815988543556;24.48662166423213;5.0574517318725585;-0.369006330871582;-10.200795594433695
1478630212816;186.98656714066254;0.44125180325748503;23.069024955967702;4.466832182898;-0.28416181410637215;-10.253467592565714
1478630212851;187.0657034939343;0.3537727193858084;21.882435992787205;4.125807901266403;-0.18420389479484875;-9.766696759796142
1478630212885;187.17161294414632;0.21726125965849;20.741529349657466;4.199130436706542;-0.08903437423706054;-10.709563154955953
1478630212919;187.2191284571258;0.17352529152327742;20.234845329903322;4.692934529113769;-0.06239888076782226;-11.870152555847167
1478630212953;187.28040921251244;0.17789733077212772;19.86277583610206;4.6909892402648925;-0.026485855009245277;-11.703606195123493
1478630212987;187.36695201609228;0.17027820720934908;19.240165782108672;4.1386768447875975;0.16534956128769554;-11.631480870111286
1478630213021;187.4452153995901;0.17432586382007717;18.278269809552842;4.539855406598002;0.24331075056324478;-13.809006695501505
1478630213054;187.51059139608324;0.17787039086429487;17.294425007598942;4.365228323010355;0.31319150010261215;-14.480131640624998
1478630213088;187.56250372612027;0.19580220360928738;16.32230628488183;4.399046129199117;0.42437225567913844;-16.448763955688477
1478630213121;187.59966871350608;0.27539127996996676;15.376228149476797;4.6700398296080525;0.28595746535148936;-17.13530128173828
1478630213154;187.62522752875006;0.4561854554529169;14.864686135104725;4.595969508007913;0.08514379653930663;-16.661847903442382
1478630213188;187.6514046728429;0.6933244276627437;14.5661371100411;3.520374266052246;-0.00987608184814453;-14.975132833862304
1478630213221;187.6671846485524;0.9583641677148087;14.638388950420998;2.5704747573852536;-0.011073191811377182;-13.334955059051513
1478630213254;187.6469571700346;1.3211857377880154;15.16020189821768;2.321777005137596;0.07018003616333007;-11.90292333720103
1478630213288;187.61153026004266;1.6262742054319401;15.732997635451532;2.4796448597672396;0.003890577697753906;-10.673949259130657
1478630213321;187.58494000287666;1.7787158071378828;16.0342933158306;2.484882084567286;0.0056862289428710935;-10.492888123907521
1478630213354;187.55699538336899;1.8961011941652446;16.223312972140157;2.7783213022426003;-0.039354689788818356;-9.977386213628947
1478630213388;187.53639720136906;1.95812108126828;16.179291115215385;2.5656864819291045;-0.050128597259521485;-9.546430453656939
1478630213422;187.53019881433917;1.8420933551279794;15.932428700299798;2.6171616029933324;-0.0890343925033696;-9.575309972326457
1478630213454;187.52681334430773;1.7106505735726965;15.703989401378019;2.8541877271790055;-0.12449848632812499;-9.674819161489792
1478630213488;187.5412628939283;1.5608992794482854;15.507163027790437;2.7790694674285126;-0.12315174789428711;-9.401281831879494
1478630213521;187.5668988201775;1.4411065659490394;15.353211658727215;2.8631660199372098;-0.1019032172935549;-9.484928861938847
1478630213555;187.62675224406777;1.2184282482659385;15.514680738834718;2.869151377957128;-0.1399111549488036;-9.458593076360325
1478630213588;187.67260829401107;1.069201609177954;15.804400167709751;2.994697254446335;-0.1530792663629516;-8.921244554281794
1478630213621;187.72671263748953;0.9858703976560969;15.95186797133473;2.885162729423586;-0.1608604326040804;-7.822455228015035
1478630213655;187.83612525884976;0.8802723081606703;15.792820116583597;2.342277338586375;-0.2160767043956788;-5.670367356872558
1478630213688;187.93056031169093;0.8029919973014948;15.317729775169639;1.6118964138306677;-0.08693945235100109;-4.133289891052246
1478630213721;188.03433180398275;0.6925544912008366;14.557681093374196;1.0821792965210975;-0.037708676147460936;-3.2900819938659667
1478630213754;188.13948544614746;0.5425175010921706;13.235556540023985;0.8315361640930176;-0.03277063522338867;-2.7953800758361815
1478630213788;188.23601810535462;0.37486863208052734;11.994619649002948;0.6147112762451171;-0.02603694533748785;-2.9308021072387693
1478630213821;188.39154355541098;0.10760396735465572;10.323772633523971;1.8035820700824958;-0.040701428222656245;-5.38455982595235
1478630213854;188.50657275011508;-0.10922452957857846;8.787380022419834;1.2189478654281236;-0.03965396499633789;-6.881085208892822
1478630213888;188.60194487700343;-0.37332972295096184;7.5104255772234945;1.839345461947657;-0.04534019393920898;-11.526135850933938
1478630213921;188.70172995867867;-0.5750354011367579;6.109355114460431;2.2086510314941403;-0.027832594299316404;-15.793500888824463
1478630213954;188.77567631765243;-0.397987865702668;6.046757971013927;1.545157932955958;0.1131260284423828;-12.501772589056193
