sep=;
timestamp;gyro-alpha;gyro-beta;gyro-gamma;accel-x;accel-y;accel-z
1478630276671;178.7179246317941;3.503015778364501;30.900036807412544;5.070171014957106;-0.49784429857558565;-8.570792957482858
1478630276705;178.73287536925113;3.459675162737098;30.999051467996313;5.008071037220756;-0.5198410445945802;-8.372523303747817
1478630276738;178.7508514126587;3.4224356884088443;31.052062474104886;5.027075469555974;-0.5696703483802732;-8.418312031472393
1478630276771;178.78213707890072;3.3853561561269103;31.009745169133705;5.067776826996682;-0.6341641647338867;-8.501360999740474
1478630276804;178.80076484315188;3.3581323882559024;31.012336080387577;4.987421054751775;-0.5841851959449704;-8.331073621290992
1478630276838;178.81386926216106;3.3196380677234547;31.093885086686313;5.197063460916793;-0.5161000816676998;-8.512584176215482
1478630276871;178.83380869317455;3.252263824033371;31.25540811797215;5.188983240376319;-0.5398924595238582;-8.45422511802353
1478630276904;178.84597844055415;3.2418854369079786;31.36230714882708;5.272780188883934;-0.6311714172252686;-8.386139948947331
1478630276938;178.86333741879764;3.2354516129715467;31.391024517705933;5.1921253925932564;-0.6241384452819824;-8.292018106244992
1478630276971;178.88248367916543;3.223103363426614;31.396330954077396;5.203647871675249;-0.5913677963588619;-8.35621278966851
1478630277004;178.9009822820155;3.209667389713476;31.39760984257048;5.131223186973843;-0.5654805103163758;-8.27002115473002
1478630277038;178.9155202240405;3.195020209686687;31.496081683258712;5.312135152667388;-0.5732616691368166;-8.363095847016584
1478630277071;178.93082525815305;3.172450579150038;31.584987572406657;5.305700680906791;-0.5600935371730709;-8.404545570572605
1478630277104;178.95320083643225;3.162380106806897;31.776723917284382;5.4340896536011245;-0.6105214050735347;-8.43716674172217
1478630277137;178.98444079714906;3.1536232522583703;31.785526915272666;5.298368182594236;-0.5600935440229368;-8.285733167056879
1478630277171;179.01243314259938;3.1281453761216618;31.715623441493126;5.326350706758257;-0.548272197300446;-8.314014883088385
1478630277204;179.0477003909696;3.0938452473246563;31.522506403310825;5.175366300632572;-0.51325696605462;-8.378059849421156
1478630277238;179.08186853890317;3.051396553728216;31.294541545345453;5.024531600609305;-0.47285484158059116;-8.274211016768449
1478630277271;179.1158105014174;3.005159237804722;31.12203488837525;5.144390896529192;-0.47180738292085006;-8.517372396872704
1478630277304;179.15088018877023;2.9709091117344433;30.920920422498597;5.035305099656754;-0.5006874204677093;-8.532036772443307
1478630277338;179.1786579082509;2.951050389763089;30.809688525040347;5.07436076739768;-0.5303156859909184;-8.444049877415585
1478630277371;179.2039637503789;2.9388894150333784;30.821971994008326;5.095160599816264;-0.5368997382730595;-8.472331395942625
1478630277405;179.22678049624372;2.972959224682738;31.260073389484365;5.1949685435973105;-0.601393529510498;-8.299649820399564
1478630277438;179.2337896728799;2.999422809054578;31.814303521083215;5.1969138278796105;-0.5989993369834963;-8.314613402108204
1478630277472;179.2156608609543;3.05476498235994;32.8495823577104;5.513098417984135;-0.5796960906650638;-8.216900193554372
1478630277507;179.1486768203707;3.1658481587491853;35.17014494348111;5.403712964309565;-0.39863458554917014;-6.930316199725493
1478630277538;179.07958650917158;3.2644540854992474;37.13077727581703;5.562628318698145;-0.324264669081103;-6.247369810839742
1478630277572;179.00088361771247;3.41717038586853;39.33209023037745;4.94791700592041;-0.2518400871276855;-4.792443535614013
1478630277606;178.9159533277663;3.566978693542067;41.37523006741956;3.4275989517211913;-0.20051438903808594;-2.5442884689882397
1478630277638;178.88791870704543;3.5852726823757695;42.45987118409856;3.416825044250488;-0.4092588280166499;-2.4425346061706543
1478630277672;178.87353766224507;3.545334740114282;43.44064349157318;2.1115362266540525;-0.36152445068359373;-3.3568200728818773
1478630277705;178.80731788431711;3.5526407359072047;44.64455406238311;3.7187937286376953;-0.3651157531738281;-3.7419875572204586
1478630277739;178.7503773672334;3.5100443729885824;45.70012863914773;3.168426622009277;-0.15547347030639647;-3.376572528839111
1478630277773;178.60326309365408;3.401481741557702;48.14538537743007;6.304082608795166;-0.20260931549072264;-6.110152566583454
1478630277806;178.52071248587882;3.3230067209759264;49.41918430467751;6.420350807720795;-0.498293211386865;-4.629188763781636
1478630277838;178.43792977488505;3.2383200597183692;50.89767183074866;7.39628756996924;-0.666485868879687;-5.78693515979927
1478630277872;178.35198898442835;3.1309352249961027;52.331036212791155;7.98406405927129;-0.7456441978012212;-6.300491050576604
1478630277906;178.27573028318463;3.0148611444095135;53.53109479172202;8.366537482220307;-0.7312789695739745;-6.562507042749226
1478630277939;178.1638865370773;2.8646724561943167;54.83890722382432;8.50555077958051;-0.7960720520019531;-6.402693643542379
1478630277971;178.13751600798398;2.7909403583319117;54.97532351255862;8.985289485223591;-0.9002198242187499;-6.550685087530314
1478630278005;178.07162230146932;2.575071541275259;55.063090496870124;10.028412636511026;-0.8789712844848633;-7.025335858917236
1478630278038;178.04253768742703;2.4851464710708555;54.70629193853872;9.407566364642232;-0.8182184173583984;-6.9837367512024935
1478630278072;178.03096491881703;2.366036512414121;53.990814395624234;9.273790639141946;-0.711227530670166;-6.750002594934031
1478630278105;178.0322283100682;2.2523480811810708;52.9245435173702;9.558101647894084;-0.5434837768554687;-7.564779712732136
1478630278140;178.05492742810574;2.0208344701776735;50.21305690957551;9.22051965220347;-0.6292261055435053;-8.166023458508402
1478630278174;178.04670498742576;1.8860392584376733;48.8177708949376;10.146626635742187;-0.5576993492126464;-9.029881198883055
1478630278207;178.09934037640085;1.7707130703654472;47.62344262580423;11.489025579071043;-0.8711901473556645;-10.800842239379882
1478630278240;178.07865690431692;1.6455270555150376;46.806706390955625;11.804611285400389;-0.49155952835083006;-12.190526665496826
1478630278274;178.08111526112893;1.6369876996097663;46.52152288260693;13.191751872253418;-0.46806642456054687;-13.644405623626708
1478630278307;178.09309105633972;1.7919559913004972;46.9964673502742;14.784344889068603;-0.16849194183349608;-13.499706060791015
1478630278340;178.1398932322252;2.10359144046087;47.86840045740911;14.189834689331054;0.1836053398132324;-10.810418753759562
1478630278374;177.96034175443592;2.2309612269604195;49.28557625466141;10.493037688446044;-0.30376435389863327;-9.202113788549601
1478630278407;177.90150683836777;2.2632237067652787;49.65871251196791;9.601795828191936;-0.5015852569358888;-9.078214437158405
1478630278441;177.67348051022398;2.3671226221300357;51.00394751578899;8.19984155695811;-0.7275380294799805;-7.38282002123408
1478630278474;177.55545773906704;2.393170471944449;51.22384360575989;8.06860904966723;-0.8295908752441405;-7.407510152789205
1478630278507;177.44855172836756;2.4059540163425437;51.144737670846624;8.365640094989166;-0.6976105269943363;-7.122001531750336
1478630278541;177.35939321979703;2.432807997570071;50.85982566934943;8.525004142993316;-0.5063736602562013;-7.287351376165821
1478630278574;177.26552107324207;2.458578998693853;49.96943864262598;7.562534920346876;-0.3507505432128906;-6.791152972500584
1478630278608;177.21622263782535;2.4499060578294602;49.20464309063457;7.476343751912796;-0.4387374610734987;-7.071873007556051
1478630278641;177.16702941209402;2.445389854498914;48.442009291026636;7.236175123883736;-0.48063596957663535;-6.969820015661418
1478630278674;177.08267984413175;2.4366362375231487;47.661489148850066;7.1466920651642605;-0.4972457481605466;-6.9080201237000525
1478630278707;177.02128072465808;2.435127348349381;47.359914193925405;7.335983643053519;-0.4240729599220212;-6.968772808163426
1478630278741;176.99316454153433;2.4262843475172486;47.21513687466674;7.102099876580759;-0.34715922702292445;-6.636427879725943
1478630278774;176.92447606086262;2.3937787360882714;46.922669115935285;6.204723239898681;-0.212635053208936;-6.075286712646484
1478630278808;176.8540468511959;2.4059297482008963;46.92734249703036;5.862352402496337;-0.251540811920166;-5.818508292333782
1478630278841;176.83409415877995;2.419039981523256;46.98301385184538;5.469553692626953;-0.22430676803588867;-5.571007841845601
1478630278875;176.7737193667865;2.4746650265439194;47.21983667467866;4.3671731734678145;-0.2281973639999516;-4.550479384204
1478630278908;176.72355031841394;2.5259165943374855;47.54945897612358;3.910928411865234;-0.22520459365844725;-3.8341646133974194
1478630278941;176.68017314463296;2.564230991877304;47.87574914544106;3.382408103124797;-0.17911621170043945;-2.791788773345947
1478630278975;176.64555525214192;2.5723676997763194;47.875193262064094;3.6297593544006346;-0.08828618621826172;-2.46408242111206
1478630279009;176.69458134003253;2.5079354854980607;46.73504924465591;4.435408213043212;-0.14215572357177733;-2.679411225183308
1478630279042;176.8016119453887;2.385123565222777;44.76030196953486;3.8413469261169433;-0.14619595713960007;-3.5371336776733395
1478630279075;176.8422627623574;2.212565546950364;43.763267878158764;6.442198372793756;-0.43230303726196284;-6.435464351831004
1478630279108;176.83803252194627;2.1251219797135987;43.435157272138454;8.080580240631104;-0.49679683534926733;-8.013093900531157
1478630279143;176.8387532685239;2.105092183336857;43.204826022216245;8.613888514300434;-0.47749359359741206;-8.363694733075052
1478630279177;176.84408445027313;2.1277893626988647;43.127734353280246;8.744821563720702;-0.5714660270248539;-7.678054903854243
1478630279210;176.8701271662056;2.1769719935648255;42.69992854330748;7.163002308245748;-0.5476736480270512;-6.7405753893645475
1478630279244;176.89312983878878;2.1793145854041223;42.33496983134996;6.9110130219057195;-0.6452373474121094;-6.6727899201875545
1478630279278;176.9262507691241;2.182479069796238;41.90933171238258;6.575226134037528;-0.5894225212097167;-6.856095984793268
1478630279312;176.9868835049422;2.1705798527931788;41.00855490305811;6.193350964676029;-0.4875192947830073;-6.943783218737691
1478630279345;177.0119975737115;2.173595447441421;40.47259015942612;6.752995639270171;-0.4342483398105716;-7.7503297934049735
