sep=;
timestamp;gyro-alpha;gyro-beta;gyro-gamma;accel-x;accel-y;accel-z
1478630252806;183.03466434239473;2.8441976058024423;26.22430091602569;4.4271780717711895;-0.553509514573682;-8.993519370767288
1478630252841;183.07059986919947;2.821398063733942;26.02290754315738;4.317793193485355;-0.4580406936921994;-8.93575913698501
1478630252874;183.08902459522258;2.801174876708851;25.915604221126983;4.255693348179745;-0.390703783416748;-8.869918499999168
1478630252908;183.15169717729623;2.7100004376085747;25.600512502068547;4.139275459134718;-0.37828385317153296;-8.864232236806966
1478630252941;183.1628152007618;2.6950517337878592;25.580523054238903;4.209305889660329;-0.4342483169776853;-8.961796207903372
1478630252975;183.18012785600996;2.6760401902213413;25.588342856746888;4.166958370164502;-0.41240122226218223;-8.931718739020404
1478630253008;183.19063101217694;2.661083196221748;25.89537184267101;4.314800249613914;-0.41584291454812045;-8.89505786402598
1478630253046;183.1924338556655;2.6708438400456482;26.213663297214957;4.374655409848829;-0.4758475959390751;-8.954912631535251
1478630253077;183.19393122893325;2.7050923568121497;26.603920859810145;4.463689756686427;-0.4879682212940184;-8.906280583843262
1478630253110;183.20293689852696;2.74615292721425;27.040194737854343;4.55556709926445;-0.43873746564007593;-8.992322087274118
1478630253144;183.21069622625535;2.7663784735935084;27.236775021058808;4.60240379710542;-0.4335001243923092;-8.945485882623494
1478630253178;183.2188082447792;2.755642863684793;27.37582488266958;4.604349049421679;-0.34730889659272507;-9.19268672911059
1478630253211;183.2062495864426;2.7457558901642902;27.733047805275326;4.6748285251893105;-0.23986909709321333;-8.810961558112455
1478630253245;183.1819964687972;2.7902006935753016;28.422858079546447;5.051017241845652;-0.22370819935454053;-8.535927331874753
1478630253281;183.11053668163336;2.8696446771427193;30.185192921990197;4.456806536511332;-0.2819172454833984;-7.1118263938903805
1478630253315;183.03640824108655;2.9309450829486043;31.953824986782482;4.577863284887746;-0.42482117534028363;-6.40059857095927
1478630253349;182.9485868346722;3.005244383864897;34.02021239720171;5.039495109823532;-0.594959112548828;-5.838709661102294
1478630253383;182.81608100415312;3.1480507626992154;37.049993452872194;3.502417753601074;-0.2609679809570312;-3.072807900945842
1478630253417;182.75669706599328;3.1499317296229368;38.777538690345224;3.072658847863972;-0.23403321228027343;-2.255188326263428
1478630253452;182.7275944729574;3.0787144187688313;39.959615809465525;2.764704074804485;-0.222810391998291;-2.4157494750976563
1478630253486;182.71766693390188;3.004005848220046;40.56783526598277;3.53369230504781;-0.27638063587797806;-3.913621596471965
1478630253520;182.73270918559865;2.8821501949870676;40.61546195340606;2.567781280517578;-0.3636193954025395;-3.37432767252177
1478630253554;182.64010406886476;2.6110355752802876;42.98721594911633;5.035904063061625;-0.6905775596176273;-5.335627745001018
1478630253587;182.59330759775176;2.485677159075468;43.93578750002253;6.029048839215189;-0.7621043159484863;-5.969791982800141
1478630253621;182.54447614777064;2.3742989427868406;44.88043953720201;6.561309759256057;-0.8931868568420409;-6.393266584103368
1478630253654;182.5085015971241;2.235682369912637;45.53223429281043;7.213280670973193;-0.7920318367004394;-6.5252468775542445
1478630253687;182.48651955243048;2.096853495303442;45.977208678189946;8.094496318585053;-0.6461351730346679;-7.631218370410054
1478630253721;182.46520032572317;2.0017526754303296;46.19168176233337;8.353369738415628;-0.5556044410263188;-8.14028564453125
1478630253754;182.46505775007665;1.9061230037823886;45.97766090353052;7.533654835421777;-0.4201823730911128;-7.31668045610059
1478630253787;182.4767809684063;1.7119190922159966;45.302152404942035;8.144625281170756;-0.39863457641601563;-8.327183011627197
1478630253821;182.47437878150922;1.629492650811173;44.81596799084978;8.357409953717141;-0.4843769233703613;-8.873510195215045
1478630253855;182.47258006385002;1.557242064458425;44.1933970733489;7.8998180152893065;-0.5186439346313476;-7.914332716723531
1478630253889;182.50528518032039;1.4514831243395314;42.68475478533887;8.452429393713176;-0.6515221267700195;-9.08883870702535
1478630253922;182.53964225014875;1.4103457176718943;41.27227481565531;7.546224576800689;-0.4390367294311523;-9.096320002691447
1478630253955;182.5795004153135;1.3512709430898846;39.919509362700204;8.290671436309815;-0.30301614761352536;-10.718242282104491
1478630253989;182.6149071114309;1.2629198646238236;38.29340598292268;8.793453784942626;-0.1583165756446775;-12.046725220544635
1478630254022;182.62327666185146;1.2073011369307485;36.76515879070287;9.516951599121093;-0.16101006621208508;-13.788356998443602
1478630254055;182.57813678816285;1.1675294447826798;35.449138577385064;10.077494062805176;-0.018555062866210937;-14.784793801879882
1478630254088;182.48657498040154;1.219052553905114;35.36128323235011;11.180772115325928;-0.06000467910766601;-14.963610738372802
1478630254122;182.39910231879009;1.306970073558042;35.41721792414005;10.545261212158202;-0.05252279891967773;-13.56090784072876
1478630254155;182.2566251162813;1.471713829506392;36.08670071946436;8.597578161621094;-0.26051906529164115;-11.574318720953165
1478630254188;182.16459005797563;1.538928894338906;36.311800750567265;6.4507273874145;-0.4584896179199218;-10.047117775372415
1478630254221;182.0560445607732;1.5660569086635003;36.493270052244746;5.829431979542962;-0.7761702689682133;-9.491213639013468
1478630254254;181.93575517718276;1.5724934343137895;36.54533118955084;5.948992447209078;-0.9090484611068852;-9.4579940909788
1478630254288;181.82117476614033;1.5513496406260743;36.30771290409352;5.960814055368117;-0.6905775413513183;-9.007285847650095
1478630254321;181.71683627319118;1.5258646019453137;35.99631892308986;6.251111116259917;-0.4586392555236816;-9.067589728900044
1478630254354;181.62707094549106;1.5167388759809344;35.5728397409655;6.185120969534479;-0.32815526961174324;-8.849118973541259
1478630254388;181.51373040023935;1.5085817060183953;34.834591412029475;5.7315692464081565;-0.20455459520644506;-8.648454764236323
1478630254421;181.39403419827107;1.5379521570817434;34.4291065784409;5.985354768515192;-0.2599205154474242;-8.770259737164155
1478630254454;181.32216105466313;1.564518583759682;34.4611495494685;5.683684939210396;-0.2000654807933839;-8.610746489947662
1478630254487;181.24297682416267;1.5921263546201536;34.608127150036616;5.785588147370796;-0.17432780838012693;-8.917503212329
1478630254521;181.16521390055038;1.637112496139642;34.89036099949598;5.472097687154496;-0.17178396911621094;-8.42130524705518
1478630254555;181.0905421968302;1.7181002182761387;35.302070749847836;5.501276627162006;-0.17657237243652343;-8.35785886652842
1478630254588;181.02485006455578;1.78170980262122;35.60434473710939;5.3381718765258785;-0.19542670137709936;-8.099135522693022
1478630254621;180.96957826764063;1.877467198826435;35.848085427543936;4.835090033489838;-0.24046763837509788;-7.271190222698822
1478630254654;180.9238429416349;1.9862450560118798;36.19779827029468;4.4707229797914625;-0.3576338638526853;-6.854000948742777
1478630254687;180.86249200680462;2.161360207826053;36.569521718098244;3.8519711959838867;-0.5380968413864262;-5.687276113836467
1478630254721;180.8142827459038;2.352772594304654;36.963227848011414;3.4005145454406738;-0.5562029731750487;-4.512321941375732
1478630254754;180.80340075118397;2.403484071104454;37.02315059202872;3.071461747033894;-0.4748001167297363;-4.121169245147705
1478630254787;180.772608104441;2.546380229722663;36.9461055961113;2.903717408697307;-0.3960907508518314;-3.222894417516887
1478630254821;180.77981391271268;2.593612670053046;36.44261687437843;3.3324291434690356;-0.4661211379949585;-3.146729461725056
1478630254854;180.81079652769975;2.5889892550777054;35.1055362123543;3.4199672877989706;-0.5758054992675781;-3.592648936407268
1478630254887;180.8412612510911;2.5626627363976295;34.03733545001006;4.290858287811279;-0.8741828811645508;-4.891952542114257
1478630254921;180.85966554636656;2.515713389900376;33.23134834815853;6.280888853277638;-1.2108674896240235;-7.583184845733642
1478630254954;180.89739895858582;2.480969790852125;31.75853255722002;7.329998020172119;-1.026513961791992;-9.392602969592437
