sep=;
timestamp;gyro-alpha;gyro-beta;gyro-gamma;accel-x;accel-y;accel-z
1478630247788;184.06876256126571;2.069068861433899;21.861334614722153;3.661183359646395;-0.3628712028171634;-9.120860868818859
1478630247821;184.07672878911933;2.07677325703948;21.843881879497616;3.708768132483377;-0.3669114146937441;-9.303867523503024
1478630247854;184.07964938793273;2.090847587397938;21.954247356447723;3.72118786636577;-0.3722983752789616;-9.166799715921096
1478630247887;184.0811259446045;2.117783523143491;22.107514748978886;3.689913792411769;-0.40866027760161083;-9.106645193713693
1478630247921;184.0822692723001;2.1544701786702403;22.28586190207461;3.713855711402742;-0.42826281739387195;-9.082703340367267
1478630247954;184.0789743152261;2.195348370487508;22.593293793930073;3.657741695901565;-0.37723640649905715;-8.935310342904739
1478630247988;184.06782603100856;2.222693443879527;22.940894828292958;3.8353615486890718;-0.38786068664079937;-9.082853097843682
1478630248021;184.0610955865679;2.2316897864628777;23.043446689700126;3.9094321225926043;-0.3923497867833066;-9.038410651895218
1478630248054;184.044921552311;2.2550844642498546;23.306125223005203;3.8865375155600774;-0.4041711574803281;-8.848071601646486
1478630248087;184.04173473311357;2.2456873842025367;23.31373262854131;3.8474821363697527;-0.36466683579597153;-8.81589926110981
1478630248121;184.04371989055608;2.1878583043212716;23.052081905629116;3.8254852955942797;-0.3284545448192628;-9.242815509033203
1478630248156;184.03852352863544;2.1519547406871724;22.84627505873347;3.9492356110282705;-0.335936406740942;-9.258527183433342
1478630248189;184.03352939725386;2.1349664429890587;22.717841252435434;3.7354034067569066;-0.316633151289355;-9.177124884110455
1478630248222;184.01551539597548;2.0947816678023616;22.62158685268932;3.9413049732926297;-0.346560700582416;-9.077466071043093
1478630248256;183.98736627313957;2.065861242498427;22.802288869663176;4.024204059645068;-0.40506897511137646;-9.350255125869623
1478630248289;183.97418479000433;2.0599035068126024;22.890978403856614;3.990386052526906;-0.39743747558593745;-9.454104097802936
1478630248324;183.9084647491174;2.0970176403617566;23.774799885963763;4.113537818687502;-0.3711012413411983;-8.767267167752049
1478630248358;183.8822510139839;2.1220633880159485;24.267376326991045;3.8444893523285164;-0.34626140482529877;-8.377610737963765
1478630248391;183.7647435548475;2.239426716212978;26.937818564441834;3.7590461709838356;-0.22131401596069333;-6.965331033679098
1478630248425;183.6035486254484;2.386020305330947;30.53124439389074;4.104559398065135;-0.11447274860991165;-5.8548705223083495
1478630248458;183.553476916008;2.4320895068715846;31.611533828944232;4.104709254864603;-0.08753799819946288;-5.178359207971393
1478630248492;183.4113052757144;2.5276405519473926;34.57352417172652;2.945017679595947;-0.05357026214599609;-3.2181063064575195
1478630248526;183.33083150749079;2.510505125701451;36.23377105962477;2.6030957550048828;-0.1812111198867671;-3.084180651092529
1478630248559;183.25697978892043;2.476214246850257;37.48031082987834;3.3870471611022945;-0.49724575729370113;-4.081664625494182
1478630248593;183.20961969280793;2.375419905575701;37.54698585404662;3.312976547241211;-0.6561608742202631;-4.069394634246826
1478630248626;183.17603628297078;2.2804101105187753;37.76332612790792;2.1877017669677734;-0.2989759323120117;-3.8206969367980954
1478630248659;183.06877373183906;2.2222109696004906;39.44219141923266;4.791096797180176;-0.49963996808701194;-5.172672686767577
1478630248693;182.96508790781706;2.1919392377663147;40.59016764979765;5.621435714312643;-0.3467103119283565;-6.580912102685496
1478630248726;182.81337714854752;2.1214996320350283;42.266567121691835;6.277447005728073;-0.4089595756420167;-6.137535809680074
1478630248760;182.76843376682214;2.0804198237681364;42.74089080722611;6.755389840930327;-0.5529109458923339;-6.496815842437743
1478630248794;182.64902405864876;1.9514748368658728;43.551158166374755;7.198167473922855;-0.5786486137390137;-7.28316148672793
1478630248827;182.57565355135625;1.8694318642886716;43.85347206283204;7.695562686157226;-0.682497110748291;-7.979275875146686
1478630248861;182.51375444174775;1.745333925878693;43.59977478982618;7.741950489453226;-0.6868366012573242;-7.896376496533304
1478630248895;182.4837863438573;1.5743727027322263;42.7235060804335;8.503456254986673;-0.6590040069580078;-9.212438783209025
1478630248929;182.48272209215824;1.4026609025190568;40.99446352313417;7.9970826038636265;-0.5786485954727045;-9.390358332470804
1478630248964;182.492853612901;1.167354300924747;38.161125510524386;6.832901973547414;-0.3387795349121094;-9.485826685278116
1478630248997;182.49887245802447;0.9721710815366063;36.02270298151453;6.473771505328267;-0.26515782472915017;-9.827898539733885
1478630249031;182.50326609052198;0.6552334997772112;32.4563139821576;6.454019780023396;-0.2576759536743164;-11.103858386993407
1478630249065;182.48780347853437;0.46879591326225856;30.531867899513177;6.596324556677043;-0.21308394775390624;-11.978340835626422
1478630249099;182.4565996761839;0.3047977261597878;29.225035610228073;7.289296591949462;-0.1253963119506836;-14.183699547576904
1478630249134;182.40398986425328;0.16015846056854266;28.075216189913426;7.312041507720947;-0.06973112335205078;-15.193454097747802
1478630249168;182.31307335559404;0.04586975254510429;27.3990077256674;8.013991506958007;-0.07496844119610904;-16.32501365737915
1478630249202;182.18817151039462;0.02519362273147848;27.857313601490453;9.62139864654541;-0.08020575361735682;-17.629554286956786
1478630249236;182.00875411872553;0.19665882361243575;29.12787408211464;9.070432989501953;-0.03950432682175597;-15.29041926498413
1478630249271;181.87950134313775;0.35289449957367086;30.54156832593155;6.480205776159465;0.20380642088737802;-12.095955699920653
1478630249304;181.64771207119884;0.5022895084089802;32.468930706137755;6.331017231341451;-0.1016039363778138;-10.236559127862751
1478630249339;181.51076854930145;0.56623164874382;32.984630813224086;6.133645378112792;-0.1815104133605957;-10.71644692312032
1478630249373;181.32196912427744;0.6689845755769646;33.33653533162237;5.714660270248539;-0.12554594955444334;-9.47550212901011
1478630249408;181.20663960304685;0.7389613428814376;33.096528150694205;5.328445450547803;-0.05267244109001476;-9.268403539276122
1478630249441;181.09161981014162;0.7974137545517914;32.53234661216076;5.1033906588898965;-0.049530046844482416;-8.858695634051411
1478630249475;180.97972307849287;0.8430545746984844;31.63723958158758;4.964676527139358;-0.06673837127685546;-8.79928979761973
1478630249508;180.8691383750152;0.8878665944558076;30.722047483975068;5.0719664515730924;-0.11911153030948479;-8.826523951101862
1478630249541;180.717882479467;0.9533904038613672;29.378679462546597;4.937143217180716;-0.09756371308478992;-8.971522496884129
1478630249574;180.61968686033015;0.9990818053871655;28.729654035255813;5.1767127559386195;-0.0939724151611328;-9.328707347460835
1478630249608;180.5261960571807;1.0412184118457666;28.257398356384996;4.946121336408984;-0.08364741136855446;-9.055619122458063
1478630249641;180.43629135467071;1.0653387547728124;27.90547216192064;4.604947701443062;-0.09726444244384765;-8.780285575347067
1478630249675;180.310061247797;1.194522898714463;27.751518650897445;4.07074126308281;-0.19138649635038454;-7.817217984948679
1478630249708;180.27078692066956;1.2566773081678206;27.80904584051151;4.323329757425003;-0.17402853773918467;-8.57393523756396
1478630249741;180.16253966115403;1.452923278169702;28.15406264824137;3.1483751831054687;-0.14200608596801756;-6.446986374255269
1478630249774;180.05198855629578;1.649546836929898;28.820070292006218;2.8021137680053707;-0.21158757171630857;-4.921281512451172
1478630249808;179.98987243030402;1.7764043873009163;29.303827056900207;2.8960861831665037;-0.30960020674553235;-4.506486074829101
1478630249841;179.94446534087464;1.887214361433545;29.733057901914716;2.696918386431783;-0.34970306628684045;-3.946542161560058
1478630249875;179.9165418338524;1.9782069781690055;29.998648295295162;2.983474543762207;-0.4155436347740236;-3.889829509735107
1478630249909;179.9216737466006;2.023353473892532;29.592698149491074;3.3083376353941856;-0.5104138664245605;-4.112938884679973
1478630249943;179.9680764164145;2.008948657428896;28.457254675558985;3.1030349891662596;-0.47075991056137717;-4.484339709472656
1478630249976;180.0288566727821;1.9655652779405066;27.36757242433478;3.8717233596801757;-0.572663091322314;-6.642113809558004
1478630250009;180.06612145787952;1.9267969931542357;26.861812699375136;4.778676839535497;-0.6067805015121587;-7.987056592150777
1478630250043;180.1090769504583;1.8963088408089195;26.24152908245681;5.409548940454051;-0.6827963859558105;-9.467870757348836
1478630250076;180.16011478987528;1.8951773314730704;25.61023180597421;5.055207167816162;-0.5859808563232421;-9.497648421301319
1478630250109;180.20930023720564;1.9132951723163962;25.230894330920712;4.876240593719482;-0.6126163497924805;-9.240720655645802
1478630250143;180.2549457110239;1.9260008329621632;24.923637705964914;4.406528045919724;-0.509516059068311;-8.53921978841573
1478630250176;180.32594111571453;1.8992707776933617;24.6430165530325;3.4911949333190915;-0.3143886112074891;-7.545026964513957
1478630250210;180.38028724982556;1.8024451323435196;24.633342346732505;3.9053916926619596;-0.19288285298002883;-8.191461631951853
1478630250243;180.4242440271601;1.7316491262964715;24.650152319627665;4.31719445127407;-0.2582745018060668;-8.702773470129445
1478630250277;180.47279744526907;1.6803812273356822;24.733708980935813;4.738873127337545;-0.34985271302375476;-9.357737371383793
1478630250311;180.52605580408346;1.656802184979559;24.88417951745107;5.015254073742777;-0.5002385093688965;-9.768193428094685
1478630250345;180.59114396594563;1.674597688071316;24.99127080738705;4.840776481628418;-0.5973533324752934;-9.267356002984569
1478630250379;180.7107119399114;1.7062523422215052;24.76598785720416;4.091092153007362;-0.4670189613342285;-8.93126998375604
1478630250413;180.74815528180847;1.7134312235463465;24.663426683723344;4.188955097917188;-0.4424783851844724;-9.028833872654056
