sep=;
timestamp;gyro-alpha;gyro-beta;gyro-gamma;accel-x;accel-y;accel-z
1478630024431;182.68073769762938;0.48645405096944183;6.471632655039473;1.341351516635157;-0.00239420166015625;-9.882965132251707
1478630024464;182.6459887764722;0.48670631684811616;5.886227655833914;1.050455950994091;-0.004339490509033203;-9.72060840067102
1478630024497;182.60922607530196;0.49700015243579515;5.5722972330086815;0.38741175613403317;0.03172317199707031;-9.284115195409953
1478630024531;182.5377019147336;0.5084612406446203;6.136849979410287;1.3034931663513183;-0.0389057724109618;-9.598055445220368
1478630024564;182.49426651531962;0.5000455065461827;6.35157212922651;1.4924854964325203;-0.105344873046875;-10.096049271801858
1478630024597;182.45578732646442;0.5109863326036541;6.529325887847886;0.9929951568161137;-0.20335750350952148;-10.130764757482707
1478630024631;182.4160639924628;0.5472726882103052;7.2791903890278835;0.939724151611328;-0.2576759628074709;-10.337414397872797
1478630024664;182.32974899374872;0.653461102404204;9.64286399706366;1.327285508816503;-0.1620575203052489;-8.688557824707031
1478630024697;182.22959299035023;0.7897456419954045;13.136289307763882;2.407968264903221;-0.051774610900878905;-6.145466456548869
1478630024731;182.2053674749235;0.8119607468518405;14.088380847574152;2.2111948890243656;-0.01945288848876953;-5.525667794036865
1478630024764;182.12115662526563;0.8291167973578125;17.416988141050066;1.6335938663758336;0.15637129592895507;-4.745008415222168
1478630024798;182.08539220467944;0.831003276003692;19.07249816515019;2.1677999656677245;0.27548281025541943;-4.999691909082234
1478630024831;181.97984785966096;0.802692341085495;24.011786397501023;3.659836622354202;0.4234744277732912;-5.319915796606242
1478630024864;181.91687027216346;0.7519225570913196;26.713239444091702;3.7841852884154763;0.16774375381469725;-4.651036000061035
1478630024897;181.87973063353536;0.6585250214042304;28.368256762739506;4.724358398503856;-0.18510172041740733;-5.73650746999532
1478630024930;181.90541009042872;0.4262407155461275;25.019958557677704;2.1880008960448203;-0.4873696571792476;-6.223577577972412
1478630024964;181.91144717283143;0.3450697078486689;23.538654610210617;1.3955202926635741;-0.43200377118759786;-6.0139352951049805
1478630024998;181.82444432651243;0.07338320563747276;21.87832178001059;1.0583867713928221;-0.2965817226603452;-7.078906121063232
1478630025031;181.71925418801936;0.003651620847760016;24.704296206563917;3.5583822174072264;-0.2980781119695581;-8.578723713949508
1478630025064;181.60733480166294;-0.04300228270291305;27.98773574142685;5.6655788804870095;-0.2982277363017027;-9.448118374456838
1478630025097;181.50789822366133;-0.08350262794338312;30.33006441252847;6.560262478692829;-0.39384618907872354;-9.494805379895121
1478630025130;181.4307914500484;-0.12188418875045647;31.900610814731188;6.947823726300149;-0.38202480011539297;-9.472210174792632
1478630025164;181.3795646601679;-0.1494067025874615;32.508401943088245;7.3630680767335;-0.18480244292659917;-9.939378408404439
1478630025197;181.3474672082011;-0.2218822067861935;31.157977303415677;5.783044253307954;-0.06524199067268055;-9.1497410656251
1478630025230;181.3352232563319;-0.2675724012159492;29.895483554232175;5.474491843148879;0.049081134889436356;-9.79737276082784
1478630025264;181.32023996933447;-0.32308788982019065;28.21402364907492;4.583848793604713;0.1629553459278075;-9.623642991406097
1478630025298;181.29004566088773;-0.38277926389551226;26.772486437971004;3.7799956547059117;0.28685529097404794;-9.8864071350649
1478630025331;181.2359413887352;-0.41856888209636256;25.968544934450655;4.029142210166994;0.37229835358771957;-10.664372890881449
1478630025365;181.16502748496274;-0.4429178378428142;25.338852394958273;4.8323967758178705;0.3500023551940918;-10.888380383709817
1478630025398;181.0762451174987;-0.49402384024349527;23.95622884193067;5.455188482666015;0.10594342117862543;-12.544120323181152
1478630025431;181.0257469323481;-0.5287235898482086;22.29622719072866;5.039944278363138;-0.04399345550537109;-14.046930777740478
1478630025465;180.95888697368622;-0.5363679838066714;20.824835144741158;4.627842171478271;-0.12719196319580078;-14.455740711212158
1478630025498;180.841442589191;-0.5319785171611656;20.4776945380454;5.884648405456542;0.0053869537353515625;-17.11644694366455
1478630025531;180.80076564381648;-0.5073902075282521;20.671062536724186;6.168361302185058;0.12434885100765386;-17.519720285797117
1478630025564;180.680817044439;-0.3943927510515572;21.296318406287277;6.372466993713378;0.27129297561645505;-16.063746401214598
1478630025598;180.59298323499343;-0.27309120188463326;21.62582642513846;5.773317882128804;0.09950900650024413;-14.078504312133788
1478630025631;180.54653655188122;-0.22727110567898176;21.455595825605247;4.733486319732665;-0.023642741394042967;-12.620285571233927
1478630025664;180.50289125443848;-0.19431207356725388;21.30740665423187;4.503792671026662;-0.04279635467529297;-12.434435959625244
1478630025697;180.46126422943937;-0.154740386042621;21.119910751711807;4.0156746614318335;-0.06494271546516102;-11.639112095642089
1478630025731;180.4147234516135;-0.11615451966449598;21.0648503568194;3.7539586751190943;-0.06838438948479016;-11.141567063140869
1478630025764;180.36287610037857;-0.07945398916555517;21.13275708350203;3.662080985481199;-0.07661445769157726;-10.747122193499655
1478630025798;180.2984824168628;-0.026995750672845962;21.38919328958614;3.7770027017013166;-0.019003975677490233;-10.678438533373921
1478630025831;180.20210351050116;0.051892035139183265;21.52820254374329;4.063409093563817;0.0037409400939941405;-9.69621770415362
1478630025864;180.13854921580753;0.07953482360419932;21.418320978647593;3.8090250575743614;0.019901800158404512;-9.547178248950093
1478630025898;180.06823509214797;0.10975082113731284;21.161582494597006;3.7116111053909173;-0.019003975784519386;-9.194333153743901
1478630025931;179.99509561080592;0.12862525605555625;20.850862473513224;3.464858671674889;-0.031872809600830075;-8.868871228569093
1478630025964;179.91648345532002;0.13246471242181934;20.51307489220721;3.2689830186706033;-0.042048166656494135;-8.68436771607343
1478630025997;179.83241891343988;0.1487974967172538;20.297957418487353;3.2794578518631865;-0.08379705810546874;-8.474725908130035
1478630026031;179.7242268583124;0.15684655421990248;20.19655850563629;2.9631238296508786;-0.3516483734020265;-7.672368857574463
1478630026064;179.66508373816558;0.1747259858140845;20.087754810176992;2.677914703015238;-0.46417586056252474;-6.735937025506794
1478630026098;179.6199953979498;0.18606354819448015;19.59202085011087;2.0476408237181603;-0.4188356369405635;-5.432294221551716
1478630026131;179.5661480061847;0.20086365541845438;18.836548909612535;1.5720926651000975;-0.28895020829353013;-4.1751884201049805
1478630026164;179.54215687933794;0.21293605413190528;18.05473175872374;2.0298340219359843;-0.2608183502031374;-3.372831588745117
1478630026198;179.54783524653382;0.19490454639920987;16.15830853943918;2.13981769723203;-0.2783259475597413;-3.0181904678344726
1478630026231;179.57532158103805;0.1443369650180302;13.22447333313064;1.868075845336914;-0.24854805527839344;-3.1488240959167477
1478630026264;179.61338099475833;0.06520759697898185;10.315931405550792;1.0531495283264667;-0.2956839016043639;-4.2980408927917475
