sep=;
timestamp;gyro-alpha;gyro-beta;gyro-gamma;accel-x;accel-y;accel-z
1478630078315;179.36632155990478;1.8081114109410308;9.205951490886788;1.8312649400130845;-0.3498527084571775;-9.320327860845998
1478630078349;179.36945215195817;1.8594218350482465;10.854325330514643;2.3937527838775887;-0.4149450843589846;-9.680655037169577
1478630078382;179.3662893933367;1.9181528467538598;12.325740672763036;2.498648744113184;-0.45025955884628927;-9.2461074997833
1478630078415;179.36234903241558;1.9807096734691725;13.784982219811512;2.8432641821045426;-0.4471171600341797;-8.807220663684234
1478630078449;179.36013548176876;2.056790961489037;15.037530505153281;2.625691115370998;-0.3350385971014038;-7.85432832987681
1478630078482;179.35719281683936;2.1537917341428945;15.982072952707425;3.0337528516907244;-0.24316111524277365;-5.980266834259033
1478630078515;179.37962762280307;2.208178635518247;15.612957245873119;2.6155155916352637;-0.14754265904081984;-3.825934252929687
1478630078549;179.47317303452374;2.0940412714967738;12.690492843488451;0.2932897033691406;0.04534019393920898;-5.396679887335002
1478630078582;179.48114929265915;2.0951599049303953;12.445864388024022;0.5904699844360352;0.04249707946777344;-5.6609398955747485
1478630078616;179.52293456125517;2.0517632090799087;11.292796212604033;1.2407950103759764;0.01810615005493164;-4.98338082575053
1478630078650;179.54499520354474;1.9654394258209205;10.209126235368517;0.30092122116088865;0.039354689788818356;-5.79082562789917
1478630078683;179.54688629363508;1.9098372516673972;10.229172113618091;0.5488708036560564;-0.03666119465483352;-6.7926493850708
1478630078717;179.52364985978252;1.858482131580412;10.912126111379077;0.9175777131896465;-0.14784193424833939;-7.249044076538086
1478630078750;179.443618219843;1.748814855387195;12.509775690033289;1.9310732217208482;-0.33473932646046156;-8.63588524205312
1478630078783;179.40710915906124;1.7021722881570547;12.95367483720387;2.248604267131421;-0.37843349990844727;-9.063549477065912
1478630078816;179.29915543043495;1.5353893888296517;12.999519277266252;2.808248873226903;-0.624437720489502;-10.156053512518108
1478630078850;179.23976278780606;1.4072479671667677;11.971424940052186;2.297835116400197;-0.6138134506225585;-10.369736229882761
1478630078883;179.13723748450877;1.1732089951739286;9.089862836192674;0.8292916731018573;-0.5009866973876953;-10.357615657043457
1478630078916;179.09527028369064;1.0954704569728781;8.274747106104009;-0.030825346374511717;-0.3274070861595217;-9.945812843632417
1478630078950;178.9387791745572;0.8541832705392717;7.698910720266211;0.09142850283198058;-0.12838906859245616;-10.780640943676605
1478630078984;178.80375952284373;0.7014839451308165;7.82324391301573;1.1101614553589374;-0.2807201446533203;-10.998812935284525
1478630079018;178.68463604857666;0.5052933066225727;7.605737518101467;1.5216648291656747;-0.44981064603501;-11.322029867144673
1478630079051;178.48989061655186;0.1774336742630866;6.219615916965544;0.5862801315307616;-0.32276831359310304;-12.550405102539061
1478630079084;178.36233212845102;-0.09471424117350458;5.956841316965457;0.3794809631347656;-0.04399345664701541;-14.6203420753479
1478630079117;178.22007165566365;-0.36084298242060303;6.276233034077198;1.07140525833212;0.12330138549804687;-18.18351269607544
1478630079151;177.968695777351;-0.7390409828245715;7.325785093906598;1.3103764458919176;0.28580782318115233;-19.530999317932128
1478630079184;177.79042863133083;-0.9370203904898766;9.499392622083827;3.980659535217285;0.33907881011962887;-20.814290823253987
1478630079218;177.62638976549778;-1.0736632167574134;11.368997179375086;5.360168750409037;0.25737668303337413;-18.701857355499268
1478630079252;177.50175202946787;-1.2367709586359568;11.521973032034152;3.961505921936035;0.4305073860168457;-15.86398020019531
1478630079286;177.38998300053325;-1.4390516456677385;10.491465138332003;1.8661306021538095;0.4261678955078125;-13.659519021606444
1478630079320;177.27649034822772;-1.6326225871393703;9.811935834743796;0.6156090288024395;0.24301146850585936;-12.36006607055664
1478630079354;177.1449241718884;-1.7997356361124974;9.912763184620195;1.0235212097167967;0.057161546369921414;-11.697171193639933
1478630079388;176.95737656149285;-2.0209557613616997;10.266193612009824;1.4073416998932138;-0.008230068206787108;-11.231050057928263
1478630079421;176.83438713044046;-2.131057710632003;10.632164891673384;1.6858172896232921;0.00987608184814453;-10.86443807484731
1478630079455;176.69221857074737;-2.2567790507521273;10.81725424708073;2.369062506191991;0.16699554752958937;-11.083806655828655
1478630079489;176.62399507793546;-2.3097362662834113;10.318128404684144;2.0437503373519514;0.2440589225990232;-10.552144688061624
1478630079524;176.5814245178613;-2.3411226710373696;10.013657655076084;1.6515502920620375;0.39968203471899283;-10.437521918255463
1478630079557;176.54841221771744;-2.3479507878813126;9.825399607715061;1.5406687135116197;0.5382464698570314;-10.713902791595459
1478630079591;176.5129613945014;-2.358114328968482;9.641617943895085;1.3863923440353012;0.6135141936813481;-10.16518162554316
1478630079625;176.48763814751229;-2.375104215827848;9.902999799711916;1.6002245346069335;0.6560112731491216;-9.834183392157032
1478630079660;176.47914002682913;-2.31564889544416;10.199889898185736;1.9800046998839824;0.5967547637939453;-9.694272040845407
1478630079694;176.4784015334325;-2.2661387284255428;9.967981381097712;1.7642273985599866;0.48632221221923827;-8.808267834649607
1478630079728;176.48261088773413;-2.104014882333024;9.369960848585826;1.1682208090851083;0.2889502128601074;-7.071574170739948
1478630079763;176.48659062524882;-1.8949710173070462;9.0481231200017;1.8746598633697256;0.10848726272583008;-5.6595937416628
1478630079796;176.5063300289759;-1.7740624537798322;7.565543898607184;1.4725837316650896;0.09771335525512695;-4.312705377960205
1478630079831;176.53837464584814;-1.6422351473209993;3.8741203383973115;0.46043488850248976;0.039055414581298825;-2.391657820892334
1478630079864;176.5555769987015;-1.571558915771966;1.627758033656752;0.3646668312293943;0.023792378997802732;-2.168697791290283
1478630079897;176.57780801657853;-1.519009833998459;0.22610013181421149;0.4929062576515134;-0.02079962692260742;-3.5476083099365234
1478630079931;176.63482301136438;-1.4986990714344757;-1.4653096766392864;-0.2721908103721682;-0.04144961624145507;-7.611017147772014
