sep=,
timestamp,gyro-alpha,gyro-beta,gyro-gamma,accel-x,accel-y,accel-z
1478632209204,74.4257963237476,1.071402685391717,26.468993560320424,5.746383405712992,-0.17118541984281618,-9.270498283065669
1478632209238,74.38831014264967,1.0119849613424952,25.67123998205592,5.0450316646300255,-0.086191259765625,-9.193584518200531
1478632209271,74.34199676824815,1.0120836638169204,24.607917201566234,4.628440612295456,-0.05491700057983398,-9.001749493773001
1478632209304,74.28483633072571,1.0213225495122573,23.26008864272948,4.225317017364501,-0.04878185882568359,-8.92543386833095
1478632209338,74.19690865805963,1.0357492124075336,21.445359728319175,3.6424786192188736,-0.058807587410742414,-8.838794051947072
1478632209373,74.14049465175854,1.0311763112361696,20.68125373109005,3.289184149977099,-0.07616554944687523,-8.790460996334813
1478632209405,74.08538555541251,0.9972355521490086,20.43121145998399,3.1552584215468724,-0.09995791931152344,-8.988581165446433
1478632209438,74.02815096875129,0.9557022810339371,20.63266373321494,3.5514989333000497,-0.12569558944149176,-9.247753499724926
1478632209471,73.96767967357687,0.9171567405567109,20.809348536810692,3.910329824917577,-0.15532383184640347,-9.41325286757974
1478632209504,73.90322384257054,0.8936135523982751,20.89412439733261,3.9013516417572274,-0.17342998275756835,-9.618855026477203
1478632209538,73.83474203889253,0.8741733966385615,21.061480148663836,4.091989875881932,-0.1376665908924071,-9.541641986404546
1478632209571,73.72454024178393,0.8829166548615153,20.424857265609337,3.7107133163009767,-0.09576806640624999,-9.31374368754956
1478632209604,73.65471804441154,0.8726508115365973,19.91307030182009,3.3849522255165034,-0.06359598159790039,-9.106345813474897
1478632209638,73.56119402010783,0.8615938660133835,19.612505416298546,3.347991609523678,-0.047884033203124995,-8.926930637094191
1478632209673,73.5102112926218,0.8770992330412706,19.526941188840677,3.3179146109981694,-0.03561374969482422,-8.893112392514013
1478632209704,73.46391560870644,0.848639249950369,19.622717164284502,3.1676784065910146,-0.03696048812866211,-8.95700750318896
1478632209737,73.42334309557697,0.8156574952507991,19.91048212765159,3.3176154453885043,-0.05416881256103515,-9.170989692123955
1478632209771,73.38263217854497,0.8006406750874281,20.198643686108863,3.588459266165085,-0.07242459565314929,-9.342174859663379
1478632209804,73.34412839554173,0.7911635085685285,20.32366668230094,3.577835142428614,-0.149188689806842,-9.550320930889994
1478632209837,73.30810928811644,0.8230499951233156,20.304552944074057,3.5121441613128406,-0.17372925568179926,-9.595960107775777
1478632209871,73.25857199176534,0.8615115238541539,20.511123486571755,3.2363620210509745,-0.14215572357177733,-9.324816696697846
1478632209904,73.22408455155393,0.856819192018415,21.559565192843902,3.6418798952738984,-0.14619593830246885,-9.0607065589573
1478632209938,73.20629312547062,0.8600238085122206,22.263838095233204,4.00684598801108,-0.15682020988187867,-8.99785867861323
1478632209971,73.19879053655279,0.8721284243662139,22.446802838940112,3.9782653883560557,-0.16699556122932116,-8.95865394608858
1478632210004,73.18259718582675,0.9102972486876931,22.801075907006613,3.9929297821929675,-0.09576807097282726,-8.910021359540474
1478632210037,73.1780092209756,0.943632046074475,22.700678590423742,3.9454948444642124,-0.06299742204970679,-8.829067498104832
1478632210071,73.18237317372828,0.9765241080152428,22.47835136409535,4.006846152407862,-0.05386953735351562,-8.878148851333744
1478632211904,72.82288792210362,-0.32212171651278915,13.963391297023719,1.7124526643615214,-0.025139121998217887,-9.026738991867191
1478632211937,72.84020593704172,-0.20001217352039297,15.700088162305567,2.8191725644318386,0.09801263046264648,-8.75305163192749
1478632211972,72.84682703554905,-0.1121945435528088,16.44278651067238,4.281281481170654,0.1177647987255128,-8.976610175411961
1478632212005,72.88046439729715,0.011642319444833295,16.643475049479818,3.941005497155711,0.16639700710393807,-9.415048402377137
1478632212038,72.93175718860766,0.1482212356038743,16.68803237701757,3.4826657360352575,0.019003977960778864,-8.961945872906595
1478632212071,72.98924455265258,0.34765379577496136,16.381468090265937,3.0711621430328115,-0.05162497386794129,-8.874557512310892
1478632212105,73.0305353122553,0.4667476280403149,16.08765549179739,2.8878560784270983,-0.07332242698392946,-8.915408687735162
1478632212138,73.08132101410317,0.5679987754620648,15.779767977871263,2.6423007569575914,-0.11058218689517815,-9.01880808927007
1478632212171,73.11988498539637,0.6538580269841819,15.576127770786709,2.634669306808269,-0.19826982498168944,-8.93501066583842
1478632212204,73.190072910499,0.7286566595292616,15.634250834251018,2.764554857325833,-0.13841478119449457,-9.356540106156933
1478632212238,73.24780570794124,0.7609754930463036,15.816484323391052,2.987813997738622,-0.144699565118982,-9.393799568099016
1478632212271,73.29674052448598,0.8089759820373033,15.958810803980375,2.903119278407376,-0.1921346786609618,-9.508721795775788
1478632212304,73.34848689867769,0.8834492561025495,15.896460347963288,2.6867432278081718,-0.24046762924194334,-9.44347980852804
1478632212337,73.39556697858202,0.9569865587799945,15.783973714586585,2.5154082287995143,-0.25483283920288086,-9.43285508428666
1478632212371,73.44484181584066,1.0004971880238676,15.974381231638684,2.5213936050857417,-0.2466027618629392,-9.376890687837522
1478632212404,73.52650981212254,1.0227128704639332,16.507027466047386,3.136853160681203,-0.11971009214096702,-9.58398939173594
1478632212437,73.56652314014723,1.0316362802423082,16.221199435892455,2.74629886017541,-0.16714520454130252,-9.384372442444635
1478632212471,73.60328592360462,1.0397454024245787,15.864993417243989,2.6010007737533187,-0.22625205231818835,-9.682151678068657
1478632212505,73.63852313506062,1.029748909845684,15.790531585096753,2.723404466059548,-0.2642600082397461,-9.802011526544392
1478632212538,73.67535403921669,1.0458608800733624,15.699365983418692,2.761561913454393,-0.24690204620361328,-9.634117915930226
1478632212572,73.70444665843215,1.0825051100612464,15.274876603869298,2.2978350068023428,-0.24765022965583483,-9.043797313369623
1478632212605,73.74815150093634,1.0778014085151864,15.078898438519225,1.8091187025208024,-0.2193687362449709,-8.61089576222524
1478632212639,73.77757330573493,1.0550224046029795,15.406820021009269,1.8659809188842773,-0.17642272655584237,-8.636334008733927
1478632212674,73.79692425805685,1.0235914778200126,15.815671178231952,2.0112789590697733,-0.11507131729125976,-8.694692820330708
1478632212707,73.8155599948724,0.9682492756198469,16.229482972064556,2.2447135478697717,-0.07511808622055687,-9.186402260279934
1478632212740,73.82405842982564,0.9009922240556576,16.737122909649546,2.9896097403152844,-0.06389525680541992,-9.719710333019867
