sep=,
timestamp,gyro-alpha,gyro-beta,gyro-gamma,accel-x,accel-y,accel-z
1478632282292,67.64131808030417,1.6107696072780568,-5.856839824776786,-1.0108020191054383,-0.2853589092282287,-9.628880261871917
1478632282326,67.62426970353715,1.6231471726584037,-5.724269549292393,-0.9071031722580082,-0.2445078513933229,-9.665691569054545
1478632282360,67.60706088485666,1.629554824922635,-5.512125495962526,-0.660201144320704,-0.22939444199714343,-9.674669825280132
1478632282393,67.59062259061554,1.645279313401812,-5.535144449581665,-0.7827543235336429,-0.27084406052188714,-9.65297208047402
1478632282427,67.58331915663287,1.6680304020238388,-5.7943256827133975,-0.9168295662700431,-0.2787748466712888,-9.63905560066127
1478632282461,67.57837018384,1.6907485859528366,-6.099774742915284,-1.0401309549076119,-0.31379005051765124,-9.697265112581011
1478632282495,67.57484548365991,1.7116875370922269,-6.377762822706203,-1.1700164146644527,-0.333093301402661,-9.741108884923879
1478632282528,67.57266506954907,1.7300839459260677,-6.546015272257573,-1.3102268585205077,-0.36750995940056164,-9.91139641396338
1478632282563,67.56639695901065,1.7239988762839846,-6.506745025449377,-1.2000935638870112,-0.38037879789047874,-9.999982021519635
1478632282597,67.55977382995273,1.738221590785512,-6.489288234726292,-1.0793360062364372,-0.36915596847534177,-9.983821032449416
1478632282631,67.55633567551978,1.7588497018513738,-6.564622476300637,-1.1566986839128541,-0.3437175804027589,-9.923816024548188
1478632282665,67.54781757766607,1.7930583500334445,-6.619932721511003,-1.1408371036225404,-0.38950667345351536,-9.818621273162261
1478632282700,67.53070459005501,1.8330786335162759,-6.483219963708833,-0.5258265396118164,-0.35613751064797394,-9.460388310905266
1478632282734,67.52473693243529,1.8476680974774211,-6.619649991128598,-0.181959326171875,-0.26126724703139625,-9.274389335687458
1478632282768,67.53083208091205,1.8894154365548073,-7.275099089857267,0.12240355987548827,-0.17298106994628906,-9.01327127873525
1478632282803,67.54836207154746,1.9419942500785428,-8.445733272843164,0.17462708358764648,-0.1572691032852046,-9.02958221593648
1478632282837,67.58196588632137,2.028003283076728,-10.530058344673597,-0.0056862289428710935,-0.18614917907714842,-9.646687225767586
1478632282871,67.67244746031737,2.220822717374519,-15.040649086840427,-2.89219560546875,-0.5611410323654301,-11.166257413891703
1478632282904,67.75012352321555,2.415611243554003,-18.157077812822713,-5.66273583908081,-0.5883750762497074,-11.405677287646382
1478632282938,67.69545146656247,2.4615299343125794,-17.674040158284384,-4.817133594103902,-0.35883098751564974,-11.59347262649536
1478632282971,67.69008054599516,2.457252945405773,-16.770948733763742,-3.467701683398336,-0.13242927932739257,-13.467533975982665
1478632283004,67.6752348628418,2.529757631905396,-16.945074940239657,-3.894468421582132,-0.3344400535362307,-13.233351418359577
1478632283037,67.65751732983004,2.60260421052809,-16.266603144365387,-4.733186898394674,-0.824203921508789,-12.082787590789794
1478632283070,67.65510859569612,2.620943326703531,-15.080464331997105,-4.475361307116597,-0.8301894256591796,-11.08096368748769
1478632283105,67.63555584188572,2.6421352518475874,-14.054651444984534,-4.467430660247802,-0.7333738960266113,-10.107122417947464
1478632283137,67.55471201290437,2.5612304896125755,-11.0851309069865,-4.426280465344339,-0.6694786209548823,-9.496002617722516
1478632283171,67.53369666271796,2.4895828324180584,-9.375450294194735,-3.616291970062256,-0.4661211311450926,-9.959878942782618
1478632283204,67.4280122041262,2.273276638890609,-4.350062177318692,-0.9159317543472163,-0.24989481654511764,-10.552443671008199
1478632283238,67.38186185747065,2.1636209848634365,-2.432804172820202,-0.3640683082138188,-0.13826514587402344,-10.836306570666656
1478632283271,67.36164191742118,2.115150834611912,-1.8747887511816352,0.2570774032592773,-0.27413610835419966,-10.55902809089981
1478632283304,67.32627420837424,2.0811736301524064,-2.243454482254369,-0.5165489899124018,-0.35643676238043226,-10.218153154611029
1478632283337,67.31015082562052,2.026790542797106,-2.2857490931811184,-0.8551789054870605,-0.5576993674789555,-9.832687143983598
1478632283372,67.27872117986368,1.9677004573770096,-2.466354710771664,0.44592005920410155,-0.5571007987976074,-9.690381581878661
1478632283405,67.26756111385238,1.8841632548076461,-4.734940360694183,-0.7999626017294212,-0.5693710640395991,-9.082104430334269
1478632283439,67.26270105588571,1.8325270337911537,-5.639774948257674,-0.6872855323349125,-0.5755062423263676,-8.900744166034087
1478632283473,67.276347380693,1.7463271401931806,-6.569260613695681,-1.0299556084121577,-0.6902782661437988,-8.530241532190143
1478632283507,67.27880502731816,1.6268071031624047,-7.360033383801569,-1.1997942795463372,-0.5409399375915527,-8.386738777923583
1478632283540,67.28699229701051,1.4822116212989442,-7.893018231523176,-1.0112509627411141,-0.4203320289611816,-8.309226645306497
1478632283573,67.29711380397869,1.3250782434130621,-8.803538260025393,-0.704942824377492,-0.22550386729620586,-8.651148496832326
1478632283607,67.30834708259474,1.1824985275161646,-10.516743091508877,-0.9190740892272442,0.005237316131591796,-9.003096140875295
1478632283641,67.33796352807184,1.0556688930911,-13.09582051993987,-0.8761281700134277,0.15472528228759766,-9.595212111553224
1478632283675,67.37947320508249,1.0069487998687627,-17.16570730618995,-0.7870939419068396,-0.0032920272827148436,-9.105298295449652
1478632283708,67.55011188556138,1.1114844721427748,-27.302486578972253,-1.6160861206054686,-0.462230558013916,-3.7831378982543944
1478632283741,67.60462665911469,1.1396938126385139,-30.60888323646604,-0.7694368507936596,-0.321122297668457,-1.8989011917114256
1478632283774,67.61664758396414,1.1397139027312513,-31.766610324294923,-0.6630442222595214,-0.18540098877506098,-1.5643115097045897
1478632283807,67.59813916796834,1.091938502049666,-33.8190719112392,-1.7393875061035156,0.08828618621826172,-2.7865514572143555
1478632283841,67.54764429555988,0.9814823443868723,-33.37142435220924,-4.8644194422181695,-0.32606033859252925,-5.90065977518931
1478632283874,67.43318896514366,0.9195319387675025,-31.617240274587484,-3.3662472419187424,-0.08304886552009265,-8.698733181762694
1478632283907,67.39181761690485,1.0361981071627613,-31.864341586014223,-2.6517282684877514,-0.23567922592163085,-7.806892990289255
1478632283940,67.37518605024515,1.1790671296377326,-33.35947094961585,-4.821772542483545,-0.22221184386654058,-7.716212492812983
1478632283974,67.29106472663034,1.368643371454974,-33.50694533587912,-5.1900308862657285,-0.10519524457626976,-8.314314168570702
1478632284007,67.22619671951811,1.5507984720385009,-33.15278758071227,-4.023904948834329,0.014065934753417967,-7.833528593356348
1478632284041,67.18913572088283,1.7695627713895803,-33.707938671133675,-4.137778726904094,-0.10549451065063475,-7.0446389636717734
1478632284076,67.13224414951169,2.044337220449928,-34.214752266882606,-5.079597914565913,-0.26366143955839794,-7.374440607684478
1478632284108,67.0993364275524,2.2316534290392145,-34.640468330395144,-4.471620586218312,-0.3874117532799224,-7.040748312908783
1478632284141,67.07477832595613,2.4234958235190427,-35.149424482151986,-6.07513696544487,-0.48722005154152864,-7.319972300720214
1478632284176,67.04311312773766,2.666199973473824,-35.47890571731893,-5.063437455218658,-0.3968389160377439,-6.60455462488383
1478632284209,67.02069538056712,2.7752528675894244,-35.814197309007675,-6.035482872584368,-0.27189152603149414,-6.638073740386963
1478632284242,66.94650403975699,2.9510979675693214,-35.00741291730615,-5.372588671521097,-0.5642833992114988,-6.931662865094095
1478632284276,66.9123565366368,3.064488226143472,-34.921565865354125,-5.8111761410810985,-0.3821744400024414,-7.455394514785893
1478632284310,66.91425244328616,3.2234274835330377,-35.61022986009423,-5.978471438742242,-0.8897451919555663,-7.657255477861035
1478632284343,66.93318479566899,3.4021581793102293,-37.10385753125614,-7.742099834796041,-0.5948094795116455,-8.362497193853557
1478632284377,66.95717579231186,3.4445432977330306,-37.629439296204396,-7.684638994952291,-0.7993640610183589,-9.021651276806741
1478632284411,66.97852273651675,3.519669284057571,-38.212135291244024,-7.923460464422404,-0.6893804405212401,-9.734374745123088
1478632284445,67.02174399228673,3.5409052680922772,-38.125096281505236,-8.919298717443645,-0.4300584549392573,-10.235362027032673
1478632284479,67.01939868230576,3.5516022247571195,-37.32484259700538,-7.658901765497029,-0.48407766642915084,-10.373627172906696
1478632284513,67.02497057968766,3.542869308121321,-37.00868383445095,-8.161235055188088,-0.5758055152505985,-10.03290234914571
1478632284547,66.99223421834321,3.487724448841262,-35.77127144465178,-8.646808933258056,-0.6266822662795893,-10.324396109008788
1478632284581,66.8603089526209,3.3341594702949986,-32.72688158863982,-6.674884444781393,-0.64598554913064,-11.6991170670107
1478632284615,66.77620636260264,3.21194307254123,-29.448319871030623,-5.797409755529835,-0.9549871871948241,-10.92145000187978
1478632284649,66.72032706139922,3.1379040560547735,-27.84334878758061,-4.411166994299367,-0.9738415252685546,-9.964517964227497
1478632284683,66.65786410632332,3.2031392299339716,-26.87196835847635,-4.104559398065135,-1.0957961723327636,-9.840019185638427
1478632284717,66.62935938260512,3.213129560199155,-26.49002708820537,-3.357568626226857,-1.1273697067260742,-8.888922457410349
1478632284752,66.6044114601091,3.2239052404786914,-26.28867764210405,-2.7377695983886716,-0.9267056800842285,-7.832031888525187
1478632284786,66.58461043162521,3.2299888188969126,-25.80448077129238,-2.7014075145445764,-0.6787561706542968,-7.049128237915038
1478632284821,66.54055213286159,3.1765503779435207,-23.938840371432384,-3.134458812890574,-0.1158195053100586,-6.343437590844929
1478632284854,66.5265672129709,3.1373620244982816,-23.186745825660402,-3.4485482162475583,-0.051475335693359374,-6.52479807434082
