sep=,
timestamp,gyro-alpha,gyro-beta,gyro-gamma,accel-x,accel-y,accel-z
1478632248678,72.76525538992536,2.1486160860425567,6.066319286210886,1.0087071006443118,-0.4031236862624995,-9.755773051466543
1478632248712,72.77861864226035,2.1761712158255686,6.126632738530207,1.0081085525125615,-0.4194342170383548,-9.732279960234345
1478632248746,72.79294403505223,2.197864729855976,6.226807806237209,1.055394011896939,-0.4067149887527339,-9.75173273341704
1478632248781,72.80940133297814,2.2179142832426932,6.339126230770302,1.1007342086902585,-0.3926490882486454,-9.744101484197117
1478632248814,72.82465853416181,2.23006132728529,6.423335401613758,1.2173019157188478,-0.38067807852080876,-9.68604190413996
1478632248849,72.8400248430777,2.2394190732570745,6.417639937517093,1.211017108961474,-0.3688566909845336,-9.716567872558965
1478632248883,72.86712946053636,2.250622733545898,6.3376991020594655,1.1357494034034665,-0.36047699202385264,-9.642796833016211
1478632248918,72.88572062206323,2.2611456032595725,6.261021113238082,1.1833341522659175,-0.38277298470925886,-9.60074859329448
1478632248952,72.89742170182168,2.285754407934112,6.1523245759353475,1.3910312010833992,-0.41524436184979274,-9.465625700102095
1478632248986,72.9133294530133,2.3260997103454324,5.737310572252097,1.7839795120239257,-0.401627339622243,-9.327959524768218
1478632249021,72.95878983616508,2.3875162758012114,3.9162446605813654,1.6253636520385741,-0.4975450325012207,-9.826701639833207
1478632249054,72.9956241220328,2.4239472027141042,1.891263877874626,1.1053729789733886,-0.433200846901501,-11.216086297552287
1478632249087,73.03297635418538,2.468149919381966,-0.29990158822747204,-0.09891045608520507,-0.49155952378425277,-12.22224954523295
1478632249121,73.05498174941725,2.4271703369446467,-1.2845272292611472,-0.02319382858276367,-0.5319616996322758,-13.142820375823973
1478632249154,73.0702780158271,2.3124446564462646,-0.09314877602137554,0.85727382737312,-0.6693290016174316,-13.853598701421916
1478632249187,73.08303597089943,2.182583631616924,1.3715613249854406,2.263867270748876,-0.6868366012573242,-14.247444874517619
1478632249221,73.13273797244304,2.0930066074022577,1.8971239115772676,1.3007996894836424,-0.5876268699645996,-14.395885377447307
1478632249254,73.16505015878323,2.0613104351833997,1.1756985704647465,0.2683002144081052,-0.6777087074279785,-13.435361891174315
1478632249288,73.20564101312326,2.0062442417459745,-0.5613944522808431,-2.4313118224212897,-0.6914753669738769,-11.820023958587646
1478632249320,73.21874947512092,1.9437446862486871,-1.4929244921001485,-2.3846248169830067,-0.6512228515624999,-10.488847908606006
1478632249355,73.22156830563583,1.8628561711510152,-2.5310149816112895,-2.876334056002833,-0.4698620666725095,-9.781510823202854
1478632249389,73.21071208398509,1.6533240449438966,-2.8018182579383124,-2.5260323890686034,-0.6079775658096186,-9.333046837969869
1478632249421,73.20151420162246,1.4608047656426666,-2.0192795650810553,-1.7456722489288077,-0.3242646873474121,-9.312247612906061
1478632249455,73.19409318910355,1.2625426229631889,-1.148288313861623,-1.1933598717178218,-0.23373392908124369,-9.26765560698565
1478632249490,73.18456143240897,0.9581540686088156,-0.1244684408775178,-0.37693712158756093,-0.017657228110497816,-9.563189892677496
1478632249522,73.17879378848431,0.7861975194932742,-0.4083960780539425,-0.6178536659240722,0.06628944933242165,-9.179219308239594
1478632249555,73.17027588793745,0.6172221695793121,-0.909714380480557,-1.1094132125412113,0.08155249404907226,-9.030479749298095
1478632249589,73.15133001505981,0.42522699849200857,-1.1621903949346248,-1.1167454551254399,0.04055179061889648,-8.979902385357766
1478632249622,73.12150516992452,0.22447005118763314,-1.2081059296319987,-0.979228442471288,0.005985504150390624,-9.136572883429006
1478632249656,73.05424398253757,-0.04012944650840365,-1.993152079298173,-0.7785644523620605,-0.013617021942138671,-9.06250248876363
1478632249690,72.99400483523065,-0.1890562095742729,-2.699899203507841,-0.543932689666748,-0.006135144037439022,-9.06025741325058
1478632249724,72.93241084616007,-0.3080970571428858,-3.689974379700382,0.076614453125,-0.01780687484741211,-9.247603912353515
1478632249757,72.8679074449913,-0.37083989430578024,-5.80116178750866,-0.3582324234008789,-0.016759416187671013,-9.112032535608112
1478632249791,72.79901475175839,-0.39863851884679447,-8.34981574553771,-0.46941323605962093,-0.055066638183593745,-8.475324093218893
1478632249825,72.72386218230545,-0.4028300419932458,-10.588559610032135,-0.31498715591430665,-0.22355858001708984,-6.8499605873107905
1478632249859,72.63863900633851,-0.41076837638601055,-12.146961296173226,1.1745055519104004,-0.17043723981552755,-4.789001870727539
1478632249892,72.57736627775563,-0.39081668408274817,-13.827158960802352,2.0239980823241175,-0.23478139116591773,-2.756773574066162
1478632249926,72.5026059424479,-0.41766809695831664,-15.672021874292701,0.8150760276794433,-0.015861590565112417,-2.257881803131103
1478632249959,72.3848725026626,-0.6301606532201444,-13.900174737581965,-1.3729250875610857,0.21383213577270507,-5.450998629760742
1478632249993,72.28608867684636,-0.7757500349305971,-11.076597508036397,-0.5681739814758301,0.15098434561853646,-7.840112757519632
1478632250027,72.20536400109417,-0.7881118034786114,-9.753342814438206,0.016759411621093748,0.1481412311471009,-8.623764815344288
1478632250060,72.10345758789397,-0.6737338716651067,-9.740394687502109,-2.682553322601318,0.01092354507446289,-10.014646378823928
1478632250093,72.02597355823323,-0.5773534783047798,-8.631565261068719,-1.4148235526817383,0.17791911087036133,-10.186131182330474
1478632250128,71.93905957956979,-0.4299368189357308,-7.838539978493237,-0.15412665880732238,0.15023615874138194,-8.863633674975484
1478632250162,71.90197757778259,-0.2487278124834762,-7.792966734270789,-1.4038999345420393,0.05506663704194943,-9.092579208727926
1478632250195,71.84769267855394,-0.029278021430705542,-7.8424784943251895,-0.9280524550506845,-0.029328970336914062,-8.327781708172708
1478632250229,71.8092022829294,0.16795672614581567,-7.9067934974553165,-2.3862708671569823,-0.07317278823852538,-8.988730711718649
1478632250264,71.76776395494385,0.36073890609569026,-6.6251230290734595,-0.6105214598724619,-0.1625064331165282,-9.487622628784179
1478632250298,71.73380280594155,0.7033397281787346,-6.538729918843993,-1.332373205610644,-0.006733692169189453,-8.660874794946238
1478632250331,71.7311945910636,0.8998416061715456,-6.075670436185,-1.8140566703796386,-0.05401917495727539,-8.254010515649616
1478632250365,71.740014312515,1.1306266531468374,-5.331842485872491,-1.9620482604980467,-0.2477998763927491,-8.628104086657613
1478632250399,71.73184248893898,1.219219097755843,-4.039172694450248,-1.1538555625915528,-0.17941548690795897,-9.974094716069194
1478632250434,71.76268798740007,1.3584748008138103,-3.358239360646526,0.1605611488342285,-0.5163993705749511,-10.188974333334528
1478632250468,71.82696342101853,1.6457469296698006,-4.868712150673811,-1.6367361099243163,-0.9057564155578612,-10.017489548094291
1478632250503,71.86676747514836,1.7907092011718608,-5.941894622251929,-3.4677018295288082,-0.5472247169494628,-10.752958060046284
1478632250536,71.93132267298313,1.861801314286761,-5.204377609238568,-2.798971378326416,-0.6072293960571289,-11.594071030779928
1478632250570,72.03274490271264,1.878375955836451,-2.5286638785887647,-0.6459855536972172,-0.00718260498046875,-14.943559299468994
1478632250604,72.06104161357028,1.9045993475556549,-2.179014702000941,0.5181950218200684,0.13198036651611328,-15.602264031219482
1478632250637,72.20752201615677,2.081602652664289,-2.7518002479063353,-0.5767033248901366,-0.007781155395507812,-13.905074037115275
1478632250671,72.28731490571408,2.1248834997672335,-2.46288594078613,-0.7046434761047363,-0.2712929847496096,-12.75914985204488
1478632250704,72.3716378510802,2.1000887815673592,-1.0566067486100639,0.51774609074248,-0.39220014803790254,-12.633005352075397
1478632250738,72.52230498900448,2.1056470691962166,1.308398687325213,0.6019920981918462,-0.4783914283531252,-9.701903485571918
1478632250771,72.61425080327095,2.0764543903130455,2.6918361397170227,0.738611193891894,-0.46956280973129905,-9.476100350631587
1478632250805,72.69753217746454,2.045122663416082,4.030756929667467,1.567304261779785,-0.4779425064086914,-10.104428941079787
