sep=,
timestamp,gyro-alpha,gyro-beta,gyro-gamma,accel-x,accel-y,accel-z
1478632729822,36.9511716719579,1.0359132912911284,-25.292041322828066,-4.019714840200729,-0.19677345351066905,-8.85719953429174
1478632729856,37.03892008764412,1.0793213431962807,-25.536008722380515,-4.156034866189235,-0.1777694726957794,-8.769661369412205
1478632729890,37.097676515185775,1.1091361348548399,-25.72099732700389,-4.263923455202439,-0.20874446523638324,-8.763825804259675
1478632729923,37.15475885142126,1.1278874731739683,-25.81652864180384,-4.266167971309775,-0.1846527984729735,-8.852410859260079
1478632729957,37.21219307396345,1.1674101862352892,-25.902910982672825,-4.227860888594458,-0.2674023933521239,-8.88757566874416
1478632729990,37.29949951948616,1.245645708447629,-26.09016780790587,-4.32243195463533,-0.28805237810439427,-8.853159051845456
1478632730023,37.35790199488972,1.2950615722416845,-26.207820023362938,-4.373458277052711,-0.2835632499916013,-8.743324973053973
1478632730057,37.41596661996911,1.3337540851724372,-26.308517639570265,-4.370016657832008,-0.2543839218250243,-8.689904791469731
1478632730090,37.47293461464921,1.362287891321783,-26.385213582329268,-4.397100904282322,-0.24226328505363778,-8.763376446207111
1478632730124,37.55783581134616,1.3940341141686587,-26.45605429479044,-4.362983565445247,-0.2513911731747619,-8.763077459835603
1478632730157,37.61496192782712,1.4131763277897273,-26.487518492145792,-4.3537059638010165,-0.22999299812040408,-8.724769969553266
1478632730190,37.67285168070666,1.4239405626736794,-26.55415977449689,-4.337694939986476,-0.2232593116594362,-8.705766281570144
1478632730224,37.730156646304856,1.43572431692578,-26.64304293891113,-4.474164288484911,-0.25692776565551756,-8.695141673776483
1478632730257,37.78448932635666,1.4448806466753903,-26.660287600969532,-4.47012415081521,-0.2494458811863631,-8.684966645514383
1478632730291,37.83283247614723,1.4538530772530383,-26.659767779363943,-4.286817972045066,-0.2540846420509275,-8.77295362159885
1478632730326,37.88710076533583,1.4639808578031472,-26.752615149808623,-4.37330863944895,-0.25273791817305463,-8.761581107772537
1478632730360,37.93827382547276,1.4796804001805124,-26.876903524280504,-4.527585068290773,-0.28850129091567356,-8.72087938043907
1478632730394,38.00653597554294,1.5047849872717094,-27.00557382769489,-4.3828853364917215,-0.2893991279546753,-8.691999553525587
1478632730428,38.07582720728187,1.5389436247074502,-27.465820324917033,-4.1509470186980435,-0.2657563845627548,-8.663269279734184
1478632730461,38.12855854798101,1.5784952066143705,-28.203500757276863,-3.9881415615357456,-0.23014263914909677,-8.683619623952755
1478632730495,38.1881137380129,1.635399526508628,-29.49187452896714,-3.4232593150816855,-0.22131402052727062,-9.314192865222319
1478632730529,38.294963255543074,1.7115140102844193,-31.537585903419924,-3.937413975469768,-0.21996727752685546,-10.278756347601115
1478632730563,38.52155033928649,1.8501272072565766,-35.68547186435615,-7.6850880538940425,-0.43140519337309524,-11.157279011535644
1478632730597,38.563772291591214,1.8355402515695078,-36.44594788777585,-10.595240171813964,-0.3907037971164798,-12.73984660115987
1478632730630,38.61512146553682,1.7216238050407435,-35.55630318955598,-10.934318981933593,-0.14993687896728514,-15.733795484924315
1478632730664,38.626634955427136,1.7198589676559093,-34.960244595777624,-11.572373724365233,-0.49155952835083006,-14.259565812683105
1478632730697,38.605204633724846,1.689840983192192,-33.31876498178233,-11.725901905822754,-0.8900444671630859,-12.727426387786865
1478632730730,38.534273554436055,1.6763292138246926,-31.32472151824845,-9.001300416564941,-0.7893383780990727,-11.85638589630127
1478632730763,38.526350913021496,1.8439924678172974,-31.501272526584902,-7.307701871081441,-0.9786299285888671,-9.357737334851175
1478632730797,38.53928097155431,1.9403714468491349,-32.20116534233864,-7.454347015026956,-0.9810241667816415,-8.794650630044378
1478632730831,38.579979237413845,2.2563948497490256,-34.03490323988521,-6.287622618512064,-0.9316437210083007,-6.985831604589894
1478632730864,38.68754962284591,2.6875753159203084,-38.09586629701342,-4.601505953216552,-0.031573534393310544,-6.259191327667236
1478632730899,38.76296936912653,2.883322229652227,-40.476615798876736,-4.431367851611227,-0.1466448516845703,-5.025130009460449
1478632730932,39.09516194040272,3.4250712870405025,-48.9790045133588,-5.719448637036233,0.05461772537231445,-3.5040637672424313
1478632730965,39.277805019491964,3.681409728050247,-53.591021180794726,-6.0363810817994175,0.055066638183593745,-2.943671233423054
1478632730999,39.427828412066305,3.910451575925122,-57.040493318745355,-6.422296169634908,-0.07646481552124022,-2.8459575859069823
1478632731033,39.500529930319196,4.02598345026568,-58.46068740741989,-4.952705409240722,-0.008379705810546874,-2.4588451049804685
1478632731067,39.59112270364673,4.1222526949665905,-60.30723395901471,-4.1515453864499925,0.029328970336914062,-1.890371848297119
1478632731101,39.70555281660688,4.181080207285511,-62.30061072600388,-4.817882220514118,0.011073182678222656,-1.6588824752807616
1478632731135,39.786626910070666,4.196489307423049,-63.83161233292274,-4.566341116333008,-0.11611881705019622,-1.9051859710693357
1478632731169,39.84436379734673,4.1850233033561945,-64.98474402784382,-4.4611455886289475,-0.5506664001022465,-2.4533083675108847
1478632731203,39.86599456714454,4.144697513590129,-65.39359159776748,-5.443965370123088,-1.2955623368194327,-3.403357586846873
1478632731237,39.65947922953544,4.050740385240673,-61.70056038447201,-4.975001119939982,-1.7853262504577636,-5.389647212219238
1478632731270,39.55448480195544,4.0090438204364975,-59.65911863870014,-6.540809444073587,-1.5728408531188964,-6.819134948675334
1478632731304,39.43547302276027,3.9735232417951596,-57.48878247180515,-8.063521517269871,-1.2478280142853035,-8.369231178283691
1478632731338,39.4067391001945,4.0247757616091215,-56.81650256223906,-7.269244860784709,-0.8939350083282217,-9.15228505101949
1478632731371,39.50171212965775,4.134717542114434,-58.36308796233389,-7.621940912042185,-0.689380447371106,-8.029404180145264
1478632731405,39.644062369081645,4.249107465107195,-60.362946943626746,-6.564302401733398,-0.44861351780546826,-5.871181021118164
1478632731438,39.872457804093955,4.334348194941985,-63.47090386236606,-4.408473444366455,-0.43993455505371093,-3.134458739825338
1478632731471,40.05612261842357,4.30863412654928,-65.61296634279742,-3.921253406524658,-0.07885901718139648,-2.2493523135863245
1478632731506,40.17222843939756,4.282948841486894,-66.89935713944357,-3.201197257232666,-0.011073182678222656,-2.0232500404357907
1478632731538,40.33521025030291,4.243600085621281,-68.93444479110018,-2.6497826873779293,-0.034715924072265626,-1.9571102195739745
1478632731571,40.629848461212056,4.216707268034357,-73.11616025556908,-4.68590156173706,-0.1692400933196768,-1.1350013706482946
1478632731604,40.933090686808264,4.163897582554356,-77.4677011725986,-7.363965902356058,-0.489614221235644,-0.4665700485229492
1478632731637,41.068350403987786,4.078168059600319,-79.06200443166615,-9.1554271484375,-0.5207388976166024,0.016160861206054686
1478632731671,41.02544249167234,3.951943026724165,-77.71883189390154,-9.023746239791997,-0.33967736053466796,-1.2286742914061992
1478632731704,41.046759802840654,3.8197512093350614,-76.89980814295926,-6.685059947967529,-0.2677016731262207,-1.3260883714538068
1478632731737,41.18789106871415,3.698411562841597,-78.75294004464627,-10.68786562934555,-0.23537998724672943,-1.0925042181152849
1478632731771,41.197337115855966,3.6018080884619157,-78.03836938715644,-10.989984024401753,-0.3576338729858398,-0.8979752601623535
1478632731804,41.244341387368564,3.463616810562578,-78.076378044036,-11.052083629962056,-0.39055414581298825,-0.6446387969970703
1478632731837,41.225994830520776,3.3589266325946925,-77.21951860793084,-12.900856370544433,-0.6103717880193725,-1.0598830743651837
1478632731872,41.18455888754388,3.2999017401271966,-75.97030142125615,-10.33187813532725,-0.6569090713722165,-2.109291644331347
1478632731905,41.27444001911462,3.264139305097489,-77.3648589357193,-12.482918543243407,-0.7160159339904785,-2.261921945367381
1478632731939,41.390009390719065,3.0810027562941857,-78.20599030498029,-14.490755910491943,-0.8906430175781249,-1.7313070937667971
1478632731973,41.44613835788507,3.027062672429171,-78.55115717445103,-12.746280725860595,-0.8512883277893066,-2.1513398292541503
1478632732006,41.46475216524038,3.012513092997373,-78.63059990607502,-14.31942085418701,-0.9587281272888183,-2.111386589050293
1478632732040,41.46597822888794,3.042959279533242,-78.35051829686965,-13.29455319829732,-0.8979752601623535,-2.792985874176025
1478632732073,41.510436439145685,3.0964547950640053,-78.7258874568019,-14.145541958618164,-1.144727668762207,-2.3766939874511213
1478632732107,41.39744221289472,3.123343716127563,-76.31973706697607,-13.843573566491902,-1.2952631346771493,-2.917035447692871
1478632732141,41.30355440482772,3.210591537382741,-73.79566012203426,-10.4599677049499,-1.314566349029541,-3.336020884350687
1478632732174,41.27737399996517,3.3246798303734275,-72.7821092724289,-10.308085829394683,-1.1569979522705078,-3.3131261117797344
1478632732208,41.26367360712927,3.4082509722776337,-71.7412225414239,-10.512490503869577,-1.1463736824035644,-2.9598318297676274
1478632732241,41.21119842325202,3.4700346890990215,-70.35818761100589,-9.28291815394538,-0.924461116027832,-3.564966290238965
1478632732275,41.167718671633395,3.526887846319329,-69.31308994839715,-9.284115286741498,-0.6227917228311649,-4.628739924035593
1478632732309,41.20396422026461,3.7135941734002222,-69.12646215480065,-8.853009350309614,-0.5205892143470701,-4.3457754345215855
1478632732342,41.28810367290233,3.6825365280422924,-69.64244993554989,-8.828319565814361,-0.46627079158173873,-2.964171219811961
1478632732376,41.29760831803964,3.7020656501200286,-69.56954847555548,-8.855254078762792,-0.4746505156585946,-2.8892028168609363
1478632732409,41.28672428374217,3.699012204081264,-69.22865496166554,-8.801833381155319,-0.5301660575203132,-2.9701567970275877
1478632732444,41.273654621567914,3.6941323588000476,-68.91012316588755,-8.7952491439268,-0.5496189003433101,-3.2185551462035624
1478632732479,41.25126949306017,3.6901544249496814,-68.5774025611359,-9.199271075936965,-0.6631938552967039,-3.4126351182799786
1478632732513,41.232658308867194,3.681770622898462,-68.26166190314441,-9.004293451767927,-0.7157166405166498,-3.6718076580544468
1478632732547,41.21974938880587,3.686212238368547,-68.10150592260023,-8.924087339959666,-0.7390600884368643,-3.818003532995656
1478632732581,41.215469034739,3.6993567338146995,-68.00656124007718,-9.009380586873064,-0.8040028450012207,-3.744980272763036
1478632732616,41.21727934494227,3.6869224075085385,-68.02410017892947,-8.926481888679694,-0.8119336562667973,-3.59908365019646
1478632732651,41.214370126262764,3.7216238427656125,-67.953666064846,-9.068487517419163,-0.8173205734695308,-3.5594296441009265
1478632732684,41.190825159719516,3.7777325763560063,-67.61339921401789,-8.979752469192794,-0.7631517791748046,-3.775057435685326
