sep=,
timestamp,gyro-alpha,gyro-beta,gyro-gamma,accel-x,accel-y,accel-z
1478632479341,61.69282944145746,0.3181912175646385,-8.665044129982602,-1.4404115258424426,-0.014664485168457031,-9.612719747725734
1478632479374,61.688882030285974,0.3371541259150466,-8.796342612836408,-1.519569920979347,-0.009427169036865234,-9.744849806644535
1478632479408,61.682808616670336,0.3560770241125284,-8.967296587298453,-1.5673043257118668,-0.005985504150390624,-9.8186210448334
1478632479441,61.66673417738955,0.3752037213755824,-9.235527250088147,-1.749413280354347,-0.00613514175415039,-9.730334913414064
1478632479474,61.65114243249847,0.3836276471350102,-9.267654229897856,-1.8158522850921377,-0.01062426986694336,-9.636661485766084
1478632479508,61.62834180166186,0.38571010655450655,-9.183333744105237,-1.6620248466934076,-0.014963760375976562,-9.604639467819757
1478632479542,61.60111098965844,0.3898720957022228,-9.131004944967746,-1.5330372162694692,-0.01750759963989258,-9.628431659587891
1478632479576,61.55733632663725,0.40430526886128815,-9.132362851373614,-1.6303017066623782,-0.026036943054199218,-9.602694000874367
1478632479609,61.523043942263776,0.4120321157669532,-9.037141641254996,-1.5650597296894295,-0.04578910903377691,-9.725396557396161
1478632479643,61.46774284126571,0.4375324952951228,-8.883794595119763,-1.4516343484077137,-0.06599018097476801,-9.866504895373433
1478632479677,61.4313706160415,0.4634320825249048,-8.901197746434322,-1.42200620332798,-0.08484452589836437,-9.854983165210113
1478632479712,61.415099174087885,0.47974142456572827,-8.950572510414519,-1.4847042862380855,-0.09786299628381966,-9.862016132586822
1478632479745,61.35854216579447,0.5280080685328894,-9.063575142069222,-1.5755343596693243,-0.11222819825324695,-9.749937489738944
1478632479779,61.3175002852442,0.5620116285067629,-9.108200130999503,-1.5441104703004616,-0.11447277030115365,-9.553014343825588
1478632479813,61.27486589728449,0.581419530744072,-9.126397142477513,-1.5324386841207394,-0.08125321884155273,-9.496301847264263
1478632479847,61.231534421435754,0.5878994595377071,-9.093259573910913,-1.4523825364265124,-0.06943185042781988,-9.498546356521732
1478632479882,61.18677846313054,0.589360699093495,-9.135254053798517,-1.287781236222852,-0.03785830918464344,-9.540444940373394
1478632479916,61.123357947524276,0.5879237659515837,-9.565838910919206,-1.3690343637328595,-0.025737667846679687,-9.621099508335208
1478632479950,61.071562462857926,0.5912895922695296,-10.211800759234553,-1.788019667959935,-0.04908112946662586,-9.656114686494574
1478632479984,61.031442845629414,0.5929185724620222,-10.62226275862761,-1.7013796095474623,-0.051325693523022346,-9.661800605481012
1478632480018,60.98147086425981,0.5982299729631649,-11.142713132226566,-1.3585598410675301,-0.08215103989753406,-9.79243428151235
1478632480052,60.9363535743106,0.6122497013247826,-12.1758942672385,-0.39698856277465816,-0.14230535889224846,-10.583268871252239
1478632480086,60.92848334353096,0.6619582898913422,-14.345533488529231,-0.003591302490234375,-0.12000935878615418,-11.44024372024536
1478632480120,61.0260678377329,0.8877623416691646,-22.816494340072833,-2.7093385267395527,-0.28176760787963867,-12.494590568597614
1478632480154,61.1055631794862,0.9448254479636279,-26.92526825542925,-6.187514915466308,-0.010025719451904296,-13.92976453399658
1478632480188,61.16434464243019,0.9380806851664502,-28.29597770303826,-9.597905835016071,0.4004302276611328,-14.238915823364257
1478632480222,61.179199593083354,0.901810759142038,-27.646264557466672,-10.4219601189211,0.6871358947311528,-14.07790576171875
1478632480256,61.15424020259292,0.8972425223178965,-26.98702752245986,-8.693196590423584,-0.0047884033203125,-12.248137142944335
1478632480290,61.14820851834822,0.9294017138172699,-27.906970571978544,-8.411129707336425,-0.3124433166503906,-10.818499330493061
1478632480324,61.16452491782416,1.02232731730737,-29.095471042453887,-8.208071479034423,-0.7004536049331538,-8.858995274585112
1478632480356,61.14960077065333,1.088181583900986,-29.849668002565902,-7.323863024548441,-0.6545148788452148,-7.692121167401224
1478632480390,61.1251531306912,1.2118814521479824,-30.44842512022237,-5.669170109912008,-0.2886509467857424,-6.552929797717184
1478632480424,61.148972712295276,1.348893965799936,-31.697825493700055,-5.309890515545756,-0.3835211875694338,-5.911433682660013
1478632480458,61.15400352255234,1.5285995956926446,-33.95055433470415,-4.67976641998291,-0.4339490509033203,-5.795015480804443
1478632480491,61.22921143013205,1.7120874895157352,-36.652531910986305,-5.86594346638291,-0.15951368560791016,-6.064362875311076
1478632480524,61.27635724144111,1.926045200387663,-39.04880062094656,-6.077531139705562,-0.15936402973784133,-6.417507839379832
1478632480557,61.32836676106804,2.140748381307125,-40.948728010068535,-6.168660613925196,-0.036062662506103516,-6.269665740734711
1478632480591,61.38199845814271,2.3564099823561695,-42.449991483595866,-5.98191284790039,0.016460136413574217,-6.118681398541107
1478632480625,61.456917961875575,2.705479330468245,-44.26992906909622,-5.019892693328857,-0.03950432739257812,-5.3467012199401855
1478632480658,61.51119173579951,2.939180493130134,-45.397834258136264,-4.326771604974567,-0.1610100616455078,-4.457405086926371
1478632480692,61.57924347872863,3.2551769374206283,-46.61645058772838,-3.026719811248779,-0.40402154841767624,-3.923049057769775
1478632480725,61.64571438221469,3.434888194020394,-47.43277271786913,-3.266888165283203,-0.6829460326927248,-4.464736891119182
1478632480758,61.683794764600734,3.6718858804358527,-48.61832077152569,-4.03797102971822,-1.1161469229767098,-4.123114241735637
1478632480791,61.655653159190734,3.841958413276428,-47.83067216687549,-3.047070525360107,-0.6905775299348752,-5.681739960888773
1478632480825,61.58228507124851,3.9711098751812277,-45.280093000097516,-2.613720024871826,-0.943016197160352,-6.580911901756096
1478632480858,61.56156600257071,4.14561349486184,-43.97742630729112,-0.5181950218200684,-0.953939760501124,-8.201038365527243
1478632480892,61.645947761787994,4.403558120829983,-45.42662767697746,-6.422296425363235,-0.3559878593444824,-9.179968007715045
1478632480927,61.685652053325754,4.531281414349825,-45.37891009814635,-7.673117118658498,-0.25348610076904293,-9.380631449835002
1478632480960,61.73271262748436,4.6800734293288615,-45.27689555994506,-5.169530589349567,-0.388159944152832,-8.846425496673584
1478632480994,61.846120696765176,4.8587642774972535,-47.306893276208044,-5.298368420056254,-0.4927566291809082,-6.406734169371147
1478632481027,62.02852705147594,5.063879452124951,-50.210590782489426,-3.8468835174560545,-0.5868786636794917,-3.4038065727233886
1478632481061,62.07696771873406,5.095653470510711,-50.713837231715864,-2.9450173873350023,-0.6572083557128906,-2.607285607910156
1478632481094,62.195844352827265,5.144854100746244,-51.9884972856538,-2.1161749923706052,-0.8852560273101553,-1.3628995873048901
1478632481128,62.25593796774596,5.132846597430259,-52.63891714687632,-2.3555951583862305,-1.1619359566619618,-1.2262801628112792
1478632481162,62.26651726397046,5.0455573332998975,-51.88758967666014,-5.483320352172851,-1.1929109771728514,-2.112583689880371
1478632481197,62.14239566178088,4.914897947831053,-47.19683591714764,-3.5672108360290524,-0.871190094840026,-3.944896147918701
1478632481230,62.15960357315064,4.82906916399864,-46.32175564312373,-3.0856770271301266,-0.45070842599179595,-4.930259622546285
1478632481264,62.245980808762376,4.781375366631855,-47.797845166060185,-7.187243874049465,-0.5461772171905264,-4.68590156173706
1478632481299,62.2713053423325,4.661555687856336,-47.36371648864266,-9.202712777356059,-0.7181108330436516,-5.407753070013225
1478632481333,62.24004113492477,4.465606176391061,-45.149593834282655,-7.215824656367581,-1.052101992034912,-7.266701240716501
1478632481369,62.314653596072816,4.479082941514893,-45.99941403977725,-7.956530667114257,-1.1887211242675781,-7.120954360784962
1478632481402,62.38193739514523,4.4289786777109335,-46.778474900313824,-9.43435149571523,-1.160738892364502,-5.79905562304072
1478632481436,62.39443265130586,4.2740955999491215,-45.80152848440266,-10.198999797058105,-0.8114847251892089,-6.3866826756684105
1478632481470,62.34846157091867,4.107884308430864,-43.553375672512665,-9.942371306610108,-0.9783306168487295,-7.47155493760053
1478632481504,62.23706629273764,3.759561085335465,-39.667219270923276,-9.77447791519165,-0.8729858168670908,-11.093384046991169
1478632481538,62.203545553074164,3.6548092378672354,-38.549837169301234,-9.370755660247802,-0.909198116976954,-12.262053147833049
1478632481571,62.182346465047715,3.5556760057646017,-37.84115178705703,-8.54221224822998,-0.6937199310302734,-12.770970930480956
1478632481604,62.22131755648795,3.518119401539198,-37.636215563221306,-8.356961040905862,-0.9077016861404291,-11.236437011663615
1478632481638,62.19709276471808,3.422440831701933,-37.39977503456415,-6.959944445269927,-1.2125135032653809,-11.173439580480753
1478632481671,62.190173070256755,3.3742070223004283,-37.4137213419784,-6.837690084606781,-0.5096656692726071,-12.9470943901062
1478632481704,62.293403236524206,3.449344204100006,-37.37023398258426,-6.274603891256637,-0.6199485832435544,-9.480290532330423
1478632481737,62.41075729757095,3.521591064926935,-38.80355924558993,-6.24722012757021,-0.4997896056907717,-6.535871183953806
1478632481771,62.47007628152529,3.55089463141486,-39.25302208741534,-6.157737082550465,-0.6414964118846924,-6.131550305529683
1478632481804,62.48087467647674,3.5396649278381354,-39.120591003433205,-5.984905399046186,-0.6883329590286128,-6.069301208496094
1478632481837,62.50707499272014,3.4912447678677996,-38.189392734284695,-5.340865572589263,-0.6943184814453125,-7.519888175875879
1478632481870,62.53458454304387,3.4600209705422915,-37.8116960419575,-5.957970886097755,-0.7312789695739745,-8.270919272613526
1478632481904,62.58057699918858,3.4786484648668763,-37.10092362566099,-6.264428388070501,-0.7912836304153316,-8.305485668679886
1478632481937,62.6374568161642,3.492707410923943,-36.39323980978405,-6.561758635534718,-0.8322843521118164,-7.9620673406517595
1478632481970,62.651420211696774,3.3789079915271585,-33.02328770436691,-9.11741919708252,-0.819116224714648,-6.9774516795836385
1478632482004,62.54408485999292,3.1737216662659478,-26.661417249390603,-6.957699662017822,-0.582988090548315,-7.645733510235696
1478632482037,62.42102360746921,2.908017233658975,-18.962534092809705,-4.063408983965963,-0.47270518571052234,-8.804976136160455
