sep=,
timestamp,gyro-alpha,gyro-beta,gyro-gamma,accel-x,accel-y,accel-z
1478632840287,34.712428274902926,-0.0035394364179574373,4.346963991700641,0.7242459759394463,0.0745195285275353,-9.759664010473497
1478632840321,34.6969189723906,-0.028968339641594933,4.460236494794778,0.7383119232509517,0.05416881484432379,-9.801562431070021
1478632840354,34.67410186068723,-0.0655927200157495,4.614093850205766,0.8655038910133298,0.06673837127685546,-9.757868077242234
1478632840388,34.661356521590825,-0.08514765461990935,4.669049131131481,0.8798691192405763,0.06090250587186892,-9.733626607336639
1478632840421,34.653701937382664,-0.09492712419147324,4.719928926776175,0.8903437423706054,0.03396773605346679,-9.787047709086199
1478632840454,34.64460004870155,-0.07696294659506692,4.654941932296318,0.9017162185226567,0.0032920272827148436,-9.795876364240643
1478632840487,34.64156740621796,-0.04774246372300768,4.474310083508254,0.7875427314205328,-0.009427168466043075,-9.652074263984616
1478632840521,34.64023720490964,-0.02386930786342397,4.3593441750915005,0.766294173420337,-0.00912789440016786,-9.718663061589794
1478632840554,34.64343319945652,-0.006645817122845057,4.3436990401651725,0.8150760276794433,-0.0023942017315090195,-9.8663554130333
1478632840588,34.64972914541254,0.013259417172852495,4.366799645515607,0.8071452575130621,-0.00823006806408157,-9.954940883592236
1478632840621,34.664725966400134,0.04427287189351294,4.423316891244935,0.8372224295685067,-0.013617021942138671,-9.860818693830026
1478632840654,34.68098757088866,0.05848155508021548,4.461120349402979,0.7814075462838984,-0.004339491079855361,-9.7957263921351
1478632840688,34.71008749853386,0.07626579151779403,4.414481626228672,0.7471405561433319,-0.011671733664083877,-9.721356734820292
1478632840722,34.72048872742075,0.08282246667513495,4.355151739525038,0.7360674025770393,-0.009726444529795843,-9.654767667787056
1478632840754,34.75149628195581,0.10238080185510279,3.986592106395756,0.6271311790908687,-0.015263035583496093,-9.580248159381002
1478632840788,34.774747340587275,0.11172322845091717,3.6987368785278654,0.511162081842823,-0.010324994659423827,-9.67646533952793
1478632840821,34.79962708917625,0.11993408989974376,3.4423763959061957,0.5210381271583493,-0.02394201603074034,-9.826551780750451
1478632840854,34.84260048846269,0.13601155513235727,3.0771063023227065,0.5117605991501768,-0.024241291309612643,-9.969904406506195
1478632840887,34.874956592314426,0.14950039819298538,2.8203853444023324,0.35778349232329054,-0.02947860908231814,-9.870844760341802
1478632840921,34.89062250954919,0.15533962279468097,2.7264392511525744,0.37499184415512715,-0.02858078231811523,-9.839270924554391
1478632840954,34.94287099464657,0.16061382588807277,2.6635769190560548,0.4884171272554318,-0.022595278738546765,-9.75412698645119
1478632840987,34.98257033829618,0.16151820845705606,2.6413676255375482,0.5476736206275876,-0.014963760375976562,-9.746495929883746
1478632841021,35.02404446880444,0.1633441644608829,2.5296755540427,0.505026930955518,-0.011522096631146268,-9.762805940069793
1478632841054,35.06819827476649,0.16941432495032313,2.3020469472228693,0.5101145820838865,-0.010474632263183592,-9.747393600242678
1478632841088,35.13585732721932,0.19683137426735017,1.6061487865220707,0.7435492348159662,-0.003591302490234375,-9.739312795180314
1478632841122,35.17748620504215,0.24541754767661858,0.5807061853975026,1.2141595443062019,0.014963760375976562,-9.735571900752094
1478632841154,35.22917914255597,0.35832125090568023,-1.7182208403554278,1.2925696760757825,0.005237316131591796,-9.714024551601568
1478632841188,35.29949589473954,0.5161897763596089,-4.982925561583562,1.0830769029479472,-0.01780687484741211,-9.926060606870893
1478632841221,35.403281651164264,0.7189377848021601,-9.152929237958245,0.10354922180175781,-0.01601122360229492,-10.425700474493205
1478632841254,35.61892983009044,1.0794296609467224,-15.99983173701605,-2.0497358963012693,-0.0143652099609375,-10.57967800715342
1478632841287,35.777765570076916,1.265753532030907,-19.94988618274939,-4.706701188659668,-0.003441664886474609,-11.072434636334329
1478632841321,35.86490156961063,1.2394291689065855,-19.54302306488057,-7.095366257476806,0.06509235763549805,-14.76653801422119
1478632841354,35.881419665718504,1.227497363920906,-18.4102225440345,-6.124667121887207,0.14484921870576217,-15.658976683044433
1478632841388,35.8984482690831,1.259852674650275,-17.456908542181612,-4.020463064752146,0.0234931037902832,-16.360477769470215
1478632841421,36.096007647725976,1.5870570221501215,-20.38297788789742,-6.309619200134277,-0.19527707747307138,-14.045733384649454
1478632841456,36.18569509173204,1.7832727763518188,-22.21787305157389,-6.227019242858886,-0.27353754652271745,-12.275670169775188
1478632841487,36.29162307851304,2.0078285559882656,-24.309419551083373,-5.630264332934469,-0.42182839586562476,-10.76822109562978
1478632841521,36.40145186382389,2.283243451569174,-27.855483919241326,-4.852747362065036,-0.3000233955383301,-9.347262775653228
1478632841554,36.61036481358861,2.6231375854901606,-33.116130486111985,-5.64732343988819,-0.48602292559527555,-7.308599988964945
1478632841588,36.83226282856064,2.986176404650285,-38.981892217525996,-6.876446516241505,-0.47150808944702144,-5.511152946472167
1478632841621,37.12886318652893,3.4298372240453006,-45.93693393612714,-6.35376243937388,-0.5500678291376098,-3.8501752524778246
1478632841654,37.288888684042576,3.657686279215102,-48.93148901646292,-6.614580782727152,-0.3645171662261709,-2.994847001647949
1478632841689,37.38569976824057,3.839233069953008,-50.86395424816667,-6.12137494847402,-0.37125087666166945,-3.078345076806843
1478632841722,37.445595463292904,3.9709224005105375,-51.885109306013895,-6.383091117449849,-0.6830956857086828,-3.1675290886476635
1478632841757,37.4886428374154,4.099915531806112,-52.34142933958793,-6.61951853139028,-0.5310638374770991,-3.8361097561158237
1478632841791,37.519481385445836,4.2253679007629685,-53.058329461609354,-6.316353038433939,-0.41958382267607375,-4.153790096636861
1478632841824,37.6056610064347,4.434801037547147,-54.55215528240062,-6.769305918884277,-0.15337850732114164,-4.297442050115764
1478632841857,37.67178665866252,4.563730770115114,-55.37145469829219,-6.405686249487101,-0.047884033203124995,-4.280383655548095
1478632841891,37.74454200029008,4.680695300950314,-56.602469403767756,-5.966799303790181,-0.030526071166992186,-3.928735578973591
1478632841924,37.858150293372546,4.7812654395774805,-58.07379643294592,-6.0092966755188995,-0.03396773605346679,-3.433883584948629
1478632841958,38.00240815347953,4.854845635807867,-59.575002679996324,-6.031143619537353,-0.20126257705688474,-3.2163108013428747
1478632841991,38.08541486841931,4.863126754229055,-60.24496571761144,-5.833173362024128,-0.3458125388214364,-3.3952770831786094
1478632842025,38.22577672648657,4.869973694257606,-61.07910126381489,-6.297498261968791,-0.8216600833865173,-3.3143232856750484
1478632842058,38.23817699770993,4.840931255388446,-60.136591235255835,-7.187243892315775,-0.8542810775812133,-4.175188493170216
1478632842092,38.22414618899201,4.807179954756318,-58.8424448249159,-6.3564554778501385,-0.6525695717300288,-5.038148403355735
1478632842125,38.17666342822683,4.743900093860023,-56.01553190090089,-5.197363183648884,-1.4381670097351074,-6.256198283331096
1478632842159,38.2203001857545,4.723356052981832,-54.89402445587304,-5.6441807762146,-1.3307272102355956,-7.386261905316263
1478632842193,38.27965007485445,4.68869891972205,-54.45229931320068,-8.53936902416069,-0.9720458740234375,-7.969249571172893
1478632842226,38.279350012215666,4.641506001245324,-52.58328449194202,-6.881384557165577,-0.6513724982994142,-9.004293460901081
1478632842260,38.39074538692314,4.673521430220531,-53.97947019713128,-7.293636155523732,-0.8108861953237676,-8.003965787506104
1478632842294,38.52456572519534,4.725938664561332,-55.95394643111013,-8.301894293124414,-1.1472714714935048,-6.57328073102422
1478632842327,38.62817885672213,4.745403411336369,-56.65641787532855,-6.317400355529784,-0.9564835814987309,-5.431395994070359
1478632842361,38.69738076696186,4.743948377556102,-57.00953274650786,-5.232078815460205,-0.9944915145874023,-4.509329408496246
1478632842395,38.805253791165754,4.7515041578801505,-58.15197704587285,-4.476109641265869,-0.6202478675842285,-3.485209429168701
1478632842429,38.93166774163299,4.752212217238681,-60.009008482671206,-4.40847315210551,-0.5853823059082031,-2.353350594329834
1478632842462,39.03774184391961,4.682595744853208,-61.2563570525725,-4.9269677413940425,-0.5591957435165532,-2.2267571815490723
1478632842496,39.086317456868144,4.545014190496107,-61.05334122102157,-5.809380690765381,-0.2748842781066894,-2.517652537127584
1478632842530,39.12566495865211,4.305412305083049,-59.682009537626826,-5.373187368066609,-0.2690484115600586,-2.792087902422994
1478632842564,39.184244590282496,4.156577434042758,-60.11784886957611,-5.106532573644817,-0.5749077010444831,-2.511966600445658
1478632842598,39.25493909080002,3.9487952038091256,-60.17449871053188,-8.59413627753891,-0.3769371604034677,-2.4633342330932617
1478632842632,39.16836409592002,3.619453308396752,-57.55377579352559,-8.014889241249021,-0.0852934706756845,-3.774458917236328
1478632842667,39.10354360543048,3.4003702615621685,-55.62884131819223,-7.926154251817334,0.18734631643984465,-4.2925044475831085
1478632842700,39.03966899584301,3.183034658840537,-54.07639811026295,-7.8709380353954845,0.025737667846679687,-4.503193901415914
1478632842734,38.94906460411342,2.9522409968205077,-52.31889637391567,-8.655787262548879,-0.32456396255493164,-5.107730039801075
1478632842768,38.84526931746774,2.7246875709461382,-50.08899818534452,-7.711124777752533,-0.4462193229951779,-6.214299950641184
1478632842802,38.74753661275687,2.5541748151856165,-48.412076211631515,-7.186794723776169,-0.27608137893676754,-5.572803346960246
1478632842836,38.6460055844704,2.3532008337194785,-46.75171227235376,-8.032247221551463,-0.357035327137378,-6.002562837219238
1478632842870,38.509323558065674,2.13192115377808,-44.222514509198234,-7.337629757159576,0.03172317199707031,-7.063792796148732
1478632842905,38.3080099823235,1.7340233227779236,-41.10801365731354,-8.569296508380026,0.07556697163237258,-8.013991287762298
1478632842938,38.155869070441,1.5184054319230222,-39.113839593602336,-7.66428813471049,-0.0008978256225585938,-9.327061333819477
1478632842972,38.06409458036212,1.3495421880991114,-37.47383964924848,-7.58931984135732,-0.07556698989868163,-9.598803368377684
1478632843005,37.92858396398326,1.1800994806284453,-36.01594475553379,-8.480412210138141,-0.07197568740844726,-9.92935298121348
1478632843038,37.680381325029884,0.8381777355582051,-30.524347712749154,-9.317933586120605,-0.32950199434584937,-9.749937202044576
1478632843074,37.3127130989898,0.3761433493160394,-20.746660203144287,-6.934655471038818,-0.0939724151611328,-10.232069853619485
1478632843107,37.17754634181836,0.22227554303922029,-17.130564190455665,-5.747430722808837,0.02154781494140625,-10.257507880932465
1478632843139,36.792842124721055,-0.38388495758592345,-9.064192721192306,0.3993827644348144,0.46507368161850604,-17.355118921661376
1478632843172,36.69980197165461,-0.6527035942354733,-1.1045446076228103,3.417423503333982,0.11581950274135888,-18.408866927337645
1478632843207,36.582387486650816,-0.8008807800487014,7.249909248419227,1.350030506786378,0.020201076507568357,-10.730662349347025
1478632843240,36.47093737099162,-0.8616237329112844,10.444821086291336,1.0069115087646991,0.22834698333740233,-8.33675967213735
1478632843274,36.384728348126075,-0.9367104956607577,13.64375942812316,1.4857517677307128,0.16534955272536317,-7.354239311981201
1478632843308,36.257065236622395,-1.0700806316942582,18.424748316953547,3.3792659691741687,0.139013329326245,-8.708310024935939
1478632843341,36.17439778323778,-1.103194560166944,21.01615665249868,4.264521923419088,0.17432780038861673,-9.430161514945793
1478632843374,36.02360152409297,-1.0313606570958045,22.585472260554063,4.8671125537596645,0.24794951399650889,-9.431807839114404
1478632843407,35.91327476084367,-0.9105966779096295,21.949371510232186,4.687248373236135,0.3302501914978027,-9.515904135894775
1478632843441,35.79680154982135,-0.7355714014197117,20.362090138559847,3.685424415135104,0.22161329116821288,-9.692925348077342
1478632843474,35.668368012384505,-0.5387370979646623,18.576362039436145,2.281973530401662,0.08110357895450433,-9.437344576583989
1478632843507,35.537799550273995,-0.3916151040546474,17.32206104699353,1.7468693132262676,0.013766659545898436,-9.077615685813967
