sep=,
timestamp,gyro-alpha,gyro-beta,gyro-gamma,accel-x,accel-y,accel-z
1478632718655,38.3022253941837,1.3510432839551396,4.234468905823519,0.6673837447345955,-0.24570493738202492,-9.699808833113918
1478632718688,38.386515557728046,1.3333788632001133,4.165207203304866,0.6940191891131282,-0.2524386306928587,-9.72554666535738
1478632718724,38.44040991141156,1.3283895502580123,4.043488705762901,0.5840355583412107,-0.2867056442371337,-9.694721255050785
1478632718758,38.4872853719371,1.315036372175337,3.948671741867472,0.6262333945675054,-0.2792237686157226,-9.717466001858911
1478632718791,38.54918303383858,1.2785711922566791,3.857603092218856,0.5662287200264167,-0.26545711363640145,-9.78614976987003
1478632718825,38.567358295246386,1.2629914597043208,3.835745558403178,0.5247791037849616,-0.2500444335992797,-9.807248545848461
1478632718859,38.612498509288386,1.1975712363143622,3.827181079873795,0.6495768150882563,-0.22864625626163324,-9.779116724861508
1478632718892,38.63714227865818,1.1392982882776563,3.775904133259364,0.6238391883407719,-0.16385318525009787,-9.751583131204255
1478632718926,38.65939909531469,1.0468405486254242,3.60915070831896,0.5913677963588619,-0.1388636962890625,-9.687388912001857
1478632718960,38.666024721516905,0.9788211305532009,3.4697599652213915,0.5159504668968263,-0.13377600862807593,-9.718064730370463
1478632718994,38.66268691755287,0.9089073239036154,3.368497793718169,0.5140051734813722,-0.12838905489272437,-9.802459877666667
1478632719028,38.64991984536804,0.8375860637079797,3.335944905284505,0.5989993164338986,-0.08963292008552234,-9.916633921891217
1478632719062,38.62980476841462,0.7642806250507369,3.2766053292118635,0.7486369133437983,-0.04683656997680664,-10.056694399349949
1478632719096,38.603462677456484,0.7074839763253812,3.0853673110653297,0.5237316182965791,-0.03277063522338867,-10.035445658686664
1478632719130,38.57096304196249,0.6609690710847894,2.8474193008853264,0.49290628448015483,-0.021996727752685546,-9.965265677322261
1478632719164,38.531729378449434,0.6277014394955948,2.518888276921823,0.39444470752772176,-0.014963760375976562,-9.910498606607131
1478632719201,38.44642885923014,0.5861030136992808,1.8637537037406717,0.5606920830215327,-0.017208324432373044,-9.810091447974054
1478632719235,38.4044839257941,0.5921697186347529,1.32204608388387,0.6015431488479487,-0.016759411621093748,-9.747692674520797
1478632719269,38.365522897569896,0.6327743418334477,0.42156170092783324,0.7812578972636954,-0.0326209976196289,-9.681253825046634
1478632719303,38.33435894322127,0.734847831979128,-1.2506040829571725,1.0076596054519527,-0.0330699104309082,-9.617208738841208
1478632719336,38.324388464165224,1.0853732210865024,-7.043785147520373,0.8470984018187969,-0.14260463638305662,-9.924264937359467
1478632719371,38.34414398761701,1.1919419628411614,-8.890701213982483,0.2950853546142578,-0.2302922653364134,-10.53747976450175
1478632719405,38.44315059044381,1.5134821882818799,-14.885487041828435,-2.643198651078809,-0.4269160835266113,-13.19639063796997
1478632719438,38.50717745181395,1.6339497533115543,-17.879273838877655,-5.890783547210693,-0.36391865234375,-15.97291637573242
1478632719471,38.53565055911682,1.6364545637512191,-18.467036689438803,-6.90143592300415,0.04354452442778274,-18.441039012145996
1478632719506,38.5311420641294,1.6780015567835247,-18.219771670571493,-6.4004492256164545,-0.10773907470703124,-17.878551259613037
1478632719539,38.53977505778394,1.746756184892863,-18.058770586332685,-7.385064658355712,-0.5235819755554199,-15.753996561431883
1478632719574,38.513142358429455,1.8141463110941494,-16.627416463349316,-6.471976000213623,-0.8203133438110352,-13.513323082733153
1478632719606,38.48604489494316,1.9154905472964534,-16.295071302068052,-5.1732713833130894,-0.6322188941513188,-11.74385812601298
1478632719640,38.492696595457964,2.0707571318977807,-16.835161328312285,-5.213523898724466,-0.613514175415039,-10.196156901782379
1478632719674,38.49045733934986,2.3808274971573145,-18.535433212239425,-4.280533147021383,-0.3945943748142337,-8.274809558050334
1478632719707,38.49510054474418,2.6377694347417093,-20.40041508832191,-3.815160345458984,-0.2739864707504399,-7.628824461010843
1478632719741,38.541001962045954,2.945787705002698,-22.955672253212796,-3.686920900770556,-0.09501987838745117,-6.8764462970457965
1478632719774,38.592326825762825,3.290960782881725,-26.17302582294284,-3.455880458831787,-0.09816226806640624,-6.197989255468547
1478632719808,38.68390541179171,3.635687321360247,-29.703696569558208,-3.824737152099609,-0.006284779357910156,-5.6361006378725165
1478632719842,38.7813091622505,3.9699441315500703,-33.186894459904195,-3.8181532436646517,-0.005985504150390624,-5.18434441986084
1478632719875,38.950832374836835,4.429739113301526,-38.22183102892498,-3.4753330550596115,-0.08035539321899414,-4.299237993621826
1478632719909,39.09145192746148,4.725975241615744,-41.726964167166734,-2.552966865484416,-0.050727147674560547,-3.158999745233357
1478632719942,39.25053561339798,4.973758899965628,-45.468255232271225,-1.9442413856506346,-0.3067571242401376,-2.3663690658569334
1478632719975,39.51196747521292,5.2344225520408285,-50.6864564951177,-2.6984149085998532,-0.889595541222897,-2.6779145568847653
1478632720009,39.63190311267064,5.364893478287822,-53.3256315020607,-3.7295676361083983,-1.047912129996484,-3.223044055120647
1478632720042,39.62624613498095,5.391824552300711,-53.531675978712094,-4.427477127783,-1.3838485961029305,-4.6505873795107
1478632720076,39.54244721238474,5.320561169185297,-51.640518577452234,-3.0481179885864256,-1.1526584617614746,-6.92941808184199
1478632720110,39.51337989749386,5.295228711233746,-50.74283911135479,-5.1042883018493646,-1.5688006378173827,-8.073846694592387
1478632720143,39.46852068815726,5.355787785821197,-49.9821373632753,-6.820481687109172,-1.248875440979004,-8.855254407556355
1478632720177,39.472200445137304,5.320797881224805,-49.57976781566246,-7.8142252328734845,-1.2568062339782715,-8.92214241643697
1478632720211,39.57101818045916,5.396819743935203,-50.8145317603089,-3.4472011855527755,-0.6956652016128413,-5.9310362270188515
1478632720244,39.87364269367915,5.427770817039609,-55.54730968858317,-3.9992148903444407,-1.2062287239074707,-3.2077813117980956
1478632720278,40.0130824346342,5.35091506652723,-57.449133525352345,-5.112069164983928,-0.9792284653041744,-2.675969560296833
1478632720312,40.07743697584867,5.268558622868258,-58.27800763839013,-2.9563901374816894,-0.4022259154388681,-2.415300270025432
1478632720346,40.210957429508994,5.186158551922984,-60.28942043922512,-0.974888988494873,-0.17342998275756835,-2.266860059356689
1478632720380,40.49671407753743,5.077450036064688,-64.13022011568904,-2.2526444869995115,0.05297171173095703,-1.613991194152832
1478632720413,40.720964494896414,4.908279613088053,-67.05858790990959,-6.354809756469726,-0.17357962036132812,-0.5391442863464355
1478632720447,40.818083471767416,4.544845469539301,-67.4680905634204,-9.73003532767929,-0.7218518096702639,-1.642871397808939
1478632720481,40.712970430071465,4.293050047559101,-65.18516111992992,-8.719383207614161,-0.9280524550506845,-2.3274634350098666
1478632720515,40.582321390325696,4.009157782691195,-62.49833921220365,-9.48492885965556,-0.9316437575409189,-3.410240916619822
1478632720549,40.46619777219183,3.6594547879183645,-60.21459479746885,-9.013271497930958,-0.4703110068832524,-3.6085106685362756
1478632720583,40.43526876336145,3.395270468372189,-59.5698183870911,-10.560524247741698,-0.694917022727197,-3.320009660748392
1478632720617,40.27148728258293,3.1066597036332038,-56.844284247140415,-9.701005851745604,-0.29284077229155225,-4.407725037151947
1478632720651,40.12594015705959,2.8553928594432154,-55.0831099035875,-9.213785960034281,-0.19542669224394485,-5.266794776065089
1478632720685,40.078440427345186,2.620235802984567,-54.48832976849761,-10.337564218139647,-0.06344634399414062,-5.818059763114992
1478632720720,40.023935129455666,2.3879708820286965,-54.67456206776014,-12.018742696380615,-0.09292495193481445,-6.713191744409128
1478632720754,39.863486513587304,1.8844978762907454,-53.45277241781187,-13.155240296936034,0.1693897674560547,-9.018658378601074
1478632720788,39.77705473823507,1.658207613481213,-52.49875691356274,-11.951705049896239,0.024690204620361325,-9.635015960748493
1478632720821,39.71739790463597,1.4745103736253722,-52.36050344864545,-11.993753508813679,0.024690204620361325,-9.588328736114502
1478632720854,39.58366930871959,1.2607042386083245,-51.350070604089076,-11.711686333465575,-0.7529764221191406,-9.479541905920208
1478632720889,39.43468095046902,1.0298269633759154,-49.490938210236216,-9.947907605688274,-0.7248445343459956,-11.489773767089844
1478632720923,39.31387092957744,0.8793120466204404,-47.969300714436585,-7.600842119509912,-0.632368504355615,-7.812579438427835
1478632720958,39.28664197260246,0.7998903768859034,-48.189462202095264,-7.07501532416977,-0.8301894530586432,-5.97009125800766
1478632720991,39.235512205579454,0.8048408211267319,-48.08092241540091,-7.2031055787790095,-0.653467406485742,-5.724686099298298
1478632721024,39.083041756648235,0.7321305303883257,-46.79399030708767,-6.531531693444773,-0.2572270408630371,-7.1697363292085
1478632721058,39.03937308491875,0.7320460661570181,-46.36550116255569,-6.647949822235107,-0.04115034103393554,-7.77292561956197
1478632721091,39.03090402696445,0.6895360930486968,-46.159257224756075,-6.848912850089836,0.019602526092529295,-7.530063642529398
1478632721125,39.02393842109564,0.6656464620399727,-46.30283182400425,-7.127238920947164,0.04025251541137695,-7.086088872174173
1478632721158,39.03667197710421,0.7001469048830838,-46.72238627403852,-7.142801101590727,0.05416881256103515,-6.846817941903509
1478632721192,39.04035764411391,0.7025980005211008,-47.23536032890898,-7.795670206539891,0.05162496416396461,-6.689100313966092
1478632721226,39.03199845364802,0.6995899939236829,-47.48372625808772,-7.718756259011663,0.043544542694091797,-6.429928125818074
1478632721260,38.995349469949105,0.7214740302501756,-47.669309716077294,-7.585129878854192,0.04519055633544922,-6.2930095357147975
1478632721295,38.9485482075282,0.7101505992619886,-47.569928092579794,-7.558943407794088,0.06299743118286133,-6.508337746131001
1478632721328,38.8554420304113,0.7158394268204689,-46.97989351446027,-7.420379333772416,0.041000703430175776,-6.702118855133495
