sep=,
timestamp,gyro-alpha,gyro-beta,gyro-gamma,accel-x,accel-y,accel-z
1478632138106,78.36149499831603,0.3762738592543237,6.3781762736748435,1.0634744613370974,-0.058807576565121415,-9.782857851614349
1478632138140,78.3632457585935,0.37580723762063956,6.314017648855248,1.0603320910660956,-0.049978957372473085,-9.78734673084868
1478632138173,78.36739182760253,0.3734034150641883,6.166238312559781,0.9949404319652588,-0.04623801727847894,-9.777769928774633
1478632138207,78.36834220917363,0.3712958544152667,6.096280657587738,0.9702502593109383,-0.04938040695743402,-9.747543218153073
1478632138240,78.36854908653886,0.36443644849378454,6.0806361519786645,1.0305541748102172,-0.04174889373226324,-9.778967296749482
1478632138273,78.37126773312468,0.3526940490759017,6.09003144956359,1.024718332238117,-0.03097498169498285,-9.800215391242084
1478632138307,78.37124786160442,0.33681355207584046,6.054881972284602,1.0260650649637333,-0.042197806543542535,-9.762058040887005
1478632138340,78.37067761583933,0.33029896733344183,6.020182232842641,1.0284592653997435,-0.043095631024456814,-9.733926331210375
1478632138373,78.37146784315301,0.31748349898302314,6.023143975857737,1.051952338448132,-0.0404021518734924,-9.800514995243168
1478632138407,78.37334548665518,0.3058711026661591,6.062843117704878,0.9897031432331306,-0.033967733770178164,-9.827299756423407
1478632138440,78.37495978106048,0.29247342785474845,6.149317483675585,0.9341875785385257,-0.030974986261560113,-9.811438170424871
1478632138473,78.37414989096786,0.27853810066562246,6.233576736106236,1.0235211914504878,-0.022146365356445312,-9.830741836868413
1478632138507,78.37009788484905,0.2729272892131396,6.264544830446776,1.1216834549503167,-0.03097498283662717,-9.768492121063604
1478632138540,78.36802214205456,0.2713172562439131,6.270803431267691,1.1800421797821297,-0.034715924072265626,-9.65312201947188
1478632138574,78.36820644734006,0.27113145970530556,6.257209975844238,1.291522158050537,-0.03546411094942013,-9.686640523053658
1478632138607,78.37106280134523,0.29076569656623946,6.000185223504237,1.2288240203415044,-0.05027823707521711,-9.801113331029075
1478632138640,78.37547492239639,0.31084072876287877,5.739194355812228,1.1182418220298829,-0.04144961852474371,-9.832238153540505
1478632138674,78.37919785988588,0.3348078779124872,5.37206744451161,1.1572972092117182,-0.0469862075805664,-9.967959519516118
1478632138715,78.38384713465655,0.3695811575843724,4.836690052880923,0.9992799361740239,-0.04593874549589236,-9.96152506602183
1478632138748,78.39131528540503,0.4066507694452599,4.309459035370512,0.709880792236328,-0.04219780197696527,-9.867851716005662
1478632138782,78.39957009153106,0.4596934247071923,3.7998103296517316,0.7293336989914067,-0.02693476867675781,-9.933393260447074
1478632138815,78.40134503208643,0.49232551693581367,3.3988476252092883,0.8301894073928706,-0.049978957372473085,-9.924265183954638
1478632138849,78.4008756517039,0.5330231690367192,2.7287405121117936,1.2161047692229972,-0.05237316131591797,-9.992050717063714
1478632138883,78.39699836261077,0.5998499310814547,0.9877015612951093,2.147149994615186,-0.042945987712475465,-10.355071890844776
1478632138917,78.41390050059654,0.7146242926787749,-2.947464964572329,3.324199330990575,-0.04548983154296875,-11.000757931872457
1478632138950,78.56863445417203,1.1281253067892536,-17.396946261842213,3.4349309020444747,-0.1342249260059325,-8.735992798968404
1478632138985,78.68421101963052,1.3183294155386662,-25.0955239593446,2.6267384963989255,-0.136918398307031,-7.714866156237944
1478632139019,79.28089124370334,1.5675903976668486,-50.01455089006972,-10.630854213769734,-0.12943651811904272,-6.74461600652486
1478632139052,79.86348043565069,1.3722989861291206,-67.84182394036002,-16.55964542007446,-0.1349731277244631,-5.336675500488281
1478632139087,80.07589231333283,1.0247013042492732,-73.03982978598704,-20.747851727184653,0.0430956298828125,-3.9324761537414044
1478632139120,80.39712845521896,-0.10535648435388328,-86.95061869479076,-20.011186388397217,0.3116951297732361,1.330577609164454
1478632139154,80.41429351303589,0.01635267868022885,-89.18376255787136,-14.050522080230712,-0.2982277497160234,2.3479635583960916
1478632139187,260.39615891330766,179.86955639161948,87.88391809791739,-12.946945044763385,-0.2056020698492066,2.9237692494599146
1478632139221,260.3903292486695,179.75828753616395,86.01835930159389,-11.085602745465188,-0.1788169364929199,3.3071407537598163
1478632139254,260.37191750668273,179.62471254367276,84.22772529766458,-8.639177415466309,-0.005985504150390624,3.0297125633239745
1478632139287,260.3109471126537,179.4358294849611,79.08232509357053,-7.777713584490865,-0.044292730712890624,3.105429190826416
1478632139322,260.25384219463484,179.31174376647817,75.00244802471711,-8.073846840722858,0.04548982240981422,3.138050261511281
1478632139355,260.1881905926072,179.12865793028516,70.17032933572622,-8.578723969677835,0.035015190146630626,3.2830491223873803
1478632139391,260.170122703681,178.9827840364133,67.94384139059831,-7.541735375622659,0.021098902130126954,3.4130839945586398
1478632139423,260.1419216655804,178.82348547927066,65.19095362325717,-6.5583168975830075,0.004339490509033203,3.3632547090392557
1478632139454,260.11948337027053,178.66514296633267,61.716040324239096,-5.960514962823688,-0.14365209047622046,3.411737365722656
1478632139488,260.0982888202924,178.51697686814944,58.07499166339846,-5.206640715081989,-0.09382277755737305,3.332728418676555
1478632139521,260.0842955135667,178.36373037708535,54.74245267344002,-4.0252515411376955,-0.09367313995361327,3.0364462554931637
1478632139554,260.07529292048764,178.17285148378508,50.631613058091,-2.892794155883789,-0.14335282440185546,2.5837927963808176
1478632139587,260.0668017600184,178.11620370458368,49.4655434094248,-2.5356091957092284,-0.22610241928100586,2.464980538995564
1478632139621,260.0408301188535,177.99274139661622,47.16684179397413,-4.760570726013183,-0.22370822675400412,1.9496286316469311
1478632139654,260.0664452227974,177.9279835425111,47.669130548682006,-6.669347963040136,-0.362422264318887,1.7925085631772875
1478632139688,260.1869702696224,177.8392417597329,51.72865247383574,-7.336432656329498,-0.74699091796875,2.926013411657512
1478632139721,260.23628232159285,177.77595668988874,53.129649078261714,-7.366360030950978,-0.847846662902832,3.9688381645202635
1478632139754,260.2900763436909,177.70866255801525,53.23154397830552,-11.385176789800822,-0.5840355674743652,5.300463090780563
1478632139790,260.3591654558,177.59298230395441,54.7226711978701,-11.87838233179301,-0.48467620771103537,5.616796843564813
1478632139823,260.4370686540968,177.43275687387936,55.892689523744906,-9.1483944002565,-0.8245031967163086,4.540603521551564
1478632139857,260.5104738997878,177.25560628021964,55.73597912568805,-7.69945326385498,-0.8394669570922851,3.3216556743897496
1478632139890,260.6166657551144,177.0192688528677,55.70273987835048,-4.07956999130249,-0.5680243438720702,1.3664903052732347
1478632139924,260.7040872904403,176.9150295789651,56.479365931777785,-2.8719945289611815,-0.6042366622482426,1.4209586853027343
1478632139958,260.780742685259,176.83316078537456,57.97366527932075,-3.1371523628234863,-0.8547299926757812,1.6986860778808592
1478632139992,260.9138139142743,176.78296602654783,63.47162059484138,-5.67560467300415,-0.32471361842500046,2.9659669441223144
1478632140027,261.0276231676701,176.76918881071535,69.37647160580192,-6.634781713104248,-0.31573534393310543,3.2781109855651853
1478632140060,261.1247078730231,176.70769162515765,74.66418935672885,-5.147084656524658,-0.13302782974243163,2.2466588367186486
1478632140094,261.19523399061364,176.69831626913427,77.50831512052893,-6.596773761749267,-0.41255086443251926,2.141314091535937
1478632140128,261.2782853308082,176.7373810570099,81.76085754998243,-8.655038709203899,-0.7893383780990727,2.505831239495799
1478632140162,261.31020895393976,176.75058071255205,84.70471735088293,-7.667430670519917,-0.9847650703430175,2.126499987030029
1478632140196,261.32530617120005,176.80067440764046,86.49191934921352,-8.486397422027588,-0.93852705078125,1.961898622894287
1478632140231,261.3388060845574,176.88007995152654,88.33660650442148,-9.641599914849223,-0.8530839790344238,2.175730758666992
1478632140267,81.35042057148392,2.9979770595086803,-88.96982187840194,-10.43707307850942,-0.5704185592319583,2.5219923198975622
1478632140301,81.31058387251922,2.7430655697718236,-85.04996654467034,-11.554567141778767,-0.2657564025436528,0.9675567459106444
1478632140335,81.24102528032287,2.5186094639457632,-83.44699690154492,-13.720571456201373,-0.049230771636962885,0.0330699104309082
1478632140369,81.17195421841784,2.29385305031751,-81.98316474742485,-13.328071729278564,-0.058957215881347655,-1.323245270682103
1478632140403,81.09219330796587,2.0558043668909898,-81.82875734945857,-13.500753816278278,-0.08215106273042037,-1.2702736183166503
1478632140437,80.87173446413162,1.5246462762322788,-81.23226030400345,-13.808408145086467,0.08873511729585007,-1.0398317450592294
1478632140470,80.73882549335151,1.246080965602314,-79.19505298792467,-14.71566122894287,0.030526071166992186,-1.067664375891164
1478632140504,80.59147915190215,1.013960386336483,-75.57997797029589,-13.290064070184528,-0.3087023674232419,-1.9936217583587392
1478632140537,80.27258792897759,0.6509982301322125,-72.64263791552659,-13.12246995397359,-0.18959084396362302,-8.064419087164104
1478632140571,80.25558757755353,0.5708108114708931,-71.44390373672722,-14.002787684631347,-0.8894458984817377,-6.514473079681396
1478632140604,80.0921491202355,0.5033098442065452,-70.68938592377457,-9.91408979949951,-0.3773860275489744,-3.7407904563903807
1478632140637,79.95271667899642,0.3817929982805881,-70.64788149952751,-8.050203587872161,-0.7341221023117191,-2.250250212274119
1478632140671,79.73754251269847,0.2232465845779657,-69.83054664301481,-8.422801513494923,-0.6853402252197265,-1.7892169742859898
1478632140704,79.48197333241814,0.08102315049467274,-66.97959056284313,-7.8962265666686,-0.4969464832278259,-3.6346972674605436
1478632140738,79.31109209868308,0.0017480853432491937,-65.52126427030397,-8.652495253532473,-0.134823478222629,-5.377376782580464
1478632140771,79.19247750918814,0.045289938939596625,-64.90867494723035,-9.648483052825927,-0.11581950816416937,-5.355679330035299
1478632140804,79.07052062497498,0.0346176579637324,-64.84639272548904,-9.60134706151113,-0.007032967519414524,-4.943727299145609
1478632140837,78.9331752865624,0.04155859793933018,-65.45274705333095,-9.55091955437027,-0.023343466186523436,-4.191199598041503
1478632140871,78.80974521687172,0.04646539082909701,-66.19302032998715,-9.311499132626317,0.011971008871603408,-3.6055181721894067
1478632140904,78.67495786548731,0.040892870827931756,-66.77088808498213,-9.410259951107761,0.04683657168927311,-3.28409641665034
1478632140937,78.47569352842733,0.040937746873317575,-66.2771980136536,-8.66805732686147,0.06883329944195865,-3.8860884920092995
1478632140971,78.35594016533615,0.01282857664399726,-65.69907075496651,-8.77819058496235,0.08514379867988973,-4.261229987467918
1478632141004,78.24502239844438,-0.012206380187537735,-65.27154581844836,-8.773252662769286,0.10654197016660909,-4.318092203831393
1478632141037,78.08285198310632,-0.019500059251936572,-65.24235811360198,-8.538770400680415,0.07811082944800873,-4.13314024659862
1478632141070,77.98274079067872,-0.037452574452279556,-65.49322017065533,-8.827421429664549,0.06928221111159363,-3.890577661221288
1478632141104,77.8885750463503,-0.03763103732290958,-65.48889177785546,-8.889520923343708,0.051774610900878905,-3.8477814709427762
1478632141137,77.79231323870394,-0.08604102410410747,-65.4029248646973,-9.061305150471535,0.058059391400433376,-4.094982566308334
1478632141171,77.71057151989325,-0.08798854575169908,-64.8447955236643,-9.60658437764272,0.05566519088192144,-4.182670295726391
1478632141204,77.61002478238224,-0.07742095020076244,-62.074365266339356,-9.881169307476654,0.03501519927978516,-4.299537323628273
1478632141238,77.55237433809152,-0.049329889199721984,-58.48013681322281,-10.104428831481933,0.008978256368291476,-4.620061198745854
1478632141271,77.49982253886164,-0.0023249879595427414,-52.56617578622689,-10.677092233331502,0.008529343235924716,-5.090222367095947
1478632141304,77.40051120811405,0.13675240861523072,-40.54685516061883,-5.77601135899648,0.06030395659847417,-7.770531052575633
1478632141337,77.34014337149881,0.22842843851277522,-34.416402397452586,-3.4352306156434116,0.01705868682861328,-8.851363318401948
1478632141370,77.29736981605046,0.3080016992359249,-31.427133553553244,-2.6243440024778244,-0.02828150482730707,-8.536525946221873
