sep=,
timestamp,gyro-alpha,gyro-beta,gyro-gamma,accel-x,accel-y,accel-z
1478632353587,62.08296379387555,1.8889312712281126,8.699145407445215,1.2690765357528813,-0.25812487105217297,-9.48343250188427
1478632353621,62.10580047482285,1.912046332137068,8.97630565614632,1.5901988608208018,-0.31693243563002904,-9.505728888436964
1478632353654,62.12473411025256,1.8880678893261842,9.36596392116556,1.8077719640869647,-0.33309330368594964,-9.586532993537839
1478632353687,62.130724789820086,1.867559111391239,9.621134284292722,2.045396405792236,-0.32172083595352524,-9.576656957355468
1478632353721,62.13948052462429,1.854964273588889,9.448556860347665,1.8439841545989737,-0.3190273854863742,-9.489418535757624
1478632353756,62.15124662586693,1.8349170563947985,9.21636154178179,1.3678372994353993,-0.317082066669334,-9.464428836734033
1478632353788,62.158035649429515,1.7917843225173786,9.353687959331884,1.5483003317680675,-0.30391396524457376,-9.621249228137359
1478632353821,62.16156013350914,1.7455269923623358,9.694829403864953,1.7422305931754876,-0.30645781021671137,-9.687239116851181
1478632353854,62.16127095943727,1.7042235426698344,10.052731009700162,1.9508253671508282,-0.31648352510203837,-9.90286696095122
1478632353887,62.15563532709867,1.6400064693751302,10.390839989086876,2.366069790649414,-0.2620154441833496,-10.415674828106537
1478632353921,62.1520004456174,1.581664471201866,10.19511356323843,2.795679351043701,-0.25917233085355834,-11.0033016250059
1478632353954,62.14167447704925,1.612741108436404,8.292677803337298,2.9433716659545897,-0.26351182022094727,-10.510096375274658
1478632353987,62.15071958393982,1.6482700383719568,7.2790429741612375,2.445676922784373,-0.278475577742813,-10.098443254266305
1478632354022,62.18098753810265,1.7505848766621233,4.432551796956391,0.7214028991422732,-0.34326865845832505,-7.491158011682331
1478632354056,62.20862028488653,1.7780248895671298,3.2300906817462587,0.17732056045532227,-0.32157121390466925,-6.456114121954142
1478632354091,62.260401146851066,1.7573866602550607,2.2577892143282723,0.12584520649565384,-0.13347674255371092,-6.410774512536824
1478632354124,62.29527388256239,1.6878446899148396,1.786795757807842,-0.004489109846483916,-0.19467852249145506,-8.623615177740529
1478632354159,62.3006613527651,1.6113782320595502,0.7056403861222598,0.7914333045517093,-0.21802199324455576,-12.849530964715779
1478632354193,62.31791649631667,1.5815834614662583,-1.1277765745208153,0.6821978172744624,-0.18570026626586913,-17.969381285095213
1478632354226,62.36911064008814,1.5916063679430517,0.0515623720626466,-2.614617823665743,-0.8670002761840819,-15.946131244659423
1478632354260,62.352353825697094,1.4585158026790135,2.2654443420254022,0.20844520030366256,-0.48033670806884765,-16.130634410095215
1478632354293,62.34977861268822,1.301969093617849,5.7737407975660755,1.2210428466796874,-0.47973815765380856,-14.306252452795206
1478632354327,62.33888363352269,1.2188806796459197,7.23274703546301,0.9852139831542969,-0.4688146125793457,-13.016226963043213
1478632354361,62.32270111257446,1.1513705652233452,8.476776490361441,1.087865342800878,-0.3972878379821777,-11.882123418017477
1478632354395,62.307831681727706,1.0729691349077264,9.691452998417368,1.3618518135513178,-0.15562310334357898,-11.15443604319468
1478632354429,62.29662916560232,0.9595922339188023,11.025650921375277,1.105073703765869,-0.06449379808730446,-9.798120674852003
1478632354463,62.287609131046224,0.9236891195538305,11.36383452945044,1.1798925056457519,-0.0754173614280764,-9.601497011925431
1478632354497,62.27766671428528,0.7426469095040565,12.886882272927002,1.9271826440230941,-0.042646717071533204,-9.177722932201997
1478632354531,62.2730630796725,0.6118359545414619,13.369193676900904,1.6418237153869122,-0.04219780426025391,-8.868572154290973
1478632354565,62.250688979776406,0.4914000316498448,14.016907482565541,2.3102549553138667,-0.036361937713623046,-8.803928490271046
1478632354599,62.22644245767799,0.30587514985297065,14.373736531415753,2.1356278077941386,-0.03232172241210937,-8.572289333520457
1478632354633,62.208267820321346,0.18113577963955688,14.60035770590225,2.326864857195364,-0.028880058381868,-8.288127450915425
1478632354667,62.1863815727352,0.05569883532772012,14.577135159182705,2.2728454356429166,-0.03232172127046506,-8.129661082403361
1478632354702,62.16217949265666,-0.06872726707280359,14.349584892135177,2.3175872344307136,-0.04578910789213259,-7.947252989550679
1478632354736,62.12747084252176,-0.20327668337839613,13.857095812870165,2.5686791792053727,-0.026336215978430118,-8.005162888336182
1478632354770,62.09132674833168,-0.3262507715694454,12.953879125689042,3.0153472802978007,0.11985972061157225,-8.647706978076323
1478632354805,62.00767411578247,-0.41769500946583177,7.953509683276994,2.8158804275512694,-0.025438392639160156,-8.855104550756886
1478632354838,61.977178062669736,-0.3745387849131114,4.553433858669373,1.9850924514770507,-0.13706804047736804,-7.289595867156982
1478632354871,61.949579683761534,-0.295417048505721,1.4012059694956027,1.5755343299865723,-0.37125089036140124,-4.901379418890178
1478632354907,61.939997395053936,-0.19793010390869475,-1.4329234641801798,0.28476035995483395,-0.3640682899475097,-2.4533085136413573
1478632354940,61.920887194497865,-0.1434628144815614,-3.0788237512583043,0.2512415732452646,-0.24765023650570073,-0.8985738105773925
1478632354974,61.85726623959236,-0.1304841025555806,-3.694135716727848,0.01601122360229492,-0.11118073959350586,-2.0054431655883787
1478632355007,61.81004652393283,-0.1985595398903497,-2.8620860905289804,-0.914884309387207,-0.06329670639038086,-4.695927281188965
1478632355042,61.74437689948266,-0.23640676962262847,-1.070451850931626,0.7237970528533682,-0.13003507310065907,-7.775319382830709
1478632355075,61.65969476329335,-0.1621028357266132,-0.13131777281636592,0.5989993415500735,-0.010474632263183592,-8.284686078289896
1478632355108,61.592149161896586,-0.04654039148357517,0.29495442734803856,-0.7290344329170416,-0.2546831998866546,-8.932018132958934
1478632355141,61.529426878490334,0.015759124883071865,1.644352573518123,0.8215104263748042,-0.004489127970087429,-10.306140577078423
1478632355174,61.44310950159062,0.13476362462573613,2.1589533901893128,1.3676876618316396,0.05252279891967773,-9.925911462457478
1478632355208,61.39355859007171,0.14552386167866732,1.9802977445167527,-0.24779987182617186,0.15667056885318598,-9.23323866585996
1478632355242,61.296074080959585,0.30432280837470477,2.6982704896548224,0.44921207164544025,0.3000234046714846,-8.75754097923599
1478632355276,61.20437099687726,0.4013088175203909,3.020040597152574,0.44816463239365256,0.040701428222656245,-8.875155770464985
1478632355310,61.167619055931226,0.41719789348207204,3.3556929711694496,0.7402572075332514,0.1559223922508303,-9.61990248970352
1478632355343,61.07790812866896,0.6181714847133254,2.2468032049929243,-0.3860650177001953,0.001945288848876953,-9.473406837231293
1478632355377,61.00593937676524,0.6894868531064579,2.330169333253084,-0.27039514999389647,-0.044891276561352424,-9.787346993426873
1478632355410,60.97011394471077,0.783917612776571,2.6539384539221587,0.7630021415710448,0.0047884033203125,-10.096199037269782
1478632355444,60.91380833717324,0.903638044393296,1.1745580305910177,-0.03007715835571289,-0.21847091062241233,-9.856778743389993
1478632355478,60.88372810549626,1.0417232693226994,-0.5381196140401994,-2.5421932868072763,-0.6943184631790034,-10.567856344195455
1478632355512,60.8436467635461,1.1280565379835663,-0.7673488673552619,-2.3639748824630864,-0.8738836242233402,-11.911003621673583
1478632355547,60.79983189293893,1.195604642801713,-0.7045496794630945,-2.3060650932754387,-0.9347861106872558,-12.88289985809326
1478632355580,60.70247151330405,1.1224131824218282,3.71638269591175,0.5163993431754875,-0.21757307358341058,-14.78643981552124
1478632355614,60.68465559813325,1.0715223925352058,6.314741207641208,1.633144807434082,-0.0921767547828611,-14.94580386352539
1478632355649,60.59951719347421,1.0307410922190043,8.55013075124919,4.775534340258687,-0.045938744354248044,-14.491055185699462
1478632355683,60.639995755514725,1.0970644419845332,9.739439298520205,5.185990579632669,-0.06015431671142578,-12.653804394476115
1478632355717,60.64641017800264,1.184907672241488,10.275745186113394,2.810792675958201,-0.3356371452331543,-10.003423339346236
1478632355751,60.64156526366428,1.265659732916909,10.646640968484082,2.3660697541167957,-0.38052842636108397,-8.26598108555898
1478632355785,60.62042598820332,1.3510067689807044,10.508691094065215,2.1510405905792487,-0.3428197410804685,-7.148188039343059
1478632355819,60.608374062064506,1.3820233953274657,10.895893205665491,1.386093123626709,-0.2545335708452272,-7.095066690008342
1478632355854,60.57814548609048,1.3726311499252835,12.386061778686095,3.840149825286865,-0.06284779357910156,-10.41627330545634
1478632355888,60.56862669995353,1.421076063667452,10.945066667065138,3.554042726898193,-0.007930792999267577,-14.809932919311523
1478632355921,60.55652285024125,1.6516657807423567,9.197639287462827,0.8547299926757812,-0.31169513548145766,-11.949161210632324
1478632355954,60.54984181500869,1.781822098369026,8.971923423995857,0.18091186294555664,-0.4964975692749023,-9.499743384286575
1478632355987,60.52245954119083,1.7959013803057151,9.942585636593474,1.1923123536925762,-0.40342299800263715,-8.794949941784516
