sep=,
timestamp,gyro-alpha,gyro-beta,gyro-gamma,accel-x,accel-y,accel-z
1478632583302,55.88357440832064,0.3088708437174579,12.624059363245753,2.19952312853164,-0.032172084808349606,-9.692177141792234
1478632583336,55.874061962283776,0.28532662093823796,12.744818086349932,2.241122428042628,-0.03800795135498047,-9.540744160781987
1478632583370,55.867376684779735,0.2513371114903708,12.903620825101871,2.1317372483626937,-0.03980360402715305,-9.439289664503466
1478632583404,55.86556069439331,0.22555473102150495,13.09751497922527,2.2973861259571042,-0.039354687862293576,-9.479990836997795
1478632583437,55.868372315587266,0.20208348882323796,13.175817878363603,2.376544495977834,-0.04085106639723817,-9.56049589179508
1478632583471,55.87547498442933,0.18798933530728276,13.167532087683329,2.30516731788523,-0.03995324134550174,-9.686491022447216
1478632583505,55.885559056689104,0.1711345717307623,13.216361697486962,2.3347955223304684,-0.03950432625093381,-9.750835173797606
1478632583538,55.90260689206094,0.14503918807841304,13.27777351105451,2.5463831031799313,-0.027234042742633028,-9.67571718804175
1478632583571,55.91074176407263,0.15367753476232235,13.030146137384003,2.5534161436218765,-0.025438392353749076,-9.282319672028999
1478632583605,55.915190305200156,0.18380813433333468,12.393290826834603,2.4078187186310065,-0.0053869537353515625,-8.619125830432028
1478632583639,55.91912184982926,0.21772856441640323,11.5349330876806,2.7406127128601074,0.08664017029361566,-8.174552509661764
1478632583673,55.91819631395912,0.3190294933856093,8.66891958966051,3.650558981323242,0.21054011762314476,-8.988431874902545
1478632583707,55.93375687958894,0.43068234057531923,5.683383674555794,2.9789853425841777,0.11282676236801781,-11.124208954974263
1478632583741,55.99895386265965,0.527727364149738,3.6010131556081655,0.8970774345397948,-0.04773439559936523,-12.547262712860107
1478632583774,55.97926617913009,0.5022630377997576,2.7056862293327986,1.237951895904541,-0.07900865821008919,-15.114445442962646
1478632583807,56.02627886509866,0.4363156251237995,2.838080647539863,0.8315361640930176,-0.11941080780029296,-16.70254933166504
1478632583841,56.03311561155315,0.41182106441647975,3.204171311453538,1.0078092613220215,-0.2603694351085694,-16.006734474182128
1478632583875,56.08002552789623,0.4193658867033441,3.13057935421223,-0.9701005486419424,-0.25797523801499045,-14.70309167022705
1478632583908,56.10735367842642,0.4249131317817984,3.47764672496662,-2.144905266162008,-0.32202011872443836,-12.273575535583495
1478632583941,56.07500322162896,0.34620500854515146,4.821144106844686,-2.0157680871825665,-0.46701896590080577,-10.53718107381612
1478632583974,56.06711139865055,0.15934631797824453,7.203707101192472,-0.8667010009765624,-0.23822307203541276,-10.297012317922897
1478632584008,56.04138727163658,-0.023855037474664786,9.416136520352719,0.8035539321899413,-0.1815104202104616,-9.982922841500677
1478632584041,56.02169413869305,-0.20469428679920218,11.573175531477919,1.5074491472106426,-0.20844517975406487,-10.037241401263326
1478632584075,56.0173446646836,-0.3122785774908851,12.843862440830803,2.7039514634063466,-0.03366846541252453,-9.653869951762351
1478632584109,56.003745262964706,-0.27580126153513523,12.270090704672755,1.2574047113280742,-0.04773440016594249,-8.594734901019185
1478632584142,55.98438788084528,-0.27549233229709114,12.123958361537166,1.3757681289672852,-0.04474163895759266,-8.727463601684569
1478632584176,55.95762488536424,-0.28707650628985426,12.247064075338745,0.7888894470214843,-0.020500351715087888,-8.25520732421875
1478632584209,55.93036718032538,-0.33647347691892693,12.89732022835654,1.5605705696105956,0.018555062866210937,-8.203731842394918
1478632584242,55.885198317668205,-0.341108252193074,12.895294362052631,1.942146495730616,0.14245500334587413,-8.435819985022023
1478632584277,55.79775336873319,-0.3094907904077224,12.10505024725869,1.941098986838525,0.2974795517078368,-8.350975244494528
1478632584310,55.72316955960588,-0.2650626951108545,11.117475594164567,1.9800047546829096,0.09726444244384765,-8.420407311834767
1478632584344,55.64432446199737,-0.2096865974691988,9.802563241317031,1.8831892433166504,0.178517663568689,-8.87321084694229
1478632584377,55.566129667254,-0.13706859879131708,8.120725439934054,1.7784429572174325,0.173429985040857,-9.332149121945164
1478632584412,55.48036918862934,-0.05786718912993058,6.291814301691718,1.060631354857172,0.18779519271850584,-9.64623848876953
1478632584446,55.35668603056371,0.006631937490176987,4.0320202294649805,1.2530652938842772,0.23508066915619527,-9.14959142802134
1478632584479,55.258512463959185,0.06929159826506158,2.3760490006919865,1.1537058884551747,-0.019003975677490233,-7.2098387320920825
1478632584515,55.15665137003873,0.0982158454717874,1.3799765904846388,1.6205753035171888,-0.15981296538200696,-4.750993919372558
1478632584549,55.07157965645382,0.06178730566089514,1.1962089686791808,2.163161181684863,-0.42018237537440145,-2.740762350463867
1478632584583,54.95264999564967,-0.01297681963694823,1.0038392866227241,1.9942203818390145,-0.6802525660998479,-1.6418237884521483
1478632584617,54.89210131493844,-0.09873772462784505,0.750275507593741,1.476623910433985,-0.1714846882004698,-3.716399526977539
1478632584651,54.822666374218045,-0.15163375673346507,0.8694060041716215,0.3523965477210935,-0.04578910903377691,-6.586149491882324
1478632584687,54.75117623877561,-0.14243885557138342,0.7800066987363552,1.5149310821975581,-0.06703764191779774,-8.073996478326618
1478632584720,54.605169140026604,0.09874490837601961,-0.7751622220226347,-0.9895535010627936,-0.36915596162547587,-8.998307883685454
1478632584754,54.501891301300425,0.2709017157900128,0.07700806489752243,0.6042366439819336,-0.2808697868236573,-9.452008696426264
1478632584787,54.42641890466571,0.5375961744089205,-0.30505523979412613,0.5916671080989996,0.0026934768676757813,-8.277802748516947
1478632584821,54.35314193222299,0.6918791360187831,-0.9634419328531809,-1.382052871792577,-0.140060794835852,-7.318924837493896
1478632584854,54.265251010413124,0.684479568704809,0.8528101535167529,-0.42960955126113254,-0.2576759536743164,-8.39152747350484
1478632584889,54.16442103917065,0.6273366036996495,4.476343628312849,2.4383447532653806,-0.024390929412841794,-9.749488474179676
1478632584922,54.11022466430643,0.7922573983624459,4.033560745182196,1.534084713745117,-0.012719196319580078,-9.19119038960561
1478632584957,54.05626468790147,1.1475336349423617,1.363344977690656,-0.6654384239196777,0.18360532154692336,-9.260023979596047
1478632584990,54.03973861129186,1.3146284047413732,0.8575225863562532,-0.5597942482658196,0.11716624374389648,-9.409661181497015
1478632585024,54.03042053830603,1.5017334524691892,-0.2645222935506458,0.3072060096519533,0.02902969512939453,-9.161861638464405
1478632585057,54.035390446542486,1.6418572631838493,-1.7201217743799369,-0.47120881423950195,-0.00239420166015625,-9.156175263391063
1478632585091,54.05467659656777,1.8988157052109824,-4.262295607605845,-2.319233147607371,-0.18240823898315428,-10.738892490619047
1478632585124,54.0528283271924,2.081309411047523,-6.1472915397301096,-2.9972412763733414,-0.5437830520629883,-11.229404336547852
1478632585157,54.11022263085787,2.136758109445303,-7.047338510514554,-4.834491775335744,-0.9745897132873534,-12.312032399749755
1478632585191,54.087759256465766,2.142063426048223,-6.381884916799841,-2.025793879699707,-0.8304887008666991,-13.701268205316364
1478632585224,54.11421668285525,2.1778976388103,-6.47771527424375,-2.677764919281006,-0.5418377632141113,-13.743764700262247
1478632585258,54.1408108793582,2.1278662523374354,-5.483280216137059,-1.9400515327453611,-0.4230254875625483,-13.41351480102539
1478632585291,54.16378149012929,2.0725870655259135,-4.173640504338559,-0.6766612647512578,-0.25902269210815426,-13.494469036920368
1478632585324,54.18696106963546,1.9112853375716974,-1.6784218515312659,1.3555671255249528,-0.19512743530273435,-11.995698359271138
1478632585358,54.27068860236465,1.782923489400933,0.1957406447391883,2.0579659393918814,-0.12779051361083985,-11.60050559387207
1478632585391,54.35728287626561,1.7087291642575362,1.4069182905296052,1.3979144577911122,-0.21398177337646482,-10.01389800814204
1478632585424,54.443371620213405,1.6375740528908194,1.9199566097809426,1.0067618346283211,-0.11851298217773437,-9.824606370887276
1478632585458,54.530198729452756,1.6127931139290883,1.7135816418404324,0.5710170959472656,-0.184503165435791,-9.580846855926513
