sep=,
timestamp,gyro-alpha,gyro-beta,gyro-gamma,accel-x,accel-y,accel-z
1478632325339,62.97617743061811,0.5196656904767162,31.664373955652017,5.283554242485109,-0.06449380722045898,-8.464250855741742
1478632325372,62.99307817214727,0.5030319306951478,31.42019554031527,5.296722205485496,-0.06778583107824088,-8.583661645275727
1478632325405,63.00760720178706,0.4786058382627625,30.838491052811822,5.04368508830968,-0.06748655815400997,-8.480412068574246
1478632325439,63.0198160387212,0.4360100543614334,30.475617330913625,4.8409262105637225,-0.04938040924072265,-8.371625252079683
1478632325472,63.03018930782353,0.39186694508386244,30.516406910711538,5.010914665432134,-0.007032967376708984,-8.299649939130573
1478632325506,63.037306699061084,0.33890769728101194,30.553383199336317,5.17357025666181,0.040402153015136714,-8.256703755055275
1478632325541,63.043129014943304,0.2914946894476119,30.451414180699707,5.308393737649358,0.056114101409912104,-8.220940422555618
1478632325575,63.044259537383084,0.27840568923591236,30.101906801171758,5.212326834427007,0.0047884033203125,-8.006210424627735
1478632325607,63.04109314643864,0.3115652032096886,29.33571412098831,5.086182243125979,-0.039055414581298825,-7.737162159198149
1478632325641,63.03057905380998,0.37012697165756014,27.92242664310874,5.416432270226999,-0.06045359277517855,-7.842806307452544
1478632325675,63.00175048795041,0.5105091903918386,23.770346483512913,5.463268913269043,-0.07841010265765071,-10.143783229009806
1478632325708,63.00598510344654,0.6431113298729286,21.094589287809868,4.233995925317332,-0.23298574905395505,-11.320832766314595
1478632325741,63.03763125403858,0.7552663351542894,19.80245042130624,3.786429889004491,-0.27727847976684566,-11.790694695989787
1478632325775,63.044250069717286,0.7233696923186718,20.314353098794165,5.386953881482035,-0.25004443588256836,-13.48668788152486
1478632325808,63.06548281030806,0.7063309650032616,21.20399690940838,6.833500450897216,-0.10968436127261956,-14.596848971557616
1478632325841,63.082964398474644,0.7544538857470635,20.95312046644065,5.690418795776367,-0.2003647468677489,-14.169932888031004
1478632325875,63.06915221373207,0.8329755656238622,20.071115165382903,4.157082343115285,-0.3920505127174314,-13.34632722467631
1478632325909,63.05629948764607,0.9320792425532874,18.78055896795997,2.2459106486998497,-0.3043628860473633,-11.801618533325195
1478632325942,63.05204333846338,0.9463574469768556,18.7071309859489,1.8445825954161583,-0.055964454672997814,-10.956016288348287
1478632325975,63.04384224651302,0.9172179107446139,19.128853458917696,2.458695540441945,0.0016460136413574218,-10.64671521524638
1478632326009,63.048123716169165,0.8911736809354094,19.251997957538855,2.554613244451955,-0.04279635467529297,-10.023624744647368
1478632326043,63.034166029143265,0.8557448472366759,18.947377182534925,2.1868039413452145,-0.05970540390014648,-9.476249878637493
1478632326076,63.03795910115326,0.8040457967977644,18.890368422062807,2.0792145773071793,-0.014215572357177733,-9.362376100567728
1478632326110,63.037188657377655,0.7317942585660197,19.204880903033406,2.2680572332520037,0.09442133710556663,-9.055169953918456
1478632326144,63.02838133146911,0.5849460414669956,19.242342398798296,2.6831518364837392,0.16280571289062498,-8.795698312466405
1478632326177,63.00014460167596,0.4811515237214551,18.7495926094899,1.7583913356505334,0.14769231491088866,-8.515127549688518
1478632326211,62.98613145170222,0.3304098350994946,19.01357816677547,2.7111341049194335,0.1803133216636721,-8.765172423962504
1478632326244,62.958866454637715,0.19649867932565382,18.999170313842647,2.7304373923370613,0.17806873934096656,-8.695740320089644
1478632326278,62.93659159594172,0.09513289969648941,19.500136589325912,2.54892708857432,0.15337855184526997,-8.42938564112559
1478632326311,62.91195133766589,-0.02699526551211824,20.341387195323293,3.7666778349060563,0.1313818175281296,-8.472481197943166
1478632326345,62.86074654368925,-0.15107777939879674,20.76918948424734,4.739322332409769,-0.1599625961359008,-7.3630677844725545
1478632326379,62.81786952014112,-0.12177670546127277,19.775973058365928,4.264821417822316,-0.5015852295364253,-4.864119947814941
1478632326413,62.779889004627776,-0.020259070565982522,17.331230119716906,2.4818892959594727,-0.6338649109321981,-2.159869172668457
1478632326447,62.750364899107446,0.09658565510853857,14.548052534391521,0.82360537109375,-0.919672696724499,-0.5738602104187012
1478632326481,62.70355710231492,0.17990596122833535,12.54006908151831,-0.004339490509033203,-0.5192424804798095,0.44636838749349117
1478632326515,62.659090916088665,0.19207542309470593,11.346460974293409,0.4583399803161621,-0.9373299316848628,-2.4001871643066406
1478632326549,62.6515020784918,0.1302955989661361,11.624652393854511,0.2141314109802246,-0.21083938826408702,-3.816357446289062
1478632326583,62.59802650654144,0.007780115123714867,14.162513053778689,2.450016554857301,-0.019602526520645914,-6.593182459259033
1478632326618,62.54166853018122,-0.07928157150240935,15.37451886716732,1.9704278201781211,0.1146224079049134,-7.14250195653066
1478632326652,62.50378193741733,-0.1937845549373485,16.866490349419983,2.4316111341614275,0.23403320771369615,-9.032275400543213
1478632326686,62.458731990890016,-0.2692117837884332,18.50569179935256,3.6551977470397947,0.026934767535113494,-9.951199779101461
1478632326720,62.37624416042873,-0.22100420765885692,19.468167772699175,3.2814030585136726,0.023792378997802732,-9.15288318130942
1478632326754,62.32041826964617,-0.19373136927332804,19.916282071880286,2.5863364164490252,-0.06434416961669921,-9.25972433449577
1478632326787,62.26172390379245,-0.10722307284692892,20.62003731975046,3.766977183178812,-0.0456394680050842,-8.670301927450485
1478632326821,62.19989447517782,-0.022214181467006235,20.189315691405092,2.2414218128480017,0.03621230096609652,-8.678232830047607
1478632326855,62.113824223010305,0.06888591890060136,20.931806206541637,2.71098454038091,0.14410100785407703,-8.978854739468359
1478632326887,62.04695630420081,0.1089483218450892,21.357183104148373,3.0436287508757784,0.23044190750675042,-9.618106874991021
1478632326921,61.99015645837113,0.17328211127575185,21.702523946345813,3.3385645774841306,0.2543839355247561,-9.598653584643452
1478632326954,61.91830228848718,0.24210587229288982,21.30486500725135,3.126677620962448,0.16579846039924304,-9.805752247442678
1478632326987,61.801138727819485,0.28721441631724665,21.060750505868743,2.32641575258784,-0.05656301479201356,-10.408043529510497
1478632327020,61.7332837699884,0.2538053564188302,22.03107926826402,3.760692285089893,-0.2530371925243409,-11.723058791351317
