sep=,
timestamp,gyro-alpha,gyro-beta,gyro-gamma,accel-x,accel-y,accel-z
1478632705238,41.646165580289804,0.5099829245600931,-33.419933259175515,-5.747281340933404,-0.015113397979736327,-8.19101260155121
1478632705272,41.59859427828609,0.485845834515482,-32.39642562240379,-4.975151049804687,0.011971008300781249,-8.60969851526469
1478632705305,41.57617643346279,0.5194612435785578,-32.12623329673468,-5.127781195577094,-0.016460136413574217,-8.521562240644823
1478632705338,41.564654283844334,0.5594128454806003,-32.119299580661206,-5.6546551892820744,0.0025438392639160153,-8.338555289133136
1478632705371,41.5218691259886,0.5780433447682959,-31.645871924998627,-5.641786318826116,-0.020350714111328123,-8.249072136798826
1478632705405,41.44149623374354,0.5892383606139759,-30.37031502521543,-4.750994010704104,0.009726444244384765,-8.710704007400386
1478632705439,41.40665618439891,0.6162923389948454,-30.01586546430759,-5.083488400932121,-0.001945288848876953,-8.43312615196132
1478632705472,41.36026829284301,0.6411817762908502,-29.362085087926108,-5.074061469357274,-0.008678981018066407,-8.547300151233626
1478632705506,41.30000355378007,0.6653996741856059,-28.695673772932157,-4.714931303103049,-0.027084406280517576,-8.500014717964362
1478632705540,41.26367240693188,0.6986886399013821,-28.356108320938937,-4.751442932648537,-0.04923076707038562,-8.499864870298047
1478632705572,41.22449187995264,0.7161280512720991,-28.06526516770151,-4.463540082550049,-0.08289923704948741,-8.51782158367862
1478632705606,41.19585895177969,0.7377453701299513,-27.900252779307515,-4.4933178469672335,-0.12614450206547004,-8.48774408739619
1478632705640,41.166402847613604,0.7776690108865565,-27.81198263944613,-4.475960021928418,-0.1886930229076417,-8.52021581273824
1478632705673,41.123345015204286,0.8863637823097597,-27.66804408063494,-4.391265028602536,-0.2314893730163574,-8.560318124290276
1478632705706,41.098056912453366,0.948811023825933,-27.600098355482906,-4.399046320995362,-0.2674024070518557,-8.569895232325
1478632705740,41.07303023962172,0.9969726803297015,-27.635827257876002,-4.55766209021999,-0.24061726227912586,-8.45647017527027
1478632705774,41.02659486668038,0.9963886608255533,-27.524349624322554,-4.545242169678752,-0.1945288917375612,-8.451681479689013
1478632705807,40.987827674585944,0.9606287776463323,-27.380423250682867,-4.437802428403101,-0.11911154172592796,-8.499116727945022
1478632705840,40.95351001322531,0.8838669226729313,-27.28716402925502,-4.306869621011428,-0.012569558715820313,-8.773252900231304
1478632705874,40.924280862438636,0.8205768130637568,-27.496571339363328,-4.194491780587844,-0.04668693237304687,-8.844779674828471
1478632705907,40.90154911503928,0.8059434232293317,-28.17247232466449,-3.7701194997925307,-0.04234744186401367,-8.947281497335993
1478632705941,40.90423382720204,0.8034323352131674,-29.26405777020439,-3.2755671463012694,-0.07152677459716797,-9.309853009387105
1478632705975,40.93750550988185,0.8323106179427815,-31.16987228236832,-4.188506386035308,-0.18734627990722655,-9.731382139178365
1478632706009,40.947584197376166,0.7859944711706314,-32.54391137640032,-6.342689037499949,-0.3408744613647461,-11.23613802871704
1478632706042,40.87937511854255,0.5876542593298038,-32.5440755914598,-8.779986400604248,0.014814122772216796,-16.1663977973938
1478632706075,40.89255741939167,0.6186995751690701,-33.409168046969455,-10.320655168914794,-0.02154781494140625,-15.676035369873047
1478632706109,40.91587938052936,0.6800232649682103,-34.2438275695085,-9.767295310211182,-0.05910684891853016,-13.736432749938965
1478632706142,40.99857876378539,0.6789159551361613,-34.440304789366934,-11.965920622253417,-0.4686649658424314,-11.188253995513916
1478632706176,40.97612942591404,0.7636810509926875,-34.43990128352834,-9.405621221923827,-0.47659575884169897,-9.38497123260498
1478632706209,40.94681652746358,0.8816127990532254,-35.004987455765466,-8.71833600011617,-0.47046061708754855,-7.8242508609938435
1478632706243,40.92589567419121,1.0419019849099715,-35.817302945848844,-7.192780337524414,-0.23702597348862325,-7.273883772631734
1478632706277,40.94853777908485,1.23094430865993,-37.558159222349964,-6.649745181219279,0.001945288848876953,-6.852803701782226
1478632706311,41.00670963119384,1.4703284073732859,-39.771415161602164,-6.953060969366505,0.03142389678955078,-6.121674369812012
1478632706344,41.08307813820013,1.8670233213058764,-43.033700622388686,-5.878812611975148,0.17432780838012693,-6.135141973346099
1478632706378,41.11711339412682,1.9778408440574209,-44.067702206130036,-5.631910346575826,0.2533364631652832,-6.175543907165527
1478632706412,41.30720530667667,2.3852987482444843,-49.00324914869523,-4.850502925872802,0.20545242996215818,-4.455310160473734
1478632706445,41.492067034515834,2.67389960261968,-53.03683120556516,-4.843170683288574,0.13721768264770506,-3.173963505609333
1478632706479,41.70779877535382,3.0508968022520833,-57.95811994329969,-4.317493781280517,0.01601122360229492,-2.2700027412965893
1478632706514,41.768129844471254,3.262844652805611,-59.77765559334444,-3.2601544731140133,-0.03815758895874023,-2.1924904625490305
1478632706547,41.831181809842164,3.4717619182453423,-61.19672341151619,-2.468870824432373,-0.2472013214111328,-2.456750178527832
1478632706581,41.91819293142323,3.7164845312822394,-63.133118475929784,-3.434183006286621,-0.5497685836128424,-2.3223756103515623
1478632706616,41.89034068702755,3.986171952536345,-63.74745120278862,-4.42777640299052,-0.992097276394628,-2.85239185673818
1478632706650,41.74142579004474,4.171718258667531,-62.00736633805382,-6.370521558734029,-1.2638392013549804,-4.413710614367575
1478632706684,41.45948317855177,4.5261174624996485,-57.85624335269683,-6.027552170916646,-0.8031050125287962,-7.08504111668691
1478632706718,41.41800257508058,4.863513228944723,-57.73529402567129,-6.966977339581399,-0.9449614951423835,-6.932710474450886
1478632706752,41.39879025115111,5.274672833500253,-57.90389656284775,-7.123498126983642,-0.9684545806663576,-5.448304878898431
1478632706787,41.393159836517256,5.64381515396817,-58.44655496232718,-3.413831999914348,-1.011999100527563,-4.2461168634828175
1478632706820,41.49504240930626,6.299084902117257,-61.67040903591622,-4.748599717712402,-0.9603741226638667,-2.3617303001403807
1478632706854,41.464563437132625,6.5802813222515475,-62.184456649100035,-2.8631659103393554,-1.0815806273750495,-1.9641431869506836
1478632706888,41.410794862598,6.779146626842948,-61.99894059433577,-3.292925108337402,-0.6474818749358877,-2.184110464477539
1478632706921,41.33968826439648,6.9092284203647205,-61.44317344983347,-3.780893334197998,-0.37663784866333005,-2.5152584815979004
1478632706954,41.265925025757994,6.975956770862661,-60.74887017608881,-5.775712229919433,-0.6241384818146005,-2.974196866198629
1478632706988,41.14576846853433,7.030345275321612,-59.65860687134749,-5.483021076965332,-0.8563759697845205,-3.194314073590189
1478632707021,41.10694554464062,7.016974499677451,-59.75626897828493,-7.403769431890919,-0.826149246890284,-3.2243910858154297
1478632707054,41.014432212396585,6.950431257406977,-59.31862908281336,-8.628104232788086,-1.1763012054388062,-3.053803925268352
1478632707088,40.84328371523604,6.803156898073455,-57.325943727867305,-8.911068722302094,-1.099387493089307,-3.8084266532897946
1478632707121,40.60292716085982,6.496682273920157,-55.45979236655739,-8.540566526849567,-1.1682207588527584,-5.0393453260892995
1478632707155,40.50410611496321,6.302603698679455,-55.712687183595676,-9.076268856048584,-1.4260463272979482,-4.397101059545949
1478632707188,40.45861386021371,6.029797929243434,-56.06990140286385,-10.696544829559326,-1.0832265816509024,-5.2896894025055685
1478632707221,40.30358883451976,5.647272313668937,-55.28788180567951,-11.971607143457232,-1.4410100876739247,-5.7016418900529855
1478632707254,40.211568184846094,5.281583018280201,-55.066829581789214,-11.563844673211872,-0.8792705848085577,-6.284928776318207
1478632707287,40.05774314146939,4.868811398364874,-54.797939193719465,-11.505635060827434,-0.628178660583496,-7.271040950421243
1478632707321,39.93416484261109,4.471100152535067,-54.56264899360007,-11.04415298309326,-0.8153753165866946,-6.808361333465576
1478632707354,39.75877790755887,3.9573855706282823,-53.5823062746865,-12.600982320348917,-0.764199242401123,-7.92181459691152
1478632707387,39.38207322824582,3.1878763326257102,-50.19656788607839,-9.68409665639028,-1.0556932945251465,-9.833884043884277
1478632707421,39.19915555091996,2.7044773477830844,-48.351965184060845,-10.82702882003784,-1.595436167819239,-9.316436917822063
1478632707454,38.86104907327028,1.9674232181779887,-44.449617141325525,-6.789357243623654,-1.2152070166656748,-11.973402502441406
1478632707488,38.832902465954895,1.7112427882726369,-44.494768925981454,-7.186944690173491,-1.285835929107666,-8.778789153643697
1478632707521,38.803511227035564,1.4365676599640558,-44.806608317847726,-6.852055399598996,-1.0137948020050302,-7.564031415115482
1478632707554,38.798422532591715,1.407896660856111,-45.326369785576794,-6.101772787707671,-0.6857891562973149,-7.000495879695797
1478632707588,38.806847745569385,1.2562918475267435,-46.01479835830343,-6.74042571522817,-0.4176385520935058,-6.210708524853363
1478632707623,38.77122460640546,1.1393439383911044,-45.49203967285054,-6.257844296972453,-0.10714052429199218,-6.116436834484711
1478632707656,38.76820717611442,0.946229845672545,-45.4140994456007,-6.722319784368946,0.01331774673461914,-6.081571272808685
1478632707689,38.7305115334046,0.7432813348643363,-44.68827479653958,-7.6713211751524355,0.04144960710830055,-6.042066945416107
1478632707723,38.65407311441814,0.4608283172553273,-43.481805240357986,-7.215675000497512,0.08364742050170898,-6.778583742578327
1478632707756,38.54433532140624,0.14602725386132753,-41.676658679411396,-7.144596956048533,0.16310498809814453,-9.107842390441894
1478632707791,38.51349565165823,-0.01223682248485929,-40.70236805911547,-6.453420814049825,0.14095862359793246,-8.775796547698974
1478632707823,38.51910812309928,-0.11895851818026076,-40.61270527264689,-6.319196276202961,0.043544542694091797,-7.758410552801564
1478632707856,38.51927365202684,-0.22494428702804267,-40.5911302349734,-6.748954985577241,0.03396773719511111,-7.155820086857769
1478632707890,38.48253571298759,-0.33633723125860776,-40.18265563665939,-6.600814031849708,0.024690204620361325,-7.029226655810699
