sep=,
timestamp,gyro-alpha,gyro-beta,gyro-gamma,accel-x,accel-y,accel-z
1478632567054,59.19851019777727,1.47922336398983,9.179731440837434,1.646013659623731,-0.3176806236488279,-9.676615026507807
1478632567088,59.19181917875692,1.4382785981106019,8.936213515622077,1.5777788803432369,-0.27742812650376,-9.60434018804566
1478632567121,59.1825842013114,1.4135114091138312,8.644728547733239,1.3860931692924816,-0.26770167769279796,-9.494206975610554
1478632567155,59.173507951463975,1.3759672354071644,8.423933936123465,1.29840551522295,-0.25857378158016364,-9.620500903121242
1478632567189,59.15575701804414,1.2990220039447111,8.473508315814856,1.51193833468894,-0.2060509838021302,-9.748590696506179
1478632567221,59.14063015944409,1.2498808309644631,8.516840260017657,1.5728407983199693,-0.169988322437671,-9.68155270524522
1478632567254,59.132088040790215,1.224378139480521,8.535099033153605,1.5970821905937511,-0.17298106766300042,-9.589824865556928
1478632567288,59.1147984901816,1.1754634751455912,8.600621403751884,1.6729484465667976,-0.1467944847217528,-9.627234353261835
1478632567321,59.09236270860966,1.1337751437037074,8.77106748883451,1.9744681816101073,-0.13467384338378904,-9.453355745387356
1478632567354,59.05587017464873,1.1139040252072863,8.35021477634504,2.353051246057078,-0.18525135174212337,-9.803208298580907
1478632567388,59.0226763188385,1.1400175315989298,7.351179296781615,2.6550200035095215,-0.3327940398948733,-11.151742566327005
1478632567422,59.00516510018018,1.1971298742703436,6.191771053020012,1.868674395751953,-0.6105214233398437,-12.448052981567383
1478632567454,58.96591913309988,1.1025596300984195,7.2138543399758515,1.3250410269584971,-0.33518823242187495,-14.48506968154907
1478632567488,58.95438748434598,0.9661304896573992,9.325220470950116,2.2667104948181658,-0.17582418099279165,-15.779135678863524
1478632567521,58.93796891638849,0.8918190274312449,10.977827410880673,2.282572007751465,-0.20201076507568358,-15.444396359252929
1478632567554,58.90538931945282,0.8780791664378702,11.600217285021154,1.9583073923276446,-0.27892449340820313,-14.56946529006958
1478632567587,58.84946340122853,0.8791952732451419,11.836647452616763,1.1082160203795879,-0.37140052339858376,-13.194445641382037
1478632567621,58.80642495211061,0.7957110343546121,13.02292462755309,1.0359411308288573,-0.20515315475463866,-12.446855588476359
1478632567655,58.743061812312995,0.6217374160510414,15.496386444817912,2.3642741942032237,-0.040701428222656245,-11.022605022021382
1478632567691,58.68750639177478,0.5465883520129508,16.428591852775202,2.0265419946532695,-0.05057751007080078,-9.732429931198245
1478632567724,58.60121655631798,0.41153510140073,17.726232630913742,2.63302338535469,0.006883325206371955,-8.84433049715571
1478632567758,58.53599767922445,0.359174988404414,17.83227165938704,2.9572878215403526,-0.0076315177917480465,-8.704718466717377
1478632567791,58.45829035620845,0.34116551107928944,17.22773530298344,2.2074540037292985,-0.05027823486328125,-8.419210211004689
1478632567824,58.38220062518675,0.31416737117796767,16.678137828549403,2.046144520745799,-0.04504092101497808,-8.445247227124124
1478632567857,58.29983506407779,0.2870676127822749,16.018217970834268,2.1520880172729493,-0.03306991157255252,-8.387636311285197
1478632567891,58.21358738978537,0.2753744720454144,14.980880153423081,1.8317139806885272,-0.033069909289263885,-8.133102893420308
1478632567924,58.08608616794625,0.23375464272361768,13.543628222392945,1.3750198678832501,-0.020949264526367185,-7.602637441961467
1478632567959,58.00193968493099,0.17920512347229176,12.692164991594721,1.6249147026946766,0.06314707106990972,-7.492055545043945
1478632567992,57.91565319580625,0.13180454470656297,11.485236643254352,1.7369933044433592,0.09980828627434093,-7.2870518817625936
1478632568026,57.78032892259033,0.08888379565331557,8.916419894270854,1.483507217374048,0.03247136001586914,-7.253982409723102
1478632568059,57.67956593971731,0.08118994929904703,6.987413152043687,1.6946458625793457,-0.04234744186401367,-6.375160470581054
1478632568092,57.589947597058064,0.0649415749125566,5.305891902743378,1.7088614349365234,-0.09606734389705816,-4.726154077148437
1478632568126,57.505805782502684,0.03866897781883195,3.9202979967203007,2.1218612213134764,-0.06299743004121701,-3.8480806182861325
1478632568159,57.381449166239165,0.06100854791689942,0.9691868563611502,1.5402199102981946,-0.33444004554472045,-3.3010055389404296
1478632568193,57.339811333101665,0.05116626840058888,0.07338872437557813,0.2501940734863281,-0.2563292209487001,-3.8560114112854
1478632568226,57.24925685716634,-0.07885281967642704,0.044282823996635266,-0.6058826404986263,-0.2868552921156923,-6.489633237457275
1478632568259,57.065807946146386,-0.4431916463458429,3.993530971055885,1.3440449569702149,-0.010773907470703125,-9.585036781897022
1478632568293,56.89916150412137,-0.5375446365993694,5.546079879980569,3.727771911798045,0.3758896606445312,-10.466252265112102
1478632568326,56.796017493710075,-0.2807650897882865,2.8572738083852363,1.411531479733251,-0.04728547822150867,-8.278251807458698
1478632568361,56.71881391218853,-0.0649244624366647,0.6646113465972333,-0.8815151511482429,-0.052971710589312715,-7.377882345636189
1478632568394,56.61919065642345,0.030052810928386818,0.6472203724319636,-0.2027589530944824,-0.04384381847243348,-6.992864206640422
1478632568428,56.53282517473878,0.03953605178620651,1.6159866113222476,-0.2567781280517578,-0.008230068349492648,-7.664737047521769
1478632568462,56.440182083225366,0.015304482626435429,3.359315194998215,0.19572598571777342,-0.028431145285177626,-8.423399990844725
1478632568495,56.330161790227876,-0.021248483676770753,6.133263834508076,1.1531074111053718,0.27742811366026143,-9.411756071417033
1478632568529,56.278929796333586,-0.05271997532355132,8.148885285709317,0.6060322952270507,0.27054478417272326,-9.017012511090188
1478632568565,56.243288150072175,-0.16769911285714725,11.061517408061107,1.3793594314575195,-0.004489128112792969,-9.877877408058103
1478632568599,56.20953117454781,-0.19876746804928735,13.163999557706813,3.4358289468627423,-0.21502923203620591,-9.587131521119991
1478632568633,56.175797262941266,-0.06099810119833465,12.808710930524065,1.7856255621979011,-0.1298854366385436,-8.60101997263804
1478632568667,56.114596447681684,0.14887936008217864,11.807846477549626,0.7674912696838379,-0.17223288421077887,-8.388983268914744
1478632568701,56.08277999040623,0.2128489188333624,12.258791774187229,1.3839981971740722,-0.012419921112060545,-9.10006134464424
1478632568735,56.066160152268765,0.3230117747732165,11.983622860782287,2.364124428735301,-0.07197568512515863,-9.821015118629392
1478632568770,56.035024644253625,0.5443901268927127,10.18259562320095,0.9147347448486834,-0.32396540300673804,-9.415048591890093
1478632568804,56.00315209226394,0.682912785224915,10.38684365746283,1.5590742666382342,-0.3459621398925781,-11.298537055615334
1478632568837,55.987140370353444,0.7617004869231351,10.134682810559923,2.4413375784058124,-0.22310966720581055,-12.663680768585204
1478632568871,55.98454231243289,0.9460530799564929,9.112433133712024,1.606958158277464,-0.15427637461371776,-12.499228749792277
1478632568904,55.98677732040196,1.0535691656726578,8.749425143564402,0.8584708597045392,0.014664485168457031,-12.776507521820067
1478632568938,56.00163133410373,1.1089953163041015,9.543590469780721,1.9195511810302732,0.00029927520751953123,-13.005153780364989
1478632568971,56.01976593156515,1.1785085703436573,10.271418415469496,2.7002106329102067,-0.11118073959350586,-12.837858939361572
1478632569004,56.011000845202204,1.205606607855338,10.575693318140752,5.487809626416117,-0.3528454605323728,-13.8305550949648
1478632569038,56.102973486777394,1.3401823936336605,10.121252052298187,4.272003803607076,-0.36810850524902344,-14.70967572479248
1478632569071,56.22564526180319,1.65002862106241,9.56529075132223,1.7636288709778338,-0.6672340751647949,-9.932794792230426
