1478631743846,79.46478824632307,0.5662879194518244,17.14434934853226,3.1501707064864224,-0.20635025558471679,-9.453355882384674
1478631743880,79.45463124451508,0.5886187804892248,18.679712791683855,3.279906554611912,-0.13332710266666253,-9.547627125228754
1478631743913,79.42760041313939,0.6214586069226662,21.146813708917165,3.5930981506126467,-0.050128597259521485,-9.489119297082722
1478631743946,79.3968006183281,0.632491519782602,22.586206707505152,4.095581178372167,-0.016460136413574217,-9.553014225094579
1478631743980,79.37040897496698,0.6388976056115387,23.610104189228746,4.523245449917577,0.019901801300048826,-9.437793306732177
1478631744014,79.35508661506837,0.624387642124015,23.722064838803977,5.125836116790771,0.031872809600830075,-9.4861262892792
1478631744047,79.37610974794815,0.5764252845487128,22.127817776086395,5.628019768878072,-0.021098902130126954,-9.565883059017919
1478631744080,79.4380249092805,0.47850162019533443,18.178746139676882,5.205593105725199,-0.07885901632516325,-9.460089218360837
1478631744114,79.5623133285814,0.23767645753742064,8.35754220472321,3.050512190246582,-0.2786252227672608,-8.943988995129242
1478631744148,79.65219089702886,-0.10348583698492834,-4.748916732832605,1.0895113929748534,-0.07272387771053472,-8.856750710528717
1478631744182,79.64955911845327,-0.38316120066387144,-14.98567123019948,-0.9395743678770959,0.0692822116824158,-8.647706612750142
1478631744216,79.59348478822734,-0.6357247314102041,-25.069006964216037,-3.705027105624415,0.1541267318725586,-7.851335212475433
1478631744249,79.51920637988319,-0.82533661652365,-33.14971914044901,-5.831077960647456,0.31109657821655273,-7.270891312817484
1478631744282,79.45101707987305,-0.9247261868458124,-38.66059647980632,-7.127089429473877,0.33743279647827146,-6.924629605456441
1478631744316,79.40829635688111,-0.9457009188555899,-41.32729850229922,-7.648576259380951,0.26994622804946267,-6.916549101788178
1478631744350,79.41140688339519,-0.8940051273469758,-41.55290868209259,-7.494450038965046,0.17058686486119987,-6.978499581201374
1478631744384,79.41992017686997,-0.8084088901756515,-40.370789063089774,-6.663213040481693,0.19393033447265623,-7.655309915017522
1478631744417,79.43031800937794,-0.6816846729365861,-39.070689862319675,-5.335628037261962,0.055365908824536014,-8.047360473400726
1478631744450,79.38558452145237,-0.6493629013667009,-40.722868836772896,-5.716306247357279,0.03037643356323242,-7.66443795497734
1478631744483,79.33138786565641,-0.6877843138501105,-43.20762479715941,-6.109853291375935,0.0794575721630128,-7.655460027545318
1478631744517,79.2554557676417,-0.7377604076409322,-46.20553202004504,-7.073219630683813,0.11626842268791515,-7.3410713489808135
1478631744550,79.20067416294631,-0.7712791655734923,-48.614351111609025,-8.38195059379898,0.1451484790719056,-6.7360866265779356
1478631744584,79.16501303854504,-0.7862126396795496,-49.719976485952195,-8.750058879852295,0.12449848632812499,-6.656030362435989
1478631744617,79.1228733456805,-0.7855414348291494,-50.4101404220641,-8.866775918523967,0.041748891448974604,-7.005434057617187
1478631744652,79.06492696609341,-0.8198446140637731,-51.54431924903113,-9.774478061322123,0.03411737365722656,-7.921216192626953
1478631744685,79.00168851716334,-0.8485380616540071,-53.00874440826098,-11.430068655450642,0.07721300354003906,-8.424896659143268
1478631744719,78.91885399823727,-0.8703371955664297,-55.23871229279195,-12.154464002990721,0.409558112357324,-8.703671222686767
1478631744752,78.85583573465813,-0.8614024237034691,-56.979753688395384,-11.393407442529499,0.4698620940719731,-8.286032670593261
1478631744786,78.78708454564338,-0.9090535408337503,-60.289065476065375,-12.208483177947997,0.24465747301406227,-6.532279954528808
1478631744820,78.71018469215606,-0.915859919831386,-62.65055791324368,-12.128576697540282,0.09950900193366687,-5.383362432861328
1478631744854,78.66759679651186,-0.9633889600528817,-64.8455206997673,-12.036998484039305,0.09083002091560047,-4.704905464349315
1478631744888,78.57831761827846,-0.996807483060769,-67.76183552145744,-10.687267444256692,0.07676408159560523,-4.065204781341553
1478631744922,78.48192739479548,-1.0408275977539267,-71.16627142266267,-10.638336093957722,0.12315174789428711,-3.1712697182144036
1478631744956,78.37498639426089,-1.0829485023624523,-74.75073703153087,-9.833285566534474,0.28371289672851563,-2.4179939843551255
1478631744991,78.1861084966329,-1.142702818557158,-80.96630258843209,-8.572588681793212,0.09277531433105468,-0.5922657087463885
1478631745025,78.0446607467688,-1.1854898288638716,-85.18537049960666,-8.016086725671588,0.04938040924072265,0.10699088668823241
1478631745059,77.90701036639507,-1.2190024683190421,-89.2915024410643,-7.176919043786824,0.024390929412841794,0.795772785927588
1478631745093,257.67143891841016,-178.7351986992849,83.93903544301021,-6.9853823264524335,0.014065934753417967,1.4719851447174326
1478631745127,257.49637225457366,-178.73242315568925,78.99373432448078,-7.108384729003906,0.025737667846679687,2.1357775915283708
1478631745162,257.2822499412333,-178.76005104397098,72.3575365664613,-7.616105264691263,0.17761984479599632,2.985569511314039
1478631745196,257.1798191575185,-178.81196485329366,69.0158157011938,-7.3065047702513635,0.3917512466430664,3.0108581156523897
1478631745229,257.13129315246084,-178.86271440448905,66.91495457368386,-6.611887159729004,0.45444940261840816,2.562543964385986
1478631745262,257.1450655616571,-178.88759030554166,66.71410676414497,-4.904072895757854,0.3414730209129397,1.8731636699952183
1478631745296,257.14851712064683,-178.88556949168756,65.90107619175123,-4.170848929595947,0.25049333956069314,1.2099696640014648
1478631745330,257.1082072874627,-178.86692323261695,63.28929449531904,-5.830329663030803,0.10190319902724586,1.3238438804626464
1478631745362,257.1162897325113,-178.85866697911848,62.73897264983728,-6.180930860900879,0.08230069120102562,1.493383285522461
1478631745396,257.14771627172144,-178.81405536513523,62.53213943796097,-7.319972446850687,0.13617022855454125,2.186953432818502
1478631745429,257.2188965436027,-178.77991911707704,63.21525203584959,-8.623615333004155,0.2893991165382322,2.624194511004537
1478631745463,257.3367595976599,-178.7412177953453,63.83790486478134,-9.338733505304157,0.43948564224243164,3.4614171232361346
1478631745496,257.4377383773199,-178.79663714199137,63.063613339738765,-11.619060364477336,0.5129577056884765,4.810549722201563
1478631745530,257.5504511939314,-178.89015755351895,63.5500471781577,-9.960178035327047,0.06988077008896507,4.309114171368093
1478631745563,257.64464656830904,-178.95666815508767,64.04233914884459,-9.633968424456938,0.04489127199477516,3.857507787322998
1478631745596,257.7185041700242,-179.03501073683861,64.07291519096378,-9.450811632128804,0.0474351203918457,3.263446427331492
1478631745630,257.82301767040235,-179.09992675200337,64.23348391149015,-9.344718753726221,-0.008978256225585938,3.2734720737181604
1478631745663,257.9316549877834,-179.18252886996672,64.8675473604504,-8.853159223092103,-0.06224925229721702,2.6105777813233435
1478631745696,258.07961352757263,-179.27275935729216,65.96247901209114,-6.8572926837645465,-0.3489548919677734,1.9913772308349609
1478631745729,258.22895351480804,-179.34803027872871,67.03420401013099,-5.855917693273723,-0.6515221267700195,1.806425006457418
1478631745763,258.4694673700957,-179.47921440155054,68.8580694184684,-5.747879343359172,-0.7149684707641601,2.302174533843994
1478631745796,258.7970688381326,-179.63575665450833,73.29868809982608,-6.087556996154785,-0.1417068061939208,1.9972130973815916
1478631745829,259.09965727594,-179.70382469028166,77.92758884464878,-6.140528707885742,0.11776479415893554,1.9915268136397934
1478631745862,259.38953952236824,-179.76660401420176,82.15113428195143,-7.300220283154398,0.24375965195808091,1.4806640892028808
1478631745896,259.65692170341896,-179.84225348071203,85.40754423340348,-7.658901327105611,0.05731120223999023,0.7077858749168459
1478631745929,259.9012736272886,-179.90185684768275,87.74977521316264,-8.721926864214986,-0.0965162532834045,0.1403600540603511
1478631745962,260.14407612066964,-179.9622005871517,89.80734053258594,-8.370278933770955,0.06464344425339659,-0.015263035583496093
1478631745995,80.33900878251576,0.03819415992719654,-88.94991928067275,-7.735216797284036,-0.07915829353056032,-0.1173158859142335
1478631746029,80.5564856103528,0.05968254405745973,-87.81878662863797,-8.390180442810058,0.055216276928997825,0.001496376037597656
1478631746063,80.84668341442563,0.03347786224379979,-85.71888039164484,-10.301800757775828,0.06613981972017209,-0.06793547210693358
1478631746096,81.1145739822388,0.046398401023380886,-83.85908881634424,-9.7508353191432,0.05162497558040777,-0.3253121505737305
1478631746129,81.29127914914237,0.03518258968378919,-82.95229478068504,-12.241104175567626,-0.14649521693492132,-0.1710357810974121
1478631746162,81.4269964989553,0.05896976178490905,-82.08590501179681,-10.144831203692778,0.12255320090418098,-0.822408343328908
1478631746198,81.55104831111714,-0.04863235171422291,-82.29309038787581,-11.336694498443602,0.2139817750889313,-0.6367079309325665
1478631746231,81.73146411857095,-0.07953505580675238,-82.02695164083191,-11.77423499796763,0.05207388839168706,-0.051774610900878905
1478631746265,81.77845906918513,-0.10103629614082972,-81.71593909744,-11.78994665410146,0.08080430717191775,-0.33788170928955075
1478631746298,81.9528454506533,-0.1204696359370026,-80.68058233209413,-11.962179682159423,0.03755903740205686,0.058957215881347655
1478631746332,82.03122263977552,-0.15555283270956743,-79.40858408816904,-12.140846981048583,0.06703764420108636,-0.6881833396911621
1478631746365,82.22395217756507,-0.1866505170448943,-77.14792007092719,-11.789198466082661,0.06973112335205078,-1.4553752611022441
1478631746400,82.38032669927885,-0.22597653734231665,-74.35144819498947,-12.479177603149413,0.04504091930251161,-1.7042225230894983
1478631746433,82.43272654250325,-0.2313546441191595,-72.89067833438703,-12.001085166876017,0.06060322723941644,-2.4530091653686017
1478631746467,82.59869602917372,-0.2419160149716585,-68.26554822543655,-10.112509189019724,-0.061351422108081165,-3.9918824285645034
1478631746500,82.70199805704357,-0.2585545176828724,-65.75675551185141,-10.15156445747055,-0.0076315177917480465,-4.083460495935007
1478631746534,82.78163233329241,-0.25930299226685255,-63.185732803149634,-9.514108703845366,0.050128596117877164,-4.2752959222213365
1478631746567,82.80945710461123,-0.3556834057679565,-60.3964656773258,-9.831040929412842,0.12973580245971678,-7.609221788787841
1478631746601,82.91096513380805,-0.3543008925933815,-58.07009484923817,-10.571747214154154,0.06778583564481815,-8.59668004373759
1478631746634,83.02426585316786,-0.26296196750311546,-55.82672876292027,-7.829937272599805,-0.020051438903808592,-5.546467601339274
1478631746668,83.04685732191027,-0.2869200084630692,-55.31010877528711,-7.2158245285034175,-0.062249243164062495,-4.810699250207469
1478631746702,83.06395711012247,-0.328166901760409,-55.01857168512727,-7.9753851421853055,0.005237316131591796,-5.414038232963625
1478631746736,83.08584401114092,-0.27030612689482725,-54.341335447721335,-8.075792111305427,-0.009277531433105468,-5.907991688979975
1478631746770,83.10568310420163,-0.16773452296377087,-53.609239121363395,-7.5261726629728445,-0.04204816893978277,-5.533748516900837
1478631746804,83.12098947944116,-0.1424719859376915,-52.905153965412744,-7.258172116497904,-0.0056862289428710935,-5.482721984420903
1478631746838,83.12627567859367,-0.14404328074923592,-52.20990280949716,-7.158363396398722,0.02229600253208846,-5.976525800550204
1478631746875,83.13525103184237,-0.1532460142009042,-51.69476309124594,-7.501632278619334,0.03696048812866211,-6.405836252417043
