sep=,
timestamp,gyro-alpha,gyro-beta,gyro-gamma,accel-x,accel-y,accel-z
1478631953446,81.17661444046423,1.7797832633519437,-19.515649442975004,-2.7837084158081558,-0.3945943611145019,-8.830264635467529
1478631953479,81.17424986849646,1.8294620960808545,-18.623321348717777,-2.8962358025039543,-0.43185414271699263,-9.007884525929297
1478631953513,81.16069171886306,1.9918278864448966,-15.962431249802949,-2.7064952764124435,-0.45444942088471724,-8.977508147164993
1478631953546,81.14642334942732,2.0987345093401055,-14.244382949029898,-2.3955483300914286,-0.3790320617399295,-9.323769452667236
1478631953580,81.12522157581178,2.206825018978793,-12.86744706287604,-1.9322703408172353,-0.39444471666087627,-9.436446613964112
1478631953613,81.08513017227386,2.3630798842575924,-11.906296661743893,-1.9051859528030268,-0.4121019676042604,-9.607332704942126
1478631953646,81.06253100530132,2.4628941169855643,-11.47408887019588,-2.1685481536865234,-0.39863457641601563,-9.386168132505658
1478631953679,81.02637902577266,2.555328689292399,-10.780904189056145,-1.8819921424865722,-0.420032738912286,-9.440337145996093
1478631953713,80.97052615619151,2.6140176346038966,-10.36828404749244,-1.570446578393504,-0.3854664581520017,-9.729287148793647
1478631953746,80.90776247660702,2.636181403274817,-10.413991985636113,-1.626710372206103,-0.321421563742822,-9.729885635276604
1478631953779,80.84452414641659,2.626469648132936,-10.554757942753508,-1.713051360907033,-0.313490779876709,-9.59027385600002
1478631953812,80.74420770802384,2.6611547670809643,-10.561659572142544,-1.5907974386353045,-0.41838675381203644,-9.521291190094827
1478631953846,80.63993072832284,2.7475387383887724,-10.635876689088944,-1.6021698965210467,-0.4967968490489991,-9.713276135253906
1478631953879,80.60768175039262,2.7975404305032847,-10.73169055509841,-1.7319056533149908,-0.5476736388938966,-9.668983468473098
1478631953913,80.54422221749394,2.8990760460590623,-11.027157878610357,-1.8830395817383598,-0.6112696204917971,-9.503035548566608
1478631953946,80.44750884376133,3.0352076717606065,-11.516335715107653,-2.0021510743735824,-0.6194996612991206,-9.496900379412994
1478631953979,80.41376574395075,3.070940084507222,-11.65201218614412,-1.9789573499658624,-0.5648819496265379,-9.49869566533193
1478631954013,80.31516092843626,3.087784599352899,-11.990209549691194,-2.103006896939478,-0.4728548233142821,-9.444227577563375
1478631954046,80.24900320300581,3.0579115050306673,-12.21785638147936,-2.1128830381531265,-0.4004302093948237,-9.438391692750434
1478631954079,80.14192815694459,2.9846504716350784,-12.817636398889587,-2.123208009979664,-0.42556936335908246,-9.387216034123394
1478631954112,80.1075782872779,2.9722558584345635,-13.05900887846972,-2.1749825660816158,-0.4462193298450438,-9.404124964617239
1478631954146,79.97882295427631,2.987440169105293,-13.64564775326505,-2.2714988616058602,-0.6042366531150881,-9.52997035035105
1478631954179,79.94928478364118,3.0110871715736804,-13.731784960710966,-2.3044191275831425,-0.6414963981849606,-9.456198809626441
1478631954212,79.89207685384889,3.0176808102937813,-13.942522111520057,-2.274341939544678,-0.5551555053821532,-9.469367110553547
1478631954246,79.82006678226999,3.000769180979957,-14.29898965990276,-2.4811411399067147,-0.5608417388916015,-9.478046057322283
1478631954279,79.78129468244154,2.9957749886656972,-14.398032023266797,-2.4084173055786637,-0.5913678191917482,-9.390058655404486
1478631954312,79.7482285762164,2.9763814499933967,-14.492125439457864,-2.327762618885841,-0.5457283454784425,-9.251195032180659
1478631954346,79.71922211194246,2.920581825347673,-14.644216097123202,-2.386869289707858,-0.48078561631354966,-9.174132049836869
1478631954379,79.68865726842452,2.785014229804698,-14.716214268898167,-2.444180487381271,-0.41045594711303707,-9.290550069029349
1478631954412,79.67217716748229,2.660614630250447,-14.589478000207073,-2.2679075956482437,-0.3705027160423342,-9.436147411821828
1478631954446,79.66165322289922,2.5233230923537633,-14.543613371770995,-2.2779331689696756,-0.3306991134422365,-9.442581933814775
1478631954479,79.66205721491426,2.2829569741541578,-14.474833751006837,-2.5059810140968763,-0.25752631607055665,-9.438391848014062
1478631954513,79.66387336097743,2.207455319263872,-14.384394584693199,-2.5484781026978043,-0.26650457229614255,-9.442282521609938
1478631954547,79.6730447384942,1.9611713039664997,-13.862296021505358,-2.433855606886279,-0.282964695009985,-9.599402083189506
1478631954580,79.68112090328424,1.8225633175181442,-13.376244199533959,-2.4251766076019035,-0.30002340923806187,-9.779865124655329
1478631954613,79.69258030393688,1.7066622053774843,-12.771561196939809,-2.4293664239745585,-0.3257610656682984,-9.819219522183202
1478631954646,79.70735114308796,1.6053623713813543,-11.809949344036193,-2.6768671667236834,-0.33429040223273915,-9.885209796772804
1478631954679,79.72229765532123,1.5083057614222042,-9.989371045551488,-2.4519617752075193,-0.3275567191967042,-10.015993190323002
1478631954713,79.7451771495543,1.3882012477897496,-6.361401707540833,-1.5318401496887206,-0.3022679550281493,-10.235062276901118
1478631954746,79.7633956135752,1.3205562740547827,-4.214514002442169,-0.4875193313156254,-0.25737668303337413,-10.118644586502201
1478631954779,79.78988386275587,1.2642556018008981,-2.6412909369317505,-0.30466215212172826,-0.2537853691266966,-9.691279151772893
1478631954813,79.81972563609271,1.2106235555690408,-1.2699188060327817,-0.13227965085678733,-0.24046763837509788,-9.282918277242965
1478631954846,79.87314299899191,1.1222954381888215,0.858450991351213,0.41225158922499977,-0.20305822716035762,-9.308356852545216
1478631957748,81.53671810558822,0.3223650824210944,-22.995996757325678,-5.816264166668802,0.1785176612854004,-8.869768780197017
1478631957779,81.44118641778778,0.39236009787372406,-13.524352800609414,-3.3735797036986797,0.15352817689094225,-9.471462027873029
1478631957813,81.33729391170274,0.48357493380959554,-4.723187285830918,-0.4976946335723623,0.02289455337524414,-9.22246450266093
1478631957846,81.20415552197342,0.5522413886182918,1.6372287355787234,1.7642273300613276,-0.041299983204272576,-8.692298837866261
1478631957880,81.09300443585158,0.5856695729282746,5.073075072301098,2.4730606773376462,-0.1158195053100586,-8.353369592285155
1478631957913,81.03565852509006,0.6177094961275474,6.893346774391883,2.280477081298828,-0.33324294357299805,-7.920318220873922
1478631957947,80.9767393181391,0.6368720759791638,8.953121806121185,2.254290427575633,-0.4418798347694333,-8.671948269885405
1478631957980,80.93889694639556,0.6447973525625327,9.395765504667208,2.602497204589844,-0.3485059791564941,-9.555707985090045
1478631958013,80.9125650278703,0.6699020765662492,8.643793618233884,2.2572832527160642,-0.23119009780883787,-9.949404127856344
1478631958047,80.88535073126373,0.7210611530446427,6.612514944421259,1.4709376084258778,-0.1487397758539184,-10.219799350915476
1478631958081,80.87517987017807,0.7695729004253927,5.401690213557248,0.6678326255798339,-0.10145429991569835,-10.210821204287745
1478631958115,80.85918806759734,0.8190444518398202,4.550554324816761,0.30047230834960936,-0.1511339832222962,-10.052654384977835
1478631958150,80.838004239561,0.8714579956746556,4.01104771641544,0.4282628219604492,-0.2371756019592285,-9.926659495212649
1478631958185,80.81612953311942,0.9184517071979369,3.4654635942524994,0.44816463239365256,-0.29014732282334005,-9.588328809179737
1478631958216,80.79865234462834,0.9498790494163448,2.995350680125539,0.29777883148193357,-0.22999300154533703,-9.60598584549399
1478631958251,80.76943618261852,0.9536436845567113,2.5562754223488007,0.2346317626953125,-0.10145429078254382,-9.856329442419646
1478631958284,80.75346781948944,0.8478918379693157,2.3126035137015317,0.26171617810898457,-0.04129997863769531,-9.873986839493503
1478631958318,80.73590524107912,0.7427656040488005,2.017754408982741,0.206200617980957,-0.02079962692260742,-9.726145170106646
1478631958352,80.71498331015242,0.6464816840573498,1.589622341881611,0.10519523544311522,-0.014664485168457031,-9.709684924095217
1478631958386,80.69327242550236,0.5675202657650961,1.158832542222749,-0.022445640563964843,-0.01840542526245117,-9.761309943058109
1478631958419,80.66943133801213,0.5076503214369574,0.946034377313914,0.033219557167822496,-0.03755903854370117,-9.776872315497917
1478631958453,80.63151349779952,0.5030532982522754,1.0589952234254245,0.31483752744370136,-0.16430208892822265,-9.804255898554809
1478631958487,80.61102913411838,0.5624616523772171,1.073931437102042,0.2295440887340577,-0.2328361114501953,-9.738265784045145
1478631958521,80.59215014246443,0.6154173724145838,1.0215844438459973,0.21592707135849631,-0.24001871643066405,-9.812935001407729
1478631958555,80.57340585463922,0.6534709883785814,0.9138684274312291,0.2702455123901367,-0.1836053443798097,-9.878925003715162
1478631958590,80.55966298296838,0.6800472972685061,0.6791581567271553,0.17851766585197765,-0.18136078032341318,-9.798719374251624
1478631958624,80.5408436648404,0.7039995072835905,0.23699671025732438,-0.0028431144714355467,-0.14245499649600823,-9.81652605444868
1478631958658,80.52908215253039,0.7169817027000518,0.002358035653906551,-0.15981295253850838,-0.11447276573457638,-9.82146388302691
1478631958692,80.51289157205626,0.7574904105499246,-0.00959658650934098,-0.13991116393925257,-0.17732056045532227,-9.923816499472222
1478631958727,80.50113929416106,0.7939523042225511,0.10757408432606085,0.011522095489501952,-0.1734299804742797,-9.846453785263188
1478631958761,80.4908267493254,0.8158416923367088,0.10008696232487257,-0.01346738319673459,-0.1188122573852539,-9.846603459399565
1478631958795,80.48303231778569,0.8279681078172438,-0.030580232767794074,-0.1933317823451507,-0.08798691557731944,-9.728988147580763
1478631958829,80.467767146559,0.8246838161887706,0.0037189887717571017,-0.21188684820817796,-0.07885901261481922,-9.673472468721727
1478631958863,80.45649363650449,0.8293358008198809,0.12794092105459215,-0.14125789794921875,-0.11417349166870117,-9.698911117089214
1478631958896,80.44049443913799,0.836429730682149,0.23559517273126357,-0.004938040924072265,-0.10714052885856945,-9.850343901736638
1478631958930,80.42558262933858,0.8509424343924306,0.36512465924042736,0.08050502853946527,-0.13093290443143923,-9.924115464152488
1478631958963,80.41155574601312,0.8674510865560885,0.5177644309798626,0.14514847108039539,-0.1403600746099488,-9.968856998078804
1478631958996,80.39563187166505,0.8868583147503248,0.638993729405856,0.20545242996215818,-0.13721768264770506,-10.026018727111817
1478631959030,80.37833526255261,0.9143988434624122,0.6486637303037516,0.24869769744873046,-0.1675941093610716,-9.963320315408147
