sep=,
timestamp,gyro-alpha,gyro-beta,gyro-gamma,accel-x,accel-y,accel-z
1478631186795,279.9261340823478,0.6169041520235469,21.172727261194066,3.5431191131823656,-0.13602058181762694,-9.163657150428916
1478631186828,279.92332786363136,0.6003872829488922,20.876674914947493,3.511545576648472,-0.12509703674316405,-9.085097566001956
1478631186862,279.92230553117525,0.5794168360032302,20.702054796657414,3.519027600683644,-0.12973580474300542,-9.068637109927971
1478631186895,279.9239939208955,0.5522175080853083,20.537952551732516,3.4564789384648784,-0.10130465603289485,-9.13073719041231
1478631186928,279.9221840285935,0.5034518342943284,20.34788252117303,3.4810195077647688,-0.07092822304048459,-9.216778476930747
1478631186961,279.92236285616957,0.467566258482922,20.255402253225682,3.483862809465872,-0.07466916598858951,-9.291896633933252
1478631186995,279.92383008320047,0.42582108173360367,20.182168862856365,3.5106477030768524,-0.1056441459711059,-9.498994849207904
1478631187028,279.9234949052218,0.3830553694852946,20.15031815698442,3.596838971975632,-0.1039981346130371,-9.864410407312214
1478631187061,279.915236472493,0.34610063378480915,20.20762838521768,3.624222744795214,-0.11731588134765625,-9.908702553503215
1478631187095,279.8895375902705,0.3645811058725729,20.57243264379832,3.7234323664900844,-0.1927332336425781,-8.663418488079682
1478631187128,279.88501740245283,0.396518624066185,20.998511479744177,3.4537854684470686,-0.18345569764289538,-7.4253174660280346
1478631187161,279.89038134652486,0.3858855945719841,21.469698155295404,3.2089783395629374,-0.11462240447998046,-6.546345889282226
1478631187195,279.89476345184806,0.35854989139563537,22.059299670208436,3.084180578027293,-0.06254851851428757,-6.17689035333842
1478631187229,279.89754516699327,0.3489384868923606,22.71730960117781,3.085377751922607,-0.06404489412376861,-5.670965907287598
1478631187262,279.9114584850867,0.36034091663641993,23.404790802191187,2.646191384887695,-0.1044470474243164,-4.582053064727783
1478631187298,279.95824470137796,0.28747172415553873,24.17829596802153,2.3389853843688964,-0.04863222200680429,-4.427028799493611
1478631187329,280.00589609065355,0.2283553147134616,24.194559072465662,2.466775897979736,0.10609306563225109,-4.764760871179401
1478631187362,280.0183325670525,0.13796827031179199,24.148042526020465,2.1628619247436522,0.0662894538989989,-4.943278240203857
1478631187398,280.0255229828936,-0.053960506532953485,24.237192802612142,2.880673583044484,-0.06539163227219541,-6.4178071876525875
1478631187429,280.04713906987354,-0.17707782968320654,24.48391426090946,3.5526959519317374,-0.08678981246395269,-7.959374073846638
1478631187463,280.04582485190764,-0.2767347864666017,24.655161074613652,4.112190988922119,-0.18674773862534202,-8.696488709037844
1478631187497,280.0483489516818,-0.3489083434675646,24.73253273574735,4.239682245591748,-0.09995792844467796,-8.804826087564741
1478631187531,280.0584568822721,-0.4455795856711573,24.71170785328223,4.299237975355517,-0.028131864940258672,-9.391555177572556
1478631187562,280.0665025761957,-0.5508596740159906,24.521218937746696,4.2794857385939915,0.16385317611694336,-9.666888697284087
1478631187597,280.0734311735256,-0.6264719361716697,24.281506680653933,3.9483377397399395,0.22266075439453123,-9.597755832086131
1478631187629,280.07443316221867,-0.7007021084690869,23.87918450945017,3.797951966227684,0.07751228331413586,-9.777919433947652
1478631187664,280.04688332851134,-0.807219276821412,23.241471800886078,3.876811080448847,-0.050577519203955305,-9.989058092852682
1478631187697,280.0245750546213,-0.8557223052380405,22.83132532946912,4.0779239228622055,-0.05282207412719726,-9.967360859503223
1478631187729,280.01442743760765,-0.938483880008911,22.437838810551987,4.015824390367139,-0.07481880187988281,-10.005069608715921
1478631187762,280.006040469575,-0.9860804460160902,21.999762507815618,3.8890813217163083,-0.061650692749023434,-10.237755863366647
1478631187795,279.99424995605483,-1.0794854988649933,21.575743857079072,3.9347209369935094,-0.045938744354248044,-10.638934205981343
1478631187828,279.99027226084115,-1.1905187598980307,21.14830601184417,3.981258122164942,0.07571663663559593,-11.399392946679889
1478631187862,279.963209179692,-1.4065367955090844,20.511863479321438,4.3569982548035675,0.3286041687232908,-13.538611837768554
1478631187895,279.9158819415569,-1.5421186538198899,20.136597259889328,5.604077898406982,0.4605845443725586,-15.591939036560058
1478631187928,279.87371320773156,-1.664927200244996,19.836586029320856,6.270264510345458,0.6355108849014155,-17.195605236053467
1478631187961,279.8160023206318,-1.7248758560778135,19.675712718294378,6.733392893981933,0.8017582809448242,-17.8005900680542
1478631187995,279.75919334645437,-1.7007106253477444,19.701221338483464,6.609193682861328,0.879719454237353,-17.202039653015134
1478631188028,279.67742244162906,-1.5410248462710427,20.011870767265158,5.335777674865723,0.632667788696289,-14.580538472747802
1478631188062,279.57823076607,-1.3981525577443803,20.54863740041721,3.7107132980346678,0.23717560038946756,-11.395501930590719
1478631188095,279.5372605614732,-1.3747045387894201,20.774974215756995,3.6147956122909672,0.1846528121727053,-11.153388287707418
1478631188128,279.39872032134826,-1.3157752815280188,21.536787181476125,3.4410663725921884,0.01601122360229492,-10.385747234289347
1478631188162,279.2954091203764,-1.265587511838366,22.023796974071708,3.5384802791098595,-0.03666121292114258,-9.927706748376414
1478631188195,279.1962974314928,-1.2118769051671037,22.483583116885185,3.529352522277832,-0.018555062866210937,-9.56393780670166
1478631188228,279.0928902551546,-1.156367390244046,22.903319768393217,3.6433765042069366,-0.0073322425842285155,-9.319579727626126
1478631188262,278.9909741446727,-1.1044850566953999,23.32107209664957,3.764582862787647,0.020500351715087888,-9.176525922703464
1478631188295,278.84267923667,-0.9816297460073602,23.940596990550375,4.08450816922388,0.008828618621826172,-9.11322951770718
1478631188328,278.71248638104515,-0.8331410857904963,24.66432025051894,4.417900686468556,0.01227028350830078,-9.327959378637745
1478631188361,278.6710069602278,-0.806100017156334,24.897359567977613,4.465186132724024,0.008379705810546874,-9.310451852063089
1478631188395,278.559448243847,-0.7412514210788115,25.609754455178233,4.760421161474659,0.00852934341430664,-9.55705469612442
1478631188428,278.4997995862246,-0.6919886877561224,26.080018727491048,4.860678355993703,0.022146365356445312,-9.77507661173716
1478631188461,278.4502177085962,-0.6317322091083846,26.530824466736036,4.591330523095652,0.04698620301398914,-9.813233981500193
1478631188494,278.3613563277954,-0.5535919716673118,27.182896618430142,4.730792715000827,0.09636661782022783,-10.006566130883991
1478631188528,278.33738640432756,-0.5203483992903608,27.39435166732297,4.712237816531397,0.1258452270452515,-9.998335624285787
1478631188561,278.2608894675565,-0.3976043990881232,27.849402827691268,4.204367679772898,0.1589151351928711,-9.114875577014312
1478631188594,278.2104368251145,-0.29673166064634093,28.08382121850499,3.657442384161427,0.13063363264885264,-7.855525138445943
1478631188628,278.1643823823214,-0.15904305937439428,28.451733064367826,2.93843377116099,0.08035539321899414,-6.362590765734762
1478631188661,278.118633897595,-0.018619745874572522,28.809102077623606,2.2016180641174317,-0.00029927520751953123,-4.749946163885295
