sep=,
timestamp,gyro-alpha,gyro-beta,gyro-gamma,accel-x,accel-y,accel-z
1478631210948,279.96418589891294,-0.06901923935440847,29.50479148888718,4.839429716936761,0.00823006792137603,-8.47367823940774
1478631210982,279.9561391150481,-0.05514117419898854,29.48502048079346,4.836736143029318,-0.029628244402789276,-8.49866761877092
1478631211015,279.9451733905853,-0.04384323962389091,29.45584134561934,4.8741456763999995,-0.02274491634230653,-8.54086542602799
1478631211049,279.93116557115354,-0.03124018082862004,29.42899665644161,4.919635635807132,-0.007032967376708984,-8.527996608515787
1478631211082,279.92494745727674,-0.0295178667755693,29.389930956701193,4.896441725025977,-0.0004489128112792969,-8.567650930846796
1478631211115,279.91822301618186,-0.026009433172698278,29.33662982381065,4.884021886112308,0.010025719166493217,-8.542810794649263
1478631211149,279.90554396837007,-0.01802457639553444,29.25223193296382,4.941632272228272,-0.014963760375976562,-8.56690251335749
1478631211182,279.8974704018889,-0.0014152722703938787,29.20536886266161,4.957792996437009,-0.021398178069012373,-8.592939272606955
1478631211216,279.8799536417774,0.020323401893364595,29.18949267507954,5.064783992723096,0.00613514175415039,-8.481309688700827
1478631211250,279.8691180674723,0.06018949916956631,29.242807615392078,5.079298822021484,-0.0404021518734924,-8.12996075946968
1478631211283,279.8608753030024,0.1009992777885797,29.264780365244324,4.8727988009688445,-0.055665187456988494,-7.919719816589355
1478631211317,279.8465049301,0.08668831456887537,29.130152877014876,5.06972199711455,-0.03366846084594726,-8.617629883652691
1478631211350,279.82215925006625,0.08265674442764413,29.106883486770254,5.4532432668823745,-0.009876081562733452,-9.044096953903324
1478631211384,279.7921841381084,0.13520124775032002,29.124154519268323,5.449651964392141,0.024091651922033632,-8.62630833038122
1478631211418,279.77158533105995,0.4225421950643862,29.34048464119406,3.7838860862731933,-0.017357962036132813,-5.141847340393066
1478631211452,279.7979250417742,0.5337445766568633,29.253956971246016,1.711554911804199,-0.21832126388549802,-2.2426187675476075
1478631211486,279.84717018474566,0.4350784692253685,28.642270765197505,0.6504746635437011,-0.03247136001586914,-3.417573232269287
1478631211520,279.8222468615649,0.3179886536170859,28.78703432679193,2.5441386852540075,-0.011073182678222656,-6.2532059696473175
1478631211553,279.7732349817865,0.35521433291900434,28.858820957528994,3.1797990798950195,-0.13946224670410157,-4.7982796944215895
1478631211588,279.75562162163027,0.28332861508739127,28.83989344471677,2.9884125846862792,-0.060453590777300996,-4.860379299981892
1478631211622,279.76065448935447,0.2222072551539061,28.716563769178745,3.523217234393209,-0.1322796417236328,-6.427982398577779
1478631211656,279.7548851898763,0.1584136486779948,28.57141492191592,3.846284893975779,-0.05386953735351562,-7.451503973620757
1478631211690,279.72606868327017,0.1369153532086855,28.44321663779728,4.17144740694575,-0.06344634399414062,-7.641693148803711
1478631211725,279.7075531959111,0.02511995214510699,28.20819111353831,4.586542064976412,-0.0817021333652985,-9.043049088818206
1478631211759,279.6794389683341,-0.01747188459497807,28.102746645189562,5.297769650445506,-0.19078793680219094,-9.967809406988323
1478631211794,279.63791831271135,-0.004431542621695239,27.94358673002289,4.864568714495748,-0.11282675715926561,-9.05367335868515
1478631211828,279.57099560595316,-0.09058041840374835,27.546000507514275,4.916044269384816,0.09950900878353276,-9.769838930279388
1478631211861,279.5282651467397,-0.10025068405864918,27.26699105249476,4.98068760461118,0.11626841812133788,-9.835380346856638
1478631211894,279.4856046278858,-0.11341927738654146,26.993157587339052,5.039794494628906,0.11596914519710698,-9.980977808380127
1478631211928,279.43575432585385,-0.16723037987667638,26.724887175666122,4.660163948689307,0.12389993591308593,-9.84750099276118
1478631211961,279.39282842270796,-0.19768287496789974,26.38406441386152,4.621108369711227,0.022744915771484374,-10.186729221288859
1478631211994,279.3451660787173,-0.21489079395446833,26.01569999492637,4.624699854864552,0.0234931037902832,-10.27875663986206
1478631212028,279.27008237488604,-0.29589008005089407,25.45537715267274,4.725405998727493,0.05746083870210568,-11.125406201934814
1478631212061,279.22053091383185,-0.3721617306023858,25.069893256590788,5.147084583459422,0.1524807136646239,-12.431442915289104
1478631212095,279.15755293700494,-0.42255114370779845,24.6313076474859,5.30285747510381,0.18091186294555664,-12.86748689264506
1478631212128,279.10047676591415,-0.5021442487013507,24.19913512492082,6.023063042803853,0.3666121383445803,-14.093468072509765
1478631212161,279.03552375484367,-0.5909783247262497,23.836254291354013,6.352116133471578,0.591517456795508,-15.691448043060301
1478631212194,278.9023236480977,-0.6263009084879531,23.38208835839793,7.25906979598999,0.7296329193999991,-16.26800173034668
1478631212228,278.8341997674549,-0.5600037664257503,23.191967861863056,6.843376532745361,0.6200982299804687,-15.59074193572998
1478631212262,278.7712210998245,-0.44331473362129825,23.0849471805179,5.813420906066894,0.48243164822121615,-13.876044634246826
1478631212295,278.7025777424,-0.3382108193595512,23.084446203347195,4.538358884429932,0.3510498138538329,-11.9602341010496
1478631212328,278.62834257828285,-0.27311541098984093,23.13572855731352,4.0346787101745605,0.14021043015632312,-11.093683029937743
1478631212362,278.5370451252302,-0.21803684606679008,23.251739602778446,3.6233249374389644,0.008978256225585938,-10.366893188476562
1478631212395,278.3892450325716,-0.1444750532946512,23.537724160671466,3.4757821870665997,-0.011821370697021483,-9.48178676223755
1478631212428,278.2881409152693,-0.11011989910923758,23.75444630824981,3.465606976141408,-0.014814122772216796,-9.130587525409087
1478631212462,278.1829774779158,-0.08741340345404491,24.014471120656516,3.596390205294825,-0.021248540875531033,-9.036914376322319
1478631212495,278.02755556458834,-0.06687859434133608,24.48897245826177,3.948487496074708,-0.02783259315767209,-9.194931366232224
1478631212528,277.93162431928715,-0.03883186206542675,24.79963372004206,4.034828229047311,-0.03396773719511111,-9.163657033981195
1478631212562,277.8412909825182,-0.019460410625112116,25.16643418688329,4.130446913578128,-0.020201076507568357,-9.260472600146382
1478631212595,277.7554020895659,-0.011379677986842909,25.578204279294088,4.231901001433395,0.011821371125138102,-9.395744957412592
1478631212628,277.6626008344657,0.005096883344413875,26.100702569674098,4.387524065675656,-0.009277531647163778,-9.268553140347263
1478631212662,277.5331570661418,0.011337887309602827,26.916047204540167,4.732438929571583,-0.01631049880981445,-9.417592230224608
1478631212695,277.4561306066091,0.01358749250664012,27.457610915600903,4.922179301541112,0.0037409398085830616,-9.547776799365133
1478631212729,277.3914408194273,0.021170159567947888,27.974774773892253,4.944774506643601,0.0041898526198623585,-9.599551702526956
1478631212761,277.30395108341884,0.048738680058620885,28.701155942568633,4.824166808075783,0.0836474216433533,-9.589974895886332
1478631212794,277.2550595024643,0.042742292263468096,28.915804723268874,4.572625932223536,0.0742202548897767,-9.397690282794088
1478631212828,277.20971020129167,0.07666930111808871,29.029655960156557,4.176385594000295,-0.005686229513693251,-8.924087595687991
1478631212861,277.14393529544526,0.1703391528865376,29.588436304266132,3.7395933555603027,-0.029029695040203567,-8.263437392425537
1478631212894,277.0868221693701,0.2644084878832232,29.953890715155524,3.3948284626282748,0.000748188018798828,-7.281366018145904
1478631212928,277.03086092799583,0.35411265540456266,30.299286898603448,3.234865718078613,0.0076315177917480465,-5.904549914495647
1478631212961,276.99353813875206,0.41138471114327035,30.62922717866237,3.1123126667298373,-0.01975216369628906,-5.22564410623759
1478631212995,276.9585088305473,0.45239163304583335,30.908469312170137,3.18069705164805,-0.03262099305305164,-4.9354970848083495
1478631213028,276.9288268212809,0.4929676825354414,31.098325414128695,3.3405101585939523,-0.041748891448974604,-4.533270913641155
1478631213061,276.9135872855451,0.522044143429796,31.07362161271166,3.7044285186767576,-0.12539630966739496,-4.661062011773884
1478631213095,276.93989909622235,0.509614530651179,30.31689923869839,4.2700586608886715,-0.13183073347893076,-5.501127519281209
1478631213128,276.95075911386266,0.4872734178368896,29.658952054642704,4.209006445489451,-0.0827495981613778,-6.332962812451273
1478631213161,276.96197491770243,0.4866606013472656,29.131165832001003,4.331559789099171,-0.07167641562586068,-7.183053747149557
