sep=,
timestamp,gyro-alpha,gyro-beta,gyro-gamma,accel-x,accel-y,accel-z
1478631172795,280.78708084502387,0.30417611171042525,22.85917180704457,3.8908769181624985,-0.05162497347550106,-9.023147620878298
1478631172829,280.7691589153167,0.3074113029204146,22.728954532910393,3.830423353643017,-0.050427870897280076,-9.044395914837569
1478631172862,280.74851666016684,0.3063359719485009,22.555184735051345,3.819350097899558,-0.05027823571951449,-9.053972837390768
1478631172896,280.7271058254655,0.30182237348163526,22.345207045550346,3.7943608007347676,-0.04444237059993902,-9.089137610056822
1478631172929,280.6947897042867,0.2933851147238409,21.97156838308692,3.7482722726462874,-0.044741644665814234,-9.087491900663673
1478631172962,280.6659262794747,0.28518748910063624,21.57744186269561,3.6342483888985937,-0.04908113283804423,-9.075071709552732
1478631172995,280.6408756919653,0.27665028273003844,21.31563355810877,3.669263617861131,-0.05776011505126953,-9.123703794918983
1478631173028,280.62895699231274,0.27395217401461575,21.187367948474854,3.6885669326782224,-0.06793547210693358,-9.13776978789626
1478631173062,280.60398239509914,0.2651649442131244,20.956097930268932,3.686023075147997,-0.0806546707098023,-9.191489804093736
1478631173095,280.5568943707419,0.25327393843801915,20.75596723515202,3.9980174241881814,-0.09965864410400391,-9.466673382524121
1478631173128,280.53164943641684,0.26970130083029886,20.67549154002046,3.937264666659571,-0.10773907470703124,-9.247304669112037
1478631173162,280.5149411212156,0.2856059296589166,20.616981049974193,3.704129188670311,-0.09112930068969725,-8.876502801159768
1478631173197,280.4973926533111,0.289380968130014,20.457903276315168,3.1274259368454103,-0.0475847595653664,-8.40379761088267
1478631173229,280.466578713876,0.29505064945971404,20.419839465971666,2.939181776516698,-0.03920505104341428,-7.7886372756958
1478631173262,280.4325917744414,0.31883353381126317,20.485275430083217,2.6776151355467737,0.008828618621826172,-6.366481781823933
1478631173295,280.4112460354312,0.3557653233895269,20.564016997780147,2.246210143103078,0.012569558715820313,-4.867112407629191
1478631173328,280.4081598615348,0.3369833826150777,20.599510683742867,1.8788497528076171,0.06419452744636218,-4.4464813957214355
1478631173361,280.3841491331813,0.2633773671626561,20.578102761987896,1.7568949596129357,0.02483984222412109,-4.702062422943115
1478631173395,280.3607457473414,0.21088229088928237,20.48932998778994,1.727566135406494,-0.01750759849824826,-4.537012145996093
1478631173428,280.33128911354015,0.1050241854784965,20.37989406697497,1.868374974413961,-0.007481880187988281,-5.2563201072692864
1478631173461,280.2702541224291,-0.058381959656482185,20.279473192894347,2.6485855134826153,-0.08768763580322265,-6.719027391760051
1478631173495,280.2311917883145,-0.17127858012964303,20.20421830261531,3.151068787837308,-0.1756745445306762,-7.273285222216695
1478631173529,280.19856745497714,-0.300831398549777,19.95466339749206,3.6254199552231468,-0.1815104133605957,-8.109160876818747
1478631173562,280.1848765001408,-0.43928167008689606,19.68073943527225,3.5737949819260275,-0.14694411775893532,-8.798541646133549
1478631173595,280.1852811708546,-0.5928816241388379,19.42239449344081,3.3497873155677222,-0.03232172241210937,-9.612420499917677
1478631173628,280.1810620973111,-0.7165076266244429,19.052232355590608,3.0765491059013175,0.1759738174549071,-9.642946242291107
1478631173662,280.1668885980143,-0.9893222733748646,18.371499859385782,2.748543505859375,0.2834136123878416,-9.925013636834919
1478631173695,280.1366879081677,-1.1720792943352407,17.949358251952017,2.979583952364721,0.20141220559884276,-10.772560586138814
1478631173728,280.081270222717,-1.400112202340442,17.228071828616002,3.2421979606628417,-0.0737713203872554,-10.551396646173298
1478631173761,280.0564793024037,-1.561512269710257,16.602345186751183,2.9685108564514664,-0.12599484409941358,-10.579977063165233
1478631173794,280.03815172754696,-1.7263508163492318,16.064481467566253,2.5098714182646944,-0.03800793308867141,-10.667814555767922
1478631173828,280.01305833025583,-1.8833790738391147,15.501242103989329,2.6029459895369595,0.028730401655565944,-10.871471480615437
1478631173862,279.97708486298023,-2.1495648188485905,14.767785926986939,2.501791236540128,0.292691143820947,-11.634772605133056
1478631173895,279.94176128702094,-2.319784153394194,14.376957389377,2.825756436334178,0.3440168464771239,-11.803863243512064
1478631173928,279.9360135865481,-2.519364804374949,13.974040923652474,2.7611130645751953,0.4950011978038819,-12.654403529413043
1478631173962,279.9231085875903,-2.7476794796600137,13.659515213819574,2.8467058469910174,0.7101800491775385,-14.254178566686809
1478631173995,279.8873440688024,-2.981284815856965,13.463424974852913,3.6496611557006835,0.9045593147277832,-16.066439878082274
1478631174028,279.8515868162758,-3.18510962834148,13.467474530436654,4.527734614562988,1.073799444580078,-17.739687563323972
1478631174061,279.83155989592416,-3.2791795571423656,13.635566466922125,4.802918021746724,1.0826280632019043,-18.01711568069458
1478631174094,279.8361821097891,-3.246755067666741,14.192128428481851,3.9555204177856442,0.969801309967041,-15.889268955230712
1478631174128,279.8327353348986,-3.19821744427711,14.716464516796954,3.0852281873840837,0.8777741836547851,-14.08748286062032
1478631174162,279.80633850933145,-3.160149769070453,15.297467506955812,2.5623943564649787,0.7173626724243164,-12.63165802911967
1478631174195,279.7622553263053,-3.1254567843486503,15.887302686147276,2.4661772379668427,0.5047276374816895,-11.670087225750834
1478631174228,279.7061107637844,-3.089898897648518,16.436930263935327,2.555810363548342,0.40716391069716773,-11.102062589617818
1478631174262,279.62220081646336,-2.989480434977099,17.17970176488363,2.8345852056530534,0.42811320262299846,-10.210222617340087
1478631174295,279.54169960028605,-2.829824757960961,17.73529982446037,2.949656518377736,0.41165304337653796,-9.883115071249566
1478631174328,279.49315811027856,-2.7170161065261813,18.0635686480609,3.0963012284984113,0.3244143066848628,-9.799766633694432
1478631174361,279.4524282421136,-2.5459607142775273,18.297054379919693,3.170371773860836,0.3257610542518552,-9.87817692072764
1478631174395,279.4076369046213,-2.3782587440391167,18.492488726110356,3.544765305062942,0.3396773559680907,-10.059388131945953
1478631174428,279.38855468446764,-2.1935001470594093,18.57214653356596,3.4801216045103964,0.31603461457404775,-10.112359697546436
1478631174462,279.3627925418793,-1.9299691002720967,18.517615541561185,3.42176308517456,0.24705169294052756,-10.47029277267456
1478631174495,279.35487078030036,-1.8341681216223282,18.450960176136363,3.407248164544627,0.1859995232070796,-10.458471109716594
1478631174529,279.3475477350077,-1.651256977993135,18.287235218307348,3.3882443715302273,0.16968905179672875,-10.750264437048136
1478631174562,279.3385700689278,-1.3586942128619357,17.966526608368927,3.3883938630035146,0.22819734773152012,-11.107898748425393
1478631174600,279.3472376019632,-1.0254512480315205,17.64470222418023,2.9773394887730245,0.3869628433227539,-10.580126481573283
1478631174633,279.34712679102574,-0.8991888148958842,17.542409830501953,2.885461835667747,0.36915596847534177,-10.224588046496734
1478631174668,279.35676439304854,-0.6933288020062063,17.276380391462293,2.4001872008392584,0.3142389678955078,-8.683320727771148
1478631174702,279.3852820894528,-0.33089997952380196,17.07122178010974,1.3760674041748047,0.21532851637688,-5.660940187835693
1478631174736,279.4096799237976,-0.12603580613747917,16.961702907463124,0.9680055125914514,0.09352350463314214,-3.9428012214660644
1478631174769,279.44814223421724,0.031290236000335335,16.80099743926843,0.631021921185404,0.008379706381369032,-2.8598738830566406
1478631174804,279.48414445946713,0.14941070569656573,16.645301837216458,0.4207809417724609,0.007032967376708984,-2.2565350646972653
