sep=,
timestamp,gyro-alpha,gyro-beta,gyro-gamma,accel-x,accel-y,accel-z
1478631419079,288.10634466755226,-0.03584852859673336,-9.09090621346234,-1.6032173186481697,0.021996727181863386,-9.642646944250702
1478631419112,288.1029094516716,-0.009435693641644113,-8.720070202300084,-1.4944307179243828,0.013617022084844211,-9.631873123544967
1478631419147,288.1008425939147,-0.0008075907485889236,-8.580126000750251,-1.4689923098730242,0.016160861366598417,-9.63875684604356
1478631419179,288.09605424040893,0.023318273613258188,-8.160798908027894,-1.398812315950534,0.00718260498046875,-9.752631080771051
1478631419215,288.0880269057785,0.05408558402253222,-7.764775306929813,-1.3298293543594626,-0.004638765716552734,-9.835679813860402
1478631419247,288.0823316189922,0.07621650832834673,-7.5512515562966875,-1.2626420936750364,-0.012569558894202236,-9.83867222800888
1478631419280,288.07573908192217,0.08901738373634999,-7.387556309184461,-1.1870751060596434,-0.017657237243652344,-9.842263685762742
1478631419314,288.06529473396887,0.09044612897388503,-7.288606682293989,-1.1314098854949697,0.0010474632263183592,-10.01898566840356
1478631419348,288.0551138654358,0.09522661358445769,-7.22560474290188,-0.9901520240783691,-0.0025438392639160153,-9.919177295364253
1478631419381,288.0572806204927,0.08746160242649136,-7.269125812926873,-1.1596913560729474,0.02439092827119748,-9.727491570185649
1478631419415,288.04985046953004,0.05785276386002269,-7.416179709318139,-1.2458826318215928,0.02932896805362543,-9.725396808914674
1478631419448,288.02672329108947,0.008037392668331401,-7.734134749059209,-1.307234173802327,0.00344166474376907,-9.804106242934473
1478631419482,288.0016252004753,-0.003815923004931665,-7.931014146722844,-1.2415431709953118,-0.042048165229438744,-9.668983673969073
1478631419516,287.9725348087253,0.027342823305241244,-7.995072096295756,-0.8873510268280282,-0.128837972555992,-9.20331107204277
1478631419550,287.9485385594357,0.09262952480224212,-8.00991664984039,-0.3215711374145001,-0.05656301536283572,-7.170783609771728
1478631419583,287.95277758064884,0.13817007046695354,-7.981872377943965,-0.23478132723383605,-0.05282207412719726,-6.426186893463134
1478631419617,288.000924269323,0.15816856373922739,-7.959756352198945,-0.3190274442810565,-0.03486556110520323,-3.309684519958496
1478631419651,288.01662531428224,0.09280650524713598,-7.966866978625636,-0.7317278823852539,-0.003890577697753906,-3.3291374084472656
1478631419684,288.0119896161042,-0.10101913276295862,-7.6421096524185685,-0.7754220261504873,0.018405424834334553,-5.45219573059082
1478631419718,288.0251535191334,-0.26260911320578,-7.2691058242253614,-0.4499602745056152,-0.027234043884277342,-5.900211008508503
1478631419752,288.0509397958925,-0.38427660150299564,-6.8923507487489735,-0.7612064903259277,-0.09995791474494617,-7.101501691491902
1478631419787,288.07198056809517,-0.5204769216873986,-6.50579897940055,-0.8337807464157231,-0.05581482620239257,-8.42384919591695
1478631419820,288.1171808751897,-0.7034617923451207,-5.798357360367525,-0.9781809906614128,-0.09741408918076194,-9.94850637529902
1478631419855,288.140376284803,-0.7319386293201383,-5.245546471037702,-0.8972270520220735,-0.07945756759643555,-10.188973821877873
1478631419890,288.1778293281139,-0.7661006052157355,-4.625413099130226,-0.8400654846744379,0.01331774673461914,-9.95194794885395
1478631419923,288.2052879712132,-0.851185520647482,-4.023910729627245,-1.0431237723419442,0.1297358036013611,-10.160991882235743
1478631419957,288.2242018760557,-0.9225047407916768,-3.3562363878350725,-0.5523124091770267,0.2038064117542235,-10.815955345098674
1478631419991,288.2540153003246,-0.9907482166548567,-2.664931710673067,-0.40402153471794444,0.19363106383171397,-10.782885580798238
1478631420026,288.29331979885717,-1.0565258954866732,-1.9618466196559605,-0.22221184158325194,0.14006079711914063,-10.895712260967866
1478631420060,288.33430668575033,-1.139036950113673,-1.280916600727712,-0.3280056365745608,0.020649989318847654,-11.052532542773335
1478631420094,288.38493276287136,-1.203942146779296,-0.2416545396729562,-0.22475568541374522,-0.0037409400939941405,-11.357045212554931
1478631420127,288.44764121668055,-1.2347403573968436,0.7429873036444856,-0.15906477279663084,0.08454523699111305,-11.116876858520508
1478631420161,288.4752326296308,-1.2341192173335562,1.3382501365986712,-0.15233108062744138,0.0640449035423342,-10.751910596819966
1478631420194,288.51496628112,-1.2411426800807572,2.0433512364270507,0.08304885182036087,0.01092354507446289,-10.417320841747895
1478631420228,288.5349983908072,-1.268675908248657,2.369537349338559,0.14948796615600585,0.11222819368666968,-10.897358201543986
1478631420261,288.56703839571423,-1.3402918214701152,2.7704838851098046,0.41584288714865686,0.1104325424415525,-10.95107868581563
1478631420295,288.5993974836611,-1.4188581343341073,2.9072780988515747,0.1910872200012207,0.2235585777338012,-11.69612402267456
1478631420328,288.61233783875974,-1.4662262761029972,2.9334542499211502,0.14589666366577148,0.22849662550773936,-11.929259409332275
1478631420361,288.6319097387766,-1.5639720794637404,2.9077260636968374,0.0704793113708496,0.3306991088756593,-13.073687802886962
1478631420395,288.6323346695951,-1.64118168922127,2.7870755484968748,0.28805238723754883,0.42601826703720724,-14.083293007715046
1478631420428,288.6245179937556,-1.7520856288018682,2.481591808566584,0.49051207425766624,0.5150526321411133,-16.408661077880858
1478631420461,288.599655876216,-1.7521970612734996,2.2550727433710183,0.7342717216491699,0.47375265350341794,-17.010802795410154
1478631420495,288.58432103841415,-1.6655734947584633,2.036261271912724,0.6444891593933105,0.49320554199218747,-16.346711109924314
1478631420529,288.56572468460837,-1.4477163802454445,1.8015077213985329,0.16594810256958006,0.37274727096557614,-13.98079095687866
1478631420564,288.5392310526824,-1.3269165016520847,1.695945741839147,0.10878653793334961,0.2804208648792235,-12.412888144683837
1478631420597,288.51589193561165,-1.2395953033548548,1.6093027680492409,-0.07167643046723678,0.22834699247055687,-11.379042086438089
1478631420630,288.4856957461539,-1.1718740546919721,1.5545646407975402,-0.1575683967590332,0.08604162216186523,-10.6160396526061
1478631420664,288.44349359340015,-1.128552148066156,1.5084665958748706,-0.13437454990996048,0.040402153015136714,-9.849446066980924
1478631420697,288.41665008626285,-1.1194497595091266,1.4817610143574875,-0.07332242584228515,0.19961656912374892,-9.781361388811783
1478631420731,288.38914398519773,-1.1555817377010804,1.4766071564029604,-0.026036943054199218,0.31842882993393573,-9.64189914439097
1478631420764,288.36196101927146,-1.2122042600252019,1.5287503365449187,0.03067570877075195,0.33578679197006855,-9.714473245217139
1478631420797,288.3164261757403,-1.257761142542106,1.762614636827577,0.22819733660048805,0.16430208892822265,-10.08288077907851
1478631420831,288.29307179097435,-1.2413916080297847,2.0230348787374344,0.49634793167114255,0.017357962036132813,-10.276512221936136
1478631420864,288.28495440079405,-1.2697791378713144,2.2814768973000934,0.5252279891967773,0.02633621826171875,-10.487051965099946
1478631420897,288.28582098732375,-1.24959791684214,2.567947805097353,0.44307695757616455,0.06733693082504906,-10.646116810961813
1478631420931,288.2912331390975,-1.2225032067714052,2.856755389896769,0.4499602836387697,0.08589199369126,-10.716895397540181
1478631420964,288.3027204310218,-1.2325292543102455,3.1488463489292196,0.35284545139921825,0.1669955703624757,-11.01242981109619
1478631420999,288.326582805641,-1.2180617515588044,3.5650001536199003,0.36212298283232375,0.19782091217041015,-11.273996634729206
1478631421032,288.3432776740304,-1.1796446029675445,3.8256770577655907,0.30840310134887694,0.19258360060539562,-11.115979032897949
1478631421066,288.35745078044795,-1.1205659879662415,3.9882049605973475,0.32875381546020505,0.1643020912115113,-10.598083067089691
1478631421099,288.37531822854805,-1.059999822125767,4.140254992801388,0.27473467703554777,0.19243396300163584,-9.975441217041014
1478631421133,288.39572323780806,-0.9591990857232324,4.554681934394,0.539443561553955,0.21263503494262695,-8.462904318237305
1478631421166,288.41292457940875,-0.8743150031716082,4.834680982115287,0.7579144904426764,0.16699556693754275,-7.180061433465778
1478631421199,288.4479193328426,-0.7928469804609026,5.092322766572504,0.7817068511741702,0.053121349334716794,-5.708225670623779
1478631421233,288.4946500894514,-0.7445093051658619,5.287482830785054,0.713771351667773,-0.014514847564697266,-4.66061280670166
1478631421266,288.54621301850864,-0.726657866467017,5.384843079168178,0.7739256501128896,-0.01840542526245117,-4.186560877990723
1478631421300,288.6070755732136,-0.7537831225317964,5.214851202374189,0.8922890120969401,-0.034566295601660385,-4.106205484771729
