sep=,
timestamp,gyro-alpha,gyro-beta,gyro-gamma,accel-x,accel-y,accel-z
1478630693507,274.62873433555717,-0.1803670315866547,13.28542696550691,2.2589292001420516,0.08215104674739995,-9.504381807509832
1478630693540,274.6139153584027,-0.20713323821261628,13.294699434954127,2.244713732816151,0.11267711334781488,-9.583540067932708
1478630693574,274.59556430672507,-0.2391955603384849,13.274577742331827,2.2483049939217787,0.13751695328864733,-9.569923450132658
1478630693609,274.5718084629422,-0.29013687254138043,13.187381645413042,2.205508669214649,0.11282675323486327,-9.590573039875993
1478630693643,274.55705609890674,-0.32216182522733017,13.082862789687365,2.1443068618774412,0.12180500946044921,-9.605686419589421
1478630693677,274.5356830845514,-0.3488085833128748,12.949868312223169,2.0985176911948713,0.09935936889648436,-9.678560238581104
1478630693711,274.49937552351656,-0.34691705252065697,12.875272383084182,2.360084231700096,0.008080430603027343,-9.550619907557524
1478630693745,274.484989097279,-0.32915219693228503,12.846494793729292,2.44298359204717,-0.0378583137512207,-9.547178526369661
1478630693779,274.4753431881476,-0.3082337572263924,12.75075733282948,2.2782325172424316,-0.03920505675163585,-9.737816665737888
1478630693814,274.45251456359705,-0.2591220120358738,12.573621370733036,2.094028663546778,-0.031124621582031248,-9.567678697419536
1478630693848,274.43269670228597,-0.23522398357620367,12.442245304659398,2.0697874082703143,-0.017956512451171875,-9.398887566287256
1478630693882,274.40390337622085,-0.23326392188805695,12.271022941612058,2.168248832813231,-0.0004489128112792969,-9.406818176623434
1478630693916,274.3878145761253,-0.2480183297493002,12.162566221413064,2.1853076201065442,0.02888005866727908,-9.510367654153518
1478630693949,274.3680810037434,-0.29600612777837104,12.02596645836764,2.1860556802611795,0.09277531433105468,-9.665242423347825
1478630693982,274.3533396765515,-0.3509474812551905,11.988625334874623,2.267608247375488,0.12823942642211913,-9.821763471044973
1478630694015,274.3390019503526,-0.4088629212709844,12.020121559887894,2.3389853113036603,0.16519991455078123,-9.942371452740579
1478630694049,274.33141681759656,-0.4560029827691303,12.31237191717555,2.473210314941406,0.15861585998535155,-9.63875638025268
1478630694082,274.3362247543213,-0.45550255835115966,12.66898477563475,2.5450363282134756,0.15831658477783203,-9.086594033371098
1478630694115,274.35175699545147,-0.3891791270066731,13.013077294787148,2.3207295693107413,0.1762730972290039,-7.735066867419332
1478630694149,274.380514058269,-0.2708881458555451,13.386427648011718,1.6750432999541982,0.045340195080853296,-5.194370139312744
1478630694182,274.4131977481563,-0.23445819338014137,13.637430204141715,0.7969698776245117,-0.02902969512939453,-2.9014731369018554
1478630694216,274.4564241045136,-0.3251824417686292,13.826134170372178,0.127042325592041,0.014664485168457031,-3.5125931106567383
1478630694249,274.44531020837934,-0.4696793544794996,14.459547003643287,1.8867805092742667,0.2554313896179199,-6.42229631576538
1478630694283,274.45239645279037,-0.5002620827411007,14.785931103992812,2.325966985907033,0.10684124451789538,-6.3576525786802165
1478630694316,274.4764756638054,-0.5641703665295206,15.079174236587487,2.2584803900787604,0.06973112335205078,-6.599766513824463
1478630694349,274.5052405103089,-0.6641312828564181,15.37684592829623,2.4467243860106915,0.11432313112763294,-7.687182834216207
1478630694383,274.53325295473934,-0.7751612187839896,15.887247190524803,3.1190461031707,0.04803367080688476,-8.766968148272857
1478630694416,274.5690208466025,-0.8664709629899725,16.182635863696518,2.817526422926318,0.04055179061889648,-9.191639466813672
1478630694450,274.6232176732532,-0.9798535467614199,16.674099042644443,2.958784211277682,0.1092354507446289,-10.260500559942423
1478630694483,274.6382276902081,-1.0021462970760846,16.84113749993893,3.172616584512405,0.1382651367408689,-10.353126455865427
1478630694516,274.66984348324877,-1.0350154355936354,17.15020598712966,3.081786577296536,0.06015431671142578,-10.132261206585541
1478630694549,274.7038477974956,-1.084707550051767,17.496741068454277,3.2377087594848124,0.08738836972885765,-10.412383093084767
1478630694583,274.7635453599126,-1.1670697762886162,17.99528883904986,3.3743278917174786,0.11118073046035133,-10.768520663098245
1478630694616,274.8111202991946,-1.1955614005584065,18.267437584856733,3.0949545950958504,0.24390929869499522,-10.37512303748764
1478630694650,274.87752457637936,-1.2439623297606628,18.60906103721628,3.001730313154589,0.13437457730942404,-10.147075840814411
1478630694685,274.91887562197167,-1.2739612700504652,18.783943349682954,3.2782607510331085,0.15906477736320812,-10.36405036626607
1478630694718,274.9940544543968,-1.326216525703105,19.02283095937884,3.3129765289749016,0.11671733093261719,-10.569502650097757
1478630694750,275.04683071865287,-1.33723337444169,19.092287560062534,3.1907227619668,0.05117606048583984,-10.584017351531982
1478630694784,275.09649469748473,-1.3112029071762952,19.000837331990915,3.0330047184708526,0.027234043884277342,-10.379762095465138
1478630694818,275.1290645721095,-1.3379798114051513,18.97135697479849,2.9667149860106408,0.04339490509033203,-10.504858913012594
1478630694851,275.21275929261833,-1.463924327119604,18.762730745068936,3.643675761148147,0.17672200547370592,-12.533346707971393
1478630694885,275.2650286568118,-1.5323555799466275,18.526638092129968,4.335001527050882,0.21083938369750976,-13.577068701934813
1478630694919,275.3479012656257,-1.588569710031937,18.230903462379263,4.343829853411764,0.3440168419105466,-14.679149653625487
1478630694952,275.4444534630226,-1.6497890884358943,17.747588171445617,4.629787314196676,0.5692214447021484,-15.89106460647583
1478630694985,275.49589596061986,-1.6493926617044774,17.455805947449097,5.114613150378316,0.7583633941208012,-16.50383059387207
1478630695019,275.557757178597,-1.5718861915489386,17.230762934420408,4.998494515991211,0.8114847251892089,-15.739930626678467
1478630695052,275.6366904232464,-1.4575263533277625,17.087579532987846,4.128202358654886,0.8340800033569336,-13.885770786230266
1478630695085,275.7160983270234,-1.3829207702413129,17.01264083911223,3.286490654843114,0.847846662902832,-12.465710218811035
1478630695119,275.7842521603779,-1.3427586421605302,17.020193158476175,2.857479699662793,0.7821557548522948,-11.823016418401897
1478630695153,275.8376392407048,-1.301274897529471,17.102826551129027,2.8998270239374424,0.5244798011779784,-11.270853952789306
1478630695186,275.9302366609359,-1.248635105641282,17.340304922125256,2.819172463967139,0.2454056701660156,-10.523114919866993
1478630695219,276.00985691240305,-1.2069087769383189,17.723149917958615,2.962674809525034,0.27084405823859853,-10.188824513067678
1478630695252,276.04029079460474,-1.192166281503244,17.877054300415082,3.0407857734016606,0.2534861053356202,-10.089165576702728
1478630695286,276.12786036922904,-1.1612732180165057,18.348863833029547,3.3939304178100076,0.1277905181774171,-10.078990365777537
1478630695319,276.24235260813,-1.0950567193673897,18.89617610747886,3.4986769231049344,0.07736265027695335,-10.297610904870554
1478630695352,276.32077192966614,-1.017366068981485,19.251960461654654,3.534290508402977,0.05521627578735351,-10.19346305958852
1478630695385,276.4122711628003,-0.9487597234395427,19.610336746798335,3.5553895931961943,0.09831190567016601,-10.302997858605906
1478630695418,276.50292177515416,-0.8864293639962262,19.925325044217757,3.4186205493651327,0.15801730728702387,-10.218752106884866
1478630695452,276.58705157568727,-0.8092372630898975,20.142287069635007,3.3158197393444597,0.1418564457955581,-9.764152628271281
1478630695485,276.67688186033985,-0.7396119962134987,20.464540183696084,3.1407437566452656,0.07870937957763671,-9.195978742122751
1478630695518,276.7660140418854,-0.6736855893789856,20.766991523827194,2.9435213035583496,0.09472059861335437,-8.588001610708796
1478630695552,276.8613138797585,-0.6150093411616961,21.120692173386995,2.6140193731445818,0.15876549758911132,-7.6614451663695275
1478630695586,277.0063932346963,-0.5504658221883657,21.668533226594988,2.245013115338236,0.11896189955559093,-6.182876149749755
1478630695618,277.1081394144562,-0.506400895061665,22.034306260700912,2.0721816829957067,0.001197100830078125,-5.20050498880595
1478630695652,277.21533048168715,-0.4683506160393436,22.386393016480596,1.8558054156981407,-0.028131869506835935,-4.226963031005859
1478630695685,277.3803761533313,-0.4412460991347266,22.763339563231156,1.8112137020386754,-0.017357962036132813,-3.5046623176574707
1478630695718,277.49533375622934,-0.4514303418747204,22.31431244385762,2.281075631713867,0.019303250885009764,-3.7434839332580565
1478630695751,277.6079450236089,-0.4841539440707553,21.33278059626652,2.1000141311645506,0.07407061614437262,-4.495862097223103
1478630695785,277.7195323845179,-0.5476600104478166,20.969508773695775,2.2423194923400875,0.07272387542724609,-5.8940755744934075
1478630695818,277.82522189416176,-0.6296341022008705,20.946609122668857,4.0412628743378445,0.11177928572737873,-8.903586915179341
1478630695851,277.9907895985758,-0.6652799290101771,20.76261750062993,4.9781436557494105,0.06928220597419421,-11.206360437829792
1478630695884,278.10052939846616,-0.5650335700862182,20.566185437665133,4.725705310467631,-0.032920272827148434,-10.937161950274556
1478630695918,278.21021014442664,-0.4283648572690282,20.32652139284954,4.16890364074707,-0.06015431671142578,-9.794679247427545
1478630695951,278.32085596289744,-0.29785290580300516,20.02615242989621,3.6129998514479955,-0.0751180816539796,-8.913313341157417
1478630695985,278.4184537378788,-0.17792827591649893,19.67303790850755,3.298910486621507,-0.05147533341007074,-8.273313401208444
