sep=,
timestamp,gyro-alpha,gyro-beta,gyro-gamma,accel-x,accel-y,accel-z
1478630725275,282.1768237477781,-0.43120089653290644,24.640135533442514,4.155735431151511,0.10758943710327148,-8.88398470874722
1478630725309,282.20457354119935,-0.4534259856833874,24.49552491914408,4.129249757949123,0.11462240447998046,-8.929025406570736
1478630725343,282.2309765722072,-0.47474138460837406,24.361598101141997,4.118475640415865,0.11522095032844226,-9.01147596541685
1478630725377,282.2577428139637,-0.4786625687498271,24.24969051646954,4.115034203858254,0.07571662521915277,-9.079111879188474
1478630725411,282.2968095562923,-0.4608790437474687,24.12086964108244,4.03123710465359,0.058807575994299255,-9.17068991002636
1478630725445,282.3184621497099,-0.4397081209839114,24.09569148065133,4.037372205308545,0.06509235763549805,-9.071480297464644
1478630725479,282.3285137263018,-0.43392392848787664,24.10392890056217,4.012681985275986,0.07706336650710145,-8.980650324498106
1478630725513,282.35015114154663,-0.4239062194760732,24.231874429785787,4.234893860537745,0.062249243164062495,-9.024344525345555
1478630725547,282.35965191528106,-0.42255513939566886,24.427512078513683,4.505289120129496,0.06239888076782226,-9.217526553068403
1478630725581,282.3610277378933,-0.39726492163069016,24.774793365850147,4.68111330454722,0.03636193543033441,-8.925134784919674
1478630725615,282.37222037667254,-0.31358450698698953,25.682435532823742,3.9995138732910154,0.10504559783935546,-6.712144354248046
1478630725649,282.3888932668666,-0.2590466326232796,26.172259104483913,3.053056029510498,0.07586626510620116,-5.17102667312622
1478630725682,282.4041019029843,-0.23231562441978745,26.697063058505922,2.326864592333883,0.08364742050170898,-3.854066122436523
1478630725715,282.4275949699981,-0.2644403137678023,27.235420767228963,2.020107650756836,0.1592144104003906,-3.5419220809936522
1478630725748,282.4545558681667,-0.33958358497243274,27.732954514897756,1.9366098678588866,0.17806874847412107,-4.007444374029338
1478630725782,282.4811557535495,-0.4451829798849538,28.50953329625878,2.3581389976501463,0.1258452247619629,-4.8753424758359785
1478630725815,282.49891012494624,-0.5241380715344263,29.02428562274198,2.625242120361328,0.034865566242602654,-5.142146615600586
1478630725849,282.5118403794341,-0.5996206478851573,29.280654540650584,3.1594485119141638,-0.023942016601562498,-5.84469545751363
1478630725884,282.51807196988227,-0.7123010190562002,29.347505915856956,3.833416206182912,-0.07167641220092773,-6.629544543103128
1478630725916,282.5198627717075,-0.8130338615556283,29.411445494280994,4.743212768543628,-0.07855974197387695,-7.851634487682953
1478630725949,282.52995307713826,-0.8855322125902452,29.4424853918135,5.315576634890772,-0.06464345395737327,-8.676437041805173
1478630725983,282.5482817077272,-0.9172689055793204,29.322233676617333,5.26993705614619,-0.046238019561767575,-8.866177733435109
1478630726015,282.573372210335,-0.9505872555255399,29.094128369954728,4.8609774668044405,-0.011372457885742187,-8.862885760951322
1478630726049,282.59310072610333,-1.0216534896742235,28.79427274653187,4.922628159553464,0.12210429380112327,-9.420435344696044
1478630726082,282.5938846560632,-1.097898107468819,28.426300040467,5.614702241339161,0.23343466186523437,-10.170867927551269
1478630726116,282.6285284336067,-1.1379248745250239,27.74838540983161,5.368398672485351,0.19063830776076354,-10.06941377833262
1478630726150,282.66770927581206,-1.2035478528910935,26.963647692759363,5.001936180877685,0.19632454184103407,-10.280252723638712
1478630726182,282.6991660803676,-1.264671382035969,26.40604827426867,4.9328034618102015,0.24630348893870832,-10.929680362347513
1478630726215,282.704235143218,-1.2954194944760886,25.840232385612957,4.868010598577931,0.2774281082374509,-11.163114731951802
1478630726248,282.71437918155675,-1.3397180202385277,25.248027302329632,5.031414934948831,0.1301847152709961,-11.024550603131205
1478630726282,282.7406244116815,-1.4347504127073285,24.36376459840009,4.980089163793996,0.37125089492797847,-12.374730555725098
1478630726315,282.73312604378236,-1.462305436184998,24.079353319244603,5.277269371795654,0.3399766357421875,-12.521524752752482
1478630726349,282.7420186321475,-1.6273499694922025,23.35699963207936,6.3420905601501465,0.5448305152893066,-14.797064085388183
1478630726383,282.72414404630007,-1.704487173330593,22.97815404711562,7.198616204071045,0.7550713668380864,-15.8714620803833
1478630726417,282.72166415498384,-1.7466957084190147,22.719169297832902,7.559841379547119,0.9240122032165526,-16.321272717285154
1478630726450,282.73031937044624,-1.6851129456557814,22.54694885198473,6.623858168029785,0.8661024505615234,-15.080926619720458
1478630726483,282.7310337142802,-1.6371882172407082,22.585991523369703,5.409249738311767,0.6596025573730468,-13.169306523950397
1478630726516,282.7178639584973,-1.6441311195427395,22.73907696104611,4.646098105267435,0.539443561553955,-12.046574998418986
1478630726549,282.6923141732205,-1.66985152414704,22.978562803073437,4.41819988861084,0.3336918472511228,-11.359738689422606
1478630726582,282.6738177476513,-1.6826472507429269,23.261135606119193,4.250605662802048,0.1623568000793457,-10.735450752667337
1478630726616,282.6569971881323,-1.6761738800432264,23.55879185795612,4.016871890126075,0.10699088668823241,-10.139893016638233
1478630726649,282.63733851608237,-1.66328774805133,23.856895686837778,3.922600131258764,0.22640169905510263,-9.575310008859075
1478630726683,282.6078074099927,-1.6591398335140495,24.267837441593887,4.160224677995313,0.5511152946472168,-9.522787648330814
1478630726717,282.59248978773996,-1.6960074425917142,24.543615789732335,4.359541838339157,0.5192424850463867,-9.465775830896199
1478630726753,282.5886596334881,-1.6753979123395213,24.787515276990575,4.304475328019727,0.31274259414119876,-9.478794302423298
1478630726784,282.5794601839302,-1.5709957035339146,25.19217404833838,4.61886402485054,0.02498947982788086,-9.759065168939157
1478630726818,282.58236884581817,-1.5462177304404245,25.485030901593486,4.864718352099508,0.03396773605346679,-9.859022942120209
1478630726851,282.6014088481944,-1.5178076838654404,25.774627709928314,4.956147074127197,0.15532383270263672,-9.975740638379007
1478630726885,282.62406295709405,-1.4906206214433064,26.04879743124805,5.116857714434713,0.3887585037010256,-9.946860507788136
1478630726920,282.6656396146534,-1.4600763590182937,26.27033865527132,5.111022140149027,0.5705681831359863,-9.907804947076364
1478630726952,282.75331648981455,-1.3637289573764622,26.439546885076886,4.333355269097641,0.4004302276611328,-9.19747520549614
1478630726985,282.8138871678377,-1.2698871971338714,26.4463930423958,3.567210909094289,0.172681785605615,-8.115595366845652
1478630727019,282.8690529463277,-1.1621265279694701,26.354058892006186,2.76934298665151,0.08020575561523437,-6.779182000732422
1478630727052,282.9536836470312,-0.9892379849123215,26.02828827359971,1.6350900962829589,-0.011222820281982421,-4.263175331115723
1478630727086,283.01313922111393,-0.8982520962821152,25.781888515989106,1.108964281463623,-0.023343466186523436,-3.380612744140625
1478630727119,283.0607698358071,-0.8249732124261937,25.42323027364069,0.9759364517211914,-0.017956512451171875,-2.9254151535034176
1478630727152,283.0988656005173,-0.7739506202397526,24.563453532091714,2.028936269378662,-0.023642750527197495,-3.0533553047180173
1478630727185,283.13168931480567,-0.7511623447672678,22.56833788342965,1.9008464805603027,0.06599018325805664,-3.5413235305786133
