sep=,
timestamp,gyro-alpha,gyro-beta,gyro-gamma,accel-x,accel-y,accel-z
1478631163779,282.5255107395726,0.36740834013833634,22.504712376555045,3.749170229272531,-0.04399345664701541,-8.99980421405728
1478631163812,282.49475502614234,0.35283548888652516,22.454896007289076,3.7351041075748563,-0.049679686731530816,-9.012224039271217
1478631163845,282.4610202075522,0.3385104328271113,22.379500053162122,3.740341657172711,-0.0396539661379822,-9.0663926417697
1478631163879,282.4268909425654,0.32440404028604675,22.288620114707182,3.768623155720974,-0.049978961368228186,-9.1097879144695
1478631163912,282.3906439550413,0.31200352324841407,22.196442745680837,3.82593419813076,-0.05357026091516081,-9.235333628845215
1478631163946,282.3372299313972,0.3115781690580382,22.045039482430433,3.733308452904806,-0.05027823514869233,-9.147047666389238
1478631163980,282.2977851080093,0.3134798816556716,21.950007258418594,3.714903059608396,-0.055365911821352344,-9.115025143836124
1478631164012,282.2377666157339,0.31763772238703936,21.845826478040884,3.7222353158923562,-0.07332242812557378,-9.06908644058107
1478631164046,282.19451550265796,0.31644535310222893,21.794699607040762,3.7575499776093286,-0.06194996567325434,-9.148394185627367
1478631164079,282.14793019669787,0.3152594479475045,21.807023897960384,3.873219662652537,-0.09142857818050543,-9.200767598105035
1478631164113,282.1012867250385,0.31822756670903163,21.92029492716078,3.9525276839767582,-0.07945756759643555,-9.23338855005889
1478631164145,282.0320941649978,0.38622102892566706,22.31794463539131,3.8356607519729993,-0.155772745513916,-8.512434328549169
1478631164179,281.98663761523574,0.44699414500362156,22.715827691970482,3.4322375713072715,-0.15113397979736326,-7.4396825298585
1478631164212,281.93688352826206,0.5527550692735551,23.34375493256812,2.8957869810242203,-0.18390461502075195,-5.689670607757568
1478631164246,281.9021900025408,0.6287912446966025,24.018820560697478,2.294991928863525,-0.15846622238159178,-3.8009447731018065
1478631164279,281.88146586657854,0.5940005620087081,24.56485195816218,2.0563200969971716,-0.06284779357910156,-3.7114614860534667
1478631164312,281.8383413535375,0.5011381946224324,25.438227466203763,2.790142905835062,-0.036661208354565315,-5.810428153991699
1478631164348,281.8161187653216,0.49363320073008293,25.68324968235149,2.8058548542298376,-0.025139121998217887,-5.938069029998779
1478631164382,281.7609839168603,0.47348231133219687,26.381154075689647,2.8004677543640133,-0.027084406280517576,-5.5514051696225994
1478631164416,281.73392859305744,0.41842478578567105,26.411690887757302,3.2091279771666974,-0.023343466186523436,-6.173898185785115
1478631164450,281.6912592915296,0.3276495945886524,26.168059733922547,2.9849707736693323,-0.05087678413667599,-6.480505197497457
1478631164484,281.6247359541903,0.2049220661820301,26.18290108122661,3.490446818365529,-0.07781155395507812,-7.32939946975708
1478631164518,281.56608970253205,0.08904448961141373,26.327189089937537,4.531475518124364,-0.06434416961669921,-8.36563980272822
1478631164552,281.50855383869,-0.06234870131805342,26.266152029121155,4.882974249356053,-0.04997895965576172,-9.236081597668305
1478631164586,281.4593286934653,-0.17819402884579538,26.001005402861,4.629787496859766,-0.020500351715087888,-9.49839660932012
1478631164620,281.4408238360553,-0.22094908312529687,25.872662258369704,4.459200445910543,-0.0378583137512207,-9.57740533717051
1478631164654,281.3542522160177,-0.3472766984091318,25.453305825645486,4.8048635297913105,-0.047285482788085934,-10.035894662829488
1478631164688,281.30543753978463,-0.4029254257165876,25.13069894231518,4.958391638183594,-0.06329670182380359,-10.083479347759857
1478631164722,281.28680462694217,-0.4237173572262453,24.9681649736644,4.902127826104685,-0.08035539321899414,-10.088118405737355
1478631164756,281.2391132040808,-0.44950794094389085,24.42497405715728,4.358494612574856,-0.06239888076782226,-9.808595288848876
1478631164790,281.20336017631763,-0.48007615269615794,23.670562954607465,3.858255911409715,-0.02498947982788086,-10.27711048009023
1478631164825,281.1821989249704,-0.5035293305000162,23.42703091851681,3.8637927013949374,0.01316810456428211,-10.515932241821288
1478631164859,281.1038312603221,-0.5474588005769696,22.621284801158193,4.234594512264989,0.017657241810229606,-10.854711776733398
1478631164893,281.07623407301884,-0.606443195984218,21.980364132909965,4.071788799374364,-0.002992752075195312,-11.499799340411275
1478631164927,281.0099887456393,-0.7361154461086563,21.013402381236606,4.454711390862986,0.14829086532592772,-13.244125033569334
1478631164961,280.924942251033,-0.901831116066394,20.028890323149422,5.636100199481099,0.560542463684082,-15.790059223937988
1478631164994,280.89002433176853,-0.9534372111859775,19.736793176917466,6.163423261260986,0.6355109031677245,-16.901268069458006
1478631165028,280.7935136379781,-0.9755405874660676,19.063591278015583,6.668749449157715,0.6388029487167485,-17.565659030151366
1478631165061,280.73925401027304,-0.805477280913055,18.68156371014481,4.580107775878906,0.41210196988754905,-14.234725970458983
1478631165094,280.6940504067924,-0.7267926811474434,18.534831612963426,3.4882022177765144,0.1669955703624757,-12.758551009368896
1478631165128,280.62824697255854,-0.6755436193461859,18.451026032370553,3.0044238904869647,-0.0013467384338378906,-11.690886706542969
1478631165161,280.54908100428304,-0.6517051876572283,18.42061738570385,3.0398880482438018,-0.011073182678222656,-11.158026907293499
1478631165194,280.46992233595347,-0.6211705799264888,18.39028277434796,3.180696887251269,0.020649989318847654,-10.691457151031493
1478631165228,280.40273863748297,-0.5840078192732451,18.293163524983967,3.0627824337973317,0.01780687484741211,-10.160243511553853
1478631165261,280.33929875194553,-0.5553493312777071,18.143051036264122,2.7639561790466307,0.018255787658691406,-9.865307977206445
1478631165295,280.26277044210696,-0.5449935090349389,17.95382414037321,2.785653704657033,0.030526066600414924,-9.837774804245122
1478631165328,280.1516023892331,-0.5241771948743503,17.559243348424744,2.9508534074327937,0.01915361784782726,-9.94386775571294
1478631165362,280.0612827942904,-0.49521848594329404,17.193693400800942,3.132064702561963,-0.01062426986694336,-10.192715163830668
1478631165395,280.02165035773857,-0.4362440142665659,16.89491300377819,2.947411926921876,-0.01705868682861328,-10.288483157171681
1478631165428,279.9888315731847,-0.3619198794929084,16.585385462457015,2.7992705299331,-0.013018471527099609,-10.254664912591501
1478631165461,279.96265513555574,-0.3118389603876065,16.239150744354326,2.5986067456230986,-0.016460136413574217,-10.306140394415333
1478631165495,279.9358340373126,-0.3093327465802203,16.10188382922151,2.6210522674560544,0.005087678527832031,-10.452485605566203
1478631165528,279.91936726691387,-0.30899408855580257,15.992281782723007,2.591124618839938,0.0610521406215179,-10.35626869941391
1478631165561,279.9125064603644,-0.288743823347211,15.992301195990324,2.3386859995635225,0.05476736126360774,-9.630227539161872
1478631165595,279.9063806053,-0.2414993271566361,16.104868821713694,2.1251531024657186,0.02723404160098871,-8.177395916394143
1478631165628,279.918235034193,-0.17926696401347314,16.492102608624396,1.5705962159972637,-0.02977788314819336,-5.322460220392048
1478631165661,279.93878665384165,-0.15641352266549494,16.79853172174803,1.2559082622252404,-0.055665184032055545,-3.8802527030944822
1478631165695,279.96955580725125,-0.1529974473511829,17.113388182710246,0.9956887615479528,-0.09801262817935785,-2.931101382446289
1478631165728,280.0204672444371,-0.18592569723335503,17.460421360269738,1.175852290344238,-0.18076221849193097,-2.4238299057006834
1478631165762,280.06258915459705,-0.2593808917128504,17.171903744783332,2.266560857214406,-0.2506429771644529,-3.2243910858154297
