sep=,
timestamp,gyro-alpha,gyro-beta,gyro-gamma,accel-x,accel-y,accel-z
1478630045631,183.84062798206125,0.825828287383294,3.7296769813568913,-0.009726444244384765,-0.10160393295288085,-9.11442651807256
1478630045664,183.8285437921119,0.8183601629678964,4.322811736572939,1.0793360724518075,-0.16983867798404534,-9.970353666377346
1478630045698,183.81669321168832,0.8131782904017115,4.847679931785889,0.621145674940478,-0.16445172653198242,-10.024372585606296
1478630045731,183.80015664751124,0.8093244591768121,5.779039918201913,1.0881646545410155,-0.19512743530273435,-10.475978709356486
1478630045764,183.77807456450148,0.8286983995254594,7.533982262845909,1.3545196577320573,-0.3113958534240722,-10.229525758627243
1478630045797,183.76057348227837,0.8824490361843372,8.926246385057642,1.8881273207733407,-0.3983353012084961,-9.361179109335504
1478630045830,183.7488859887086,0.9151280527650208,10.705137328790062,1.4528314583709463,-0.2678513015968259,-8.05589003601074
1478630045864,183.7119334243901,0.9889867062406765,15.20610667505462,2.224811892700195,-0.03770868528061546,-5.707626827947795
1478630045897,183.68539893432094,1.0072086016722668,18.12631168797003,2.3424271223206072,0.13302782974243163,-4.285321696472168
1478630045931,183.6571802566837,0.973669963233995,20.807712536959116,1.6323967655457556,0.47090952076567333,-2.6460417472839355
1478630045965,183.60915493110087,0.871343383224135,24.4429624175355,3.0931588342528786,0.17941547777480446,-3.399018169403076
1478630045999,183.57558773681623,0.7248927447457105,27.336325255902736,3.8560114843506366,0.7745242461937013,-4.595221173858643
1478630046033,183.56063345947217,0.4659208737016727,28.517011004742137,4.612579195260279,0.011372457885742187,-4.6039004471376535
1478630046066,183.60199461519346,0.2005873257484103,26.37502921048557,4.376151596373471,-0.08813654861450194,-4.749048338262736
1478630046099,183.65344617212008,-0.0861146285545944,23.446425009179777,2.0431516956053675,-0.24301146850585936,-6.130951608984172
1478630046133,183.67241286293637,-0.45290771575015165,19.79944068611165,1.3651438591003417,-0.8117840003967285,-7.259817837878316
1478630046166,183.65331571658353,-0.6631129421009614,18.789890949224734,1.3992612327575682,-0.957680682328809,-7.199514029693603
1478630046200,183.612127446204,-0.8453733473329307,19.662758913241927,2.6099789386473593,-0.8331821686012204,-9.203909926135196
1478630046233,183.56907967700565,-1.0347173256291007,21.060467164321857,5.406705899047851,-0.3630208449875004,-10.77286029973775
1478630046268,183.5903925155519,-1.1815271867528652,19.774697584940327,3.9791632322449235,-0.06973112335205078,-10.374075647326558
1478630046301,183.61790180021475,-1.3396824697456975,17.991622764079693,2.6988638944763688,0.15726912155151365,-10.571597576550394
1478630046335,183.63028259237342,-1.4861003755224762,16.753526525598634,2.584839857748337,0.2847603690879885,-10.650007388659565
1478630046368,183.656941906842,-1.6946665747718694,15.901887354389702,2.7521348494488045,0.2537853691266966,-13.188310207366943
1478630046402,183.6345236306536,-1.7849058667987638,14.815548339444216,2.812737891741842,0.18570027539902365,-12.596643414361774
1478630046435,183.64327016862376,-1.93476747743411,13.599774140992768,2.370109996817773,0.24929625699692404,-13.620463607025146
1478630046468,183.60877806044445,-2.056065809484994,12.887073421704805,1.9847931945358401,0.6289268668686039,-16.527473335266112
1478630046502,183.5509699645652,-2.1450861958243856,12.925354191416961,3.0065186616759747,0.8450035484313965,-17.155951271057127
1478630046535,183.45469182466104,-2.269263767762179,14.16049402835662,3.572597789764404,1.2695254668304696,-20.54344792949259
1478630046569,183.3454749581921,-2.2696154381055926,16.223782697029343,4.969165545654296,0.8894459167480468,-19.63754070728719
1478630046602,183.29148343858682,-2.252013930851198,17.607346969844063,5.672013370513915,0.7800608283996582,-19.207033905792237
1478630046636,183.1590713624022,-2.1620368715253746,20.9017011709112,7.346458156585693,0.37125087680437496,-15.924433792114257
1478630046670,183.11192432948565,-2.1279437042879263,21.016852114380534,5.702240312603861,0.26396073303222656,-13.699322916467487
1478630046703,183.03305703979268,-2.0981562533134825,20.433204202162464,3.27302317917319,0.1490390350784175,-11.327267037145793
1478630046738,182.96119612303107,-2.068193874109329,20.861241040629285,3.8428432290893046,0.021098902130126954,-11.360786298779397
1478630046771,182.88406642700022,-2.02466181682886,21.19840192484595,4.081814591891504,0.004489128112792969,-10.90439146118164
1478630046804,182.8113399193663,-1.979422267621924,21.33985225428786,4.144662239340134,0.10549451065063475,-10.341604652636871
1478630046838,182.75034545771481,-1.9406212423641256,21.19403835700637,4.34397956408076,0.17462706532133743,-10.380210642950237
1478630046872,182.70155369877253,-1.9051020928348577,20.516108980224804,4.1485529997009785,0.22685060729980466,-10.18059444486089
1478630046906,182.6679710370859,-1.8650561239140493,19.713177510118484,3.3955764223182108,0.27353754423942883,-9.860669321087748
1478630046941,182.63945428862192,-1.7899271886048838,19.298115278706053,3.1800982957370345,0.29119477234992663,-9.821464341967925
1478630046975,182.6111926022625,-1.6608795934576395,19.016046999667246,3.137601403498929,0.27847558973007835,-9.13013827467109
1478630047009,182.60931094481825,-1.4883877299798298,18.6949580373608,2.403778393731639,0.2195183601489989,-7.52692110671997
1478630047043,182.61415757587164,-1.4223336405417255,18.538810531583188,2.5409960763793435,0.1981201828113524,-7.294982674761862
1478630047077,182.6610164633765,-1.2314043746618482,16.4864164430706,1.7241245435852557,0.03980360260009765,-5.361964547784626
1478630047111,182.68380163804406,-1.1729682929278946,15.436329074182527,1.30873048248291,0.014963760375976562,-4.878485157775879
1478630047145,182.75702426106812,-0.9933507062267327,12.301863382559763,0.9069535163879394,-0.015113397979736327,-3.557334754180908
