sep=,
timestamp,gyro-alpha,gyro-beta,gyro-gamma,accel-x,accel-y,accel-z
1478630121680,175.31956553757394,0.5391431710620691,14.349667190529782,2.34527019112627,0.003591302490234375,-9.34022940641772
1478630121713,175.294432661548,0.5762699675681018,14.403481393567883,2.3939023849487304,-0.02184709014892578,-9.309403986977971
1478630121747,175.26892008352172,0.611320128217382,14.524729470442011,2.436399407334288,-0.03277063978996593,-9.287407460154686
1478630121780,175.24694487998602,0.6076213324650485,14.701596027484825,2.5583541297470216,-0.031872809600830075,-9.372551375425001
1478630121814,175.22858744019814,0.5951599683603264,14.774925755373463,2.5188498856944785,-0.03591302946892101,-9.399187033291021
1478630121847,175.20384126740862,0.5575739382024091,14.703214924893128,2.435950679469388,-0.04848258361816406,-9.396792776831937
1478630121881,175.18865995379724,0.5383489713207061,14.639586532069824,2.5314192149397914,-0.10265139617919922,-9.578302742667962
1478630121913,175.1761674324785,0.5386772738516303,14.50324260324336,2.4794951171322026,-0.16594810256958006,-9.54747739629345
1478630121947,175.16620749306514,0.5562665936617939,14.403088949566365,2.367865382529027,-0.20575170516967772,-9.507374731402498
1478630121980,175.15733537868343,0.5818037992870537,14.3355004518054,2.409913665633241,-0.18046295013427732,-9.533112170349492
1478630122014,175.1583584434037,0.57713897106035,14.3173871866744,2.309806115567824,-0.12823942642211913,-9.37943450426855
1478630122047,175.16529814071893,0.5620309493548288,14.503253347362289,2.4310124787151115,-0.09322423056726693,-9.409511744822654
1478630122080,175.1807768157562,0.538977039293671,14.713151289317608,2.6010007828864734,-0.07197568969173589,-9.539097717882367
1478630122114,175.21608863944445,0.4943355232768154,14.838955293977518,2.6563666780112776,-0.07915829238891602,-9.584887272157426
1478630122147,175.24609446707476,0.47042297210845785,14.810474201001526,2.5920226819245142,-0.09741408233089605,-9.588178870181878
1478630122181,175.27936731092294,0.46063057021552317,14.72074261897828,2.43624995011033,-0.1388636962890625,-9.473706162671162
1478630122214,175.3158666076564,0.453967922031036,14.685218635927116,2.3328501604163554,-0.11282675551815191,-9.46936661165498
1478630122247,175.3678068419118,0.43171625751086173,14.88109734523815,2.3936031371406745,-0.060154315569781465,-9.523535480156587
1478630122280,175.39850875656973,0.41390860044582833,15.145299493074289,2.5182511332083957,-0.05282207526884158,-9.57246727798013
1478630122314,175.4240562279897,0.4040831691892653,15.628584621868765,2.8066027865203096,-0.05521627350406488,-9.563788333494681
1478630122347,175.44868603986035,0.40554126287627246,16.425486858247965,3.2420482134612274,-0.05671264954166254,-9.447370140772266
1478630122380,175.47790818702526,0.4184600039433974,17.42117351389664,3.5098996703216803,-0.08514379768095096,-9.230994120069871
1478630122414,175.50986508899678,0.4447256348636045,18.9130133359397,3.256712735162303,-0.06868365955491026,-8.734646425860747
1478630122447,175.53878724472605,0.48807686360810576,21.094223268062624,3.561823893710144,-0.0330699104309082,-8.191910690893605
1478630122481,175.56893230490067,0.5322557743836633,23.0754715219527,3.969436587071139,0.048931496429443354,-7.386261466924846
1478630122515,175.63635293392022,0.5283778286361731,24.887009834040587,3.37582419468984,-0.029628250111010855,-6.1025204642698165
1478630122548,175.7076457018773,0.5290218725031628,26.959355723400677,3.730016621984914,-0.10788871573572395,-6.348674760846048
1478630122581,175.76123385754684,0.5519928186402143,27.6801226999944,3.208080587005615,-0.1399111640819581,-4.2345942565366625
1478630122615,175.8419329979824,0.49565374750255137,27.70654789563522,2.1953332847595215,-0.035464112091064454,-4.247164107513427
1478630122648,175.94265288504988,0.41631402971058307,29.328868164948435,2.3870192013062534,0.17941549147453623,-4.663755196380615
1478630122681,176.0079627749747,0.35638286348411913,31.16145291903685,3.4902968154355882,0.17866730345573742,-5.220257444763183
1478630122714,176.08348007887875,0.2733430641081224,32.450639753278416,4.165761397198588,0.15502455749511718,-5.7806502708435055
1478630122748,176.16868808702833,0.1855703575042179,33.44812513708611,4.35026434343867,0.043394902807043396,-5.886743185778707
1478630122781,176.2620563873737,0.09681232024215448,34.37742779377227,4.716427852099761,-0.028131869506835935,-6.113444447735697
1478630122814,176.36747580082104,-0.01538470159130072,34.916932395578016,5.179705909872614,-0.04025251655302127,-6.485892151232808
1478630122847,176.48409187865826,-0.16450759309128946,34.80816518419445,5.545569873898127,-0.04548983382625738,-7.445368503073044
1478630122881,176.6070544173837,-0.31101129821106693,34.316400165312835,5.798906259431597,-0.06120177993774414,-8.459462872546538
1478630122914,176.72962445881132,-0.4488006731156484,33.484287959803915,5.770325166586227,-0.07107786178588867,-8.83894354342036
1478630122948,176.9697768498133,-0.7316855119010442,31.747059498291506,5.486014011703618,-0.035913034035498274,-9.588478519848733
1478630122981,177.07918538811117,-0.8429813114807896,31.471023413205053,5.740547612231597,-0.050128597259521485,-10.079588989257813
1478630123016,177.1885497736203,-0.95460099654082,31.003780616284722,5.896470068414509,-0.04578910675048828,-10.587907929229736
1478630123051,177.29472692440075,-1.05341929448953,30.089755845923946,5.563975020599365,-0.046537294769287106,-10.230872606658934
1478630123085,177.40391527879487,-1.168235944731435,29.091433396784435,5.31991623499766,-0.04159925384521484,-10.20423725932017
1478630123119,177.5108059320715,-1.284527615954031,28.30088320496505,5.3282957216124975,0.07122750852280296,-11.066748261260985
1478630123153,177.6020163702237,-1.387642107445434,27.64676619702119,5.71675494097285,0.014065934753417967,-10.319457921954244
1478630123187,177.72874135416987,-1.5386125142725537,27.086086534310635,6.077381639099121,0.3034650695579592,-13.146561608178914
1478630123221,177.83767622157484,-1.6481308640097827,26.186817087183275,6.586149491882324,0.47928924484252927,-14.303259992980957
1478630123255,178.00648211818208,-1.8066280187030808,24.926387805065495,5.793668888501077,0.72140288772583,-16.328754597473143
1478630123288,178.08596120379804,-1.847059989581871,25.494460345782088,7.262810736083984,0.3139397032481982,-17.297508444213864
1478630123322,178.1072688991561,-1.838851894475353,25.944771544036872,7.519139951324463,0.20260931549072264,-17.232565724182127
1478630123357,178.1494571064318,-1.7821382920170257,26.92242759314925,7.798812632751464,0.09307458953857421,-16.689680497741698
1478630123390,178.21827081908975,-1.6417375065905127,27.301163966288993,6.392967199297994,0.2296937126380857,-13.696778784942627
1478630123424,178.2642005424741,-1.5734352780052414,26.878755427541876,5.26514857976064,0.2882020202747313,-12.197559632873535
1478630123459,178.30527675674534,-1.51367429924772,26.592218538080665,4.8778867169586935,0.2639607284656493,-11.838429383850096
1478630123492,178.3359145230244,-1.4475028464123776,26.371158753816232,4.6208092406341805,0.1848024452098878,-11.200524132891744
1478630123527,178.3673434142116,-1.3748403375570002,25.865408606153203,4.806509470367431,0.23313539222323088,-10.865186555127053
1478630123561,178.3859269323742,-1.325348682677694,25.32651946171252,4.548235002810694,0.24241290895766576,-10.382904412078856
1478630123595,178.40543477580192,-1.279680171911326,24.83251093332649,4.396203106059227,0.26665421903305686,-10.079140149511769
1478630123629,178.4208165916402,-1.2428394985511073,24.19328040551226,4.209904325910937,0.2587234169006348,-10.010156921917572
1478630123663,178.43445090602214,-1.1801659167470482,23.447609570006875,3.495534496893361,0.15263036496811547,-9.419388100665435
1478630123697,178.45285113632377,-1.0410752242593817,23.445800437726408,2.4344541755676268,0.03037643356323242,-7.291242026928812
1478630123730,178.45366508442342,-0.9713466630444713,23.9506361948027,2.25533810999766,0.0022445640563964844,-6.02351239400655
1478630123764,178.45458567508487,-0.9022151616997118,24.718660105014642,2.3588871856689453,0.004489137245947495,-5.088127732904255
1478630123797,178.46476189962448,-0.8436471518264829,24.958777990156992,2.6343700141906736,-0.008828618621826172,-4.023904802703857
1478630123831,178.5246282412791,-0.8283032763493129,22.794840706918055,2.2508489818848667,0.12165536957340081,-3.132064684295654
1478630123864,178.58203888838824,-0.861175555809494,19.889003027632484,2.0061913536071776,0.2563292152404785,-2.9095535675048825
1478630123897,178.6358287623339,-0.9171331197158364,17.002946910549017,1.047762501525879,0.3420715621948242,-2.513462830352783
1478630123931,178.69590161859173,-1.0079372557043662,14.977316210921435,1.774253140844777,0.3477577911376953,-4.850053720800578
1478630123964,178.73116536337963,-1.0695344673275682,14.54210491102067,1.695393904467672,0.26455929258042016,-6.3835398841306565
1478630123997,178.75176530618197,-1.129731064143448,14.58695791776381,2.1739351074218747,0.2636614623912843,-9.135974333013966
1478630124031,178.75586034998406,-1.1524474098840358,15.517514899923823,2.971952448272705,0.16909048539866925,-11.410166561889648
1478630124064,178.75361943168025,-1.0772722702044017,17.158624085890178,4.950909757995605,-0.050727147674560547,-12.25382366414815
1478630124097,178.81539971802005,-0.8936331137331162,16.604173451035578,4.014028720855713,-0.06239887163466774,-9.395595406716506
1478630124130,178.88144851838112,-0.7917011457954406,14.989223004849627,1.8994997421264648,-0.020201067374413833,-8.032097949273885
1478630124164,178.9344695894237,-0.6755296727184745,15.214734613046188,1.5607202802795916,0.07915829467220464,-8.54700050541982
