sep=,
timestamp,gyro-alpha,gyro-beta,gyro-gamma,accel-x,accel-y,accel-z
1478630225239,186.10028538581116,2.758850667662037,21.519636647410305,3.4901475979569367,-0.5041290870666504,-8.776245277847163
1478630225271,186.09904536166323,2.770473589713081,21.57120825026003,3.632602434622741,-0.5123591552734374,-8.990825555972894
1478630225305,186.09696803327287,2.757920525839398,21.522976068717693,3.569305646033969,-0.5192424759132321,-8.969726763440622
1478630225338,186.0947564880448,2.738694251152639,21.43367781442226,3.629759208270162,-0.5762544029457028,-9.100958768408
1478630225371,186.0935428605118,2.745005643737001,21.34353515522475,3.612850200144504,-0.6730699599777348,-9.298630134306196
1478630225405,186.08567403957474,2.8184433787452314,21.17525324188156,3.7463271573273462,-0.7631517791748046,-9.336488831649906
1478630225438,186.08483350390136,2.847001449596941,21.006044906688064,3.6825814467941407,-0.7468412986312992,-9.248651622175005
1478630225471,186.08634084886586,2.9080728978051993,20.80458669665634,3.677942735876515,-0.7167641402755863,-9.383624695100542
1478630225504,186.09115605755923,2.9603239653745423,20.59026159678428,3.6798880429917014,-0.6359598068458493,-9.42402681158306
1478630225538,186.09900547304528,2.995030542024157,20.265491991347517,3.523816077069193,-0.4860229438615846,-9.281571593608055
1478630225571,186.10266901623447,2.987577232286016,20.119387444071247,3.4600701747397427,-0.3887584945678711,-9.166500264900352
1478630225604,186.10641947365937,2.956385608908241,20.027158444781257,3.390339117603062,-0.3941454391700681,-9.142408932638727
1478630225638,186.10713205362478,2.9643904854953664,20.04237367364923,3.475033935115719,-0.46193129193955096,-9.104251361946295
1478630225671,186.10685200053246,2.9707952652006457,20.06914711641255,3.5116953489662612,-0.4954500923488522,-9.284863429094525
1478630225705,186.10583008110123,2.9855275060450466,20.17949272893901,3.5678094960419457,-0.5295674819890992,-9.200468024357527
1478630225738,186.1074517594065,2.991756873045467,20.324952362788398,3.5853170043502933,-0.4869207512178342,-9.391255920631345
1478630225771,186.10874092045063,2.987218991791846,20.452057117581557,3.664475296739209,-0.4792892471258179,-9.553911831521429
1478630225805,186.10156802187745,3.0062136933483226,20.857809171058385,3.8607998146057128,-0.5497685584966675,-9.552714803756587
1478630225838,186.05746462729348,3.144431652646782,22.46202451276687,3.6472669905731454,-0.4927566383140627,-8.396914354174957
1478630225871,186.02999333860413,3.2068291797657245,23.244512621660625,3.8111201621235113,-0.4484638802017085,-8.269422969641164
1478630225904,185.9692161490115,3.3468470417942013,24.923172869576163,4.110395352518378,-0.3574842353820801,-7.133523846435547
1478630225938,185.899488959434,3.589022538697437,26.970726184758036,2.716969825335592,-0.11881222085263579,-3.243694336700439
1478630225972,185.89427307885705,3.6371922620570616,27.35032139406064,3.1459811275757845,-0.23268651037905363,-2.4992472579956053
1478630226005,185.95725455945325,3.574604366506263,26.815011401449944,1.0770914718627929,-0.2914940521240234,-2.608632346343994
1478630226038,185.94974218274945,3.5704035256121007,27.700416552603926,1.833509558868408,-0.23702596435546874,-3.711760761260986
1478630226072,185.93029666263897,3.5976628623220264,28.742201002785496,3.078344638415426,-0.2284966209411621,-5.072265854644775
1478630226105,185.92056739777888,3.544048815441532,29.856474516493332,3.320458427429199,-0.11462240447998046,-5.708524653570354
1478630226138,185.91683893025115,3.496127420745878,30.328735541120555,4.118475768280029,-0.24959552307128904,-6.367379315185547
1478630226172,185.90981640355716,3.455162990096436,30.793531609263585,4.707598886418063,-0.5128080589515622,-7.2771757268492125
1478630226206,185.90390335001555,3.3160462306892597,31.17079804257008,5.217563821765035,-0.6669347816909663,-7.975833698803559
1478630226239,185.912047207489,3.1924954326743897,31.086540399924793,5.864895949499309,-0.6827963768226559,-8.5860558834685
1478630226272,185.93820838956276,3.0474418683793374,30.70536927412543,5.327398005587794,-0.6616974838256836,-8.797194505840912
1478630226305,185.97345429312696,2.860680365452687,29.917424622678602,4.731690796351712,-0.7855974197387695,-9.050680935403518
1478630226339,186.02920065009383,2.5132957375984533,28.191748117608675,4.786158756256103,-0.9735422500610351,-9.780313708673045
1478630226372,186.0492612039277,2.3872248783537766,27.530672575635442,4.835688693502731,-0.9587281272888183,-9.985766503961385
1478630226406,186.07493987727185,2.1547085169706213,26.31933563481133,5.1328690841674804,-0.7785644523620605,-10.391882376043498
1478630226439,186.18372408501955,1.7113780054491587,23.788562700167656,4.528033780172653,-0.51714755859375,-10.871770171301065
1478630226474,186.22317424517252,1.503830313192554,22.755976225686315,4.09064322877964,-0.4192845657348633,-10.814159839984029
1478630226505,186.2640831301075,1.2710724390149182,21.847176978954806,4.264671780218556,-0.29134441908684094,-12.229731717681885
1478630226539,186.29705386956587,1.0358589197513919,21.074797921250372,4.534917292608693,-0.17986439372560561,-14.261660739135742
1478630226572,186.313115867073,0.8291805980643033,20.645480207235302,5.128679231262207,-0.10788871459407964,-16.03636271972656
1478630226605,186.312534441706,0.6724125993725661,20.58109865026,5.780799908447265,0.04100069429702125,-18.18889964981079
1478630226639,186.24731829122734,0.5786300572081339,21.438136241778288,7.326705992889404,-0.04414309310913086,-18.951602516174315
1478630226672,186.21649349059194,0.5837251872742827,21.913306130410483,7.4022729827880855,-0.05910684891853016,-17.7983455039978
1478630226705,186.1632915597738,0.6489450455215278,23.076043398891237,7.028029335784912,-0.11971007958287955,-15.390826097106933
1478630226739,186.07388264603006,0.7202673232278083,24.998961383481582,5.154267261505127,-0.2599205177307129,-12.19157442098409
1478630226773,186.02435505714385,0.7041888816182755,25.144959161191906,4.476259351934865,-0.3794809631347656,-11.046397547149658
1478630226805,185.97856211209765,0.6703599837922486,25.04114366870054,3.768323885080032,-0.20679916839599607,-10.134955048779398
1478630226838,185.9137389563556,0.6180427009150554,24.91210182625267,4.372111378788668,-0.05566519316521007,-10.132710484723
1478630226872,185.8692157271531,0.5456929850619133,24.286945772471412,4.525789435311966,0.04863222122192382,-10.228029638317972
1478630226905,185.84508458849288,0.47831619304830436,23.431416064852783,4.4193969529083,-0.007182600413891486,-9.884910247570648
1478630226939,185.8265725648091,0.4016162296593706,22.395770016373074,3.9912839146820827,-0.062099604418658416,-9.546280350262299
1478630226972,185.81659753893132,0.3214980780777725,21.327156686295737,3.6975452619690445,-0.15352817689094225,-9.630377121966704
1478630227005,185.8016574880861,0.23876585820920077,20.108953011753865,3.19595983150322,-0.07167641220092773,-9.826551728234811
1478630227038,185.78120654953526,0.21261844602297997,19.602749615333536,3.0205845781630836,-0.030974983978271482,-9.5595980604643
1478630227072,185.7678340624691,0.21044552505346242,19.25756456958588,2.9587843391418454,0.058209030145837455,-9.226654549645737
1478630227105,185.7576746419894,0.2374772840276938,18.906346989460957,2.2122422609191386,0.008978256225585938,-8.044816853332518
1478630227138,185.74995534160064,0.2801143307893035,18.869653524805322,1.883937431335449,-0.030675707629107634,-7.240664516858011
1478630227172,185.7343590551618,0.3490376147080116,18.97762631431116,1.6660650802612305,-0.04653729362764279,-6.307374928338826
1478630227204,185.71977900926834,0.4291449583239438,19.12869265871485,1.419013250323385,-0.04638765716552734,-4.797830489349365
1478630227238,185.71141978904527,0.49645429949886927,19.256617172623436,1.3409024211607872,-0.0565630142211914,-4.215440935516357
1478630227271,185.685929229671,0.5812847037157555,19.255913909762143,1.985691148022562,-0.22430676803588867,-3.617937983703613
1478630227304,185.68999677019642,0.6093504733237529,18.989431998077112,2.166752502441406,-0.3042132484436035,-3.9740754806518552
1478630227338,185.707000885535,0.6144060760998113,18.591411749983497,2.3086088046751914,-0.38037878875732417,-5.037998843383789
1478630227371,185.74894128117154,0.5968150598403434,17.86501158747763,2.9101521818520033,-0.33638532411879857,-7.509713074548542
1478630227405,185.7740972244699,0.6146612855619116,17.558340927523638,3.4090439619202164,-0.2711433380126953,-9.15243467035694
1478630227439,185.79564121119532,0.6680339971985667,17.332260891587307,3.8332664224486797,-0.1527799934387207,-10.185831760992482
1478630227471,185.83629889946084,0.8608809900426287,17.58838555578912,4.0454526907104995,-0.06628945846557617,-11.129147434289752
1478630227505,185.8564488044858,1.0616454279134402,18.06635486388554,3.5501520761352032,-0.10444705655747093,-10.180444880322366
1478630227538,185.86823370177063,1.268101144511023,18.618813122174153,3.0904653482520485,-0.19018939437866209,-8.822932137154973
1478630227571,185.86599335560732,1.4648623673546186,19.26203031206616,2.909852842712402,-0.18210896377563476,-8.37491762642227
1478630227604,185.86763746875133,1.6320341626060508,19.872339060699417,3.222894609313132,-0.2570774101091432,-8.666411642013676
