sep=,
timestamp,gyro-alpha,gyro-beta,gyro-gamma,accel-x,accel-y,accel-z
1478630035802,182.54157578959092,0.8228230566847713,0.7055658728983525,-0.10878653793334961,-0.31962592163085934,-9.52009397053374
1478630035836,182.55726259192937,0.9368164944880472,0.8606316373152647,-0.17732056958847678,-0.381126976776123,-9.42432588586118
1478630035870,182.57765904312802,1.0376590339620233,1.537563590154958,0.3806780639648437,-0.20305823058529057,-9.91543653793335
1478630035904,182.6012475943173,1.0920060292640708,2.113417524261363,0.8393173194885254,-0.05267242739028297,-10.124629981054738
1478630035938,182.62783094389718,1.1486859591895013,2.26009101071368,0.8683470146179199,-0.02424129180908203,-9.989507060462888
1478630035972,182.65729573178595,1.1438106648548207,2.539336480250036,0.3700538032310549,0.013617021942138671,-10.370933586441167
1478630036005,182.68024892114798,1.1463516800679723,3.207620019934619,-0.0025438392639160153,-0.017657237243652344,-10.892719728088379
1478630036041,182.67628654779946,1.2346278555734578,6.329273143943773,0.9329904320426751,-0.15711949308090842,-10.096348583541996
1478630036075,182.67009319549206,1.2927995617205736,8.29331747745521,2.543689699377492,-0.10444703829116188,-8.848220928722991
1478630036109,182.67649853883103,1.3124424179337373,8.902442263532384,1.6964415320907718,-0.047584757995605464,-6.425289067840576
1478630036143,182.67860382282066,1.3164982773165415,10.368839230335618,0.5879262182373554,0.010324994659423827,-2.944419129180908
1478630036178,182.65833381911625,1.2987449017098274,12.923296450320091,1.0390835935730487,-0.003142389678955078,-1.956810944366455
1478630036212,182.62590372603245,1.2430023720483039,16.707556741521557,1.124227317047119,-0.026485855865478514,-2.6228479187011717
1478630036246,182.55730461308013,1.1715256613933913,22.008290661005955,4.399495261206105,-0.09202712631225586,-5.265298363494873
1478630036280,182.52576770463557,1.0952122874164023,24.876369526233347,6.23614699055776,-0.3066074501037597,-7.1710830311097205
1478630036314,182.61600896740208,0.7831674646230332,20.12364429026902,2.543390351104736,-0.40506899337768554,-4.275894527435303
1478630036347,182.68911666105376,0.5427800451106592,16.23802186218839,1.9491794996399432,-0.4489128204124514,-6.348225701904297
1478630036380,182.7437595774127,0.3081459257768943,12.956653537437738,0.5158008201599121,-0.2835632636913331,-7.517344300079345
1478630036414,182.7608690631222,0.10379602413586747,10.904325111129012,-0.5397428367614746,-0.2766799362016725,-7.680898347119242
1478630036447,182.73219661609994,-0.09352574971860947,10.955205842589546,1.1508628105163574,-0.43230304982005036,-9.375693664639256
1478630036481,182.69554318344439,-0.3681645815126635,11.020145559218157,3.374477602386474,-0.4387374679233646,-12.019191755322366
1478630036514,182.69677534384533,-0.5153369569472289,10.11680337589353,2.364723052215576,-0.3022679778610356,-10.958560419873148
1478630036548,182.7125603664144,-0.8055676946712182,7.563332543346803,1.0844237144470215,-0.0371101348655764,-11.2745948928833
1478630036581,182.71082530143485,-0.995111993998524,5.479866551316479,-0.0909796630859375,0.05386953735351562,-11.815385046740621
1478630036614,182.69454760183595,-1.1464038470578002,4.151204762872561,-0.45235447616577146,0.07122750852280296,-10.821492009503022
1478630036648,182.68292051810852,-1.3199331117945705,3.5164184522562585,-1.0621276749541981,0.41090485992431636,-12.890980580957233
1478630036681,182.6163800841877,-1.4558551466094702,2.5706218848192255,-1.2204442597320302,0.5653308487380855,-13.022511742401122
1478630036714,182.54595048977004,-1.616787297338658,2.223629528190754,-1.7067665815491229,0.5105635040283203,-13.407230313928425
1478630036747,182.38560048889877,-1.838232745775585,3.3020204268526516,-0.33488899374697356,0.3919008933799807,-18.36098289413452
1478630036781,182.2748193610651,-1.9235666026461877,4.986224586159433,0.565630142211914,0.27189150776518506,-19.921104550933837
1478630036814,182.1527935842635,-1.957619988490444,7.225507354861107,2.2266074708800763,0.2076970031517092,-21.110574447742103
1478630036849,181.97922044161442,-1.9087753612057887,10.40685876508806,3.2181063064575195,0.423923331451416,-19.20882955703735
1478630036881,181.8808500295011,-1.8438520258991864,12.116054092553568,3.7672763122558592,0.608426496887207,-17.111658540344237
1478630036914,181.79543491396396,-1.8038526370694226,12.90185674629131,2.7527333587646483,0.715716658782959,-14.585027600860595
1478630036947,181.69102622239672,-1.7907943892618294,13.364708362341997,2.31085356509441,0.6521206771850585,-12.890082755334674
1478630036981,181.5913631894199,-1.7916137721475398,13.699268674844243,2.3514052575318956,0.4553472465072758,-12.39208851776123
1478630037014,181.48852477543065,-1.7782374128609622,14.1686259495547,2.2916998924476557,0.24540566559943836,-11.672032076208293
1478630037047,181.38982108049396,-1.7629481136002627,14.821088086610546,2.716969916667137,0.2048538704139646,-11.485284492846578
1478630037081,181.24994142897404,-1.7299189985015941,15.33265668619724,2.740762313931249,0.27623101882381595,-11.035773277282715
1478630037114,181.164835796499,-1.6994800148944242,15.461955140536237,3.148075907897949,0.16250642854995093,-11.020959154510498
1478630037149,181.09005253528827,-1.6636615952373779,15.235494298928453,2.414552392533887,0.1031003089904785,-10.630255590289458
1478630037181,180.97286423780932,-1.5167149766726133,15.547095361264288,2.3160909771241247,0.19647417373657225,-9.695469497868512
1478630037214,180.89905524234993,-1.426445994787243,15.964849427621077,2.234239025204442,0.22640169905510263,-8.45557178339213
1478630037249,180.833729283032,-1.3332295843076238,16.545807035659937,1.8725649003844707,0.2329857501955994,-7.260117113085836
1478630037281,180.77434341735832,-1.21439160941423,17.502069948893563,1.9183541532654313,0.16699556579589842,-5.708674583435058
1478630037314,180.72851809537076,-1.1158211673416378,18.155183610526365,2.048987708282471,0.06194997708969749,-4.658517880249023
1478630037348,180.70161742703394,-1.0100910548650637,16.948141478716,1.3476361133299768,-0.012868833923339843,-3.2085294998168945
1478630037380,180.69637817644778,-0.9651280335222452,15.112338031457803,0.686537472180277,-0.020201076507568357,-1.7672201004028318
1478630037414,180.69434014904525,-0.9437871486445522,13.385618658683004,0.8044517578125,-0.006434416961669922,-1.3479355346679687
1478630037447,180.68040422772984,-0.9411454045233014,11.969232872962248,0.8854057745117694,0.1536778150655242,-2.0198083755493164
