sep=,
timestamp,gyro-alpha,gyro-beta,gyro-gamma,accel-x,accel-y,accel-z
1478629978831,176.16534254102763,0.7229173741878401,8.818411834860566,1.4221558409317396,-0.1680430290222168,-9.718513606649124
1478629978864,176.1230824492005,0.7245224500555817,9.381432257017815,1.5209166320137213,-0.16654665298461913,-10.127622660064697
1478629978897,176.06516486834764,0.7360027116015494,10.408082400187096,2.0766707380432634,-0.11267711106452624,-10.392481072589009
1478629978931,176.00809093263564,0.7583428935354007,11.608089703763065,2.7136780172485855,-0.09307458725528558,-9.897031331866607
1478629978964,175.9628077034599,0.7718849159598072,12.932012852319566,2.3015760108284185,-0.037708676147460936,-8.993219985961913
1478629978997,175.89905250528312,0.8111869126701999,15.765892884478534,1.2054805358886718,-0.0076315177917480465,-7.346158589117229
1478629979030,175.76229481436044,0.8857277087963922,22.282656303235658,3.596240631623147,-0.044592005920410155,-5.753865432031453
1478629979064,175.68775304097463,0.8894248035375056,25.16765016488141,3.360411813763529,-0.05132569808959961,-3.756502404785156
1478629979098,175.64167719473554,0.8101399962224591,26.477016898338338,3.2544682441711426,-0.060603229522705075,-2.9554923118591305
1478629979131,175.58577724181615,0.6002820859312362,27.93193379682829,2.9607296279907227,-0.22251111679077148,-4.474314282281696
1478629979164,175.52328918278883,0.5253343713897429,30.56684604984648,4.5040921288972715,-0.2015618522644043,-4.918438397979736
1478629979198,175.4843673921408,0.4165735772398131,32.11232998523403,3.9151181186400352,-0.2359784965625731,-4.610035296630859
1478629979231,175.461936212966,0.2630191390203506,32.91115605222921,3.869927854565531,-0.16519991455078123,-5.845892412213236
1478629979264,175.43441859519072,0.10469501502141387,33.40297431075407,5.339817922133276,-0.1849520782470703,-7.621940912042185
1478629979297,175.4204206319859,-0.038221866873607416,32.354757464765505,5.387552532361774,-0.25453356057042836,-7.486219678497314
1478629979330,175.4283860156326,-0.20740603333665208,30.310940004714972,4.004002928338572,-0.17253216626816428,-6.549787408038228
1478629979364,175.42153204146422,-0.45387459204416386,28.966302922482605,4.683806680950196,-0.0661398208618164,-8.396913952316156
1478629979397,175.4063958716788,-0.6392567711780122,28.468949428365246,4.777928797647171,-0.06299743118286133,-8.601319210171297
1478629979431,175.39916067468545,-0.7806196028778504,27.728383719533763,4.442441070822067,-0.050427872467041016,-8.657283814399701
1478629979464,175.3880916912089,-0.9373509145603087,26.974218701439867,4.5515269113624,-0.030974983978271482,-9.4056213680543
1478629979497,175.36533561260305,-1.075834878040611,26.21758322294638,4.638316913339309,-0.013916297149658202,-9.600299525219574
1478629979531,175.35025308487062,-1.2715027590545482,24.99378811603027,4.530278563424758,0.06000467910766601,-10.616189436340331
1478629979565,175.33404022651848,-1.4153531785592923,23.527521750343123,4.042609420975437,0.17223287736091297,-10.832266428430378
1478629979598,175.30569459687493,-1.5564721510319102,21.94080415795597,3.2600048355102538,0.16564882736206055,-9.72973627166748
1478629979631,175.29877104238977,-1.651389920458925,21.45301020506529,3.26494280336909,0.2608183456365601,-10.726472496441751
1478629979665,175.21639598082416,-1.8503158036341014,20.503107420248188,4.948515410204976,0.4568436225448735,-13.110947273962198
1478629979698,175.19110529306224,-2.0814133712260556,18.869247084276815,4.047397979559377,0.7428010650634765,-15.987281585693358
1478629979731,175.1259367720729,-2.211411538227094,17.995403565610918,4.164414439569041,0.6622960159744136,-17.14263352432251
1478629979764,175.0522860569191,-2.299232774897247,19.021524206219233,6.0321910827636716,0.7278373046875,-19.155408347973225
1478629979797,174.9898080291102,-2.2809332696050166,21.31659084339165,8.96927796936035,0.755220986175537,-20.326622457122802
1478629979831,174.97115727943742,-2.1993999047528194,22.466659055065726,9.600299452154339,0.692073917388916,-18.55311757736206
1478629979864,175.00819098136483,-2.14201316635361,21.5439705828911,7.323114690399169,0.6088754096984863,-15.584756431579589
1478629979897,175.0973715284607,-2.0615500989514284,19.75237108483993,3.6375405828613787,0.3571849427644847,-12.748076669366657
1478629979930,175.1530209487985,-1.994645755151179,19.077832102339297,3.3397616691810543,0.08783725514067336,-12.004677053888141
1478629979964,175.23951787480604,-1.8727567235144056,18.2799230066816,3.1259295014423083,0.03845688243256882,-11.948712297821045
1478629979997,175.26659448453648,-1.8071567985850299,18.18419579886268,3.490297180761769,0.011073182678222656,-11.41300953023061
1478629980032,175.37576378144485,-1.62467934535595,17.136852951321718,3.495534496893361,0.15771804349594748,-11.052682034246622
1478629980066,175.4526261458042,-1.5010406799885807,15.856330575442172,2.626738377667917,0.21487959899902342,-10.44679959581904
1478629980099,175.52855063598398,-1.3798662236826194,14.705665725756546,2.2863129478454587,0.2144306770545896,-10.264391356835887
1478629980133,175.59025630648776,-1.2462347960053977,13.87622194382271,1.6965912244934587,0.1833060646057129,-9.447968892116704
1478629980165,175.64542166348932,-1.113071604577102,14.060086806073222,1.9867385016510262,0.1657984718156862,-9.293842151110992
1478629980199,175.6903901742992,-0.9810259412104919,14.388808256810112,2.7289409432342273,0.09023147506713866,-9.275586418251226
1478629980233,175.77180563175202,-0.8093777334140332,13.40416527539414,2.180818418928515,0.0469862075805664,-7.728482958984374
1478629980266,175.83478296240114,-0.7031517096312219,12.52476674885784,1.31112461107783,0.06584054108771961,-6.445190576879679
1478629980301,175.89066627319545,-0.608759009774155,11.65022803926486,1.0919055946350098,0.023642741394042967,-5.16174884943217
1478629980333,175.9810873224401,-0.5030779917844146,10.127321987809443,0.39055414581298825,-0.012569558715820313,-3.5730467025756836
1478629980366,176.0351376402844,-0.44363525712711155,9.188736145231726,0.2796726814270019,-0.012419921112060545,-2.7679963943481445
1478629980399,176.0769628361186,-0.40546088911752104,8.039474573379652,0.9249100288391112,-0.023343470753100698,-2.538901222991943
1478629980433,176.1509365334726,-0.41553816296446255,5.128472319031496,0.646733723449707,-0.0430956298828125,-2.221070952606201
1478629980467,176.1982664279967,-0.4540513776382968,3.3899883028085718,0.763002159837354,-0.13557166900634765,-3.6017771224975585
1478629980500,176.2466502402108,-0.5154730744325413,2.4115653901668455,0.001197100830078125,-0.3709516105873044,-5.877316162872314
1478629980535,176.27087251912283,-0.577035723821518,3.662206509981991,-1.2903249841552227,-0.4991910370094236,-10.084975778596382
1478629980569,176.24729365957774,-0.4634446397340577,7.888749958975079,2.907907553863525,-0.7013514214225579,-14.982016163635253
