-4.416000000000000000e+03 -2.650000000000000000e+02 1.590000000000000000e+02
-5.072000000000000000e+03 3.496000000000000000e+03 1.296400000000000000e+04
-5.056000000000000000e+03 3.540000000000000000e+03 1.308000000000000000e+04
-5.124000000000000000e+03 3.592000000000000000e+03 1.316400000000000000e+04
-5.028000000000000000e+03 3.556000000000000000e+03 1.313600000000000000e+04
-5.024000000000000000e+03 3.476000000000000000e+03 1.309600000000000000e+04
-5.100000000000000000e+03 3.472000000000000000e+03 1.308000000000000000e+04
-5.056000000000000000e+03 3.512000000000000000e+03 1.310800000000000000e+04
-5.200000000000000000e+03 3.520000000000000000e+03 1.314400000000000000e+04
-5.052000000000000000e+03 3.544000000000000000e+03 1.300800000000000000e+04
-5.104000000000000000e+03 3.480000000000000000e+03 1.308400000000000000e+04
-5.160000000000000000e+03 3.464000000000000000e+03 1.317200000000000000e+04
-5.068000000000000000e+03 3.524000000000000000e+03 1.308800000000000000e+04
-5.192000000000000000e+03 3.496000000000000000e+03 1.326800000000000000e+04
-4.980000000000000000e+03 3.612000000000000000e+03 1.316800000000000000e+04
-5.068000000000000000e+03 3.568000000000000000e+03 1.302000000000000000e+04
-5.132000000000000000e+03 3.488000000000000000e+03 1.318800000000000000e+04
-5.060000000000000000e+03 3.560000000000000000e+03 1.313600000000000000e+04
-5.064000000000000000e+03 3.508000000000000000e+03 1.309600000000000000e+04
-5.080000000000000000e+03 3.564000000000000000e+03 1.310000000000000000e+04
-4.936000000000000000e+03 3.528000000000000000e+03 1.322400000000000000e+04
-5.156000000000000000e+03 3.536000000000000000e+03 1.317200000000000000e+04
-5.052000000000000000e+03 3.528000000000000000e+03 1.308400000000000000e+04
-5.084000000000000000e+03 3.556000000000000000e+03 1.306800000000000000e+04
-5.112000000000000000e+03 3.548000000000000000e+03 1.318400000000000000e+04
-5.148000000000000000e+03 3.520000000000000000e+03 1.316800000000000000e+04
-5.132000000000000000e+03 3.540000000000000000e+03 1.320800000000000000e+04
-5.080000000000000000e+03 3.552000000000000000e+03 1.326800000000000000e+04
-5.084000000000000000e+03 3.556000000000000000e+03 1.302000000000000000e+04
-5.152000000000000000e+03 3.564000000000000000e+03 1.326400000000000000e+04
-5.132000000000000000e+03 3.528000000000000000e+03 1.318000000000000000e+04
-5.120000000000000000e+03 3.648000000000000000e+03 1.312800000000000000e+04
-5.104000000000000000e+03 3.444000000000000000e+03 1.309200000000000000e+04
-5.120000000000000000e+03 3.600000000000000000e+03 1.302800000000000000e+04
-5.044000000000000000e+03 3.560000000000000000e+03 1.322800000000000000e+04
-5.120000000000000000e+03 3.464000000000000000e+03 1.307600000000000000e+04
-5.120000000000000000e+03 3.504000000000000000e+03 1.320400000000000000e+04
-5.072000000000000000e+03 3.492000000000000000e+03 1.319600000000000000e+04
-5.216000000000000000e+03 3.560000000000000000e+03 1.316000000000000000e+04
-5.112000000000000000e+03 3.632000000000000000e+03 1.317200000000000000e+04
-4.988000000000000000e+03 3.520000000000000000e+03 1.303600000000000000e+04
-5.036000000000000000e+03 3.564000000000000000e+03 1.304000000000000000e+04
-5.160000000000000000e+03 3.544000000000000000e+03 1.309200000000000000e+04
-5.272000000000000000e+03 3.544000000000000000e+03 1.307600000000000000e+04
-5.036000000000000000e+03 3.484000000000000000e+03 1.330800000000000000e+04
-5.144000000000000000e+03 3.532000000000000000e+03 1.310400000000000000e+04
-5.092000000000000000e+03 3.588000000000000000e+03 1.316400000000000000e+04
-5.092000000000000000e+03 3.552000000000000000e+03 1.307600000000000000e+04
-5.100000000000000000e+03 3.512000000000000000e+03 1.313600000000000000e+04
-5.084000000000000000e+03 3.560000000000000000e+03 1.322400000000000000e+04
-5.124000000000000000e+03 3.568000000000000000e+03 1.319200000000000000e+04
-5.132000000000000000e+03 3.524000000000000000e+03 1.326400000000000000e+04
-5.056000000000000000e+03 3.528000000000000000e+03 1.315600000000000000e+04
-5.092000000000000000e+03 3.560000000000000000e+03 1.309200000000000000e+04
-4.976000000000000000e+03 3.532000000000000000e+03 1.302000000000000000e+04
-5.076000000000000000e+03 3.480000000000000000e+03 1.318400000000000000e+04
-4.980000000000000000e+03 3.560000000000000000e+03 1.320000000000000000e+04
-5.104000000000000000e+03 3.624000000000000000e+03 1.314000000000000000e+04
-5.132000000000000000e+03 3.564000000000000000e+03 1.303200000000000000e+04
-5.084000000000000000e+03 3.480000000000000000e+03 1.309200000000000000e+04
-5.024000000000000000e+03 3.528000000000000000e+03 1.317600000000000000e+04
-5.016000000000000000e+03 3.524000000000000000e+03 1.320000000000000000e+04
-4.996000000000000000e+03 3.556000000000000000e+03 1.310400000000000000e+04
-5.112000000000000000e+03 3.512000000000000000e+03 1.328000000000000000e+04
-5.116000000000000000e+03 3.520000000000000000e+03 1.299200000000000000e+04
-5.088000000000000000e+03 3.544000000000000000e+03 1.319600000000000000e+04
-5.208000000000000000e+03 3.616000000000000000e+03 1.303600000000000000e+04
-5.100000000000000000e+03 3.572000000000000000e+03 1.304000000000000000e+04
-5.060000000000000000e+03 3.560000000000000000e+03 1.312400000000000000e+04
-5.076000000000000000e+03 3.552000000000000000e+03 1.308400000000000000e+04
-5.080000000000000000e+03 3.604000000000000000e+03 1.310800000000000000e+04
-5.096000000000000000e+03 3.584000000000000000e+03 1.316000000000000000e+04
-5.036000000000000000e+03 3.404000000000000000e+03 1.320800000000000000e+04
-5.076000000000000000e+03 3.508000000000000000e+03 1.318400000000000000e+04
-5.056000000000000000e+03 3.496000000000000000e+03 1.313200000000000000e+04
-5.044000000000000000e+03 3.608000000000000000e+03 1.314800000000000000e+04
-5.120000000000000000e+03 3.540000000000000000e+03 1.305600000000000000e+04
-5.204000000000000000e+03 3.556000000000000000e+03 1.312000000000000000e+04
-4.984000000000000000e+03 3.580000000000000000e+03 1.316400000000000000e+04
-5.060000000000000000e+03 3.484000000000000000e+03 1.311600000000000000e+04
-5.072000000000000000e+03 3.488000000000000000e+03 1.308800000000000000e+04
-5.072000000000000000e+03 3.428000000000000000e+03 1.321200000000000000e+04
-5.080000000000000000e+03 3.508000000000000000e+03 1.308400000000000000e+04
-5.132000000000000000e+03 3.544000000000000000e+03 1.321200000000000000e+04
-5.024000000000000000e+03 3.468000000000000000e+03 1.316800000000000000e+04
-5.212000000000000000e+03 3.576000000000000000e+03 1.345200000000000000e+04
-5.172000000000000000e+03 3.456000000000000000e+03 1.307200000000000000e+04
-5.064000000000000000e+03 3.624000000000000000e+03 1.334000000000000000e+04
-5.004000000000000000e+03 3.552000000000000000e+03 1.315600000000000000e+04
-5.112000000000000000e+03 3.628000000000000000e+03 1.321600000000000000e+04
-4.996000000000000000e+03 3.540000000000000000e+03 1.311600000000000000e+04
-5.092000000000000000e+03 3.512000000000000000e+03 1.318400000000000000e+04
-5.180000000000000000e+03 3.548000000000000000e+03 1.309600000000000000e+04
-5.040000000000000000e+03 3.620000000000000000e+03 1.317200000000000000e+04
-5.036000000000000000e+03 3.552000000000000000e+03 1.315600000000000000e+04
-5.104000000000000000e+03 3.536000000000000000e+03 1.298000000000000000e+04
-5.076000000000000000e+03 3.564000000000000000e+03 1.342400000000000000e+04
-4.964000000000000000e+03 3.428000000000000000e+03 1.300400000000000000e+04
-5.204000000000000000e+03 3.620000000000000000e+03 1.333600000000000000e+04
-4.968000000000000000e+03 3.440000000000000000e+03 1.292400000000000000e+04
