-4.456000000000000000e+03 1.848000000000000000e+03 1.329600000000000000e+04 -3.408000000000000000e+03 -1.390000000000000000e+02 5.800000000000000000e+01
-4.528000000000000000e+03 1.964000000000000000e+03 1.372800000000000000e+04 -3.424000000000000000e+03 -3.350000000000000000e+02 2.520000000000000000e+02
-4.484000000000000000e+03 1.916000000000000000e+03 1.345600000000000000e+04 -3.440000000000000000e+03 -1.470000000000000000e+02 2.120000000000000000e+02
-4.388000000000000000e+03 1.796000000000000000e+03 1.368800000000000000e+04 -3.408000000000000000e+03 -4.400000000000000000e+02 -6.600000000000000000e+01
-4.428000000000000000e+03 1.888000000000000000e+03 1.345200000000000000e+04 -3.392000000000000000e+03 -2.000000000000000000e+02 3.940000000000000000e+02
-4.480000000000000000e+03 1.784000000000000000e+03 1.345200000000000000e+04 -3.392000000000000000e+03 -4.250000000000000000e+02 -6.200000000000000000e+01
-4.548000000000000000e+03 1.956000000000000000e+03 1.368000000000000000e+04 -3.408000000000000000e+03 -2.130000000000000000e+02 2.460000000000000000e+02
-4.356000000000000000e+03 1.764000000000000000e+03 1.405200000000000000e+04 -3.408000000000000000e+03 -5.900000000000000000e+02 1.400000000000000000e+01
-3.964000000000000000e+03 2.208000000000000000e+03 1.371200000000000000e+04 -3.408000000000000000e+03 9.900000000000000000e+01 8.000000000000000000e+01
-4.004000000000000000e+03 2.112000000000000000e+03 1.394800000000000000e+04 -3.424000000000000000e+03 -4.410000000000000000e+02 1.400000000000000000e+01
-4.272000000000000000e+03 2.044000000000000000e+03 1.329200000000000000e+04 -3.424000000000000000e+03 5.300000000000000000e+01 1.630000000000000000e+02
-4.368000000000000000e+03 2.268000000000000000e+03 1.376000000000000000e+04 -3.408000000000000000e+03 -3.930000000000000000e+02 -6.900000000000000000e+01
-4.224000000000000000e+03 1.844000000000000000e+03 1.323200000000000000e+04 -3.424000000000000000e+03 -2.100000000000000000e+01 5.250000000000000000e+02
-4.472000000000000000e+03 2.064000000000000000e+03 1.380000000000000000e+04 -3.424000000000000000e+03 -4.730000000000000000e+02 7.300000000000000000e+01
-4.212000000000000000e+03 1.716000000000000000e+03 1.328400000000000000e+04 -3.424000000000000000e+03 -1.140000000000000000e+02 3.310000000000000000e+02
-4.472000000000000000e+03 2.092000000000000000e+03 1.358400000000000000e+04 -3.424000000000000000e+03 -3.910000000000000000e+02 7.800000000000000000e+01
-4.440000000000000000e+03 1.876000000000000000e+03 1.340800000000000000e+04 -3.392000000000000000e+03 -1.360000000000000000e+02 2.540000000000000000e+02
-4.484000000000000000e+03 1.932000000000000000e+03 1.369200000000000000e+04 -3.424000000000000000e+03 -3.440000000000000000e+02 3.800000000000000000e+01
-4.420000000000000000e+03 1.816000000000000000e+03 1.325600000000000000e+04 -3.424000000000000000e+03 -1.810000000000000000e+02 3.350000000000000000e+02
-4.528000000000000000e+03 2.020000000000000000e+03 1.384000000000000000e+04 -3.424000000000000000e+03 -5.270000000000000000e+02 7.100000000000000000e+01
-4.464000000000000000e+03 1.700000000000000000e+03 1.321200000000000000e+04 -3.408000000000000000e+03 -4.120000000000000000e+02 6.700000000000000000e+01
-4.632000000000000000e+03 1.920000000000000000e+03 1.385200000000000000e+04 -3.424000000000000000e+03 -2.910000000000000000e+02 2.840000000000000000e+02
-4.544000000000000000e+03 1.636000000000000000e+03 1.318400000000000000e+04 -3.408000000000000000e+03 -9.900000000000000000e+01 2.660000000000000000e+02
-4.572000000000000000e+03 1.808000000000000000e+03 1.380800000000000000e+04 -3.424000000000000000e+03 -3.200000000000000000e+02 1.420000000000000000e+02
-4.500000000000000000e+03 1.556000000000000000e+03 1.355200000000000000e+04 -3.440000000000000000e+03 -2.670000000000000000e+02 2.180000000000000000e+02
-4.596000000000000000e+03 1.908000000000000000e+03 1.365200000000000000e+04 -3.424000000000000000e+03 -2.360000000000000000e+02 2.070000000000000000e+02
-4.376000000000000000e+03 1.688000000000000000e+03 1.318000000000000000e+04 -3.392000000000000000e+03 -3.770000000000000000e+02 8.800000000000000000e+01
-4.676000000000000000e+03 1.916000000000000000e+03 1.390000000000000000e+04 -3.392000000000000000e+03 -1.590000000000000000e+02 1.410000000000000000e+02
-4.472000000000000000e+03 1.648000000000000000e+03 1.332800000000000000e+04 -3.424000000000000000e+03 -2.870000000000000000e+02 9.300000000000000000e+01
-4.512000000000000000e+03 1.756000000000000000e+03 1.382400000000000000e+04 -3.440000000000000000e+03 -1.500000000000000000e+02 2.640000000000000000e+02
-4.396000000000000000e+03 1.784000000000000000e+03 1.322000000000000000e+04 -3.408000000000000000e+03 -2.560000000000000000e+02 6.400000000000000000e+01
-4.524000000000000000e+03 1.904000000000000000e+03 1.378000000000000000e+04 -3.440000000000000000e+03 -3.430000000000000000e+02 9.100000000000000000e+01
-4.392000000000000000e+03 1.704000000000000000e+03 1.349200000000000000e+04 -3.440000000000000000e+03 3.900000000000000000e+01 3.380000000000000000e+02
-4.604000000000000000e+03 1.824000000000000000e+03 1.380400000000000000e+04 -3.424000000000000000e+03 -4.010000000000000000e+02 -8.300000000000000000e+01
-4.628000000000000000e+03 1.796000000000000000e+03 1.371200000000000000e+04 -3.376000000000000000e+03 -2.590000000000000000e+02 2.110000000000000000e+02
-4.432000000000000000e+03 1.772000000000000000e+03 1.352000000000000000e+04 -3.440000000000000000e+03 -3.660000000000000000e+02 1.840000000000000000e+02
-4.432000000000000000e+03 1.844000000000000000e+03 1.354000000000000000e+04 -3.424000000000000000e+03 -2.580000000000000000e+02 1.290000000000000000e+02
-4.544000000000000000e+03 1.772000000000000000e+03 1.348400000000000000e+04 -3.424000000000000000e+03 -2.200000000000000000e+02 1.690000000000000000e+02
-4.456000000000000000e+03 1.596000000000000000e+03 1.346400000000000000e+04 -3.408000000000000000e+03 -2.250000000000000000e+02 1.510000000000000000e+02
-4.648000000000000000e+03 1.836000000000000000e+03 1.366800000000000000e+04 -3.440000000000000000e+03 -2.020000000000000000e+02 1.600000000000000000e+02
-4.520000000000000000e+03 1.680000000000000000e+03 1.361200000000000000e+04 -3.456000000000000000e+03 -2.800000000000000000e+02 1.760000000000000000e+02
-4.420000000000000000e+03 1.624000000000000000e+03 1.378400000000000000e+04 -3.456000000000000000e+03 -6.900000000000000000e+01 2.800000000000000000e+02
-4.580000000000000000e+03 1.752000000000000000e+03 1.369200000000000000e+04 -3.456000000000000000e+03 -3.480000000000000000e+02 5.000000000000000000e+01
-4.520000000000000000e+03 1.684000000000000000e+03 1.352800000000000000e+04 -3.424000000000000000e+03 -1.860000000000000000e+02 1.960000000000000000e+02
-4.528000000000000000e+03 1.968000000000000000e+03 1.350800000000000000e+04 -3.408000000000000000e+03 -3.370000000000000000e+02 9.700000000000000000e+01
-4.564000000000000000e+03 1.636000000000000000e+03 1.361600000000000000e+04 -3.424000000000000000e+03 -2.410000000000000000e+02 2.370000000000000000e+02
-4.512000000000000000e+03 1.568000000000000000e+03 1.353200000000000000e+04 -3.408000000000000000e+03 -2.390000000000000000e+02 1.210000000000000000e+02
-4.568000000000000000e+03 1.844000000000000000e+03 1.364800000000000000e+04 -3.440000000000000000e+03 -1.950000000000000000e+02 2.140000000000000000e+02
-4.464000000000000000e+03 1.784000000000000000e+03 1.364000000000000000e+04 -3.424000000000000000e+03 -3.520000000000000000e+02 2.300000000000000000e+01
-4.468000000000000000e+03 1.932000000000000000e+03 1.347600000000000000e+04 -3.392000000000000000e+03 -2.460000000000000000e+02 2.370000000000000000e+02
-4.340000000000000000e+03 1.672000000000000000e+03 1.359200000000000000e+04 -3.424000000000000000e+03 -1.360000000000000000e+02 1.130000000000000000e+02
-4.560000000000000000e+03 2.032000000000000000e+03 1.366800000000000000e+04 -3.392000000000000000e+03 -3.500000000000000000e+02 1.980000000000000000e+02
-4.376000000000000000e+03 1.596000000000000000e+03 1.335200000000000000e+04 -3.376000000000000000e+03 -1.340000000000000000e+02 3.660000000000000000e+02
-4.624000000000000000e+03 1.852000000000000000e+03 1.368000000000000000e+04 -3.408000000000000000e+03 -2.750000000000000000e+02 7.600000000000000000e+01
-4.568000000000000000e+03 1.812000000000000000e+03 1.357200000000000000e+04 -3.408000000000000000e+03 -3.100000000000000000e+02 2.400000000000000000e+02
-4.672000000000000000e+03 1.764000000000000000e+03 1.361600000000000000e+04 -3.424000000000000000e+03 -1.800000000000000000e+02 2.390000000000000000e+02
-4.580000000000000000e+03 1.684000000000000000e+03 1.372000000000000000e+04 -3.424000000000000000e+03 -3.870000000000000000e+02 1.070000000000000000e+02
-4.536000000000000000e+03 1.672000000000000000e+03 1.342000000000000000e+04 -3.408000000000000000e+03 -3.470000000000000000e+02 1.400000000000000000e+02
-4.588000000000000000e+03 1.880000000000000000e+03 1.369600000000000000e+04 -3.440000000000000000e+03 -2.700000000000000000e+02 2.160000000000000000e+02
-4.416000000000000000e+03 1.692000000000000000e+03 1.327200000000000000e+04 -3.424000000000000000e+03 -2.390000000000000000e+02 1.620000000000000000e+02
-4.728000000000000000e+03 1.924000000000000000e+03 1.379600000000000000e+04 -3.424000000000000000e+03 -2.140000000000000000e+02 5.700000000000000000e+01
-4.584000000000000000e+03 1.444000000000000000e+03 1.340800000000000000e+04 -3.456000000000000000e+03 -2.480000000000000000e+02 2.180000000000000000e+02
-4.656000000000000000e+03 1.932000000000000000e+03 1.382000000000000000e+04 -3.456000000000000000e+03 -3.560000000000000000e+02 4.300000000000000000e+01
-4.416000000000000000e+03 1.620000000000000000e+03 1.347200000000000000e+04 -3.456000000000000000e+03 -2.590000000000000000e+02 1.010000000000000000e+02
-4.544000000000000000e+03 1.892000000000000000e+03 1.375600000000000000e+04 -3.408000000000000000e+03 -1.450000000000000000e+02 1.630000000000000000e+02
-4.568000000000000000e+03 1.912000000000000000e+03 1.344000000000000000e+04 -3.408000000000000000e+03 -2.820000000000000000e+02 1.140000000000000000e+02
-4.628000000000000000e+03 1.716000000000000000e+03 1.383600000000000000e+04 -3.424000000000000000e+03 -3.650000000000000000e+02 9.900000000000000000e+01
-4.428000000000000000e+03 1.736000000000000000e+03 1.318000000000000000e+04 -3.424000000000000000e+03 -3.600000000000000000e+02 1.950000000000000000e+02
-4.552000000000000000e+03 1.904000000000000000e+03 1.373200000000000000e+04 -3.392000000000000000e+03 -2.810000000000000000e+02 2.200000000000000000e+02
-4.480000000000000000e+03 1.864000000000000000e+03 1.351200000000000000e+04 -3.408000000000000000e+03 -2.490000000000000000e+02 1.440000000000000000e+02
-4.536000000000000000e+03 1.976000000000000000e+03 1.383200000000000000e+04 -3.408000000000000000e+03 -1.150000000000000000e+02 1.570000000000000000e+02
-4.464000000000000000e+03 1.856000000000000000e+03 1.342000000000000000e+04 -3.456000000000000000e+03 -2.350000000000000000e+02 1.780000000000000000e+02
-4.420000000000000000e+03 1.760000000000000000e+03 1.358800000000000000e+04 -3.424000000000000000e+03 -1.000000000000000000e+02 2.930000000000000000e+02
-4.520000000000000000e+03 1.876000000000000000e+03 1.338400000000000000e+04 -3.424000000000000000e+03 -3.740000000000000000e+02 1.000000000000000000e+02
-4.508000000000000000e+03 1.948000000000000000e+03 1.352000000000000000e+04 -3.408000000000000000e+03 -3.700000000000000000e+01 2.410000000000000000e+02
-4.540000000000000000e+03 1.928000000000000000e+03 1.361600000000000000e+04 -3.408000000000000000e+03 -3.350000000000000000e+02 1.300000000000000000e+02
-4.588000000000000000e+03 1.868000000000000000e+03 1.352400000000000000e+04 -3.408000000000000000e+03 -3.490000000000000000e+02 1.790000000000000000e+02
-4.520000000000000000e+03 1.892000000000000000e+03 1.358000000000000000e+04 -3.424000000000000000e+03 -3.190000000000000000e+02 7.700000000000000000e+01
-4.544000000000000000e+03 1.608000000000000000e+03 1.346000000000000000e+04 -3.392000000000000000e+03 -1.930000000000000000e+02 1.800000000000000000e+02
-4.636000000000000000e+03 1.924000000000000000e+03 1.360000000000000000e+04 -3.424000000000000000e+03 -2.660000000000000000e+02 6.600000000000000000e+01
-4.484000000000000000e+03 1.712000000000000000e+03 1.344800000000000000e+04 -3.392000000000000000e+03 -3.570000000000000000e+02 1.860000000000000000e+02
-4.600000000000000000e+03 2.116000000000000000e+03 1.363600000000000000e+04 -3.376000000000000000e+03 -2.170000000000000000e+02 3.100000000000000000e+01
-4.432000000000000000e+03 1.776000000000000000e+03 1.322400000000000000e+04 -3.424000000000000000e+03 -2.790000000000000000e+02 1.810000000000000000e+02
-4.440000000000000000e+03 2.008000000000000000e+03 1.361600000000000000e+04 -3.408000000000000000e+03 -3.040000000000000000e+02 1.230000000000000000e+02
-4.288000000000000000e+03 1.784000000000000000e+03 1.337600000000000000e+04 -3.408000000000000000e+03 -1.670000000000000000e+02 1.280000000000000000e+02
