-5.824000000000000000e+03 2.132000000000000000e+03 1.299200000000000000e+04 -3.520000000000000000e+03 -3.050000000000000000e+02 2.560000000000000000e+02
-5.748000000000000000e+03 2.348000000000000000e+03 1.288400000000000000e+04 -3.456000000000000000e+03 -3.880000000000000000e+02 3.370000000000000000e+02
-5.760000000000000000e+03 2.140000000000000000e+03 1.342000000000000000e+04 -3.472000000000000000e+03 -1.690000000000000000e+02 4.820000000000000000e+02
-5.968000000000000000e+03 2.128000000000000000e+03 1.312800000000000000e+04 -3.504000000000000000e+03 -3.310000000000000000e+02 1.760000000000000000e+02
-5.904000000000000000e+03 2.148000000000000000e+03 1.294800000000000000e+04 -3.440000000000000000e+03 -1.500000000000000000e+01 2.660000000000000000e+02
-5.864000000000000000e+03 2.096000000000000000e+03 1.314400000000000000e+04 -3.472000000000000000e+03 -3.810000000000000000e+02 6.000000000000000000e+01
-5.852000000000000000e+03 1.992000000000000000e+03 1.274400000000000000e+04 -3.472000000000000000e+03 1.460000000000000000e+02 2.660000000000000000e+02
-5.884000000000000000e+03 2.216000000000000000e+03 1.346800000000000000e+04 -3.472000000000000000e+03 -1.100000000000000000e+02 1.680000000000000000e+02
-5.472000000000000000e+03 1.956000000000000000e+03 1.263600000000000000e+04 -3.472000000000000000e+03 7.500000000000000000e+01 2.780000000000000000e+02
-5.756000000000000000e+03 2.444000000000000000e+03 1.316800000000000000e+04 -3.504000000000000000e+03 -7.500000000000000000e+01 4.000000000000000000e+02
-5.824000000000000000e+03 2.124000000000000000e+03 1.298800000000000000e+04 -3.504000000000000000e+03 -4.040000000000000000e+02 1.060000000000000000e+02
-5.952000000000000000e+03 2.556000000000000000e+03 1.323200000000000000e+04 -3.472000000000000000e+03 1.700000000000000000e+01 3.570000000000000000e+02
-5.896000000000000000e+03 2.396000000000000000e+03 1.278000000000000000e+04 -3.520000000000000000e+03 -1.020000000000000000e+02 2.160000000000000000e+02
-5.868000000000000000e+03 2.060000000000000000e+03 1.305200000000000000e+04 -3.472000000000000000e+03 1.420000000000000000e+02 5.120000000000000000e+02
-5.988000000000000000e+03 2.376000000000000000e+03 1.303600000000000000e+04 -3.504000000000000000e+03 -2.260000000000000000e+02 1.010000000000000000e+02
-5.984000000000000000e+03 2.116000000000000000e+03 1.283600000000000000e+04 -3.504000000000000000e+03 -2.080000000000000000e+02 3.130000000000000000e+02
-5.976000000000000000e+03 2.184000000000000000e+03 1.300800000000000000e+04 -3.504000000000000000e+03 -3.290000000000000000e+02 -2.900000000000000000e+01
-5.948000000000000000e+03 2.380000000000000000e+03 1.310400000000000000e+04 -3.456000000000000000e+03 -9.600000000000000000e+01 2.510000000000000000e+02
-5.884000000000000000e+03 2.388000000000000000e+03 1.283600000000000000e+04 -3.488000000000000000e+03 -3.180000000000000000e+02 7.500000000000000000e+01
-5.856000000000000000e+03 2.328000000000000000e+03 1.285600000000000000e+04 -3.488000000000000000e+03 -2.580000000000000000e+02 1.420000000000000000e+02
-6.008000000000000000e+03 2.308000000000000000e+03 1.297600000000000000e+04 -3.456000000000000000e+03 -3.170000000000000000e+02 1.960000000000000000e+02
-5.716000000000000000e+03 2.276000000000000000e+03 1.292000000000000000e+04 -3.520000000000000000e+03 -4.490000000000000000e+02 4.600000000000000000e+01
-5.840000000000000000e+03 2.448000000000000000e+03 1.281600000000000000e+04 -3.520000000000000000e+03 -2.840000000000000000e+02 1.180000000000000000e+02
-5.956000000000000000e+03 2.352000000000000000e+03 1.309600000000000000e+04 -3.504000000000000000e+03 -2.730000000000000000e+02 1.710000000000000000e+02
-5.924000000000000000e+03 2.328000000000000000e+03 1.284400000000000000e+04 -3.504000000000000000e+03 -2.260000000000000000e+02 1.400000000000000000e+02
-5.980000000000000000e+03 2.348000000000000000e+03 1.301600000000000000e+04 -3.488000000000000000e+03 -3.930000000000000000e+02 2.800000000000000000e+01
-5.844000000000000000e+03 2.276000000000000000e+03 1.289200000000000000e+04 -3.488000000000000000e+03 -3.770000000000000000e+02 -1.400000000000000000e+01
-5.964000000000000000e+03 2.292000000000000000e+03 1.297200000000000000e+04 -3.488000000000000000e+03 -2.250000000000000000e+02 8.600000000000000000e+01
-6.032000000000000000e+03 2.204000000000000000e+03 1.302800000000000000e+04 -3.456000000000000000e+03 -6.140000000000000000e+02 -2.300000000000000000e+01
-5.932000000000000000e+03 2.160000000000000000e+03 1.277200000000000000e+04 -3.488000000000000000e+03 -5.400000000000000000e+01 2.880000000000000000e+02
-6.040000000000000000e+03 2.200000000000000000e+03 1.316800000000000000e+04 -3.488000000000000000e+03 -3.050000000000000000e+02 8.500000000000000000e+01
-5.548000000000000000e+03 2.260000000000000000e+03 1.295200000000000000e+04 -3.456000000000000000e+03 -2.760000000000000000e+02 3.210000000000000000e+02
-5.860000000000000000e+03 2.360000000000000000e+03 1.326000000000000000e+04 -3.472000000000000000e+03 -3.000000000000000000e+00 6.300000000000000000e+01
-5.972000000000000000e+03 2.856000000000000000e+03 1.296800000000000000e+04 -3.456000000000000000e+03 6.200000000000000000e+01 7.900000000000000000e+01
-5.688000000000000000e+03 2.124000000000000000e+03 1.261200000000000000e+04 -3.488000000000000000e+03 5.850000000000000000e+02 3.270000000000000000e+02
-6.268000000000000000e+03 2.220000000000000000e+03 1.325200000000000000e+04 -3.488000000000000000e+03 2.900000000000000000e+02 1.400000000000000000e+01
-6.056000000000000000e+03 1.624000000000000000e+03 1.274000000000000000e+04 -3.520000000000000000e+03 6.500000000000000000e+02 4.700000000000000000e+02
-5.904000000000000000e+03 2.320000000000000000e+03 1.307600000000000000e+04 -3.488000000000000000e+03 9.960000000000000000e+02 1.270000000000000000e+03
-6.368000000000000000e+03 3.612000000000000000e+03 1.285200000000000000e+04 -3.456000000000000000e+03 4.015000000000000000e+03 1.622000000000000000e+03
-6.120000000000000000e+03 2.524000000000000000e+03 1.256000000000000000e+04 -3.504000000000000000e+03 -6.350000000000000000e+02 -5.610000000000000000e+02
-6.548000000000000000e+03 2.528000000000000000e+03 1.263600000000000000e+04 -3.488000000000000000e+03 -1.411000000000000000e+03 -1.864000000000000000e+03
-5.996000000000000000e+03 2.324000000000000000e+03 1.249600000000000000e+04 -3.488000000000000000e+03 2.440000000000000000e+02 4.640000000000000000e+02
-5.776000000000000000e+03 2.748000000000000000e+03 1.258000000000000000e+04 -3.488000000000000000e+03 1.311000000000000000e+03 1.115000000000000000e+03
-5.868000000000000000e+03 3.488000000000000000e+03 1.248800000000000000e+04 -3.472000000000000000e+03 2.443000000000000000e+03 1.119000000000000000e+03
-5.984000000000000000e+03 3.648000000000000000e+03 1.276800000000000000e+04 -3.488000000000000000e+03 8.850000000000000000e+02 2.550000000000000000e+02
-6.064000000000000000e+03 2.924000000000000000e+03 1.270400000000000000e+04 -3.472000000000000000e+03 4.150000000000000000e+02 -3.020000000000000000e+02
-6.572000000000000000e+03 2.844000000000000000e+03 1.303600000000000000e+04 -3.488000000000000000e+03 1.810000000000000000e+02 -5.250000000000000000e+02
-6.836000000000000000e+03 2.084000000000000000e+03 1.289600000000000000e+04 -3.488000000000000000e+03 -9.670000000000000000e+02 -3.820000000000000000e+02
-5.448000000000000000e+03 3.204000000000000000e+03 1.290800000000000000e+04 -3.472000000000000000e+03 -2.910000000000000000e+02 -4.000000000000000000e+01
-5.044000000000000000e+03 4.468000000000000000e+03 1.219200000000000000e+04 -3.488000000000000000e+03 8.120000000000000000e+02 7.950000000000000000e+02
-4.260000000000000000e+03 5.236000000000000000e+03 1.277200000000000000e+04 -3.472000000000000000e+03 -8.590000000000000000e+02 2.030000000000000000e+02
-6.124000000000000000e+03 4.004000000000000000e+03 1.244000000000000000e+04 -3.488000000000000000e+03 -6.300000000000000000e+02 7.710000000000000000e+02
-6.928000000000000000e+03 2.372000000000000000e+03 1.338000000000000000e+04 -3.456000000000000000e+03 -2.337000000000000000e+03 6.070000000000000000e+02
-6.748000000000000000e+03 2.336000000000000000e+03 1.296000000000000000e+04 -3.472000000000000000e+03 1.440000000000000000e+02 2.701000000000000000e+03
-6.660000000000000000e+03 3.092000000000000000e+03 1.283600000000000000e+04 -3.456000000000000000e+03 4.220000000000000000e+02 1.241000000000000000e+03
-6.400000000000000000e+03 3.052000000000000000e+03 1.247600000000000000e+04 -3.456000000000000000e+03 -6.140000000000000000e+02 1.207000000000000000e+03
-6.324000000000000000e+03 3.648000000000000000e+03 1.288000000000000000e+04 -3.472000000000000000e+03 -1.980000000000000000e+02 4.300000000000000000e+02
-5.988000000000000000e+03 2.968000000000000000e+03 1.185600000000000000e+04 -3.504000000000000000e+03 -1.480000000000000000e+02 3.960000000000000000e+02
-6.728000000000000000e+03 3.808000000000000000e+03 1.342800000000000000e+04 -3.488000000000000000e+03 -3.800000000000000000e+01 -8.400000000000000000e+01
-6.268000000000000000e+03 2.996000000000000000e+03 1.202400000000000000e+04 -3.488000000000000000e+03 -2.400000000000000000e+02 -8.720000000000000000e+02
-6.548000000000000000e+03 3.596000000000000000e+03 1.311600000000000000e+04 -3.472000000000000000e+03 2.400000000000000000e+01 -2.180000000000000000e+03
-6.368000000000000000e+03 4.016000000000000000e+03 1.240800000000000000e+04 -3.472000000000000000e+03 -3.130000000000000000e+02 -3.300000000000000000e+03
-5.476000000000000000e+03 4.156000000000000000e+03 1.224400000000000000e+04 -3.488000000000000000e+03 7.720000000000000000e+02 -2.640000000000000000e+02
-5.804000000000000000e+03 1.924000000000000000e+03 1.170000000000000000e+04 -3.472000000000000000e+03 1.098000000000000000e+03 1.704000000000000000e+03
-6.376000000000000000e+03 3.384000000000000000e+03 1.377200000000000000e+04 -3.488000000000000000e+03 1.520000000000000000e+02 5.100000000000000000e+02
-6.120000000000000000e+03 2.872000000000000000e+03 1.251200000000000000e+04 -3.488000000000000000e+03 -1.640000000000000000e+02 -5.650000000000000000e+02
-6.364000000000000000e+03 3.536000000000000000e+03 1.329600000000000000e+04 -3.488000000000000000e+03 -1.241000000000000000e+03 -1.600000000000000000e+02
-5.756000000000000000e+03 2.516000000000000000e+03 1.246400000000000000e+04 -3.456000000000000000e+03 -2.860000000000000000e+02 -3.270000000000000000e+02
-5.816000000000000000e+03 3.104000000000000000e+03 1.260800000000000000e+04 -3.440000000000000000e+03 -1.608000000000000000e+03 -3.590000000000000000e+02
-6.040000000000000000e+03 3.480000000000000000e+03 1.278400000000000000e+04 -3.488000000000000000e+03 -1.065000000000000000e+03 6.020000000000000000e+02
-5.944000000000000000e+03 2.772000000000000000e+03 1.258400000000000000e+04 -3.472000000000000000e+03 -1.145000000000000000e+03 6.180000000000000000e+02
-6.144000000000000000e+03 2.860000000000000000e+03 1.282000000000000000e+04 -3.456000000000000000e+03 -3.520000000000000000e+02 1.723000000000000000e+03
-6.096000000000000000e+03 2.588000000000000000e+03 1.265200000000000000e+04 -3.472000000000000000e+03 -1.120000000000000000e+02 2.562000000000000000e+03
-6.244000000000000000e+03 3.368000000000000000e+03 1.248000000000000000e+04 -3.488000000000000000e+03 9.050000000000000000e+02 1.984000000000000000e+03
-6.508000000000000000e+03 3.164000000000000000e+03 1.262000000000000000e+04 -3.472000000000000000e+03 7.300000000000000000e+01 6.990000000000000000e+02
-6.584000000000000000e+03 2.968000000000000000e+03 1.263600000000000000e+04 -3.488000000000000000e+03 -5.660000000000000000e+02 2.370000000000000000e+02
-6.512000000000000000e+03 3.348000000000000000e+03 1.268800000000000000e+04 -3.488000000000000000e+03 -9.930000000000000000e+02 7.600000000000000000e+01
-6.428000000000000000e+03 2.808000000000000000e+03 1.217200000000000000e+04 -3.488000000000000000e+03 -4.880000000000000000e+02 2.430000000000000000e+02
-6.764000000000000000e+03 3.616000000000000000e+03 1.290400000000000000e+04 -3.472000000000000000e+03 -1.342000000000000000e+03 -3.760000000000000000e+02
-6.360000000000000000e+03 2.440000000000000000e+03 1.220000000000000000e+04 -3.488000000000000000e+03 -1.524000000000000000e+03 -2.920000000000000000e+02
-6.324000000000000000e+03 2.620000000000000000e+03 1.266800000000000000e+04 -3.472000000000000000e+03 -1.184000000000000000e+03 -4.900000000000000000e+01
-6.744000000000000000e+03 2.628000000000000000e+03 1.260800000000000000e+04 -3.488000000000000000e+03 -1.408000000000000000e+03 -3.140000000000000000e+02
-6.432000000000000000e+03 2.516000000000000000e+03 1.278000000000000000e+04 -3.456000000000000000e+03 -1.567000000000000000e+03 -1.590000000000000000e+02
-6.556000000000000000e+03 2.556000000000000000e+03 1.274400000000000000e+04 -3.472000000000000000e+03 -1.100000000000000000e+02 9.730000000000000000e+02
-6.592000000000000000e+03 2.376000000000000000e+03 1.289200000000000000e+04 -3.488000000000000000e+03 -2.370000000000000000e+02 4.290000000000000000e+02
