-4.736000000000000000e+03 2.768000000000000000e+03 1.316800000000000000e+04 -3.808000000000000000e+03 4.200000000000000000e+01 1.080000000000000000e+02
-5.152000000000000000e+03 3.052000000000000000e+03 1.382000000000000000e+04 -3.792000000000000000e+03 -1.500000000000000000e+01 2.400000000000000000e+01
-4.504000000000000000e+03 3.152000000000000000e+03 1.304800000000000000e+04 -3.776000000000000000e+03 -3.630000000000000000e+02 1.400000000000000000e+01
-4.296000000000000000e+03 3.272000000000000000e+03 1.343200000000000000e+04 -3.808000000000000000e+03 -2.970000000000000000e+02 1.050000000000000000e+02
-4.228000000000000000e+03 3.244000000000000000e+03 1.300800000000000000e+04 -3.776000000000000000e+03 -3.880000000000000000e+02 1.930000000000000000e+02
-4.416000000000000000e+03 3.460000000000000000e+03 1.379200000000000000e+04 -3.840000000000000000e+03 -3.290000000000000000e+02 4.620000000000000000e+02
-4.312000000000000000e+03 3.100000000000000000e+03 1.334400000000000000e+04 -3.776000000000000000e+03 -1.329000000000000000e+03 5.930000000000000000e+02
-4.320000000000000000e+03 3.396000000000000000e+03 1.348400000000000000e+04 -3.808000000000000000e+03 -2.220000000000000000e+02 2.620000000000000000e+02
-4.560000000000000000e+03 3.092000000000000000e+03 1.312800000000000000e+04 -3.776000000000000000e+03 -5.980000000000000000e+02 2.380000000000000000e+02
-4.460000000000000000e+03 3.224000000000000000e+03 1.362800000000000000e+04 -3.776000000000000000e+03 -1.990000000000000000e+02 2.010000000000000000e+02
-4.500000000000000000e+03 2.876000000000000000e+03 1.292400000000000000e+04 -3.808000000000000000e+03 -1.990000000000000000e+02 -7.000000000000000000e+00
-4.660000000000000000e+03 2.984000000000000000e+03 1.345600000000000000e+04 -3.776000000000000000e+03 -1.870000000000000000e+02 2.260000000000000000e+02
-4.572000000000000000e+03 3.124000000000000000e+03 1.341200000000000000e+04 -3.808000000000000000e+03 -7.300000000000000000e+01 9.600000000000000000e+01
-4.620000000000000000e+03 3.144000000000000000e+03 1.356000000000000000e+04 -3.808000000000000000e+03 -3.420000000000000000e+02 3.000000000000000000e+02
-4.476000000000000000e+03 3.012000000000000000e+03 1.302400000000000000e+04 -3.808000000000000000e+03 -8.800000000000000000e+01 -1.200000000000000000e+01
-4.612000000000000000e+03 3.188000000000000000e+03 1.354800000000000000e+04 -3.776000000000000000e+03 -3.940000000000000000e+02 -3.100000000000000000e+01
-4.484000000000000000e+03 3.240000000000000000e+03 1.348800000000000000e+04 -3.808000000000000000e+03 -5.900000000000000000e+01 1.840000000000000000e+02
-4.616000000000000000e+03 3.196000000000000000e+03 1.382800000000000000e+04 -3.792000000000000000e+03 -4.710000000000000000e+02 -6.600000000000000000e+01
-4.644000000000000000e+03 2.892000000000000000e+03 1.304800000000000000e+04 -3.808000000000000000e+03 5.700000000000000000e+01 4.070000000000000000e+02
-4.784000000000000000e+03 3.184000000000000000e+03 1.384400000000000000e+04 -3.824000000000000000e+03 -4.920000000000000000e+02 -6.000000000000000000e+00
-4.668000000000000000e+03 2.892000000000000000e+03 1.295200000000000000e+04 -3.792000000000000000e+03 -1.110000000000000000e+02 2.790000000000000000e+02
-4.756000000000000000e+03 3.136000000000000000e+03 1.363600000000000000e+04 -3.760000000000000000e+03 -4.810000000000000000e+02 4.400000000000000000e+01
-4.488000000000000000e+03 2.776000000000000000e+03 1.300400000000000000e+04 -3.808000000000000000e+03 -4.920000000000000000e+02 3.040000000000000000e+02
-4.480000000000000000e+03 3.260000000000000000e+03 1.365200000000000000e+04 -3.824000000000000000e+03 -4.560000000000000000e+02 1.760000000000000000e+02
-4.360000000000000000e+03 2.908000000000000000e+03 1.299200000000000000e+04 -3.792000000000000000e+03 -2.890000000000000000e+02 2.460000000000000000e+02
-4.668000000000000000e+03 2.968000000000000000e+03 1.356800000000000000e+04 -3.792000000000000000e+03 -2.260000000000000000e+02 9.000000000000000000e+01
-4.652000000000000000e+03 3.096000000000000000e+03 1.364800000000000000e+04 -3.792000000000000000e+03 -4.750000000000000000e+02 8.900000000000000000e+01
-4.360000000000000000e+03 3.156000000000000000e+03 1.313200000000000000e+04 -3.792000000000000000e+03 -1.520000000000000000e+02 2.450000000000000000e+02
-4.604000000000000000e+03 3.268000000000000000e+03 1.334400000000000000e+04 -3.824000000000000000e+03 -4.680000000000000000e+02 2.490000000000000000e+02
-4.600000000000000000e+03 3.016000000000000000e+03 1.351200000000000000e+04 -3.792000000000000000e+03 -5.060000000000000000e+02 3.290000000000000000e+02
-4.540000000000000000e+03 3.068000000000000000e+03 1.342400000000000000e+04 -3.808000000000000000e+03 -1.910000000000000000e+02 1.110000000000000000e+02
-4.584000000000000000e+03 3.320000000000000000e+03 1.340000000000000000e+04 -3.744000000000000000e+03 -1.640000000000000000e+02 -8.900000000000000000e+01
-4.268000000000000000e+03 3.080000000000000000e+03 1.333600000000000000e+04 -3.776000000000000000e+03 -7.100000000000000000e+01 2.790000000000000000e+02
-4.556000000000000000e+03 3.100000000000000000e+03 1.344000000000000000e+04 -3.808000000000000000e+03 -4.890000000000000000e+02 -5.200000000000000000e+01
-4.504000000000000000e+03 2.832000000000000000e+03 1.296800000000000000e+04 -3.776000000000000000e+03 1.400000000000000000e+01 2.230000000000000000e+02
-4.644000000000000000e+03 3.084000000000000000e+03 1.370400000000000000e+04 -3.792000000000000000e+03 -3.210000000000000000e+02 7.100000000000000000e+01
-4.328000000000000000e+03 2.880000000000000000e+03 1.314800000000000000e+04 -3.792000000000000000e+03 -3.930000000000000000e+02 1.990000000000000000e+02
-4.596000000000000000e+03 3.284000000000000000e+03 1.386000000000000000e+04 -3.760000000000000000e+03 -6.800000000000000000e+01 4.570000000000000000e+02
-5.124000000000000000e+03 2.596000000000000000e+03 1.436000000000000000e+04 -3.792000000000000000e+03 -1.233000000000000000e+03 6.660000000000000000e+02
-4.448000000000000000e+03 3.856000000000000000e+03 1.284000000000000000e+04 -3.776000000000000000e+03 -2.421000000000000000e+03 1.865000000000000000e+03
-4.620000000000000000e+03 2.208000000000000000e+03 1.312000000000000000e+04 -3.760000000000000000e+03 5.500000000000000000e+01 1.122000000000000000e+03
-5.276000000000000000e+03 2.416000000000000000e+03 1.356800000000000000e+04 -3.792000000000000000e+03 -1.753000000000000000e+03 7.650000000000000000e+02
-4.936000000000000000e+03 2.500000000000000000e+03 1.311200000000000000e+04 -3.776000000000000000e+03 2.900000000000000000e+01 6.270000000000000000e+02
-4.948000000000000000e+03 2.644000000000000000e+03 1.370000000000000000e+04 -3.792000000000000000e+03 -1.116000000000000000e+03 6.040000000000000000e+02
-5.024000000000000000e+03 2.824000000000000000e+03 1.347200000000000000e+04 -3.776000000000000000e+03 -6.350000000000000000e+02 1.039000000000000000e+03
-5.112000000000000000e+03 2.148000000000000000e+03 1.296000000000000000e+04 -3.760000000000000000e+03 -6.900000000000000000e+02 9.980000000000000000e+02
-5.116000000000000000e+03 2.464000000000000000e+03 1.451200000000000000e+04 -3.792000000000000000e+03 -1.720000000000000000e+02 1.490000000000000000e+02
-6.660000000000000000e+03 1.060000000000000000e+03 1.313600000000000000e+04 -3.760000000000000000e+03 -5.000000000000000000e+01 1.289000000000000000e+03
-5.984000000000000000e+03 2.268000000000000000e+03 1.552400000000000000e+04 -3.792000000000000000e+03 1.686000000000000000e+03 -5.030000000000000000e+02
-5.320000000000000000e+03 1.864000000000000000e+03 1.158400000000000000e+04 -3.808000000000000000e+03 6.400000000000000000e+01 4.880000000000000000e+02
-6.032000000000000000e+03 3.280000000000000000e+03 1.403200000000000000e+04 -3.760000000000000000e+03 -1.770000000000000000e+02 4.750000000000000000e+02
-4.288000000000000000e+03 4.068000000000000000e+03 1.302400000000000000e+04 -3.808000000000000000e+03 -1.553000000000000000e+03 9.300000000000000000e+02
-4.464000000000000000e+03 3.188000000000000000e+03 1.393600000000000000e+04 -3.776000000000000000e+03 -1.170000000000000000e+03 2.069000000000000000e+03
-5.520000000000000000e+03 2.636000000000000000e+03 1.326000000000000000e+04 -3.776000000000000000e+03 -8.610000000000000000e+02 7.000000000000000000e+02
-7.172000000000000000e+03 2.368000000000000000e+03 1.298400000000000000e+04 -3.776000000000000000e+03 -1.295000000000000000e+03 3.129000000000000000e+03
-6.244000000000000000e+03 2.064000000000000000e+03 1.235200000000000000e+04 -3.760000000000000000e+03 -1.075000000000000000e+03 -3.110000000000000000e+02
-5.008000000000000000e+03 4.128000000000000000e+03 1.396000000000000000e+04 -3.776000000000000000e+03 1.120000000000000000e+02 7.560000000000000000e+02
-5.100000000000000000e+03 3.120000000000000000e+03 1.278400000000000000e+04 -3.776000000000000000e+03 -1.904000000000000000e+03 -2.730000000000000000e+02
-5.332000000000000000e+03 3.644000000000000000e+03 1.307200000000000000e+04 -3.776000000000000000e+03 -4.150000000000000000e+02 1.070000000000000000e+03
-5.888000000000000000e+03 1.948000000000000000e+03 1.194800000000000000e+04 -3.808000000000000000e+03 -1.158000000000000000e+03 3.010000000000000000e+02
-6.552000000000000000e+03 2.840000000000000000e+03 1.414800000000000000e+04 -3.792000000000000000e+03 -6.280000000000000000e+02 8.260000000000000000e+02
-5.012000000000000000e+03 2.008000000000000000e+03 1.217200000000000000e+04 -3.792000000000000000e+03 -9.280000000000000000e+02 -5.000000000000000000e+01
-7.952000000000000000e+03 1.372000000000000000e+03 1.402000000000000000e+04 -3.808000000000000000e+03 2.170000000000000000e+02 -3.359000000000000000e+03
-7.068000000000000000e+03 4.280000000000000000e+02 1.329600000000000000e+04 -3.776000000000000000e+03 1.895000000000000000e+03 -3.866000000000000000e+03
-4.668000000000000000e+03 2.464000000000000000e+03 1.444000000000000000e+04 -3.760000000000000000e+03 1.271000000000000000e+03 -3.300000000000000000e+01
-4.920000000000000000e+03 3.408000000000000000e+03 1.354400000000000000e+04 -3.760000000000000000e+03 -1.161000000000000000e+03 -3.040000000000000000e+02
-5.456000000000000000e+03 4.720000000000000000e+03 1.330000000000000000e+04 -3.808000000000000000e+03 6.400000000000000000e+01 2.439000000000000000e+03
-4.752000000000000000e+03 4.264000000000000000e+03 1.422800000000000000e+04 -3.776000000000000000e+03 -1.850000000000000000e+02 6.960000000000000000e+02
-5.232000000000000000e+03 2.584000000000000000e+03 1.172400000000000000e+04 -3.792000000000000000e+03 3.980000000000000000e+02 -3.000000000000000000e+01
-5.732000000000000000e+03 3.220000000000000000e+03 1.416000000000000000e+04 -3.776000000000000000e+03 9.900000000000000000e+02 -1.603000000000000000e+03
-6.372000000000000000e+03 3.484000000000000000e+03 1.336400000000000000e+04 -3.760000000000000000e+03 1.785000000000000000e+03 1.715000000000000000e+03
-5.528000000000000000e+03 1.900000000000000000e+03 1.283600000000000000e+04 -3.776000000000000000e+03 3.720000000000000000e+02 -1.197000000000000000e+03
-5.516000000000000000e+03 3.408000000000000000e+03 1.422400000000000000e+04 -3.760000000000000000e+03 -8.300000000000000000e+01 4.310000000000000000e+02
-4.272000000000000000e+03 2.368000000000000000e+03 1.234800000000000000e+04 -3.760000000000000000e+03 -8.290000000000000000e+02 -1.560000000000000000e+02
-6.200000000000000000e+03 2.560000000000000000e+03 1.432000000000000000e+04 -3.760000000000000000e+03 -2.068000000000000000e+03 2.250000000000000000e+02
-5.124000000000000000e+03 2.820000000000000000e+03 1.271200000000000000e+04 -3.808000000000000000e+03 -1.967000000000000000e+03 1.310000000000000000e+02
-6.076000000000000000e+03 2.884000000000000000e+03 1.275200000000000000e+04 -3.792000000000000000e+03 -3.072000000000000000e+03 -4.410000000000000000e+02
-4.328000000000000000e+03 2.708000000000000000e+03 1.435600000000000000e+04 -3.776000000000000000e+03 -7.120000000000000000e+02 -2.760000000000000000e+02
-6.236000000000000000e+03 6.280000000000000000e+02 1.222800000000000000e+04 -3.760000000000000000e+03 -1.002000000000000000e+03 -9.100000000000000000e+01
-5.768000000000000000e+03 2.208000000000000000e+03 1.321600000000000000e+04 -3.760000000000000000e+03 -3.300000000000000000e+02 -1.343000000000000000e+03
-4.092000000000000000e+03 1.416000000000000000e+03 1.313200000000000000e+04 -3.776000000000000000e+03 -9.550000000000000000e+02 -7.790000000000000000e+02
-5.376000000000000000e+03 2.724000000000000000e+03 1.382800000000000000e+04 -3.792000000000000000e+03 7.000000000000000000e+01 -2.536000000000000000e+03
-4.760000000000000000e+03 3.920000000000000000e+02 1.305200000000000000e+04 -3.760000000000000000e+03 1.174000000000000000e+03 -5.600000000000000000e+01
-6.428000000000000000e+03 3.588000000000000000e+03 1.433200000000000000e+04 -3.792000000000000000e+03 -7.310000000000000000e+02 -1.006000000000000000e+03
-3.980000000000000000e+03 6.040000000000000000e+02 1.418400000000000000e+04 -3.776000000000000000e+03 -1.795000000000000000e+03 -8.050000000000000000e+02
