-4.996000000000000000e+03 1.564000000000000000e+03 1.323200000000000000e+04 -3.392000000000000000e+03 -6.350000000000000000e+02 2.480000000000000000e+02
-4.860000000000000000e+03 1.864000000000000000e+03 1.336400000000000000e+04 -3.408000000000000000e+03 -2.040000000000000000e+02 4.500000000000000000e+02
-4.956000000000000000e+03 1.996000000000000000e+03 1.328400000000000000e+04 -3.440000000000000000e+03 -5.930000000000000000e+02 3.760000000000000000e+02
-4.720000000000000000e+03 1.732000000000000000e+03 1.366800000000000000e+04 -3.456000000000000000e+03 -3.240000000000000000e+02 6.270000000000000000e+02
-4.656000000000000000e+03 1.732000000000000000e+03 1.358000000000000000e+04 -3.392000000000000000e+03 -6.650000000000000000e+02 -2.690000000000000000e+02
-4.664000000000000000e+03 1.752000000000000000e+03 1.341600000000000000e+04 -3.376000000000000000e+03 -3.060000000000000000e+02 4.020000000000000000e+02
-4.648000000000000000e+03 1.744000000000000000e+03 1.392400000000000000e+04 -3.408000000000000000e+03 -4.850000000000000000e+02 2.500000000000000000e+01
-5.156000000000000000e+03 1.460000000000000000e+03 1.404800000000000000e+04 -3.408000000000000000e+03 -1.400000000000000000e+01 3.880000000000000000e+02
-5.072000000000000000e+03 1.508000000000000000e+03 1.382000000000000000e+04 -3.440000000000000000e+03 -6.070000000000000000e+02 -2.000000000000000000e+02
-4.952000000000000000e+03 1.344000000000000000e+03 1.395200000000000000e+04 -3.424000000000000000e+03 1.150000000000000000e+02 1.240000000000000000e+02
-4.836000000000000000e+03 1.620000000000000000e+03 1.326800000000000000e+04 -3.424000000000000000e+03 -6.390000000000000000e+02 -1.940000000000000000e+02
-4.380000000000000000e+03 1.788000000000000000e+03 1.368800000000000000e+04 -3.408000000000000000e+03 -1.540000000000000000e+02 1.530000000000000000e+02
-4.428000000000000000e+03 1.688000000000000000e+03 1.300400000000000000e+04 -3.424000000000000000e+03 -2.930000000000000000e+02 2.420000000000000000e+02
-4.480000000000000000e+03 2.076000000000000000e+03 1.346400000000000000e+04 -3.392000000000000000e+03 -4.450000000000000000e+02 2.290000000000000000e+02
-4.336000000000000000e+03 1.580000000000000000e+03 1.350400000000000000e+04 -3.440000000000000000e+03 -3.520000000000000000e+02 1.580000000000000000e+02
-4.568000000000000000e+03 1.744000000000000000e+03 1.329200000000000000e+04 -3.440000000000000000e+03 -2.790000000000000000e+02 2.650000000000000000e+02
-4.600000000000000000e+03 1.564000000000000000e+03 1.366400000000000000e+04 -3.392000000000000000e+03 -4.170000000000000000e+02 3.460000000000000000e+02
-4.664000000000000000e+03 1.592000000000000000e+03 1.366000000000000000e+04 -3.456000000000000000e+03 -3.820000000000000000e+02 1.600000000000000000e+02
-4.636000000000000000e+03 1.484000000000000000e+03 1.350400000000000000e+04 -3.424000000000000000e+03 -4.380000000000000000e+02 -1.200000000000000000e+01
-4.796000000000000000e+03 1.364000000000000000e+03 1.384800000000000000e+04 -3.440000000000000000e+03 -2.190000000000000000e+02 2.670000000000000000e+02
-4.924000000000000000e+03 1.372000000000000000e+03 1.334000000000000000e+04 -3.440000000000000000e+03 -2.680000000000000000e+02 -3.400000000000000000e+01
-4.648000000000000000e+03 1.616000000000000000e+03 1.372000000000000000e+04 -3.392000000000000000e+03 -5.140000000000000000e+02 1.520000000000000000e+02
-4.312000000000000000e+03 1.604000000000000000e+03 1.337200000000000000e+04 -3.456000000000000000e+03 -2.060000000000000000e+02 4.400000000000000000e+01
-4.596000000000000000e+03 1.840000000000000000e+03 1.346400000000000000e+04 -3.456000000000000000e+03 -6.250000000000000000e+02 -1.180000000000000000e+02
-4.480000000000000000e+03 2.108000000000000000e+03 1.360000000000000000e+04 -3.408000000000000000e+03 -8.000000000000000000e+01 3.400000000000000000e+02
-4.364000000000000000e+03 1.944000000000000000e+03 1.318800000000000000e+04 -3.440000000000000000e+03 -3.950000000000000000e+02 7.400000000000000000e+01
-4.260000000000000000e+03 1.796000000000000000e+03 1.350400000000000000e+04 -3.408000000000000000e+03 -2.630000000000000000e+02 1.530000000000000000e+02
-4.580000000000000000e+03 1.864000000000000000e+03 1.336400000000000000e+04 -3.424000000000000000e+03 -3.610000000000000000e+02 2.000000000000000000e+02
-4.500000000000000000e+03 1.072000000000000000e+03 1.364400000000000000e+04 -3.392000000000000000e+03 -2.400000000000000000e+01 4.340000000000000000e+02
-4.776000000000000000e+03 1.368000000000000000e+03 1.372000000000000000e+04 -3.456000000000000000e+03 -4.970000000000000000e+02 4.000000000000000000e+00
-4.840000000000000000e+03 1.440000000000000000e+03 1.364000000000000000e+04 -3.424000000000000000e+03 -2.130000000000000000e+02 2.790000000000000000e+02
-4.928000000000000000e+03 1.696000000000000000e+03 1.343200000000000000e+04 -3.424000000000000000e+03 -2.240000000000000000e+02 5.400000000000000000e+01
-4.800000000000000000e+03 1.524000000000000000e+03 1.339600000000000000e+04 -3.392000000000000000e+03 -1.570000000000000000e+02 1.070000000000000000e+02
-4.784000000000000000e+03 1.992000000000000000e+03 1.395600000000000000e+04 -3.440000000000000000e+03 -3.430000000000000000e+02 5.300000000000000000e+01
-4.492000000000000000e+03 1.144000000000000000e+03 1.354400000000000000e+04 -3.408000000000000000e+03 0.000000000000000000e+00 4.600000000000000000e+02
-5.224000000000000000e+03 1.400000000000000000e+03 1.365200000000000000e+04 -3.424000000000000000e+03 -4.160000000000000000e+02 -5.600000000000000000e+01
-5.004000000000000000e+03 1.460000000000000000e+03 1.413600000000000000e+04 -3.424000000000000000e+03 -5.330000000000000000e+02 -1.750000000000000000e+02
-4.316000000000000000e+03 1.324000000000000000e+03 1.340800000000000000e+04 -3.408000000000000000e+03 -5.400000000000000000e+01 1.370000000000000000e+02
-4.316000000000000000e+03 1.324000000000000000e+03 1.370800000000000000e+04 -3.440000000000000000e+03 -2.250000000000000000e+02 1.970000000000000000e+02
-4.600000000000000000e+03 1.604000000000000000e+03 1.404400000000000000e+04 -3.424000000000000000e+03 1.000000000000000000e+02 3.840000000000000000e+02
-4.756000000000000000e+03 1.740000000000000000e+03 1.359200000000000000e+04 -3.456000000000000000e+03 -1.410000000000000000e+02 2.000000000000000000e+00
-4.744000000000000000e+03 1.380000000000000000e+03 1.334400000000000000e+04 -3.408000000000000000e+03 1.480000000000000000e+02 1.220000000000000000e+02
-4.976000000000000000e+03 1.808000000000000000e+03 1.342400000000000000e+04 -3.440000000000000000e+03 -3.090000000000000000e+02 2.260000000000000000e+02
-4.680000000000000000e+03 1.684000000000000000e+03 1.340800000000000000e+04 -3.440000000000000000e+03 1.870000000000000000e+02 8.750000000000000000e+02
-5.096000000000000000e+03 1.876000000000000000e+03 1.403200000000000000e+04 -3.440000000000000000e+03 -8.770000000000000000e+02 -3.550000000000000000e+02
-4.972000000000000000e+03 1.928000000000000000e+03 1.304400000000000000e+04 -3.424000000000000000e+03 2.960000000000000000e+02 2.830000000000000000e+02
-6.000000000000000000e+03 3.252000000000000000e+03 1.444800000000000000e+04 -3.392000000000000000e+03 -3.697000000000000000e+03 -2.662000000000000000e+03
-4.212000000000000000e+03 8.200000000000000000e+02 1.245200000000000000e+04 -3.456000000000000000e+03 6.180000000000000000e+02 3.080000000000000000e+02
-4.684000000000000000e+03 2.000000000000000000e+03 1.496000000000000000e+04 -3.424000000000000000e+03 -1.442000000000000000e+03 -5.590000000000000000e+02
-4.444000000000000000e+03 1.160000000000000000e+03 1.324000000000000000e+04 -3.440000000000000000e+03 5.360000000000000000e+02 5.930000000000000000e+02
-4.636000000000000000e+03 1.608000000000000000e+03 1.418000000000000000e+04 -3.408000000000000000e+03 -1.033000000000000000e+03 -6.200000000000000000e+02
-4.528000000000000000e+03 1.368000000000000000e+03 1.326800000000000000e+04 -3.424000000000000000e+03 4.040000000000000000e+02 7.770000000000000000e+02
-4.420000000000000000e+03 1.392000000000000000e+03 1.430000000000000000e+04 -3.424000000000000000e+03 -7.920000000000000000e+02 -1.380000000000000000e+02
-4.556000000000000000e+03 1.336000000000000000e+03 1.356000000000000000e+04 -3.440000000000000000e+03 1.330000000000000000e+02 2.280000000000000000e+02
-4.280000000000000000e+03 1.244000000000000000e+03 1.366400000000000000e+04 -3.472000000000000000e+03 -8.550000000000000000e+02 -2.080000000000000000e+02
-4.380000000000000000e+03 1.716000000000000000e+03 1.375600000000000000e+04 -3.424000000000000000e+03 1.520000000000000000e+02 4.310000000000000000e+02
-3.932000000000000000e+03 1.748000000000000000e+03 1.344000000000000000e+04 -3.424000000000000000e+03 -5.890000000000000000e+02 -1.160000000000000000e+02
-4.084000000000000000e+03 1.908000000000000000e+03 1.378000000000000000e+04 -3.408000000000000000e+03 6.800000000000000000e+01 5.340000000000000000e+02
-4.012000000000000000e+03 1.876000000000000000e+03 1.344800000000000000e+04 -3.440000000000000000e+03 -6.730000000000000000e+02 -2.330000000000000000e+02
-4.256000000000000000e+03 1.804000000000000000e+03 1.377200000000000000e+04 -3.424000000000000000e+03 -9.800000000000000000e+01 4.710000000000000000e+02
-4.212000000000000000e+03 1.692000000000000000e+03 1.346800000000000000e+04 -3.408000000000000000e+03 -6.240000000000000000e+02 -2.000000000000000000e+01
-4.424000000000000000e+03 1.280000000000000000e+03 1.413200000000000000e+04 -3.456000000000000000e+03 1.530000000000000000e+02 2.960000000000000000e+02
-4.296000000000000000e+03 1.140000000000000000e+03 1.386400000000000000e+04 -3.456000000000000000e+03 -3.060000000000000000e+02 7.400000000000000000e+01
-4.348000000000000000e+03 1.688000000000000000e+03 1.341600000000000000e+04 -3.424000000000000000e+03 -1.550000000000000000e+02 2.530000000000000000e+02
-4.144000000000000000e+03 1.232000000000000000e+03 1.334000000000000000e+04 -3.424000000000000000e+03 -5.880000000000000000e+02 1.790000000000000000e+02
-4.556000000000000000e+03 1.504000000000000000e+03 1.393600000000000000e+04 -3.440000000000000000e+03 -2.200000000000000000e+02 2.790000000000000000e+02
-4.152000000000000000e+03 1.200000000000000000e+03 1.329200000000000000e+04 -3.408000000000000000e+03 -4.870000000000000000e+02 1.550000000000000000e+02
-4.524000000000000000e+03 1.316000000000000000e+03 1.375200000000000000e+04 -3.456000000000000000e+03 -3.670000000000000000e+02 2.520000000000000000e+02
-4.164000000000000000e+03 1.412000000000000000e+03 1.372000000000000000e+04 -3.424000000000000000e+03 -4.760000000000000000e+02 1.830000000000000000e+02
-4.416000000000000000e+03 1.316000000000000000e+03 1.368800000000000000e+04 -3.408000000000000000e+03 -2.710000000000000000e+02 2.370000000000000000e+02
-4.488000000000000000e+03 1.504000000000000000e+03 1.379200000000000000e+04 -3.408000000000000000e+03 -2.740000000000000000e+02 2.390000000000000000e+02
-4.136000000000000000e+03 1.356000000000000000e+03 1.324000000000000000e+04 -3.424000000000000000e+03 -2.770000000000000000e+02 1.050000000000000000e+02
-4.360000000000000000e+03 1.588000000000000000e+03 1.373200000000000000e+04 -3.424000000000000000e+03 -3.770000000000000000e+02 9.000000000000000000e+00
-4.176000000000000000e+03 1.344000000000000000e+03 1.326000000000000000e+04 -3.392000000000000000e+03 -1.950000000000000000e+02 4.000000000000000000e+02
-4.312000000000000000e+03 1.452000000000000000e+03 1.380400000000000000e+04 -3.424000000000000000e+03 -3.170000000000000000e+02 2.120000000000000000e+02
-4.336000000000000000e+03 1.544000000000000000e+03 1.359600000000000000e+04 -3.392000000000000000e+03 -1.210000000000000000e+02 2.800000000000000000e+02
-4.312000000000000000e+03 1.600000000000000000e+03 1.360000000000000000e+04 -3.440000000000000000e+03 -2.050000000000000000e+02 1.200000000000000000e+01
-4.316000000000000000e+03 1.340000000000000000e+03 1.355200000000000000e+04 -3.440000000000000000e+03 -2.780000000000000000e+02 -4.600000000000000000e+01
-4.432000000000000000e+03 1.360000000000000000e+03 1.392000000000000000e+04 -3.392000000000000000e+03 -3.950000000000000000e+02 -3.400000000000000000e+01
-4.464000000000000000e+03 1.076000000000000000e+03 1.407600000000000000e+04 -3.424000000000000000e+03 -2.740000000000000000e+02 -9.200000000000000000e+01
-4.464000000000000000e+03 1.072000000000000000e+03 1.374400000000000000e+04 -3.424000000000000000e+03 -4.210000000000000000e+02 -3.990000000000000000e+02
-4.196000000000000000e+03 1.644000000000000000e+03 1.374800000000000000e+04 -3.456000000000000000e+03 1.560000000000000000e+02 1.410000000000000000e+02
-3.940000000000000000e+03 1.212000000000000000e+03 1.368000000000000000e+04 -3.440000000000000000e+03 -1.330000000000000000e+02 -7.000000000000000000e+00
-3.888000000000000000e+03 1.728000000000000000e+03 1.359200000000000000e+04 -3.408000000000000000e+03 1.870000000000000000e+02 1.920000000000000000e+02
-4.828000000000000000e+03 -2.640000000000000000e+02 1.185600000000000000e+04 -3.408000000000000000e+03 -9.410000000000000000e+02 -4.980000000000000000e+02
