-3.948000000000000000e+03 3.132000000000000000e+03 1.349600000000000000e+04 -3.552000000000000000e+03 -2.240000000000000000e+02 4.900000000000000000e+01
-3.752000000000000000e+03 3.024000000000000000e+03 1.324400000000000000e+04 -3.584000000000000000e+03 -3.870000000000000000e+02 -5.900000000000000000e+01
-3.968000000000000000e+03 3.028000000000000000e+03 1.382400000000000000e+04 -3.552000000000000000e+03 -2.480000000000000000e+02 1.560000000000000000e+02
-4.148000000000000000e+03 2.996000000000000000e+03 1.360400000000000000e+04 -3.568000000000000000e+03 -3.520000000000000000e+02 1.900000000000000000e+01
-4.008000000000000000e+03 2.852000000000000000e+03 1.364400000000000000e+04 -3.568000000000000000e+03 -2.270000000000000000e+02 9.600000000000000000e+01
-4.052000000000000000e+03 2.920000000000000000e+03 1.353200000000000000e+04 -3.568000000000000000e+03 -3.240000000000000000e+02 -9.100000000000000000e+01
-3.964000000000000000e+03 2.920000000000000000e+03 1.345600000000000000e+04 -3.552000000000000000e+03 -2.040000000000000000e+02 1.330000000000000000e+02
-3.752000000000000000e+03 2.988000000000000000e+03 1.361200000000000000e+04 -3.584000000000000000e+03 -3.890000000000000000e+02 -1.600000000000000000e+01
-3.580000000000000000e+03 3.044000000000000000e+03 1.345200000000000000e+04 -3.568000000000000000e+03 -3.470000000000000000e+02 2.660000000000000000e+02
-3.864000000000000000e+03 3.224000000000000000e+03 1.376000000000000000e+04 -3.584000000000000000e+03 -3.380000000000000000e+02 1.830000000000000000e+02
-4.036000000000000000e+03 2.764000000000000000e+03 1.375200000000000000e+04 -3.520000000000000000e+03 -3.030000000000000000e+02 1.150000000000000000e+02
-4.024000000000000000e+03 2.980000000000000000e+03 1.380400000000000000e+04 -3.536000000000000000e+03 -1.450000000000000000e+02 1.570000000000000000e+02
-3.880000000000000000e+03 3.080000000000000000e+03 1.336800000000000000e+04 -3.536000000000000000e+03 -3.450000000000000000e+02 1.310000000000000000e+02
-3.912000000000000000e+03 2.936000000000000000e+03 1.356800000000000000e+04 -3.552000000000000000e+03 -1.640000000000000000e+02 2.220000000000000000e+02
-4.116000000000000000e+03 3.112000000000000000e+03 1.358800000000000000e+04 -3.552000000000000000e+03 -2.400000000000000000e+02 1.340000000000000000e+02
-3.844000000000000000e+03 2.836000000000000000e+03 1.325600000000000000e+04 -3.568000000000000000e+03 -2.470000000000000000e+02 5.000000000000000000e+00
-3.752000000000000000e+03 3.004000000000000000e+03 1.355600000000000000e+04 -3.552000000000000000e+03 -1.950000000000000000e+02 8.100000000000000000e+01
-3.784000000000000000e+03 3.008000000000000000e+03 1.363200000000000000e+04 -3.552000000000000000e+03 -2.560000000000000000e+02 1.330000000000000000e+02
-3.780000000000000000e+03 3.212000000000000000e+03 1.345600000000000000e+04 -3.536000000000000000e+03 -1.790000000000000000e+02 2.480000000000000000e+02
-3.736000000000000000e+03 3.172000000000000000e+03 1.360400000000000000e+04 -3.568000000000000000e+03 -2.230000000000000000e+02 1.500000000000000000e+02
-3.800000000000000000e+03 3.192000000000000000e+03 1.386400000000000000e+04 -3.552000000000000000e+03 -3.000000000000000000e+01 3.270000000000000000e+02
-3.956000000000000000e+03 3.024000000000000000e+03 1.350400000000000000e+04 -3.552000000000000000e+03 -1.890000000000000000e+02 1.650000000000000000e+02
-4.100000000000000000e+03 3.092000000000000000e+03 1.344000000000000000e+04 -3.552000000000000000e+03 2.000000000000000000e+00 2.360000000000000000e+02
-3.960000000000000000e+03 3.128000000000000000e+03 1.353200000000000000e+04 -3.568000000000000000e+03 -5.300000000000000000e+01 2.830000000000000000e+02
-4.060000000000000000e+03 3.040000000000000000e+03 1.329200000000000000e+04 -3.552000000000000000e+03 -1.450000000000000000e+02 1.300000000000000000e+02
-3.960000000000000000e+03 3.168000000000000000e+03 1.348000000000000000e+04 -3.552000000000000000e+03 4.800000000000000000e+01 2.600000000000000000e+02
-3.812000000000000000e+03 3.104000000000000000e+03 1.370800000000000000e+04 -3.552000000000000000e+03 7.300000000000000000e+01 2.050000000000000000e+02
-3.704000000000000000e+03 3.312000000000000000e+03 1.360800000000000000e+04 -3.568000000000000000e+03 -1.310000000000000000e+02 1.920000000000000000e+02
-3.844000000000000000e+03 3.136000000000000000e+03 1.346800000000000000e+04 -3.584000000000000000e+03 -1.510000000000000000e+02 1.880000000000000000e+02
-3.808000000000000000e+03 3.300000000000000000e+03 1.356800000000000000e+04 -3.552000000000000000e+03 1.360000000000000000e+02 2.430000000000000000e+02
-4.008000000000000000e+03 3.580000000000000000e+03 1.331600000000000000e+04 -3.552000000000000000e+03 -1.180000000000000000e+02 1.720000000000000000e+02
-4.168000000000000000e+03 3.000000000000000000e+03 1.360800000000000000e+04 -3.568000000000000000e+03 -1.670000000000000000e+02 4.260000000000000000e+02
-4.084000000000000000e+03 3.108000000000000000e+03 1.378400000000000000e+04 -3.568000000000000000e+03 -5.400000000000000000e+01 2.720000000000000000e+02
-4.032000000000000000e+03 3.252000000000000000e+03 1.351600000000000000e+04 -3.536000000000000000e+03 -5.400000000000000000e+01 3.870000000000000000e+02
-4.264000000000000000e+03 3.192000000000000000e+03 1.356000000000000000e+04 -3.504000000000000000e+03 -5.600000000000000000e+01 4.140000000000000000e+02
-4.168000000000000000e+03 3.256000000000000000e+03 1.322000000000000000e+04 -3.536000000000000000e+03 -1.850000000000000000e+02 1.750000000000000000e+02
-4.208000000000000000e+03 3.332000000000000000e+03 1.353600000000000000e+04 -3.552000000000000000e+03 -6.600000000000000000e+01 4.140000000000000000e+02
-3.748000000000000000e+03 3.276000000000000000e+03 1.363200000000000000e+04 -3.552000000000000000e+03 -4.380000000000000000e+02 2.130000000000000000e+02
-3.824000000000000000e+03 3.304000000000000000e+03 1.359200000000000000e+04 -3.552000000000000000e+03 -8.300000000000000000e+01 3.960000000000000000e+02
-3.832000000000000000e+03 3.488000000000000000e+03 1.387600000000000000e+04 -3.552000000000000000e+03 -1.920000000000000000e+02 3.220000000000000000e+02
-4.380000000000000000e+03 3.048000000000000000e+03 1.338000000000000000e+04 -3.536000000000000000e+03 -7.000000000000000000e+00 4.690000000000000000e+02
-4.596000000000000000e+03 3.180000000000000000e+03 1.348000000000000000e+04 -3.520000000000000000e+03 -1.220000000000000000e+02 9.000000000000000000e+01
-4.472000000000000000e+03 3.056000000000000000e+03 1.317600000000000000e+04 -3.584000000000000000e+03 -1.060000000000000000e+02 7.500000000000000000e+01
-4.276000000000000000e+03 3.340000000000000000e+03 1.323200000000000000e+04 -3.584000000000000000e+03 -1.230000000000000000e+02 1.790000000000000000e+02
-3.784000000000000000e+03 3.424000000000000000e+03 1.330000000000000000e+04 -3.568000000000000000e+03 -4.050000000000000000e+02 1.150000000000000000e+02
-3.952000000000000000e+03 3.324000000000000000e+03 1.362000000000000000e+04 -3.536000000000000000e+03 -1.030000000000000000e+02 3.950000000000000000e+02
-4.148000000000000000e+03 3.340000000000000000e+03 1.331600000000000000e+04 -3.552000000000000000e+03 -2.280000000000000000e+02 2.760000000000000000e+02
-4.220000000000000000e+03 3.352000000000000000e+03 1.358400000000000000e+04 -3.584000000000000000e+03 3.550000000000000000e+02 5.050000000000000000e+02
-4.008000000000000000e+03 3.376000000000000000e+03 1.396400000000000000e+04 -3.552000000000000000e+03 2.090000000000000000e+02 1.610000000000000000e+02
-4.008000000000000000e+03 3.396000000000000000e+03 1.241200000000000000e+04 -3.552000000000000000e+03 3.700000000000000000e+02 3.710000000000000000e+02
-4.220000000000000000e+03 3.836000000000000000e+03 1.402400000000000000e+04 -3.584000000000000000e+03 -4.500000000000000000e+01 1.200000000000000000e+01
-4.184000000000000000e+03 3.448000000000000000e+03 1.264000000000000000e+04 -3.520000000000000000e+03 -2.450000000000000000e+02 3.300000000000000000e+01
-4.344000000000000000e+03 3.544000000000000000e+03 1.360000000000000000e+04 -3.552000000000000000e+03 5.600000000000000000e+01 1.020000000000000000e+02
-4.240000000000000000e+03 3.180000000000000000e+03 1.369200000000000000e+04 -3.568000000000000000e+03 -3.370000000000000000e+02 -7.500000000000000000e+01
-4.152000000000000000e+03 3.292000000000000000e+03 1.338800000000000000e+04 -3.552000000000000000e+03 3.300000000000000000e+01 5.200000000000000000e+01
-4.284000000000000000e+03 3.464000000000000000e+03 1.372400000000000000e+04 -3.520000000000000000e+03 -1.850000000000000000e+02 -9.900000000000000000e+01
-4.272000000000000000e+03 3.400000000000000000e+03 1.345200000000000000e+04 -3.536000000000000000e+03 -2.220000000000000000e+02 2.930000000000000000e+02
-4.452000000000000000e+03 3.396000000000000000e+03 1.335600000000000000e+04 -3.520000000000000000e+03 -1.640000000000000000e+02 1.050000000000000000e+02
-4.180000000000000000e+03 3.592000000000000000e+03 1.329600000000000000e+04 -3.488000000000000000e+03 -1.620000000000000000e+02 1.180000000000000000e+02
-4.136000000000000000e+03 3.548000000000000000e+03 1.340000000000000000e+04 -3.520000000000000000e+03 -3.100000000000000000e+02 1.480000000000000000e+02
-4.248000000000000000e+03 3.428000000000000000e+03 1.324800000000000000e+04 -3.568000000000000000e+03 -1.830000000000000000e+02 1.420000000000000000e+02
-4.368000000000000000e+03 3.468000000000000000e+03 1.339600000000000000e+04 -3.568000000000000000e+03 -4.020000000000000000e+02 1.110000000000000000e+02
-4.348000000000000000e+03 3.476000000000000000e+03 1.329600000000000000e+04 -3.520000000000000000e+03 -2.930000000000000000e+02 -5.800000000000000000e+01
-4.332000000000000000e+03 3.480000000000000000e+03 1.362000000000000000e+04 -3.520000000000000000e+03 -3.590000000000000000e+02 7.500000000000000000e+01
-4.008000000000000000e+03 3.592000000000000000e+03 1.318800000000000000e+04 -3.488000000000000000e+03 -2.360000000000000000e+02 5.000000000000000000e+01
-3.832000000000000000e+03 3.864000000000000000e+03 1.352800000000000000e+04 -3.520000000000000000e+03 -3.940000000000000000e+02 3.800000000000000000e+01
-3.924000000000000000e+03 3.568000000000000000e+03 1.318800000000000000e+04 -3.520000000000000000e+03 -3.290000000000000000e+02 3.100000000000000000e+02
-4.220000000000000000e+03 3.748000000000000000e+03 1.350400000000000000e+04 -3.504000000000000000e+03 -1.270000000000000000e+02 3.560000000000000000e+02
-4.292000000000000000e+03 3.232000000000000000e+03 1.339600000000000000e+04 -3.504000000000000000e+03 -3.460000000000000000e+02 1.720000000000000000e+02
-4.280000000000000000e+03 3.192000000000000000e+03 1.367200000000000000e+04 -3.536000000000000000e+03 -1.890000000000000000e+02 9.700000000000000000e+01
-4.060000000000000000e+03 3.608000000000000000e+03 1.307200000000000000e+04 -3.536000000000000000e+03 -1.380000000000000000e+02 2.420000000000000000e+02
-3.276000000000000000e+03 4.112000000000000000e+03 1.246000000000000000e+04 -3.520000000000000000e+03 -5.510000000000000000e+02 2.940000000000000000e+02
-3.932000000000000000e+03 4.064000000000000000e+03 1.376400000000000000e+04 -3.536000000000000000e+03 -4.150000000000000000e+02 -1.000000000000000000e+01
-4.168000000000000000e+03 2.868000000000000000e+03 1.328800000000000000e+04 -3.536000000000000000e+03 -3.760000000000000000e+02 -5.150000000000000000e+02
-4.288000000000000000e+03 3.416000000000000000e+03 1.388800000000000000e+04 -3.552000000000000000e+03 -2.660000000000000000e+02 -2.190000000000000000e+02
-3.860000000000000000e+03 3.484000000000000000e+03 1.314400000000000000e+04 -3.536000000000000000e+03 -3.630000000000000000e+02 -2.460000000000000000e+02
-4.008000000000000000e+03 3.920000000000000000e+03 1.362000000000000000e+04 -3.552000000000000000e+03 -2.600000000000000000e+02 -1.650000000000000000e+02
-3.884000000000000000e+03 3.476000000000000000e+03 1.327200000000000000e+04 -3.536000000000000000e+03 -3.340000000000000000e+02 1.420000000000000000e+02
-3.932000000000000000e+03 3.416000000000000000e+03 1.354800000000000000e+04 -3.520000000000000000e+03 -1.410000000000000000e+02 -3.000000000000000000e+02
-3.604000000000000000e+03 3.600000000000000000e+03 1.324800000000000000e+04 -3.504000000000000000e+03 -3.210000000000000000e+02 -4.630000000000000000e+02
-4.072000000000000000e+03 3.480000000000000000e+03 1.372000000000000000e+04 -3.520000000000000000e+03 -4.150000000000000000e+02 3.970000000000000000e+02
-3.812000000000000000e+03 3.260000000000000000e+03 1.355200000000000000e+04 -3.552000000000000000e+03 -5.270000000000000000e+02 -1.860000000000000000e+02
-3.944000000000000000e+03 3.484000000000000000e+03 1.364400000000000000e+04 -3.600000000000000000e+03 -3.340000000000000000e+02 4.200000000000000000e+01
-3.784000000000000000e+03 3.424000000000000000e+03 1.369200000000000000e+04 -3.536000000000000000e+03 -4.630000000000000000e+02 -1.710000000000000000e+02
-3.348000000000000000e+03 3.580000000000000000e+03 1.351600000000000000e+04 -3.520000000000000000e+03 -2.250000000000000000e+02 -8.400000000000000000e+01
