-3.704000000000000000e+03 2.396000000000000000e+03 1.366400000000000000e+04 -3.360000000000000000e+03 -2.410000000000000000e+02 2.280000000000000000e+02
-3.944000000000000000e+03 2.176000000000000000e+03 1.386800000000000000e+04 -3.376000000000000000e+03 -4.530000000000000000e+02 2.720000000000000000e+02
-4.016000000000000000e+03 2.116000000000000000e+03 1.358000000000000000e+04 -3.360000000000000000e+03 -2.450000000000000000e+02 1.660000000000000000e+02
-3.860000000000000000e+03 2.380000000000000000e+03 1.378800000000000000e+04 -3.360000000000000000e+03 -2.130000000000000000e+02 5.600000000000000000e+01
-3.588000000000000000e+03 2.188000000000000000e+03 1.350000000000000000e+04 -3.344000000000000000e+03 -3.990000000000000000e+02 5.800000000000000000e+01
-3.852000000000000000e+03 2.192000000000000000e+03 1.364400000000000000e+04 -3.344000000000000000e+03 -2.890000000000000000e+02 3.470000000000000000e+02
-3.964000000000000000e+03 2.212000000000000000e+03 1.393600000000000000e+04 -3.344000000000000000e+03 -4.220000000000000000e+02 3.500000000000000000e+01
-3.688000000000000000e+03 2.240000000000000000e+03 1.346800000000000000e+04 -3.360000000000000000e+03 -1.690000000000000000e+02 1.860000000000000000e+02
-4.032000000000000000e+03 2.264000000000000000e+03 1.394400000000000000e+04 -3.360000000000000000e+03 -4.080000000000000000e+02 2.490000000000000000e+02
-3.960000000000000000e+03 2.120000000000000000e+03 1.349200000000000000e+04 -3.344000000000000000e+03 -1.740000000000000000e+02 1.130000000000000000e+02
-4.008000000000000000e+03 2.464000000000000000e+03 1.388400000000000000e+04 -3.360000000000000000e+03 -4.170000000000000000e+02 1.880000000000000000e+02
-3.756000000000000000e+03 2.152000000000000000e+03 1.366800000000000000e+04 -3.328000000000000000e+03 -2.190000000000000000e+02 1.320000000000000000e+02
-3.716000000000000000e+03 2.304000000000000000e+03 1.393600000000000000e+04 -3.344000000000000000e+03 -3.210000000000000000e+02 1.880000000000000000e+02
-3.612000000000000000e+03 2.252000000000000000e+03 1.337600000000000000e+04 -3.328000000000000000e+03 -1.890000000000000000e+02 1.260000000000000000e+02
-3.996000000000000000e+03 2.264000000000000000e+03 1.362800000000000000e+04 -3.328000000000000000e+03 -2.680000000000000000e+02 3.050000000000000000e+02
-3.968000000000000000e+03 2.252000000000000000e+03 1.373200000000000000e+04 -3.344000000000000000e+03 -3.330000000000000000e+02 7.300000000000000000e+01
-3.992000000000000000e+03 2.080000000000000000e+03 1.357200000000000000e+04 -3.376000000000000000e+03 -1.990000000000000000e+02 2.200000000000000000e+02
-3.804000000000000000e+03 2.392000000000000000e+03 1.393600000000000000e+04 -3.328000000000000000e+03 -4.320000000000000000e+02 7.900000000000000000e+01
-3.692000000000000000e+03 2.032000000000000000e+03 1.340400000000000000e+04 -3.360000000000000000e+03 -1.540000000000000000e+02 1.610000000000000000e+02
-3.948000000000000000e+03 2.372000000000000000e+03 1.380400000000000000e+04 -3.376000000000000000e+03 -3.900000000000000000e+02 1.900000000000000000e+02
-3.776000000000000000e+03 2.128000000000000000e+03 1.357200000000000000e+04 -3.360000000000000000e+03 -2.780000000000000000e+02 1.070000000000000000e+02
-3.820000000000000000e+03 2.416000000000000000e+03 1.369200000000000000e+04 -3.360000000000000000e+03 -2.510000000000000000e+02 1.180000000000000000e+02
-4.028000000000000000e+03 2.048000000000000000e+03 1.380000000000000000e+04 -3.344000000000000000e+03 -4.110000000000000000e+02 1.800000000000000000e+02
-3.916000000000000000e+03 2.128000000000000000e+03 1.368000000000000000e+04 -3.360000000000000000e+03 -1.810000000000000000e+02 -1.000000000000000000e+01
-3.724000000000000000e+03 2.212000000000000000e+03 1.378000000000000000e+04 -3.344000000000000000e+03 -2.290000000000000000e+02 2.540000000000000000e+02
-3.808000000000000000e+03 2.384000000000000000e+03 1.371600000000000000e+04 -3.344000000000000000e+03 -2.930000000000000000e+02 7.700000000000000000e+01
-3.852000000000000000e+03 2.036000000000000000e+03 1.374800000000000000e+04 -3.328000000000000000e+03 -2.420000000000000000e+02 2.320000000000000000e+02
-3.816000000000000000e+03 2.224000000000000000e+03 1.364000000000000000e+04 -3.360000000000000000e+03 -2.120000000000000000e+02 5.000000000000000000e+00
-3.768000000000000000e+03 2.100000000000000000e+03 1.372800000000000000e+04 -3.328000000000000000e+03 -2.240000000000000000e+02 2.360000000000000000e+02
-3.788000000000000000e+03 2.240000000000000000e+03 1.392000000000000000e+04 -3.344000000000000000e+03 -2.180000000000000000e+02 1.970000000000000000e+02
-3.912000000000000000e+03 2.216000000000000000e+03 1.376000000000000000e+04 -3.312000000000000000e+03 -3.260000000000000000e+02 1.700000000000000000e+02
-3.856000000000000000e+03 2.168000000000000000e+03 1.389600000000000000e+04 -3.360000000000000000e+03 -2.050000000000000000e+02 2.490000000000000000e+02
-3.696000000000000000e+03 2.184000000000000000e+03 1.369200000000000000e+04 -3.344000000000000000e+03 -1.300000000000000000e+02 -1.000000000000000000e+01
-3.848000000000000000e+03 2.324000000000000000e+03 1.354400000000000000e+04 -3.360000000000000000e+03 -1.960000000000000000e+02 2.390000000000000000e+02
-3.920000000000000000e+03 1.996000000000000000e+03 1.398800000000000000e+04 -3.328000000000000000e+03 -4.300000000000000000e+02 1.800000000000000000e+02
-3.756000000000000000e+03 2.404000000000000000e+03 1.364000000000000000e+04 -3.344000000000000000e+03 -2.100000000000000000e+01 6.000000000000000000e+01
-3.668000000000000000e+03 2.464000000000000000e+03 1.365200000000000000e+04 -3.360000000000000000e+03 -3.410000000000000000e+02 2.890000000000000000e+02
-3.804000000000000000e+03 2.368000000000000000e+03 1.370800000000000000e+04 -3.328000000000000000e+03 -3.350000000000000000e+02 2.110000000000000000e+02
-3.740000000000000000e+03 2.196000000000000000e+03 1.358000000000000000e+04 -3.328000000000000000e+03 -2.900000000000000000e+02 1.810000000000000000e+02
-3.768000000000000000e+03 2.148000000000000000e+03 1.374000000000000000e+04 -3.344000000000000000e+03 -2.020000000000000000e+02 1.800000000000000000e+02
-3.860000000000000000e+03 2.128000000000000000e+03 1.348000000000000000e+04 -3.360000000000000000e+03 -3.130000000000000000e+02 1.060000000000000000e+02
-3.920000000000000000e+03 2.420000000000000000e+03 1.383600000000000000e+04 -3.360000000000000000e+03 -1.590000000000000000e+02 2.870000000000000000e+02
-3.712000000000000000e+03 2.308000000000000000e+03 1.360400000000000000e+04 -3.344000000000000000e+03 -4.050000000000000000e+02 1.150000000000000000e+02
-3.868000000000000000e+03 2.196000000000000000e+03 1.375600000000000000e+04 -3.328000000000000000e+03 -1.600000000000000000e+02 1.880000000000000000e+02
-3.696000000000000000e+03 2.260000000000000000e+03 1.380800000000000000e+04 -3.312000000000000000e+03 -3.690000000000000000e+02 1.400000000000000000e+02
-3.628000000000000000e+03 2.376000000000000000e+03 1.349600000000000000e+04 -3.312000000000000000e+03 -2.640000000000000000e+02 2.320000000000000000e+02
-3.904000000000000000e+03 2.284000000000000000e+03 1.367600000000000000e+04 -3.360000000000000000e+03 -3.700000000000000000e+02 1.410000000000000000e+02
-3.748000000000000000e+03 2.296000000000000000e+03 1.371200000000000000e+04 -3.344000000000000000e+03 -3.410000000000000000e+02 2.510000000000000000e+02
-3.616000000000000000e+03 2.320000000000000000e+03 1.368000000000000000e+04 -3.360000000000000000e+03 -4.660000000000000000e+02 1.440000000000000000e+02
-4.060000000000000000e+03 2.104000000000000000e+03 1.371600000000000000e+04 -3.328000000000000000e+03 -3.630000000000000000e+02 3.090000000000000000e+02
-3.912000000000000000e+03 2.188000000000000000e+03 1.364000000000000000e+04 -3.312000000000000000e+03 -3.080000000000000000e+02 1.040000000000000000e+02
-3.956000000000000000e+03 2.324000000000000000e+03 1.382800000000000000e+04 -3.328000000000000000e+03 -3.130000000000000000e+02 2.180000000000000000e+02
-3.924000000000000000e+03 2.328000000000000000e+03 1.379600000000000000e+04 -3.344000000000000000e+03 -3.100000000000000000e+02 1.850000000000000000e+02
-3.676000000000000000e+03 2.176000000000000000e+03 1.354400000000000000e+04 -3.360000000000000000e+03 -3.350000000000000000e+02 1.200000000000000000e+02
-3.856000000000000000e+03 2.200000000000000000e+03 1.382000000000000000e+04 -3.344000000000000000e+03 -3.150000000000000000e+02 2.270000000000000000e+02
-3.792000000000000000e+03 2.220000000000000000e+03 1.364400000000000000e+04 -3.312000000000000000e+03 -3.660000000000000000e+02 1.670000000000000000e+02
-3.792000000000000000e+03 2.236000000000000000e+03 1.374000000000000000e+04 -3.360000000000000000e+03 -3.760000000000000000e+02 1.950000000000000000e+02
-3.968000000000000000e+03 2.056000000000000000e+03 1.377600000000000000e+04 -3.344000000000000000e+03 -2.640000000000000000e+02 1.840000000000000000e+02
-3.960000000000000000e+03 2.252000000000000000e+03 1.400000000000000000e+04 -3.328000000000000000e+03 -2.030000000000000000e+02 1.940000000000000000e+02
-3.908000000000000000e+03 2.144000000000000000e+03 1.344000000000000000e+04 -3.360000000000000000e+03 -3.870000000000000000e+02 2.210000000000000000e+02
-3.904000000000000000e+03 2.076000000000000000e+03 1.376800000000000000e+04 -3.312000000000000000e+03 -2.540000000000000000e+02 -1.400000000000000000e+01
-3.832000000000000000e+03 2.116000000000000000e+03 1.354000000000000000e+04 -3.360000000000000000e+03 -3.870000000000000000e+02 2.930000000000000000e+02
-4.168000000000000000e+03 2.008000000000000000e+03 1.386800000000000000e+04 -3.360000000000000000e+03 -4.080000000000000000e+02 3.300000000000000000e+02
-3.848000000000000000e+03 2.116000000000000000e+03 1.384000000000000000e+04 -3.344000000000000000e+03 -3.290000000000000000e+02 -7.000000000000000000e+00
-3.500000000000000000e+03 2.408000000000000000e+03 1.366000000000000000e+04 -3.328000000000000000e+03 -1.420000000000000000e+02 2.390000000000000000e+02
-3.992000000000000000e+03 2.256000000000000000e+03 1.396800000000000000e+04 -3.296000000000000000e+03 -3.890000000000000000e+02 1.570000000000000000e+02
-4.008000000000000000e+03 2.028000000000000000e+03 1.353200000000000000e+04 -3.344000000000000000e+03 -1.600000000000000000e+02 1.440000000000000000e+02
-3.892000000000000000e+03 2.384000000000000000e+03 1.338800000000000000e+04 -3.360000000000000000e+03 -4.690000000000000000e+02 9.700000000000000000e+01
-3.820000000000000000e+03 1.988000000000000000e+03 1.401200000000000000e+04 -3.296000000000000000e+03 -4.220000000000000000e+02 1.580000000000000000e+02
-3.600000000000000000e+03 2.108000000000000000e+03 1.371600000000000000e+04 -3.344000000000000000e+03 -2.670000000000000000e+02 1.210000000000000000e+02
-3.660000000000000000e+03 2.300000000000000000e+03 1.391600000000000000e+04 -3.360000000000000000e+03 -1.980000000000000000e+02 2.070000000000000000e+02
-3.976000000000000000e+03 2.156000000000000000e+03 1.362400000000000000e+04 -3.360000000000000000e+03 -3.530000000000000000e+02 8.600000000000000000e+01
-3.996000000000000000e+03 1.992000000000000000e+03 1.339600000000000000e+04 -3.344000000000000000e+03 -1.900000000000000000e+02 6.200000000000000000e+01
-3.780000000000000000e+03 2.176000000000000000e+03 1.382400000000000000e+04 -3.328000000000000000e+03 -4.060000000000000000e+02 2.540000000000000000e+02
-3.576000000000000000e+03 2.240000000000000000e+03 1.382000000000000000e+04 -3.296000000000000000e+03 -2.730000000000000000e+02 5.600000000000000000e+01
-3.824000000000000000e+03 2.060000000000000000e+03 1.391200000000000000e+04 -3.360000000000000000e+03 -2.310000000000000000e+02 3.310000000000000000e+02
-4.116000000000000000e+03 2.096000000000000000e+03 1.363600000000000000e+04 -3.296000000000000000e+03 -1.530000000000000000e+02 2.020000000000000000e+02
-4.172000000000000000e+03 2.072000000000000000e+03 1.387600000000000000e+04 -3.344000000000000000e+03 -2.460000000000000000e+02 4.000000000000000000e+01
-3.676000000000000000e+03 2.420000000000000000e+03 1.377600000000000000e+04 -3.344000000000000000e+03 -2.800000000000000000e+02 -2.030000000000000000e+02
-3.500000000000000000e+03 1.956000000000000000e+03 1.353600000000000000e+04 -3.296000000000000000e+03 -2.050000000000000000e+02 1.240000000000000000e+02
-3.780000000000000000e+03 2.324000000000000000e+03 1.338400000000000000e+04 -3.344000000000000000e+03 -1.950000000000000000e+02 6.600000000000000000e+01
-4.080000000000000000e+03 1.984000000000000000e+03 1.375200000000000000e+04 -3.312000000000000000e+03 -5.620000000000000000e+02 2.210000000000000000e+02
-3.860000000000000000e+03 2.168000000000000000e+03 1.375600000000000000e+04 -3.328000000000000000e+03 -1.750000000000000000e+02 -2.700000000000000000e+02
-3.472000000000000000e+03 2.200000000000000000e+03 1.380000000000000000e+04 -3.344000000000000000e+03 -4.550000000000000000e+02 2.700000000000000000e+01
-3.308000000000000000e+03 2.244000000000000000e+03 1.381600000000000000e+04 -3.312000000000000000e+03 2.500000000000000000e+01 -1.310000000000000000e+02
