-3.804000000000000000e+03 1.220000000000000000e+03 1.372400000000000000e+04 -3.280000000000000000e+03 -1.120000000000000000e+02 1.830000000000000000e+02
-4.120000000000000000e+03 1.012000000000000000e+03 1.354400000000000000e+04 -3.232000000000000000e+03 -3.100000000000000000e+02 2.400000000000000000e+02
-4.188000000000000000e+03 1.204000000000000000e+03 1.358000000000000000e+04 -3.232000000000000000e+03 -2.000000000000000000e+02 5.300000000000000000e+01
-4.000000000000000000e+03 1.000000000000000000e+03 1.395600000000000000e+04 -3.280000000000000000e+03 -2.410000000000000000e+02 4.130000000000000000e+02
-3.988000000000000000e+03 1.560000000000000000e+03 1.327200000000000000e+04 -3.232000000000000000e+03 1.130000000000000000e+02 5.100000000000000000e+01
-4.516000000000000000e+03 1.460000000000000000e+03 1.371600000000000000e+04 -3.280000000000000000e+03 -5.060000000000000000e+02 3.620000000000000000e+02
-4.540000000000000000e+03 9.280000000000000000e+02 1.373200000000000000e+04 -3.264000000000000000e+03 -2.930000000000000000e+02 1.000000000000000000e+02
-3.996000000000000000e+03 1.200000000000000000e+03 1.381200000000000000e+04 -3.232000000000000000e+03 -2.470000000000000000e+02 7.800000000000000000e+01
-3.648000000000000000e+03 1.452000000000000000e+03 1.367600000000000000e+04 -3.232000000000000000e+03 -2.740000000000000000e+02 -1.220000000000000000e+02
-3.952000000000000000e+03 1.084000000000000000e+03 1.335200000000000000e+04 -3.232000000000000000e+03 -2.420000000000000000e+02 8.000000000000000000e+00
-4.500000000000000000e+03 1.216000000000000000e+03 1.388400000000000000e+04 -3.248000000000000000e+03 -2.110000000000000000e+02 1.840000000000000000e+02
-4.096000000000000000e+03 1.004000000000000000e+03 1.448400000000000000e+04 -3.264000000000000000e+03 -5.400000000000000000e+02 1.990000000000000000e+02
-3.300000000000000000e+03 4.480000000000000000e+02 1.244400000000000000e+04 -3.232000000000000000e+03 2.840000000000000000e+02 8.830000000000000000e+02
-4.136000000000000000e+03 1.492000000000000000e+03 1.477200000000000000e+04 -3.200000000000000000e+03 -4.900000000000000000e+02 3.100000000000000000e+02
-4.324000000000000000e+03 1.480000000000000000e+02 1.333200000000000000e+04 -3.216000000000000000e+03 -7.930000000000000000e+02 2.360000000000000000e+02
-4.644000000000000000e+03 1.160000000000000000e+03 1.411200000000000000e+04 -3.248000000000000000e+03 4.990000000000000000e+02 4.180000000000000000e+02
-4.196000000000000000e+03 1.636000000000000000e+03 1.325600000000000000e+04 -3.232000000000000000e+03 -4.000000000000000000e+02 -6.100000000000000000e+02
-4.268000000000000000e+03 1.352000000000000000e+03 1.396000000000000000e+04 -3.248000000000000000e+03 -5.450000000000000000e+02 -1.420000000000000000e+02
-3.808000000000000000e+03 9.440000000000000000e+02 1.315200000000000000e+04 -3.232000000000000000e+03 -2.490000000000000000e+02 1.060000000000000000e+02
-4.176000000000000000e+03 9.960000000000000000e+02 1.429600000000000000e+04 -3.216000000000000000e+03 -5.560000000000000000e+02 -4.870000000000000000e+02
-4.180000000000000000e+03 5.680000000000000000e+02 1.439200000000000000e+04 -3.248000000000000000e+03 -4.470000000000000000e+02 -3.810000000000000000e+02
-3.740000000000000000e+03 1.120000000000000000e+03 1.407200000000000000e+04 -3.232000000000000000e+03 -3.220000000000000000e+02 -6.460000000000000000e+02
-3.748000000000000000e+03 1.488000000000000000e+03 1.396800000000000000e+04 -3.248000000000000000e+03 -6.700000000000000000e+01 -6.670000000000000000e+02
-3.720000000000000000e+03 1.040000000000000000e+03 1.381600000000000000e+04 -3.232000000000000000e+03 9.200000000000000000e+01 -1.057000000000000000e+03
-3.728000000000000000e+03 7.720000000000000000e+02 1.343600000000000000e+04 -3.248000000000000000e+03 5.300000000000000000e+01 -8.020000000000000000e+02
-2.492000000000000000e+03 3.520000000000000000e+02 1.182000000000000000e+04 -3.248000000000000000e+03 1.470000000000000000e+02 -4.960000000000000000e+02
-2.456000000000000000e+03 1.680000000000000000e+03 1.468000000000000000e+04 -3.248000000000000000e+03 -1.756000000000000000e+03 -5.110000000000000000e+02
-3.920000000000000000e+03 3.760000000000000000e+02 1.435600000000000000e+04 -3.216000000000000000e+03 1.881000000000000000e+03 1.404000000000000000e+03
-3.244000000000000000e+03 3.280000000000000000e+02 1.246800000000000000e+04 -3.248000000000000000e+03 1.023000000000000000e+03 2.820000000000000000e+02
-4.576000000000000000e+03 1.132000000000000000e+03 1.462400000000000000e+04 -3.248000000000000000e+03 2.840000000000000000e+02 -1.435000000000000000e+03
-2.236000000000000000e+03 9.800000000000000000e+02 1.302800000000000000e+04 -3.264000000000000000e+03 2.300000000000000000e+01 4.200000000000000000e+01
-3.628000000000000000e+03 1.560000000000000000e+03 1.364400000000000000e+04 -3.216000000000000000e+03 5.660000000000000000e+02 7.960000000000000000e+02
-2.752000000000000000e+03 8.960000000000000000e+02 1.444000000000000000e+04 -3.248000000000000000e+03 8.210000000000000000e+02 8.090000000000000000e+02
-3.316000000000000000e+03 2.096000000000000000e+03 1.377200000000000000e+04 -3.248000000000000000e+03 9.070000000000000000e+02 1.590000000000000000e+02
-3.228000000000000000e+03 1.664000000000000000e+03 1.404800000000000000e+04 -3.248000000000000000e+03 6.430000000000000000e+02 -4.090000000000000000e+02
-3.120000000000000000e+03 2.136000000000000000e+03 1.390000000000000000e+04 -3.264000000000000000e+03 8.340000000000000000e+02 1.530000000000000000e+02
-3.336000000000000000e+03 1.936000000000000000e+03 1.427600000000000000e+04 -3.264000000000000000e+03 -2.730000000000000000e+02 -6.750000000000000000e+02
-3.028000000000000000e+03 1.452000000000000000e+03 1.351600000000000000e+04 -3.216000000000000000e+03 5.600000000000000000e+01 -6.960000000000000000e+02
-3.008000000000000000e+03 1.860000000000000000e+03 1.381200000000000000e+04 -3.248000000000000000e+03 3.530000000000000000e+02 -9.810000000000000000e+02
-1.248000000000000000e+03 8.080000000000000000e+02 1.552400000000000000e+04 -3.264000000000000000e+03 6.280000000000000000e+02 -2.669000000000000000e+03
-3.996000000000000000e+03 1.496000000000000000e+03 1.515600000000000000e+04 -3.248000000000000000e+03 9.370000000000000000e+02 -1.297000000000000000e+03
-2.256000000000000000e+03 2.184000000000000000e+03 1.386800000000000000e+04 -3.232000000000000000e+03 -1.130000000000000000e+02 -1.301000000000000000e+03
-2.272000000000000000e+03 2.276000000000000000e+03 1.416400000000000000e+04 -3.232000000000000000e+03 -8.300000000000000000e+01 -1.900000000000000000e+01
-2.788000000000000000e+03 2.228000000000000000e+03 1.398000000000000000e+04 -3.232000000000000000e+03 7.080000000000000000e+02 -1.335000000000000000e+03
-4.700000000000000000e+03 1.800000000000000000e+03 1.879600000000000000e+04 -3.216000000000000000e+03 4.310000000000000000e+02 -5.690000000000000000e+02
-6.000000000000000000e+01 -5.560000000000000000e+02 1.264400000000000000e+04 -3.232000000000000000e+03 -1.060000000000000000e+02 2.467000000000000000e+03
-2.600000000000000000e+03 2.436000000000000000e+03 1.349200000000000000e+04 -3.232000000000000000e+03 2.480000000000000000e+02 5.580000000000000000e+02
-2.804000000000000000e+03 2.912000000000000000e+03 1.406000000000000000e+04 -3.232000000000000000e+03 1.560000000000000000e+02 -2.340000000000000000e+02
-1.000000000000000000e+00 -1.000000000000000000e+00 -1.000000000000000000e+00 -1.000000000000000000e+00 -1.000000000000000000e+00 -1.000000000000000000e+00
-1.000000000000000000e+00 -1.000000000000000000e+00 -1.000000000000000000e+00 -1.000000000000000000e+00 -1.000000000000000000e+00 -1.000000000000000000e+00
0.000000000000000000e+00 0.000000000000000000e+00 0.000000000000000000e+00 0.000000000000000000e+00 0.000000000000000000e+00 0.000000000000000000e+00
0.000000000000000000e+00 0.000000000000000000e+00 0.000000000000000000e+00 0.000000000000000000e+00 0.000000000000000000e+00 0.000000000000000000e+00
0.000000000000000000e+00 0.000000000000000000e+00 0.000000000000000000e+00 0.000000000000000000e+00 0.000000000000000000e+00 0.000000000000000000e+00
0.000000000000000000e+00 0.000000000000000000e+00 0.000000000000000000e+00 0.000000000000000000e+00 0.000000000000000000e+00 0.000000000000000000e+00
0.000000000000000000e+00 0.000000000000000000e+00 0.000000000000000000e+00 0.000000000000000000e+00 0.000000000000000000e+00 0.000000000000000000e+00
0.000000000000000000e+00 0.000000000000000000e+00 0.000000000000000000e+00 0.000000000000000000e+00 0.000000000000000000e+00 0.000000000000000000e+00
0.000000000000000000e+00 0.000000000000000000e+00 0.000000000000000000e+00 0.000000000000000000e+00 0.000000000000000000e+00 0.000000000000000000e+00
0.000000000000000000e+00 0.000000000000000000e+00 0.000000000000000000e+00 0.000000000000000000e+00 0.000000000000000000e+00 0.000000000000000000e+00
0.000000000000000000e+00 0.000000000000000000e+00 0.000000000000000000e+00 0.000000000000000000e+00 0.000000000000000000e+00 0.000000000000000000e+00
0.000000000000000000e+00 0.000000000000000000e+00 0.000000000000000000e+00 0.000000000000000000e+00 0.000000000000000000e+00 0.000000000000000000e+00
0.000000000000000000e+00 0.000000000000000000e+00 0.000000000000000000e+00 0.000000000000000000e+00 0.000000000000000000e+00 0.000000000000000000e+00
0.000000000000000000e+00 0.000000000000000000e+00 0.000000000000000000e+00 0.000000000000000000e+00 0.000000000000000000e+00 0.000000000000000000e+00
0.000000000000000000e+00 0.000000000000000000e+00 0.000000000000000000e+00 0.000000000000000000e+00 0.000000000000000000e+00 0.000000000000000000e+00
0.000000000000000000e+00 0.000000000000000000e+00 0.000000000000000000e+00 0.000000000000000000e+00 0.000000000000000000e+00 0.000000000000000000e+00
0.000000000000000000e+00 0.000000000000000000e+00 0.000000000000000000e+00 0.000000000000000000e+00 0.000000000000000000e+00 0.000000000000000000e+00
0.000000000000000000e+00 0.000000000000000000e+00 0.000000000000000000e+00 0.000000000000000000e+00 0.000000000000000000e+00 0.000000000000000000e+00
0.000000000000000000e+00 0.000000000000000000e+00 0.000000000000000000e+00 0.000000000000000000e+00 0.000000000000000000e+00 0.000000000000000000e+00
0.000000000000000000e+00 0.000000000000000000e+00 0.000000000000000000e+00 0.000000000000000000e+00 0.000000000000000000e+00 0.000000000000000000e+00
0.000000000000000000e+00 0.000000000000000000e+00 0.000000000000000000e+00 0.000000000000000000e+00 0.000000000000000000e+00 0.000000000000000000e+00
0.000000000000000000e+00 0.000000000000000000e+00 0.000000000000000000e+00 0.000000000000000000e+00 0.000000000000000000e+00 0.000000000000000000e+00
0.000000000000000000e+00 0.000000000000000000e+00 0.000000000000000000e+00 0.000000000000000000e+00 0.000000000000000000e+00 0.000000000000000000e+00
0.000000000000000000e+00 0.000000000000000000e+00 0.000000000000000000e+00 0.000000000000000000e+00 0.000000000000000000e+00 0.000000000000000000e+00
0.000000000000000000e+00 0.000000000000000000e+00 0.000000000000000000e+00 0.000000000000000000e+00 0.000000000000000000e+00 0.000000000000000000e+00
0.000000000000000000e+00 0.000000000000000000e+00 0.000000000000000000e+00 0.000000000000000000e+00 0.000000000000000000e+00 0.000000000000000000e+00
0.000000000000000000e+00 0.000000000000000000e+00 0.000000000000000000e+00 0.000000000000000000e+00 0.000000000000000000e+00 0.000000000000000000e+00
0.000000000000000000e+00 0.000000000000000000e+00 0.000000000000000000e+00 0.000000000000000000e+00 0.000000000000000000e+00 0.000000000000000000e+00
0.000000000000000000e+00 0.000000000000000000e+00 0.000000000000000000e+00 0.000000000000000000e+00 0.000000000000000000e+00 0.000000000000000000e+00
0.000000000000000000e+00 0.000000000000000000e+00 0.000000000000000000e+00 0.000000000000000000e+00 0.000000000000000000e+00 0.000000000000000000e+00
0.000000000000000000e+00 0.000000000000000000e+00 0.000000000000000000e+00 0.000000000000000000e+00 0.000000000000000000e+00 0.000000000000000000e+00
0.000000000000000000e+00 0.000000000000000000e+00 0.000000000000000000e+00 0.000000000000000000e+00 0.000000000000000000e+00 0.000000000000000000e+00
0.000000000000000000e+00 0.000000000000000000e+00 0.000000000000000000e+00 0.000000000000000000e+00 0.000000000000000000e+00 0.000000000000000000e+00
0.000000000000000000e+00 0.000000000000000000e+00 0.000000000000000000e+00 0.000000000000000000e+00 0.000000000000000000e+00 0.000000000000000000e+00
0.000000000000000000e+00 0.000000000000000000e+00 0.000000000000000000e+00 0.000000000000000000e+00 0.000000000000000000e+00 0.000000000000000000e+00
0.000000000000000000e+00 0.000000000000000000e+00 0.000000000000000000e+00 0.000000000000000000e+00 0.000000000000000000e+00 0.000000000000000000e+00
0.000000000000000000e+00 0.000000000000000000e+00 0.000000000000000000e+00 0.000000000000000000e+00 0.000000000000000000e+00 0.000000000000000000e+00
