-6.756000000000000000e+03 2.320000000000000000e+03 1.350000000000000000e+04 -3.776000000000000000e+03 -6.280000000000000000e+02 2.120000000000000000e+02
-5.452000000000000000e+03 2.392000000000000000e+03 1.249600000000000000e+04 -3.744000000000000000e+03 -5.800000000000000000e+01 3.950000000000000000e+02
-6.024000000000000000e+03 2.620000000000000000e+03 1.338800000000000000e+04 -3.776000000000000000e+03 -7.300000000000000000e+01 1.170000000000000000e+02
-5.812000000000000000e+03 2.608000000000000000e+03 1.278000000000000000e+04 -3.776000000000000000e+03 -3.200000000000000000e+01 3.780000000000000000e+02
-6.068000000000000000e+03 2.688000000000000000e+03 1.289200000000000000e+04 -3.760000000000000000e+03 -3.500000000000000000e+01 2.610000000000000000e+02
-6.016000000000000000e+03 2.232000000000000000e+03 1.264000000000000000e+04 -3.760000000000000000e+03 -3.820000000000000000e+02 8.900000000000000000e+01
-5.924000000000000000e+03 2.648000000000000000e+03 1.346400000000000000e+04 -3.744000000000000000e+03 1.900000000000000000e+01 2.800000000000000000e+02
-6.024000000000000000e+03 2.472000000000000000e+03 1.290000000000000000e+04 -3.776000000000000000e+03 -7.170000000000000000e+02 -1.280000000000000000e+02
-5.948000000000000000e+03 2.512000000000000000e+03 1.280400000000000000e+04 -3.744000000000000000e+03 8.100000000000000000e+01 3.390000000000000000e+02
-6.044000000000000000e+03 2.424000000000000000e+03 1.313200000000000000e+04 -3.760000000000000000e+03 -3.450000000000000000e+02 0.000000000000000000e+00
-5.844000000000000000e+03 2.840000000000000000e+03 1.319200000000000000e+04 -3.760000000000000000e+03 -2.750000000000000000e+02 1.780000000000000000e+02
-5.756000000000000000e+03 2.520000000000000000e+03 1.303200000000000000e+04 -3.760000000000000000e+03 -2.760000000000000000e+02 2.000000000000000000e+02
-5.952000000000000000e+03 2.504000000000000000e+03 1.294000000000000000e+04 -3.760000000000000000e+03 -3.600000000000000000e+02 1.150000000000000000e+02
-5.812000000000000000e+03 2.532000000000000000e+03 1.284800000000000000e+04 -3.760000000000000000e+03 -2.420000000000000000e+02 8.300000000000000000e+01
-5.768000000000000000e+03 2.748000000000000000e+03 1.299600000000000000e+04 -3.728000000000000000e+03 -2.260000000000000000e+02 1.260000000000000000e+02
-5.868000000000000000e+03 2.664000000000000000e+03 1.292000000000000000e+04 -3.792000000000000000e+03 -3.500000000000000000e+02 1.760000000000000000e+02
-5.872000000000000000e+03 2.328000000000000000e+03 1.303200000000000000e+04 -3.776000000000000000e+03 -2.650000000000000000e+02 1.970000000000000000e+02
-5.836000000000000000e+03 2.644000000000000000e+03 1.318800000000000000e+04 -3.744000000000000000e+03 -3.230000000000000000e+02 2.710000000000000000e+02
-5.900000000000000000e+03 2.772000000000000000e+03 1.294000000000000000e+04 -3.776000000000000000e+03 -3.560000000000000000e+02 1.380000000000000000e+02
-5.664000000000000000e+03 2.292000000000000000e+03 1.268800000000000000e+04 -3.776000000000000000e+03 -2.400000000000000000e+02 2.760000000000000000e+02
-5.640000000000000000e+03 2.740000000000000000e+03 1.324800000000000000e+04 -3.776000000000000000e+03 -4.050000000000000000e+02 -1.600000000000000000e+01
-5.748000000000000000e+03 2.440000000000000000e+03 1.294400000000000000e+04 -3.776000000000000000e+03 -2.310000000000000000e+02 2.260000000000000000e+02
-5.888000000000000000e+03 2.504000000000000000e+03 1.282400000000000000e+04 -3.776000000000000000e+03 -4.710000000000000000e+02 5.400000000000000000e+01
-6.116000000000000000e+03 2.716000000000000000e+03 1.334000000000000000e+04 -3.744000000000000000e+03 -4.860000000000000000e+02 8.000000000000000000e+01
-5.632000000000000000e+03 2.588000000000000000e+03 1.258000000000000000e+04 -3.744000000000000000e+03 -2.190000000000000000e+02 1.000000000000000000e+02
-5.988000000000000000e+03 2.544000000000000000e+03 1.324400000000000000e+04 -3.744000000000000000e+03 -3.660000000000000000e+02 9.200000000000000000e+01
-5.864000000000000000e+03 2.444000000000000000e+03 1.290000000000000000e+04 -3.760000000000000000e+03 -2.410000000000000000e+02 2.200000000000000000e+02
-5.944000000000000000e+03 2.868000000000000000e+03 1.355200000000000000e+04 -3.776000000000000000e+03 -1.003000000000000000e+03 7.380000000000000000e+02
-5.624000000000000000e+03 1.868000000000000000e+03 1.197200000000000000e+04 -3.744000000000000000e+03 -3.980000000000000000e+02 2.050000000000000000e+02
-6.264000000000000000e+03 2.984000000000000000e+03 1.395200000000000000e+04 -3.744000000000000000e+03 -3.570000000000000000e+02 5.100000000000000000e+01
-5.704000000000000000e+03 2.192000000000000000e+03 1.252000000000000000e+04 -3.776000000000000000e+03 -3.290000000000000000e+02 3.810000000000000000e+02
-5.992000000000000000e+03 2.620000000000000000e+03 1.328400000000000000e+04 -3.744000000000000000e+03 -3.180000000000000000e+02 1.430000000000000000e+02
-5.860000000000000000e+03 2.412000000000000000e+03 1.283600000000000000e+04 -3.744000000000000000e+03 -2.470000000000000000e+02 2.980000000000000000e+02
-5.880000000000000000e+03 2.580000000000000000e+03 1.286800000000000000e+04 -3.744000000000000000e+03 -3.120000000000000000e+02 8.400000000000000000e+01
-6.040000000000000000e+03 2.248000000000000000e+03 1.301600000000000000e+04 -3.776000000000000000e+03 -1.010000000000000000e+02 3.920000000000000000e+02
-6.052000000000000000e+03 2.556000000000000000e+03 1.335200000000000000e+04 -3.776000000000000000e+03 -6.550000000000000000e+02 1.420000000000000000e+02
-6.152000000000000000e+03 1.996000000000000000e+03 1.296800000000000000e+04 -3.744000000000000000e+03 -2.560000000000000000e+02 2.010000000000000000e+02
-5.648000000000000000e+03 2.912000000000000000e+03 1.272400000000000000e+04 -3.760000000000000000e+03 -1.590000000000000000e+02 1.130000000000000000e+02
-6.052000000000000000e+03 2.416000000000000000e+03 1.310800000000000000e+04 -3.776000000000000000e+03 -1.510000000000000000e+02 1.920000000000000000e+02
-5.968000000000000000e+03 2.512000000000000000e+03 1.303200000000000000e+04 -3.760000000000000000e+03 -4.390000000000000000e+02 1.640000000000000000e+02
-5.908000000000000000e+03 2.316000000000000000e+03 1.285200000000000000e+04 -3.792000000000000000e+03 -3.750000000000000000e+02 2.160000000000000000e+02
-6.056000000000000000e+03 2.636000000000000000e+03 1.310400000000000000e+04 -3.760000000000000000e+03 -1.080000000000000000e+02 5.460000000000000000e+02
-5.920000000000000000e+03 2.460000000000000000e+03 1.282400000000000000e+04 -3.728000000000000000e+03 -7.060000000000000000e+02 -1.690000000000000000e+02
-6.028000000000000000e+03 2.420000000000000000e+03 1.293200000000000000e+04 -3.776000000000000000e+03 -8.000000000000000000e+00 4.750000000000000000e+02
-5.868000000000000000e+03 2.716000000000000000e+03 1.288800000000000000e+04 -3.792000000000000000e+03 -3.100000000000000000e+02 -1.000000000000000000e+00
-6.160000000000000000e+03 2.296000000000000000e+03 1.286800000000000000e+04 -3.760000000000000000e+03 1.390000000000000000e+02 5.380000000000000000e+02
-6.012000000000000000e+03 2.628000000000000000e+03 1.290800000000000000e+04 -3.776000000000000000e+03 -2.720000000000000000e+02 6.400000000000000000e+01
-6.052000000000000000e+03 2.368000000000000000e+03 1.300400000000000000e+04 -3.776000000000000000e+03 -2.250000000000000000e+02 2.540000000000000000e+02
-5.748000000000000000e+03 2.700000000000000000e+03 1.301600000000000000e+04 -3.776000000000000000e+03 -2.010000000000000000e+02 4.000000000000000000e+02
-5.940000000000000000e+03 2.368000000000000000e+03 1.289200000000000000e+04 -3.776000000000000000e+03 -3.540000000000000000e+02 1.560000000000000000e+02
-6.420000000000000000e+03 2.420000000000000000e+03 1.326000000000000000e+04 -3.776000000000000000e+03 -1.730000000000000000e+02 2.450000000000000000e+02
-5.668000000000000000e+03 2.448000000000000000e+03 1.240000000000000000e+04 -3.760000000000000000e+03 -3.990000000000000000e+02 2.300000000000000000e+02
-5.772000000000000000e+03 2.880000000000000000e+03 1.321200000000000000e+04 -3.792000000000000000e+03 -3.450000000000000000e+02 -1.000000000000000000e+00
-5.996000000000000000e+03 2.404000000000000000e+03 1.297600000000000000e+04 -3.760000000000000000e+03 -2.560000000000000000e+02 4.800000000000000000e+01
-6.204000000000000000e+03 2.608000000000000000e+03 1.312400000000000000e+04 -3.776000000000000000e+03 -3.990000000000000000e+02 2.530000000000000000e+02
-5.952000000000000000e+03 2.460000000000000000e+03 1.308400000000000000e+04 -3.744000000000000000e+03 -1.520000000000000000e+02 2.650000000000000000e+02
-5.892000000000000000e+03 2.500000000000000000e+03 1.280000000000000000e+04 -3.744000000000000000e+03 2.400000000000000000e+01 2.090000000000000000e+02
-5.736000000000000000e+03 2.572000000000000000e+03 1.273200000000000000e+04 -3.728000000000000000e+03 -6.480000000000000000e+02 -1.910000000000000000e+02
-6.208000000000000000e+03 2.340000000000000000e+03 1.298800000000000000e+04 -3.776000000000000000e+03 3.000000000000000000e+02 3.350000000000000000e+02
-6.120000000000000000e+03 2.520000000000000000e+03 1.282000000000000000e+04 -3.744000000000000000e+03 -3.000000000000000000e+02 1.920000000000000000e+02
-6.308000000000000000e+03 2.320000000000000000e+03 1.345200000000000000e+04 -3.776000000000000000e+03 1.340000000000000000e+02 5.420000000000000000e+02
-5.908000000000000000e+03 2.280000000000000000e+03 1.224800000000000000e+04 -3.744000000000000000e+03 -2.600000000000000000e+01 2.190000000000000000e+02
-5.980000000000000000e+03 2.792000000000000000e+03 1.332800000000000000e+04 -3.760000000000000000e+03 4.550000000000000000e+02 6.640000000000000000e+02
-5.868000000000000000e+03 2.456000000000000000e+03 1.276400000000000000e+04 -3.760000000000000000e+03 -4.620000000000000000e+02 1.780000000000000000e+02
-5.948000000000000000e+03 2.228000000000000000e+03 1.341600000000000000e+04 -3.760000000000000000e+03 -6.600000000000000000e+01 5.740000000000000000e+02
-6.184000000000000000e+03 2.716000000000000000e+03 1.353600000000000000e+04 -3.744000000000000000e+03 3.690000000000000000e+02 -1.500000000000000000e+02
-5.616000000000000000e+03 4.012000000000000000e+03 1.360400000000000000e+04 -3.728000000000000000e+03 1.090000000000000000e+03 6.490000000000000000e+02
-5.636000000000000000e+03 3.056000000000000000e+03 1.175200000000000000e+04 -3.760000000000000000e+03 -1.300000000000000000e+02 4.720000000000000000e+02
-6.744000000000000000e+03 2.564000000000000000e+03 1.337200000000000000e+04 -3.760000000000000000e+03 -1.820000000000000000e+02 6.000000000000000000e+00
-6.264000000000000000e+03 2.340000000000000000e+03 1.181600000000000000e+04 -3.776000000000000000e+03 3.430000000000000000e+02 1.210000000000000000e+02
-6.660000000000000000e+03 3.148000000000000000e+03 1.352800000000000000e+04 -3.776000000000000000e+03 -5.320000000000000000e+02 -1.930000000000000000e+02
-5.776000000000000000e+03 3.772000000000000000e+03 1.458400000000000000e+04 -3.776000000000000000e+03 -3.500000000000000000e+02 1.416000000000000000e+03
-5.768000000000000000e+03 1.472000000000000000e+03 1.085200000000000000e+04 -3.792000000000000000e+03 -6.050000000000000000e+02 -2.200000000000000000e+01
-6.444000000000000000e+03 3.504000000000000000e+03 1.432400000000000000e+04 -3.728000000000000000e+03 -2.100000000000000000e+02 1.770000000000000000e+02
-5.664000000000000000e+03 2.564000000000000000e+03 1.181200000000000000e+04 -3.760000000000000000e+03 -2.690000000000000000e+02 9.900000000000000000e+01
-6.400000000000000000e+03 3.324000000000000000e+03 1.396400000000000000e+04 -3.760000000000000000e+03 -2.250000000000000000e+02 3.460000000000000000e+02
-5.816000000000000000e+03 2.000000000000000000e+03 1.185600000000000000e+04 -3.760000000000000000e+03 -6.530000000000000000e+02 1.700000000000000000e+01
-6.452000000000000000e+03 3.072000000000000000e+03 1.359600000000000000e+04 -3.760000000000000000e+03 1.810000000000000000e+02 2.160000000000000000e+02
-5.924000000000000000e+03 2.532000000000000000e+03 1.233200000000000000e+04 -3.760000000000000000e+03 -6.230000000000000000e+02 5.000000000000000000e+00
-6.024000000000000000e+03 3.196000000000000000e+03 1.310800000000000000e+04 -3.744000000000000000e+03 -3.300000000000000000e+02 3.400000000000000000e+02
-6.056000000000000000e+03 2.528000000000000000e+03 1.259600000000000000e+04 -3.744000000000000000e+03 -4.510000000000000000e+02 8.600000000000000000e+01
-6.096000000000000000e+03 2.696000000000000000e+03 1.297200000000000000e+04 -3.744000000000000000e+03 -1.220000000000000000e+02 3.560000000000000000e+02
-6.300000000000000000e+03 2.552000000000000000e+03 1.308000000000000000e+04 -3.744000000000000000e+03 -5.310000000000000000e+02 1.400000000000000000e+01
-5.940000000000000000e+03 2.932000000000000000e+03 1.276800000000000000e+04 -3.760000000000000000e+03 -2.200000000000000000e+02 1.610000000000000000e+02
-5.852000000000000000e+03 2.768000000000000000e+03 1.244000000000000000e+04 -3.744000000000000000e+03 -2.000000000000000000e+02 2.690000000000000000e+02
