-4.704000000000000000e+03 2.176000000000000000e+03 1.361600000000000000e+04 -3.408000000000000000e+03 -2.990000000000000000e+02 1.670000000000000000e+02
-4.640000000000000000e+03 1.916000000000000000e+03 1.328000000000000000e+04 -3.440000000000000000e+03 -2.600000000000000000e+02 1.380000000000000000e+02
-4.696000000000000000e+03 1.996000000000000000e+03 1.374400000000000000e+04 -3.392000000000000000e+03 -2.600000000000000000e+02 1.200000000000000000e+01
-4.488000000000000000e+03 2.012000000000000000e+03 1.334800000000000000e+04 -3.424000000000000000e+03 -2.150000000000000000e+02 2.570000000000000000e+02
-4.476000000000000000e+03 2.104000000000000000e+03 1.360000000000000000e+04 -3.392000000000000000e+03 -4.110000000000000000e+02 8.000000000000000000e+01
-4.632000000000000000e+03 1.912000000000000000e+03 1.360000000000000000e+04 -3.392000000000000000e+03 -2.450000000000000000e+02 1.870000000000000000e+02
-4.644000000000000000e+03 1.976000000000000000e+03 1.353600000000000000e+04 -3.408000000000000000e+03 -2.890000000000000000e+02 4.900000000000000000e+01
-4.568000000000000000e+03 1.836000000000000000e+03 1.352400000000000000e+04 -3.408000000000000000e+03 -2.250000000000000000e+02 1.850000000000000000e+02
-4.508000000000000000e+03 2.088000000000000000e+03 1.350400000000000000e+04 -3.408000000000000000e+03 -5.200000000000000000e+02 8.200000000000000000e+01
-4.660000000000000000e+03 2.076000000000000000e+03 1.352000000000000000e+04 -3.440000000000000000e+03 -2.430000000000000000e+02 1.230000000000000000e+02
-4.348000000000000000e+03 2.132000000000000000e+03 1.338800000000000000e+04 -3.392000000000000000e+03 -2.110000000000000000e+02 1.710000000000000000e+02
-4.480000000000000000e+03 2.084000000000000000e+03 1.357200000000000000e+04 -3.424000000000000000e+03 -2.410000000000000000e+02 1.860000000000000000e+02
-4.532000000000000000e+03 2.064000000000000000e+03 1.353600000000000000e+04 -3.440000000000000000e+03 -3.050000000000000000e+02 8.100000000000000000e+01
-4.432000000000000000e+03 2.064000000000000000e+03 1.350000000000000000e+04 -3.424000000000000000e+03 -2.410000000000000000e+02 3.250000000000000000e+02
-4.480000000000000000e+03 1.928000000000000000e+03 1.353200000000000000e+04 -3.376000000000000000e+03 -2.990000000000000000e+02 8.600000000000000000e+01
-4.600000000000000000e+03 1.988000000000000000e+03 1.362000000000000000e+04 -3.408000000000000000e+03 -4.550000000000000000e+02 1.430000000000000000e+02
-4.600000000000000000e+03 1.944000000000000000e+03 1.339600000000000000e+04 -3.392000000000000000e+03 -1.640000000000000000e+02 3.990000000000000000e+02
-4.500000000000000000e+03 1.920000000000000000e+03 1.368000000000000000e+04 -3.424000000000000000e+03 -3.710000000000000000e+02 4.200000000000000000e+01
-4.548000000000000000e+03 1.900000000000000000e+03 1.336000000000000000e+04 -3.424000000000000000e+03 -1.670000000000000000e+02 2.200000000000000000e+02
-4.592000000000000000e+03 2.044000000000000000e+03 1.366400000000000000e+04 -3.408000000000000000e+03 -4.300000000000000000e+02 5.400000000000000000e+01
-4.452000000000000000e+03 1.924000000000000000e+03 1.328400000000000000e+04 -3.440000000000000000e+03 -7.600000000000000000e+01 1.970000000000000000e+02
-4.624000000000000000e+03 2.064000000000000000e+03 1.374400000000000000e+04 -3.408000000000000000e+03 -3.020000000000000000e+02 1.480000000000000000e+02
-4.520000000000000000e+03 2.016000000000000000e+03 1.359200000000000000e+04 -3.392000000000000000e+03 -2.800000000000000000e+02 1.310000000000000000e+02
-4.464000000000000000e+03 1.816000000000000000e+03 1.328400000000000000e+04 -3.424000000000000000e+03 -2.410000000000000000e+02 7.100000000000000000e+01
-4.632000000000000000e+03 1.884000000000000000e+03 1.376800000000000000e+04 -3.392000000000000000e+03 -2.280000000000000000e+02 2.000000000000000000e+02
-4.508000000000000000e+03 1.760000000000000000e+03 1.359600000000000000e+04 -3.408000000000000000e+03 -3.390000000000000000e+02 4.100000000000000000e+01
-4.644000000000000000e+03 2.040000000000000000e+03 1.361600000000000000e+04 -3.408000000000000000e+03 -2.290000000000000000e+02 1.460000000000000000e+02
-4.532000000000000000e+03 2.008000000000000000e+03 1.349200000000000000e+04 -3.408000000000000000e+03 -1.260000000000000000e+02 1.150000000000000000e+02
-4.424000000000000000e+03 2.060000000000000000e+03 1.341600000000000000e+04 -3.424000000000000000e+03 -3.110000000000000000e+02 1.100000000000000000e+02
-4.588000000000000000e+03 1.912000000000000000e+03 1.354800000000000000e+04 -3.392000000000000000e+03 -2.660000000000000000e+02 1.740000000000000000e+02
-4.596000000000000000e+03 1.856000000000000000e+03 1.370000000000000000e+04 -3.376000000000000000e+03 -1.910000000000000000e+02 2.150000000000000000e+02
-4.464000000000000000e+03 1.916000000000000000e+03 1.325600000000000000e+04 -3.376000000000000000e+03 -4.880000000000000000e+02 -7.900000000000000000e+01
-4.588000000000000000e+03 2.072000000000000000e+03 1.369200000000000000e+04 -3.424000000000000000e+03 -5.500000000000000000e+01 3.910000000000000000e+02
-4.500000000000000000e+03 2.064000000000000000e+03 1.366400000000000000e+04 -3.392000000000000000e+03 -5.230000000000000000e+02 -1.190000000000000000e+02
-4.476000000000000000e+03 1.976000000000000000e+03 1.355600000000000000e+04 -3.408000000000000000e+03 -1.690000000000000000e+02 2.690000000000000000e+02
-4.496000000000000000e+03 1.920000000000000000e+03 1.352800000000000000e+04 -3.424000000000000000e+03 -3.240000000000000000e+02 -9.000000000000000000e+00
-4.492000000000000000e+03 1.852000000000000000e+03 1.351200000000000000e+04 -3.424000000000000000e+03 -1.740000000000000000e+02 2.180000000000000000e+02
-4.524000000000000000e+03 2.096000000000000000e+03 1.351200000000000000e+04 -3.424000000000000000e+03 -2.980000000000000000e+02 1.710000000000000000e+02
-4.524000000000000000e+03 1.920000000000000000e+03 1.346000000000000000e+04 -3.392000000000000000e+03 -2.220000000000000000e+02 3.250000000000000000e+02
-4.536000000000000000e+03 1.916000000000000000e+03 1.364800000000000000e+04 -3.408000000000000000e+03 -2.250000000000000000e+02 8.600000000000000000e+01
-4.748000000000000000e+03 1.524000000000000000e+03 1.369600000000000000e+04 -3.408000000000000000e+03 -3.210000000000000000e+02 3.080000000000000000e+02
-4.580000000000000000e+03 1.732000000000000000e+03 1.341600000000000000e+04 -3.392000000000000000e+03 -1.060000000000000000e+02 5.110000000000000000e+02
-4.640000000000000000e+03 1.960000000000000000e+03 1.370000000000000000e+04 -3.392000000000000000e+03 -5.400000000000000000e+02 2.400000000000000000e+01
-4.524000000000000000e+03 1.808000000000000000e+03 1.340400000000000000e+04 -3.392000000000000000e+03 7.800000000000000000e+01 2.700000000000000000e+02
-4.640000000000000000e+03 2.028000000000000000e+03 1.374400000000000000e+04 -3.408000000000000000e+03 -6.830000000000000000e+02 -7.000000000000000000e+01
-4.480000000000000000e+03 2.060000000000000000e+03 1.362000000000000000e+04 -3.392000000000000000e+03 -2.000000000000000000e+00 4.160000000000000000e+02
-4.420000000000000000e+03 2.080000000000000000e+03 1.341200000000000000e+04 -3.408000000000000000e+03 -2.030000000000000000e+02 1.700000000000000000e+02
-4.868000000000000000e+03 1.608000000000000000e+03 1.382800000000000000e+04 -3.392000000000000000e+03 -4.700000000000000000e+02 1.820000000000000000e+02
-4.716000000000000000e+03 1.160000000000000000e+03 1.344800000000000000e+04 -3.392000000000000000e+03 6.700000000000000000e+01 4.650000000000000000e+02
-5.084000000000000000e+03 1.804000000000000000e+03 1.402800000000000000e+04 -3.392000000000000000e+03 -2.220000000000000000e+02 1.130000000000000000e+02
-4.840000000000000000e+03 1.472000000000000000e+03 1.342400000000000000e+04 -3.392000000000000000e+03 -2.220000000000000000e+02 1.110000000000000000e+02
-5.116000000000000000e+03 1.892000000000000000e+03 1.393200000000000000e+04 -3.440000000000000000e+03 -3.610000000000000000e+02 2.720000000000000000e+02
-4.640000000000000000e+03 1.480000000000000000e+03 1.323600000000000000e+04 -3.408000000000000000e+03 -1.330000000000000000e+02 2.280000000000000000e+02
-4.700000000000000000e+03 1.912000000000000000e+03 1.382800000000000000e+04 -3.424000000000000000e+03 -4.600000000000000000e+02 -4.000000000000000000e+01
-4.620000000000000000e+03 1.660000000000000000e+03 1.348400000000000000e+04 -3.424000000000000000e+03 -2.270000000000000000e+02 2.570000000000000000e+02
-4.652000000000000000e+03 1.968000000000000000e+03 1.368000000000000000e+04 -3.440000000000000000e+03 -3.250000000000000000e+02 2.050000000000000000e+02
-4.500000000000000000e+03 1.848000000000000000e+03 1.343600000000000000e+04 -3.408000000000000000e+03 -2.920000000000000000e+02 1.360000000000000000e+02
-4.632000000000000000e+03 2.264000000000000000e+03 1.365600000000000000e+04 -3.424000000000000000e+03 -2.900000000000000000e+02 1.390000000000000000e+02
-4.432000000000000000e+03 1.760000000000000000e+03 1.317600000000000000e+04 -3.392000000000000000e+03 -3.830000000000000000e+02 1.830000000000000000e+02
-4.484000000000000000e+03 2.204000000000000000e+03 1.376800000000000000e+04 -3.408000000000000000e+03 -3.170000000000000000e+02 2.280000000000000000e+02
-4.352000000000000000e+03 1.836000000000000000e+03 1.332400000000000000e+04 -3.408000000000000000e+03 -2.850000000000000000e+02 8.600000000000000000e+01
-4.472000000000000000e+03 2.096000000000000000e+03 1.353200000000000000e+04 -3.392000000000000000e+03 -4.410000000000000000e+02 4.000000000000000000e+01
-4.528000000000000000e+03 2.020000000000000000e+03 1.355600000000000000e+04 -3.376000000000000000e+03 -1.630000000000000000e+02 3.860000000000000000e+02
-4.416000000000000000e+03 2.040000000000000000e+03 1.342800000000000000e+04 -3.392000000000000000e+03 -4.060000000000000000e+02 1.000000000000000000e+02
-4.568000000000000000e+03 2.000000000000000000e+03 1.363200000000000000e+04 -3.392000000000000000e+03 -1.380000000000000000e+02 2.350000000000000000e+02
-4.636000000000000000e+03 2.016000000000000000e+03 1.354000000000000000e+04 -3.408000000000000000e+03 -3.420000000000000000e+02 1.700000000000000000e+02
-4.724000000000000000e+03 2.024000000000000000e+03 1.358000000000000000e+04 -3.408000000000000000e+03 -2.290000000000000000e+02 1.270000000000000000e+02
-4.436000000000000000e+03 1.900000000000000000e+03 1.344400000000000000e+04 -3.424000000000000000e+03 -3.270000000000000000e+02 1.100000000000000000e+02
-4.388000000000000000e+03 1.916000000000000000e+03 1.356800000000000000e+04 -3.424000000000000000e+03 -2.200000000000000000e+02 2.560000000000000000e+02
-4.544000000000000000e+03 1.896000000000000000e+03 1.338400000000000000e+04 -3.408000000000000000e+03 -3.120000000000000000e+02 1.130000000000000000e+02
-4.452000000000000000e+03 1.896000000000000000e+03 1.340800000000000000e+04 -3.408000000000000000e+03 -3.680000000000000000e+02 1.980000000000000000e+02
-4.588000000000000000e+03 2.280000000000000000e+03 1.356800000000000000e+04 -3.392000000000000000e+03 -2.410000000000000000e+02 2.420000000000000000e+02
-4.472000000000000000e+03 2.008000000000000000e+03 1.358000000000000000e+04 -3.424000000000000000e+03 -4.520000000000000000e+02 8.400000000000000000e+01
-4.504000000000000000e+03 1.944000000000000000e+03 1.337200000000000000e+04 -3.424000000000000000e+03 -3.820000000000000000e+02 1.870000000000000000e+02
-4.796000000000000000e+03 1.976000000000000000e+03 1.338000000000000000e+04 -3.408000000000000000e+03 -4.990000000000000000e+02 3.330000000000000000e+02
-4.580000000000000000e+03 1.908000000000000000e+03 1.359200000000000000e+04 -3.408000000000000000e+03 -3.520000000000000000e+02 1.700000000000000000e+02
-4.688000000000000000e+03 1.808000000000000000e+03 1.361200000000000000e+04 -3.424000000000000000e+03 -3.750000000000000000e+02 2.890000000000000000e+02
-4.480000000000000000e+03 2.280000000000000000e+03 1.328000000000000000e+04 -3.360000000000000000e+03 -1.800000000000000000e+02 3.250000000000000000e+02
-4.140000000000000000e+03 2.052000000000000000e+03 1.336400000000000000e+04 -3.408000000000000000e+03 -4.390000000000000000e+02 2.870000000000000000e+02
-4.604000000000000000e+03 2.000000000000000000e+03 1.353200000000000000e+04 -3.440000000000000000e+03 -2.150000000000000000e+02 2.400000000000000000e+02
-4.776000000000000000e+03 1.792000000000000000e+03 1.365200000000000000e+04 -3.456000000000000000e+03 -3.270000000000000000e+02 2.460000000000000000e+02
-4.764000000000000000e+03 1.620000000000000000e+03 1.361200000000000000e+04 -3.392000000000000000e+03 -1.740000000000000000e+02 1.800000000000000000e+02
-4.920000000000000000e+03 1.768000000000000000e+03 1.369200000000000000e+04 -3.392000000000000000e+03 -4.020000000000000000e+02 2.600000000000000000e+01
-4.844000000000000000e+03 1.748000000000000000e+03 1.337600000000000000e+04 -3.408000000000000000e+03 -1.460000000000000000e+02 3.650000000000000000e+02
-4.660000000000000000e+03 1.952000000000000000e+03 1.327600000000000000e+04 -3.408000000000000000e+03 -4.110000000000000000e+02 1.420000000000000000e+02
