-3.656000000000000000e+03 3.672000000000000000e+03 1.348800000000000000e+04 -3.520000000000000000e+03 -3.650000000000000000e+02 1.710000000000000000e+02
-3.460000000000000000e+03 3.848000000000000000e+03 1.344400000000000000e+04 -3.488000000000000000e+03 -5.120000000000000000e+02 -7.000000000000000000e+01
-3.120000000000000000e+03 3.936000000000000000e+03 1.320000000000000000e+04 -3.472000000000000000e+03 -2.460000000000000000e+02 2.380000000000000000e+02
-3.208000000000000000e+03 3.968000000000000000e+03 1.370800000000000000e+04 -3.472000000000000000e+03 -3.740000000000000000e+02 1.850000000000000000e+02
-3.072000000000000000e+03 3.532000000000000000e+03 1.350000000000000000e+04 -3.488000000000000000e+03 -1.250000000000000000e+02 2.560000000000000000e+02
-3.716000000000000000e+03 3.764000000000000000e+03 1.363600000000000000e+04 -3.520000000000000000e+03 -2.220000000000000000e+02 2.900000000000000000e+02
-3.608000000000000000e+03 3.420000000000000000e+03 1.318400000000000000e+04 -3.488000000000000000e+03 -1.480000000000000000e+02 3.780000000000000000e+02
-3.860000000000000000e+03 3.708000000000000000e+03 1.398400000000000000e+04 -3.472000000000000000e+03 -1.290000000000000000e+02 1.870000000000000000e+02
-3.336000000000000000e+03 3.620000000000000000e+03 1.343600000000000000e+04 -3.456000000000000000e+03 -1.040000000000000000e+02 2.710000000000000000e+02
-3.500000000000000000e+03 4.060000000000000000e+03 1.358800000000000000e+04 -3.488000000000000000e+03 1.130000000000000000e+02 3.510000000000000000e+02
-3.432000000000000000e+03 3.984000000000000000e+03 1.310400000000000000e+04 -3.456000000000000000e+03 -2.280000000000000000e+02 4.260000000000000000e+02
-3.828000000000000000e+03 3.588000000000000000e+03 1.304400000000000000e+04 -3.520000000000000000e+03 -1.100000000000000000e+02 5.870000000000000000e+02
-4.212000000000000000e+03 3.740000000000000000e+03 1.345200000000000000e+04 -3.472000000000000000e+03 -5.120000000000000000e+02 2.250000000000000000e+02
-4.112000000000000000e+03 3.760000000000000000e+03 1.324000000000000000e+04 -3.488000000000000000e+03 -1.920000000000000000e+02 3.630000000000000000e+02
-4.068000000000000000e+03 3.636000000000000000e+03 1.355600000000000000e+04 -3.456000000000000000e+03 -3.720000000000000000e+02 1.740000000000000000e+02
-3.832000000000000000e+03 3.944000000000000000e+03 1.345200000000000000e+04 -3.504000000000000000e+03 -1.920000000000000000e+02 2.980000000000000000e+02
-4.004000000000000000e+03 3.912000000000000000e+03 1.346000000000000000e+04 -3.472000000000000000e+03 -4.910000000000000000e+02 2.020000000000000000e+02
-3.800000000000000000e+03 3.720000000000000000e+03 1.311200000000000000e+04 -3.456000000000000000e+03 -1.020000000000000000e+02 3.400000000000000000e+02
-4.092000000000000000e+03 3.772000000000000000e+03 1.361600000000000000e+04 -3.488000000000000000e+03 -3.850000000000000000e+02 5.600000000000000000e+01
-4.068000000000000000e+03 3.496000000000000000e+03 1.328400000000000000e+04 -3.488000000000000000e+03 -2.260000000000000000e+02 1.920000000000000000e+02
-3.952000000000000000e+03 3.720000000000000000e+03 1.357200000000000000e+04 -3.472000000000000000e+03 -3.090000000000000000e+02 5.800000000000000000e+01
-3.908000000000000000e+03 3.500000000000000000e+03 1.354000000000000000e+04 -3.456000000000000000e+03 -2.510000000000000000e+02 1.200000000000000000e+02
-3.856000000000000000e+03 3.828000000000000000e+03 1.322000000000000000e+04 -3.440000000000000000e+03 -1.770000000000000000e+02 -3.900000000000000000e+01
-3.752000000000000000e+03 3.708000000000000000e+03 1.332000000000000000e+04 -3.488000000000000000e+03 -4.510000000000000000e+02 1.880000000000000000e+02
-3.532000000000000000e+03 3.652000000000000000e+03 1.332800000000000000e+04 -3.456000000000000000e+03 -1.920000000000000000e+02 1.340000000000000000e+02
-3.520000000000000000e+03 4.008000000000000000e+03 1.278400000000000000e+04 -3.472000000000000000e+03 -6.360000000000000000e+02 -4.050000000000000000e+02
-3.728000000000000000e+03 4.344000000000000000e+03 1.362400000000000000e+04 -3.456000000000000000e+03 -1.900000000000000000e+02 3.460000000000000000e+02
-3.696000000000000000e+03 3.732000000000000000e+03 1.297200000000000000e+04 -3.488000000000000000e+03 -3.730000000000000000e+02 1.300000000000000000e+02
-3.892000000000000000e+03 3.472000000000000000e+03 1.370000000000000000e+04 -3.472000000000000000e+03 -1.870000000000000000e+02 3.790000000000000000e+02
-3.932000000000000000e+03 3.256000000000000000e+03 1.326400000000000000e+04 -3.472000000000000000e+03 -7.500000000000000000e+01 1.110000000000000000e+02
-4.132000000000000000e+03 3.696000000000000000e+03 1.380400000000000000e+04 -3.472000000000000000e+03 8.000000000000000000e+00 -5.800000000000000000e+01
-3.848000000000000000e+03 3.716000000000000000e+03 1.333200000000000000e+04 -3.488000000000000000e+03 9.700000000000000000e+01 3.400000000000000000e+01
-4.252000000000000000e+03 3.580000000000000000e+03 1.379600000000000000e+04 -3.472000000000000000e+03 1.180000000000000000e+02 1.650000000000000000e+02
-3.744000000000000000e+03 3.760000000000000000e+03 1.341200000000000000e+04 -3.504000000000000000e+03 3.000000000000000000e+02 -3.710000000000000000e+02
-3.780000000000000000e+03 4.312000000000000000e+03 1.341600000000000000e+04 -3.488000000000000000e+03 5.780000000000000000e+02 -3.340000000000000000e+02
-3.680000000000000000e+03 4.036000000000000000e+03 1.310800000000000000e+04 -3.488000000000000000e+03 1.010000000000000000e+02 -2.820000000000000000e+02
-3.312000000000000000e+03 4.072000000000000000e+03 1.291600000000000000e+04 -3.472000000000000000e+03 1.800000000000000000e+01 1.990000000000000000e+02
-3.436000000000000000e+03 4.388000000000000000e+03 1.305600000000000000e+04 -3.456000000000000000e+03 -1.900000000000000000e+02 2.190000000000000000e+02
-3.544000000000000000e+03 3.980000000000000000e+03 1.297200000000000000e+04 -3.504000000000000000e+03 -4.810000000000000000e+02 2.640000000000000000e+02
-3.832000000000000000e+03 3.972000000000000000e+03 1.362000000000000000e+04 -3.456000000000000000e+03 -4.350000000000000000e+02 2.140000000000000000e+02
-3.816000000000000000e+03 3.900000000000000000e+03 1.328800000000000000e+04 -3.456000000000000000e+03 -4.790000000000000000e+02 4.500000000000000000e+01
-3.660000000000000000e+03 4.100000000000000000e+03 1.362000000000000000e+04 -3.456000000000000000e+03 -2.660000000000000000e+02 9.600000000000000000e+01
-3.536000000000000000e+03 3.876000000000000000e+03 1.360800000000000000e+04 -3.456000000000000000e+03 -4.990000000000000000e+02 -2.100000000000000000e+01
-3.580000000000000000e+03 4.120000000000000000e+03 1.342800000000000000e+04 -3.472000000000000000e+03 -2.080000000000000000e+02 1.910000000000000000e+02
-3.408000000000000000e+03 4.112000000000000000e+03 1.319200000000000000e+04 -3.472000000000000000e+03 -5.210000000000000000e+02 -4.600000000000000000e+01
-3.428000000000000000e+03 4.104000000000000000e+03 1.353200000000000000e+04 -3.488000000000000000e+03 -1.450000000000000000e+02 2.940000000000000000e+02
-3.408000000000000000e+03 4.216000000000000000e+03 1.362800000000000000e+04 -3.456000000000000000e+03 -4.740000000000000000e+02 1.200000000000000000e+02
-3.852000000000000000e+03 3.936000000000000000e+03 1.349600000000000000e+04 -3.472000000000000000e+03 -4.200000000000000000e+01 1.770000000000000000e+02
-3.568000000000000000e+03 4.028000000000000000e+03 1.342000000000000000e+04 -3.440000000000000000e+03 -2.370000000000000000e+02 -1.600000000000000000e+01
-3.428000000000000000e+03 4.096000000000000000e+03 1.315200000000000000e+04 -3.440000000000000000e+03 -2.700000000000000000e+02 1.920000000000000000e+02
-3.656000000000000000e+03 4.056000000000000000e+03 1.361200000000000000e+04 -3.456000000000000000e+03 -3.460000000000000000e+02 2.400000000000000000e+02
-3.484000000000000000e+03 4.052000000000000000e+03 1.338800000000000000e+04 -3.456000000000000000e+03 -2.450000000000000000e+02 1.230000000000000000e+02
-3.400000000000000000e+03 4.200000000000000000e+03 1.335200000000000000e+04 -3.472000000000000000e+03 -1.720000000000000000e+02 7.800000000000000000e+01
-3.512000000000000000e+03 3.968000000000000000e+03 1.307600000000000000e+04 -3.472000000000000000e+03 -2.200000000000000000e+02 1.820000000000000000e+02
-3.768000000000000000e+03 3.596000000000000000e+03 1.378000000000000000e+04 -3.488000000000000000e+03 -2.980000000000000000e+02 2.550000000000000000e+02
-3.720000000000000000e+03 3.668000000000000000e+03 1.320000000000000000e+04 -3.456000000000000000e+03 -4.500000000000000000e+02 -1.110000000000000000e+02
-3.116000000000000000e+03 4.076000000000000000e+03 1.323600000000000000e+04 -3.440000000000000000e+03 -9.670000000000000000e+02 -3.130000000000000000e+02
-3.540000000000000000e+03 3.744000000000000000e+03 1.326400000000000000e+04 -3.456000000000000000e+03 -5.660000000000000000e+02 4.940000000000000000e+02
-3.792000000000000000e+03 3.800000000000000000e+03 1.374000000000000000e+04 -3.472000000000000000e+03 -8.640000000000000000e+02 -6.500000000000000000e+01
-4.008000000000000000e+03 3.560000000000000000e+03 1.362800000000000000e+04 -3.472000000000000000e+03 -3.800000000000000000e+02 4.350000000000000000e+02
-3.812000000000000000e+03 3.800000000000000000e+03 1.357200000000000000e+04 -3.456000000000000000e+03 -4.700000000000000000e+02 2.470000000000000000e+02
-3.664000000000000000e+03 3.964000000000000000e+03 1.371200000000000000e+04 -3.456000000000000000e+03 -4.300000000000000000e+02 -2.400000000000000000e+01
-3.320000000000000000e+03 4.040000000000000000e+03 1.318400000000000000e+04 -3.472000000000000000e+03 -3.280000000000000000e+02 2.480000000000000000e+02
-3.484000000000000000e+03 3.896000000000000000e+03 1.316800000000000000e+04 -3.472000000000000000e+03 -5.300000000000000000e+02 -1.600000000000000000e+01
-3.548000000000000000e+03 3.540000000000000000e+03 1.317600000000000000e+04 -3.456000000000000000e+03 -6.880000000000000000e+02 6.300000000000000000e+01
-3.692000000000000000e+03 3.680000000000000000e+03 1.352800000000000000e+04 -3.488000000000000000e+03 -6.700000000000000000e+02 1.170000000000000000e+02
-3.588000000000000000e+03 3.580000000000000000e+03 1.298400000000000000e+04 -3.456000000000000000e+03 -1.565000000000000000e+03 -1.170000000000000000e+02
-2.972000000000000000e+03 3.528000000000000000e+03 1.320000000000000000e+04 -3.456000000000000000e+03 -1.973000000000000000e+03 9.050000000000000000e+02
-3.884000000000000000e+03 3.148000000000000000e+03 1.385200000000000000e+04 -3.472000000000000000e+03 -1.516000000000000000e+03 1.477000000000000000e+03
-3.900000000000000000e+03 3.604000000000000000e+03 1.410000000000000000e+04 -3.456000000000000000e+03 -5.090000000000000000e+02 6.070000000000000000e+02
-3.028000000000000000e+03 4.784000000000000000e+03 1.372400000000000000e+04 -3.440000000000000000e+03 -1.700000000000000000e+01 1.600000000000000000e+03
-4.180000000000000000e+03 2.684000000000000000e+03 1.276800000000000000e+04 -3.440000000000000000e+03 -1.210000000000000000e+03 7.670000000000000000e+02
-5.128000000000000000e+03 2.244000000000000000e+03 1.427600000000000000e+04 -3.456000000000000000e+03 2.320000000000000000e+02 7.190000000000000000e+02
-4.640000000000000000e+03 2.512000000000000000e+03 1.389200000000000000e+04 -3.488000000000000000e+03 -7.680000000000000000e+02 -4.300000000000000000e+02
-3.508000000000000000e+03 3.336000000000000000e+03 1.319200000000000000e+04 -3.440000000000000000e+03 2.470000000000000000e+02 4.810000000000000000e+02
-3.756000000000000000e+03 3.812000000000000000e+03 1.370000000000000000e+04 -3.440000000000000000e+03 -8.190000000000000000e+02 1.000000000000000000e+00
-3.432000000000000000e+03 3.448000000000000000e+03 1.289200000000000000e+04 -3.472000000000000000e+03 1.000000000000000000e+02 5.730000000000000000e+02
-3.952000000000000000e+03 3.824000000000000000e+03 1.422800000000000000e+04 -3.456000000000000000e+03 -4.420000000000000000e+02 4.010000000000000000e+02
-3.692000000000000000e+03 2.920000000000000000e+03 1.292400000000000000e+04 -3.472000000000000000e+03 -1.000000000000000000e+00 3.920000000000000000e+02
-4.104000000000000000e+03 3.236000000000000000e+03 1.371200000000000000e+04 -3.472000000000000000e+03 3.000000000000000000e+00 3.560000000000000000e+02
-4.040000000000000000e+03 2.964000000000000000e+03 1.344800000000000000e+04 -3.456000000000000000e+03 -5.500000000000000000e+02 1.290000000000000000e+02
-4.024000000000000000e+03 2.972000000000000000e+03 1.350000000000000000e+04 -3.456000000000000000e+03 5.100000000000000000e+01 4.090000000000000000e+02
-4.216000000000000000e+03 3.228000000000000000e+03 1.372000000000000000e+04 -3.488000000000000000e+03 -4.400000000000000000e+02 -6.100000000000000000e+01
-3.980000000000000000e+03 3.048000000000000000e+03 1.351200000000000000e+04 -3.424000000000000000e+03 -2.400000000000000000e+01 2.500000000000000000e+02
-4.132000000000000000e+03 3.288000000000000000e+03 1.387200000000000000e+04 -3.488000000000000000e+03 -2.440000000000000000e+02 8.300000000000000000e+01
