-3.904000000000000000e+03 2.536000000000000000e+03 1.301600000000000000e+04 -3.408000000000000000e+03 -6.380000000000000000e+02 2.150000000000000000e+02
-4.636000000000000000e+03 2.688000000000000000e+03 1.356400000000000000e+04 -3.456000000000000000e+03 -4.300000000000000000e+02 3.620000000000000000e+02
-4.504000000000000000e+03 2.268000000000000000e+03 1.380800000000000000e+04 -3.424000000000000000e+03 -3.380000000000000000e+02 -2.470000000000000000e+02
-4.476000000000000000e+03 2.204000000000000000e+03 1.360400000000000000e+04 -3.408000000000000000e+03 -9.000000000000000000e+01 2.770000000000000000e+02
-4.448000000000000000e+03 2.476000000000000000e+03 1.377600000000000000e+04 -3.376000000000000000e+03 -5.410000000000000000e+02 -2.830000000000000000e+02
-4.312000000000000000e+03 2.148000000000000000e+03 1.334400000000000000e+04 -3.392000000000000000e+03 -1.330000000000000000e+02 8.500000000000000000e+01
-4.296000000000000000e+03 2.640000000000000000e+03 1.363600000000000000e+04 -3.392000000000000000e+03 -2.320000000000000000e+02 6.400000000000000000e+01
-4.440000000000000000e+03 2.572000000000000000e+03 1.324800000000000000e+04 -3.424000000000000000e+03 -5.640000000000000000e+02 -1.520000000000000000e+02
-4.480000000000000000e+03 1.688000000000000000e+03 1.487200000000000000e+04 -3.440000000000000000e+03 3.950000000000000000e+02 4.170000000000000000e+02
-4.660000000000000000e+03 1.692000000000000000e+03 1.334000000000000000e+04 -3.408000000000000000e+03 -4.520000000000000000e+02 -3.810000000000000000e+02
-4.488000000000000000e+03 2.680000000000000000e+03 1.412400000000000000e+04 -3.392000000000000000e+03 -5.200000000000000000e+01 3.350000000000000000e+02
-4.228000000000000000e+03 2.184000000000000000e+03 1.324800000000000000e+04 -3.424000000000000000e+03 -5.730000000000000000e+02 -2.350000000000000000e+02
-4.264000000000000000e+03 2.484000000000000000e+03 1.385200000000000000e+04 -3.392000000000000000e+03 3.700000000000000000e+01 3.130000000000000000e+02
-4.232000000000000000e+03 2.800000000000000000e+03 1.368800000000000000e+04 -3.392000000000000000e+03 -8.040000000000000000e+02 -1.090000000000000000e+02
-3.964000000000000000e+03 2.484000000000000000e+03 1.316800000000000000e+04 -3.408000000000000000e+03 -2.200000000000000000e+02 8.500000000000000000e+01
-4.016000000000000000e+03 2.328000000000000000e+03 1.369200000000000000e+04 -3.408000000000000000e+03 -7.020000000000000000e+02 -4.600000000000000000e+01
-4.256000000000000000e+03 2.352000000000000000e+03 1.371200000000000000e+04 -3.424000000000000000e+03 -9.800000000000000000e+01 5.590000000000000000e+02
-4.080000000000000000e+03 2.516000000000000000e+03 1.347600000000000000e+04 -3.392000000000000000e+03 -4.710000000000000000e+02 1.040000000000000000e+02
-4.152000000000000000e+03 2.240000000000000000e+03 1.371200000000000000e+04 -3.424000000000000000e+03 -4.190000000000000000e+02 5.800000000000000000e+01
-4.196000000000000000e+03 2.192000000000000000e+03 1.338400000000000000e+04 -3.424000000000000000e+03 -3.060000000000000000e+02 7.400000000000000000e+01
-4.340000000000000000e+03 2.880000000000000000e+03 1.368800000000000000e+04 -3.424000000000000000e+03 -7.490000000000000000e+02 3.740000000000000000e+02
-4.288000000000000000e+03 1.964000000000000000e+03 1.368000000000000000e+04 -3.424000000000000000e+03 -4.290000000000000000e+02 2.100000000000000000e+02
-4.420000000000000000e+03 2.416000000000000000e+03 1.380400000000000000e+04 -3.408000000000000000e+03 -3.430000000000000000e+02 3.900000000000000000e+01
-4.160000000000000000e+03 2.360000000000000000e+03 1.353200000000000000e+04 -3.408000000000000000e+03 -6.450000000000000000e+02 3.800000000000000000e+01
-4.144000000000000000e+03 2.284000000000000000e+03 1.317600000000000000e+04 -3.376000000000000000e+03 -4.710000000000000000e+02 1.060000000000000000e+02
-4.376000000000000000e+03 2.404000000000000000e+03 1.374400000000000000e+04 -3.392000000000000000e+03 -5.260000000000000000e+02 7.600000000000000000e+01
-4.224000000000000000e+03 1.944000000000000000e+03 1.356400000000000000e+04 -3.392000000000000000e+03 -1.960000000000000000e+02 1.560000000000000000e+02
-4.440000000000000000e+03 2.556000000000000000e+03 1.398400000000000000e+04 -3.424000000000000000e+03 -4.140000000000000000e+02 2.200000000000000000e+01
-4.416000000000000000e+03 2.036000000000000000e+03 1.356000000000000000e+04 -3.424000000000000000e+03 -4.520000000000000000e+02 1.260000000000000000e+02
-4.120000000000000000e+03 2.364000000000000000e+03 1.345600000000000000e+04 -3.408000000000000000e+03 -1.820000000000000000e+02 1.050000000000000000e+02
-4.188000000000000000e+03 2.312000000000000000e+03 1.335600000000000000e+04 -3.376000000000000000e+03 -1.240000000000000000e+02 2.340000000000000000e+02
-4.100000000000000000e+03 2.304000000000000000e+03 1.385600000000000000e+04 -3.392000000000000000e+03 -3.810000000000000000e+02 6.100000000000000000e+01
-4.096000000000000000e+03 2.212000000000000000e+03 1.334000000000000000e+04 -3.392000000000000000e+03 -1.090000000000000000e+02 2.930000000000000000e+02
-4.200000000000000000e+03 2.376000000000000000e+03 1.379200000000000000e+04 -3.392000000000000000e+03 -3.960000000000000000e+02 1.900000000000000000e+01
-4.304000000000000000e+03 2.152000000000000000e+03 1.336400000000000000e+04 -3.424000000000000000e+03 -2.220000000000000000e+02 2.820000000000000000e+02
-4.292000000000000000e+03 2.300000000000000000e+03 1.370000000000000000e+04 -3.424000000000000000e+03 -3.130000000000000000e+02 1.700000000000000000e+02
-4.236000000000000000e+03 2.256000000000000000e+03 1.347600000000000000e+04 -3.376000000000000000e+03 -2.770000000000000000e+02 2.750000000000000000e+02
-4.236000000000000000e+03 2.172000000000000000e+03 1.348400000000000000e+04 -3.424000000000000000e+03 -3.510000000000000000e+02 2.900000000000000000e+02
-4.352000000000000000e+03 2.376000000000000000e+03 1.358400000000000000e+04 -3.392000000000000000e+03 -2.480000000000000000e+02 3.700000000000000000e+01
-4.376000000000000000e+03 2.100000000000000000e+03 1.362800000000000000e+04 -3.424000000000000000e+03 -3.010000000000000000e+02 1.870000000000000000e+02
-4.104000000000000000e+03 2.136000000000000000e+03 1.352400000000000000e+04 -3.424000000000000000e+03 -1.250000000000000000e+02 5.820000000000000000e+02
-4.144000000000000000e+03 2.484000000000000000e+03 1.349600000000000000e+04 -3.408000000000000000e+03 -3.980000000000000000e+02 1.320000000000000000e+02
-4.256000000000000000e+03 2.116000000000000000e+03 1.352400000000000000e+04 -3.424000000000000000e+03 -4.150000000000000000e+02 3.570000000000000000e+02
-4.308000000000000000e+03 2.496000000000000000e+03 1.370800000000000000e+04 -3.424000000000000000e+03 -2.400000000000000000e+02 3.290000000000000000e+02
-4.248000000000000000e+03 2.140000000000000000e+03 1.336000000000000000e+04 -3.408000000000000000e+03 -3.520000000000000000e+02 2.590000000000000000e+02
-4.328000000000000000e+03 2.152000000000000000e+03 1.383200000000000000e+04 -3.440000000000000000e+03 -1.800000000000000000e+02 2.980000000000000000e+02
-4.192000000000000000e+03 2.256000000000000000e+03 1.337600000000000000e+04 -3.392000000000000000e+03 -3.760000000000000000e+02 1.610000000000000000e+02
-4.172000000000000000e+03 2.372000000000000000e+03 1.362000000000000000e+04 -3.424000000000000000e+03 -2.530000000000000000e+02 2.080000000000000000e+02
-4.420000000000000000e+03 2.172000000000000000e+03 1.358400000000000000e+04 -3.408000000000000000e+03 -1.700000000000000000e+02 2.950000000000000000e+02
-4.404000000000000000e+03 2.312000000000000000e+03 1.372400000000000000e+04 -3.440000000000000000e+03 -3.330000000000000000e+02 7.000000000000000000e+00
-4.376000000000000000e+03 2.216000000000000000e+03 1.358800000000000000e+04 -3.424000000000000000e+03 -1.180000000000000000e+02 2.890000000000000000e+02
-4.676000000000000000e+03 1.780000000000000000e+03 1.362000000000000000e+04 -3.440000000000000000e+03 -2.100000000000000000e+02 1.890000000000000000e+02
-4.732000000000000000e+03 1.908000000000000000e+03 1.392800000000000000e+04 -3.408000000000000000e+03 -6.300000000000000000e+01 8.000000000000000000e+00
-4.552000000000000000e+03 1.864000000000000000e+03 1.360000000000000000e+04 -3.424000000000000000e+03 -2.450000000000000000e+02 1.750000000000000000e+02
-4.664000000000000000e+03 1.960000000000000000e+03 1.366800000000000000e+04 -3.472000000000000000e+03 -2.720000000000000000e+02 2.110000000000000000e+02
-4.572000000000000000e+03 1.996000000000000000e+03 1.354800000000000000e+04 -3.440000000000000000e+03 -2.830000000000000000e+02 2.670000000000000000e+02
-4.420000000000000000e+03 1.984000000000000000e+03 1.368400000000000000e+04 -3.392000000000000000e+03 -3.230000000000000000e+02 1.640000000000000000e+02
-4.408000000000000000e+03 2.288000000000000000e+03 1.374400000000000000e+04 -3.392000000000000000e+03 -2.730000000000000000e+02 1.980000000000000000e+02
-4.356000000000000000e+03 2.236000000000000000e+03 1.343600000000000000e+04 -3.408000000000000000e+03 -2.930000000000000000e+02 1.960000000000000000e+02
-4.464000000000000000e+03 2.292000000000000000e+03 1.374000000000000000e+04 -3.440000000000000000e+03 -3.830000000000000000e+02 2.130000000000000000e+02
-4.340000000000000000e+03 2.212000000000000000e+03 1.334800000000000000e+04 -3.456000000000000000e+03 -2.400000000000000000e+02 1.610000000000000000e+02
-4.436000000000000000e+03 1.968000000000000000e+03 1.374800000000000000e+04 -3.408000000000000000e+03 -2.640000000000000000e+02 2.640000000000000000e+02
-3.964000000000000000e+03 1.728000000000000000e+03 1.374400000000000000e+04 -3.440000000000000000e+03 -7.040000000000000000e+02 2.200000000000000000e+01
-4.200000000000000000e+03 2.396000000000000000e+03 1.337200000000000000e+04 -3.408000000000000000e+03 -3.500000000000000000e+02 3.240000000000000000e+02
-4.344000000000000000e+03 2.948000000000000000e+03 1.390800000000000000e+04 -3.424000000000000000e+03 -4.660000000000000000e+02 5.500000000000000000e+02
-4.460000000000000000e+03 2.324000000000000000e+03 1.290800000000000000e+04 -3.424000000000000000e+03 -5.360000000000000000e+02 3.940000000000000000e+02
-4.472000000000000000e+03 2.300000000000000000e+03 1.421200000000000000e+04 -3.440000000000000000e+03 -2.140000000000000000e+02 6.400000000000000000e+01
-4.152000000000000000e+03 2.068000000000000000e+03 1.295200000000000000e+04 -3.408000000000000000e+03 -4.260000000000000000e+02 2.480000000000000000e+02
-4.688000000000000000e+03 2.076000000000000000e+03 1.395600000000000000e+04 -3.408000000000000000e+03 -5.460000000000000000e+02 6.000000000000000000e+01
-4.484000000000000000e+03 1.732000000000000000e+03 1.341200000000000000e+04 -3.440000000000000000e+03 -1.240000000000000000e+02 4.770000000000000000e+02
-4.568000000000000000e+03 1.948000000000000000e+03 1.400400000000000000e+04 -3.424000000000000000e+03 -3.260000000000000000e+02 -1.000000000000000000e+00
-4.524000000000000000e+03 1.780000000000000000e+03 1.307200000000000000e+04 -3.424000000000000000e+03 -1.750000000000000000e+02 9.200000000000000000e+01
-4.628000000000000000e+03 2.332000000000000000e+03 1.410400000000000000e+04 -3.392000000000000000e+03 -3.100000000000000000e+02 2.210000000000000000e+02
-4.268000000000000000e+03 2.128000000000000000e+03 1.297600000000000000e+04 -3.424000000000000000e+03 -2.100000000000000000e+02 5.560000000000000000e+02
-4.288000000000000000e+03 2.296000000000000000e+03 1.377200000000000000e+04 -3.408000000000000000e+03 -2.360000000000000000e+02 2.740000000000000000e+02
-4.160000000000000000e+03 2.200000000000000000e+03 1.321200000000000000e+04 -3.424000000000000000e+03 3.400000000000000000e+01 6.740000000000000000e+02
-4.260000000000000000e+03 2.540000000000000000e+03 1.367200000000000000e+04 -3.408000000000000000e+03 -3.480000000000000000e+02 1.160000000000000000e+02
-4.228000000000000000e+03 1.876000000000000000e+03 1.310800000000000000e+04 -3.392000000000000000e+03 1.720000000000000000e+02 3.760000000000000000e+02
-4.472000000000000000e+03 2.520000000000000000e+03 1.388800000000000000e+04 -3.424000000000000000e+03 -6.600000000000000000e+01 3.650000000000000000e+02
-4.380000000000000000e+03 2.272000000000000000e+03 1.324000000000000000e+04 -3.456000000000000000e+03 -2.730000000000000000e+02 3.160000000000000000e+02
-4.572000000000000000e+03 2.332000000000000000e+03 1.370400000000000000e+04 -3.424000000000000000e+03 -5.900000000000000000e+01 2.760000000000000000e+02
-4.488000000000000000e+03 2.376000000000000000e+03 1.342000000000000000e+04 -3.392000000000000000e+03 -4.050000000000000000e+02 2.220000000000000000e+02
-4.488000000000000000e+03 2.156000000000000000e+03 1.348800000000000000e+04 -3.408000000000000000e+03 -1.290000000000000000e+02 3.610000000000000000e+02
-4.576000000000000000e+03 2.268000000000000000e+03 1.376400000000000000e+04 -3.408000000000000000e+03 -3.050000000000000000e+02 9.300000000000000000e+01
-4.436000000000000000e+03 1.936000000000000000e+03 1.326800000000000000e+04 -3.440000000000000000e+03 -4.700000000000000000e+01 2.100000000000000000e+02
