-4.884000000000000000e+03 2.948000000000000000e+03 1.316400000000000000e+04 -3.840000000000000000e+03 -1.450000000000000000e+02 -2.130000000000000000e+02
-4.968000000000000000e+03 2.724000000000000000e+03 1.319600000000000000e+04 -3.856000000000000000e+03 -7.100000000000000000e+01 3.060000000000000000e+02
-4.852000000000000000e+03 3.068000000000000000e+03 1.372800000000000000e+04 -3.856000000000000000e+03 -5.410000000000000000e+02 5.300000000000000000e+01
-4.712000000000000000e+03 2.780000000000000000e+03 1.312000000000000000e+04 -3.808000000000000000e+03 -3.890000000000000000e+02 3.780000000000000000e+02
-4.956000000000000000e+03 3.068000000000000000e+03 1.368400000000000000e+04 -3.808000000000000000e+03 -4.320000000000000000e+02 1.870000000000000000e+02
-4.816000000000000000e+03 2.900000000000000000e+03 1.328400000000000000e+04 -3.856000000000000000e+03 -2.530000000000000000e+02 1.920000000000000000e+02
-4.964000000000000000e+03 2.940000000000000000e+03 1.340400000000000000e+04 -3.824000000000000000e+03 -3.270000000000000000e+02 2.340000000000000000e+02
-4.776000000000000000e+03 2.672000000000000000e+03 1.305200000000000000e+04 -3.824000000000000000e+03 -2.220000000000000000e+02 1.600000000000000000e+02
-5.064000000000000000e+03 2.884000000000000000e+03 1.339600000000000000e+04 -3.872000000000000000e+03 -2.630000000000000000e+02 2.190000000000000000e+02
-4.804000000000000000e+03 2.908000000000000000e+03 1.321600000000000000e+04 -3.808000000000000000e+03 -5.230000000000000000e+02 3.260000000000000000e+02
-4.920000000000000000e+03 2.900000000000000000e+03 1.335200000000000000e+04 -3.840000000000000000e+03 -4.350000000000000000e+02 1.620000000000000000e+02
-5.008000000000000000e+03 2.752000000000000000e+03 1.331600000000000000e+04 -3.840000000000000000e+03 -1.750000000000000000e+02 4.050000000000000000e+02
-4.916000000000000000e+03 2.824000000000000000e+03 1.342400000000000000e+04 -3.856000000000000000e+03 -6.560000000000000000e+02 -5.100000000000000000e+01
-4.804000000000000000e+03 2.884000000000000000e+03 1.343200000000000000e+04 -3.840000000000000000e+03 -5.600000000000000000e+01 2.290000000000000000e+02
-4.836000000000000000e+03 2.956000000000000000e+03 1.337600000000000000e+04 -3.888000000000000000e+03 -4.290000000000000000e+02 -2.000000000000000000e+00
-4.824000000000000000e+03 3.112000000000000000e+03 1.357200000000000000e+04 -3.840000000000000000e+03 -1.310000000000000000e+02 1.780000000000000000e+02
-4.776000000000000000e+03 2.676000000000000000e+03 1.286400000000000000e+04 -3.856000000000000000e+03 -3.130000000000000000e+02 -2.700000000000000000e+01
-4.964000000000000000e+03 3.012000000000000000e+03 1.365200000000000000e+04 -3.808000000000000000e+03 -2.280000000000000000e+02 1.210000000000000000e+02
-4.968000000000000000e+03 2.868000000000000000e+03 1.310000000000000000e+04 -3.792000000000000000e+03 -2.900000000000000000e+02 4.900000000000000000e+01
-4.792000000000000000e+03 2.916000000000000000e+03 1.321600000000000000e+04 -3.856000000000000000e+03 -4.400000000000000000e+01 2.930000000000000000e+02
-4.848000000000000000e+03 2.828000000000000000e+03 1.333200000000000000e+04 -3.824000000000000000e+03 -4.080000000000000000e+02 2.000000000000000000e+01
-4.956000000000000000e+03 2.756000000000000000e+03 1.329200000000000000e+04 -3.808000000000000000e+03 -2.040000000000000000e+02 4.350000000000000000e+02
-5.124000000000000000e+03 2.916000000000000000e+03 1.359600000000000000e+04 -3.824000000000000000e+03 -4.740000000000000000e+02 -5.600000000000000000e+01
-4.632000000000000000e+03 2.880000000000000000e+03 1.301600000000000000e+04 -3.824000000000000000e+03 -8.000000000000000000e+01 3.880000000000000000e+02
-4.732000000000000000e+03 3.064000000000000000e+03 1.340800000000000000e+04 -3.840000000000000000e+03 -7.960000000000000000e+02 2.900000000000000000e+01
-4.792000000000000000e+03 3.092000000000000000e+03 1.363600000000000000e+04 -3.808000000000000000e+03 -6.200000000000000000e+01 4.260000000000000000e+02
-4.752000000000000000e+03 2.860000000000000000e+03 1.318800000000000000e+04 -3.840000000000000000e+03 -8.200000000000000000e+02 1.800000000000000000e+01
-5.088000000000000000e+03 2.928000000000000000e+03 1.340400000000000000e+04 -3.872000000000000000e+03 4.800000000000000000e+01 3.400000000000000000e+02
-4.968000000000000000e+03 2.964000000000000000e+03 1.358000000000000000e+04 -3.840000000000000000e+03 -4.520000000000000000e+02 -1.000000000000000000e+00
-4.840000000000000000e+03 2.652000000000000000e+03 1.318000000000000000e+04 -3.872000000000000000e+03 -1.240000000000000000e+02 3.550000000000000000e+02
-5.020000000000000000e+03 2.952000000000000000e+03 1.352800000000000000e+04 -3.824000000000000000e+03 -4.850000000000000000e+02 -5.300000000000000000e+01
-4.956000000000000000e+03 2.836000000000000000e+03 1.317600000000000000e+04 -3.824000000000000000e+03 -3.600000000000000000e+01 2.530000000000000000e+02
-4.984000000000000000e+03 2.968000000000000000e+03 1.342000000000000000e+04 -3.808000000000000000e+03 -4.580000000000000000e+02 2.600000000000000000e+01
-4.824000000000000000e+03 2.680000000000000000e+03 1.295200000000000000e+04 -3.840000000000000000e+03 5.300000000000000000e+01 2.810000000000000000e+02
-4.936000000000000000e+03 3.100000000000000000e+03 1.344800000000000000e+04 -3.840000000000000000e+03 -4.260000000000000000e+02 4.100000000000000000e+01
-4.740000000000000000e+03 3.016000000000000000e+03 1.307200000000000000e+04 -3.824000000000000000e+03 -1.890000000000000000e+02 2.890000000000000000e+02
-4.848000000000000000e+03 3.036000000000000000e+03 1.316800000000000000e+04 -3.808000000000000000e+03 -4.810000000000000000e+02 8.900000000000000000e+01
-4.792000000000000000e+03 2.832000000000000000e+03 1.295600000000000000e+04 -3.840000000000000000e+03 -7.700000000000000000e+01 2.420000000000000000e+02
-4.752000000000000000e+03 2.872000000000000000e+03 1.292000000000000000e+04 -3.824000000000000000e+03 -4.120000000000000000e+02 1.390000000000000000e+02
-4.812000000000000000e+03 2.960000000000000000e+03 1.332000000000000000e+04 -3.856000000000000000e+03 -2.600000000000000000e+02 2.520000000000000000e+02
-4.736000000000000000e+03 2.888000000000000000e+03 1.298400000000000000e+04 -3.840000000000000000e+03 -5.060000000000000000e+02 2.160000000000000000e+02
-4.900000000000000000e+03 2.956000000000000000e+03 1.315200000000000000e+04 -3.840000000000000000e+03 -1.390000000000000000e+02 1.960000000000000000e+02
-4.956000000000000000e+03 2.844000000000000000e+03 1.314000000000000000e+04 -3.808000000000000000e+03 -3.960000000000000000e+02 1.200000000000000000e+02
-5.080000000000000000e+03 2.760000000000000000e+03 1.348800000000000000e+04 -3.824000000000000000e+03 -1.930000000000000000e+02 2.100000000000000000e+02
-4.776000000000000000e+03 3.000000000000000000e+03 1.312000000000000000e+04 -3.840000000000000000e+03 -2.710000000000000000e+02 1.090000000000000000e+02
-4.712000000000000000e+03 2.992000000000000000e+03 1.318400000000000000e+04 -3.856000000000000000e+03 -3.090000000000000000e+02 3.140000000000000000e+02
-4.944000000000000000e+03 2.976000000000000000e+03 1.330000000000000000e+04 -3.840000000000000000e+03 -2.360000000000000000e+02 1.000000000000000000e+02
-5.024000000000000000e+03 3.012000000000000000e+03 1.340800000000000000e+04 -3.808000000000000000e+03 -2.330000000000000000e+02 1.660000000000000000e+02
-4.952000000000000000e+03 2.864000000000000000e+03 1.310800000000000000e+04 -3.840000000000000000e+03 -2.530000000000000000e+02 1.210000000000000000e+02
-5.032000000000000000e+03 3.008000000000000000e+03 1.389200000000000000e+04 -3.840000000000000000e+03 -2.640000000000000000e+02 2.480000000000000000e+02
-4.716000000000000000e+03 2.768000000000000000e+03 1.300800000000000000e+04 -3.824000000000000000e+03 -1.820000000000000000e+02 2.260000000000000000e+02
-4.988000000000000000e+03 3.080000000000000000e+03 1.359200000000000000e+04 -3.840000000000000000e+03 -2.300000000000000000e+02 -8.600000000000000000e+01
-4.764000000000000000e+03 2.752000000000000000e+03 1.312800000000000000e+04 -3.840000000000000000e+03 -4.800000000000000000e+01 2.890000000000000000e+02
-5.148000000000000000e+03 2.884000000000000000e+03 1.364400000000000000e+04 -3.840000000000000000e+03 -5.780000000000000000e+02 1.190000000000000000e+02
-4.912000000000000000e+03 2.772000000000000000e+03 1.328400000000000000e+04 -3.808000000000000000e+03 -1.140000000000000000e+02 3.800000000000000000e+02
-5.076000000000000000e+03 2.912000000000000000e+03 1.351200000000000000e+04 -3.824000000000000000e+03 -4.530000000000000000e+02 -5.000000000000000000e+01
-4.740000000000000000e+03 2.944000000000000000e+03 1.336400000000000000e+04 -3.824000000000000000e+03 -1.400000000000000000e+02 3.450000000000000000e+02
-4.724000000000000000e+03 3.056000000000000000e+03 1.311600000000000000e+04 -3.856000000000000000e+03 -4.130000000000000000e+02 1.780000000000000000e+02
-4.824000000000000000e+03 2.936000000000000000e+03 1.319200000000000000e+04 -3.840000000000000000e+03 -4.340000000000000000e+02 1.460000000000000000e+02
-4.884000000000000000e+03 2.916000000000000000e+03 1.345600000000000000e+04 -3.808000000000000000e+03 -2.740000000000000000e+02 9.800000000000000000e+01
-4.932000000000000000e+03 2.636000000000000000e+03 1.310000000000000000e+04 -3.808000000000000000e+03 -4.060000000000000000e+02 2.320000000000000000e+02
-4.968000000000000000e+03 2.988000000000000000e+03 1.351200000000000000e+04 -3.840000000000000000e+03 -2.400000000000000000e+02 -6.800000000000000000e+01
-4.824000000000000000e+03 2.972000000000000000e+03 1.307200000000000000e+04 -3.808000000000000000e+03 -1.550000000000000000e+02 2.150000000000000000e+02
-5.000000000000000000e+03 2.888000000000000000e+03 1.338000000000000000e+04 -3.840000000000000000e+03 -4.440000000000000000e+02 -9.100000000000000000e+01
-4.996000000000000000e+03 2.896000000000000000e+03 1.318000000000000000e+04 -3.824000000000000000e+03 -7.600000000000000000e+01 2.920000000000000000e+02
-5.276000000000000000e+03 2.704000000000000000e+03 1.326000000000000000e+04 -3.824000000000000000e+03 -2.120000000000000000e+02 -1.160000000000000000e+02
-4.988000000000000000e+03 3.020000000000000000e+03 1.345600000000000000e+04 -3.824000000000000000e+03 -2.700000000000000000e+02 1.900000000000000000e+02
-4.820000000000000000e+03 2.872000000000000000e+03 1.317600000000000000e+04 -3.808000000000000000e+03 -4.620000000000000000e+02 2.220000000000000000e+02
-5.024000000000000000e+03 2.776000000000000000e+03 1.356800000000000000e+04 -3.840000000000000000e+03 -2.410000000000000000e+02 2.310000000000000000e+02
-5.152000000000000000e+03 2.680000000000000000e+03 1.334000000000000000e+04 -3.840000000000000000e+03 -2.690000000000000000e+02 9.200000000000000000e+01
-5.136000000000000000e+03 2.904000000000000000e+03 1.335200000000000000e+04 -3.840000000000000000e+03 5.900000000000000000e+01 1.780000000000000000e+02
-4.992000000000000000e+03 2.848000000000000000e+03 1.334000000000000000e+04 -3.856000000000000000e+03 -1.620000000000000000e+02 -1.200000000000000000e+01
-4.820000000000000000e+03 3.040000000000000000e+03 1.348000000000000000e+04 -3.824000000000000000e+03 -2.940000000000000000e+02 4.150000000000000000e+02
-4.776000000000000000e+03 2.888000000000000000e+03 1.298400000000000000e+04 -3.840000000000000000e+03 -2.960000000000000000e+02 1.720000000000000000e+02
-4.892000000000000000e+03 2.952000000000000000e+03 1.328400000000000000e+04 -3.840000000000000000e+03 -1.610000000000000000e+02 3.000000000000000000e+01
-4.936000000000000000e+03 2.924000000000000000e+03 1.346400000000000000e+04 -3.840000000000000000e+03 -4.070000000000000000e+02 4.050000000000000000e+02
-4.888000000000000000e+03 2.900000000000000000e+03 1.306800000000000000e+04 -3.872000000000000000e+03 -3.280000000000000000e+02 1.440000000000000000e+02
-4.732000000000000000e+03 2.960000000000000000e+03 1.314400000000000000e+04 -3.840000000000000000e+03 -1.140000000000000000e+02 1.780000000000000000e+02
-4.860000000000000000e+03 2.768000000000000000e+03 1.323600000000000000e+04 -3.840000000000000000e+03 -4.540000000000000000e+02 4.900000000000000000e+01
-5.116000000000000000e+03 2.980000000000000000e+03 1.361200000000000000e+04 -3.840000000000000000e+03 -1.700000000000000000e+01 4.400000000000000000e+01
-4.996000000000000000e+03 3.020000000000000000e+03 1.318000000000000000e+04 -3.824000000000000000e+03 -3.790000000000000000e+02 -2.700000000000000000e+01
-4.948000000000000000e+03 2.824000000000000000e+03 1.312800000000000000e+04 -3.872000000000000000e+03 -1.080000000000000000e+02 3.070000000000000000e+02
-4.944000000000000000e+03 3.040000000000000000e+03 1.332800000000000000e+04 -3.840000000000000000e+03 -4.700000000000000000e+02 1.690000000000000000e+02
-4.932000000000000000e+03 2.836000000000000000e+03 1.308000000000000000e+04 -3.840000000000000000e+03 -3.380000000000000000e+02 4.610000000000000000e+02
-5.088000000000000000e+03 2.936000000000000000e+03 1.347200000000000000e+04 -3.840000000000000000e+03 -2.260000000000000000e+02 1.060000000000000000e+02
