-4.872000000000000000e+03 1.492000000000000000e+03 1.347600000000000000e+04 -3.408000000000000000e+03 -2.520000000000000000e+02 2.990000000000000000e+02
-4.924000000000000000e+03 1.656000000000000000e+03 1.358000000000000000e+04 -3.424000000000000000e+03 -2.650000000000000000e+02 1.760000000000000000e+02
-4.708000000000000000e+03 1.308000000000000000e+03 1.311600000000000000e+04 -3.456000000000000000e+03 -4.070000000000000000e+02 2.500000000000000000e+01
-4.928000000000000000e+03 1.396000000000000000e+03 1.360400000000000000e+04 -3.424000000000000000e+03 9.600000000000000000e+01 4.280000000000000000e+02
-5.088000000000000000e+03 1.604000000000000000e+03 1.374800000000000000e+04 -3.472000000000000000e+03 -4.310000000000000000e+02 7.800000000000000000e+01
-4.848000000000000000e+03 1.436000000000000000e+03 1.325600000000000000e+04 -3.440000000000000000e+03 -2.680000000000000000e+02 2.240000000000000000e+02
-4.988000000000000000e+03 1.352000000000000000e+03 1.343200000000000000e+04 -3.424000000000000000e+03 -2.280000000000000000e+02 1.980000000000000000e+02
-4.936000000000000000e+03 1.348000000000000000e+03 1.342800000000000000e+04 -3.424000000000000000e+03 -3.240000000000000000e+02 1.030000000000000000e+02
-4.948000000000000000e+03 1.276000000000000000e+03 1.351200000000000000e+04 -3.472000000000000000e+03 -1.330000000000000000e+02 2.530000000000000000e+02
-5.044000000000000000e+03 1.372000000000000000e+03 1.366400000000000000e+04 -3.440000000000000000e+03 -3.330000000000000000e+02 1.100000000000000000e+02
-5.072000000000000000e+03 1.600000000000000000e+03 1.360000000000000000e+04 -3.440000000000000000e+03 -2.250000000000000000e+02 2.530000000000000000e+02
-4.916000000000000000e+03 1.492000000000000000e+03 1.332800000000000000e+04 -3.424000000000000000e+03 -2.400000000000000000e+02 1.890000000000000000e+02
-5.016000000000000000e+03 1.388000000000000000e+03 1.353600000000000000e+04 -3.456000000000000000e+03 -1.940000000000000000e+02 6.300000000000000000e+01
-4.844000000000000000e+03 1.352000000000000000e+03 1.342800000000000000e+04 -3.424000000000000000e+03 -3.520000000000000000e+02 1.020000000000000000e+02
-4.880000000000000000e+03 1.456000000000000000e+03 1.338400000000000000e+04 -3.440000000000000000e+03 -3.490000000000000000e+02 1.920000000000000000e+02
-4.908000000000000000e+03 1.560000000000000000e+03 1.344800000000000000e+04 -3.472000000000000000e+03 -2.690000000000000000e+02 2.740000000000000000e+02
-4.920000000000000000e+03 1.664000000000000000e+03 1.357600000000000000e+04 -3.440000000000000000e+03 -3.100000000000000000e+02 1.530000000000000000e+02
-4.812000000000000000e+03 1.456000000000000000e+03 1.338000000000000000e+04 -3.456000000000000000e+03 -3.710000000000000000e+02 7.100000000000000000e+01
-4.952000000000000000e+03 1.416000000000000000e+03 1.346800000000000000e+04 -3.424000000000000000e+03 1.900000000000000000e+01 4.480000000000000000e+02
-4.964000000000000000e+03 1.452000000000000000e+03 1.351200000000000000e+04 -3.472000000000000000e+03 -3.510000000000000000e+02 1.170000000000000000e+02
-4.896000000000000000e+03 1.196000000000000000e+03 1.328400000000000000e+04 -3.424000000000000000e+03 -3.220000000000000000e+02 1.380000000000000000e+02
-5.072000000000000000e+03 1.380000000000000000e+03 1.366800000000000000e+04 -3.424000000000000000e+03 -1.640000000000000000e+02 3.360000000000000000e+02
-5.016000000000000000e+03 1.488000000000000000e+03 1.367600000000000000e+04 -3.440000000000000000e+03 -3.850000000000000000e+02 1.100000000000000000e+02
-4.796000000000000000e+03 1.124000000000000000e+03 1.296000000000000000e+04 -3.408000000000000000e+03 -5.000000000000000000e+01 2.370000000000000000e+02
-5.044000000000000000e+03 1.460000000000000000e+03 1.372000000000000000e+04 -3.440000000000000000e+03 -3.060000000000000000e+02 1.740000000000000000e+02
-5.016000000000000000e+03 1.248000000000000000e+03 1.327600000000000000e+04 -3.424000000000000000e+03 -3.450000000000000000e+02 1.340000000000000000e+02
-5.008000000000000000e+03 1.684000000000000000e+03 1.345600000000000000e+04 -3.456000000000000000e+03 9.100000000000000000e+01 4.030000000000000000e+02
-4.880000000000000000e+03 1.584000000000000000e+03 1.348800000000000000e+04 -3.424000000000000000e+03 -4.020000000000000000e+02 -4.900000000000000000e+01
-4.852000000000000000e+03 1.512000000000000000e+03 1.329600000000000000e+04 -3.424000000000000000e+03 -9.900000000000000000e+01 4.880000000000000000e+02
-4.928000000000000000e+03 1.496000000000000000e+03 1.343600000000000000e+04 -3.424000000000000000e+03 -4.630000000000000000e+02 -1.160000000000000000e+02
-5.028000000000000000e+03 1.308000000000000000e+03 1.331600000000000000e+04 -3.408000000000000000e+03 -8.000000000000000000e+00 4.060000000000000000e+02
-5.012000000000000000e+03 1.560000000000000000e+03 1.345600000000000000e+04 -3.440000000000000000e+03 -3.010000000000000000e+02 1.440000000000000000e+02
-4.900000000000000000e+03 1.260000000000000000e+03 1.324400000000000000e+04 -3.440000000000000000e+03 5.900000000000000000e+01 2.740000000000000000e+02
-5.180000000000000000e+03 1.468000000000000000e+03 1.318800000000000000e+04 -3.472000000000000000e+03 4.350000000000000000e+02 9.800000000000000000e+02
-5.468000000000000000e+03 1.808000000000000000e+03 1.356000000000000000e+04 -3.424000000000000000e+03 -4.050000000000000000e+02 3.300000000000000000e+02
-4.728000000000000000e+03 1.076000000000000000e+03 1.279600000000000000e+04 -3.440000000000000000e+03 0.000000000000000000e+00 2.320000000000000000e+02
-4.880000000000000000e+03 1.796000000000000000e+03 1.323200000000000000e+04 -3.456000000000000000e+03 1.480000000000000000e+02 6.060000000000000000e+02
-5.336000000000000000e+03 1.704000000000000000e+03 1.402000000000000000e+04 -3.456000000000000000e+03 -6.030000000000000000e+02 7.200000000000000000e+01
-4.960000000000000000e+03 1.720000000000000000e+02 1.191600000000000000e+04 -3.456000000000000000e+03 1.150000000000000000e+02 7.100000000000000000e+02
-5.180000000000000000e+03 2.488000000000000000e+03 1.459200000000000000e+04 -3.440000000000000000e+03 -6.460000000000000000e+02 1.707000000000000000e+03
-4.956000000000000000e+03 1.380000000000000000e+03 1.381600000000000000e+04 -3.456000000000000000e+03 -3.810000000000000000e+02 1.140000000000000000e+02
-5.024000000000000000e+03 1.460000000000000000e+03 1.230800000000000000e+04 -3.472000000000000000e+03 7.470000000000000000e+02 6.660000000000000000e+02
-5.768000000000000000e+03 2.732000000000000000e+03 1.290400000000000000e+04 -3.456000000000000000e+03 3.200000000000000000e+01 1.089000000000000000e+03
-4.836000000000000000e+03 1.356000000000000000e+03 1.227200000000000000e+04 -3.440000000000000000e+03 -1.106000000000000000e+03 1.014000000000000000e+03
-5.580000000000000000e+03 2.088000000000000000e+03 1.380400000000000000e+04 -3.456000000000000000e+03 -9.700000000000000000e+01 8.070000000000000000e+02
-5.340000000000000000e+03 1.272000000000000000e+03 1.304000000000000000e+04 -3.424000000000000000e+03 -1.087000000000000000e+03 2.600000000000000000e+02
-5.416000000000000000e+03 1.000000000000000000e+03 1.274400000000000000e+04 -3.440000000000000000e+03 2.410000000000000000e+02 1.017000000000000000e+03
-5.988000000000000000e+03 1.428000000000000000e+03 1.395600000000000000e+04 -3.456000000000000000e+03 -1.147000000000000000e+03 1.640000000000000000e+02
-4.748000000000000000e+03 8.560000000000000000e+02 1.244800000000000000e+04 -3.472000000000000000e+03 1.400000000000000000e+01 1.636000000000000000e+03
-5.752000000000000000e+03 1.984000000000000000e+03 1.421600000000000000e+04 -3.456000000000000000e+03 -8.710000000000000000e+02 8.450000000000000000e+02
-5.480000000000000000e+03 9.400000000000000000e+02 1.227600000000000000e+04 -3.408000000000000000e+03 -4.120000000000000000e+02 5.100000000000000000e+02
-5.664000000000000000e+03 1.076000000000000000e+03 1.306000000000000000e+04 -3.440000000000000000e+03 2.000000000000000000e+00 6.530000000000000000e+02
-5.880000000000000000e+03 1.660000000000000000e+03 1.374800000000000000e+04 -3.424000000000000000e+03 3.500000000000000000e+01 5.070000000000000000e+02
-5.656000000000000000e+03 9.560000000000000000e+02 1.256000000000000000e+04 -3.440000000000000000e+03 2.880000000000000000e+02 2.070000000000000000e+02
-6.124000000000000000e+03 1.384000000000000000e+03 1.348800000000000000e+04 -3.472000000000000000e+03 -1.540000000000000000e+02 6.150000000000000000e+02
-5.560000000000000000e+03 1.064000000000000000e+03 1.263600000000000000e+04 -3.440000000000000000e+03 -3.400000000000000000e+01 1.270000000000000000e+02
-6.108000000000000000e+03 1.368000000000000000e+03 1.341200000000000000e+04 -3.408000000000000000e+03 1.740000000000000000e+02 4.880000000000000000e+02
-6.172000000000000000e+03 8.000000000000000000e+02 1.312800000000000000e+04 -3.440000000000000000e+03 -6.550000000000000000e+02 3.200000000000000000e+02
-6.308000000000000000e+03 1.228000000000000000e+03 1.316000000000000000e+04 -3.472000000000000000e+03 1.180000000000000000e+02 5.090000000000000000e+02
-6.264000000000000000e+03 1.100000000000000000e+03 1.318400000000000000e+04 -3.440000000000000000e+03 -1.670000000000000000e+02 8.400000000000000000e+01
-6.096000000000000000e+03 1.036000000000000000e+03 1.300000000000000000e+04 -3.440000000000000000e+03 2.010000000000000000e+02 5.000000000000000000e+02
-6.380000000000000000e+03 1.816000000000000000e+03 1.396000000000000000e+04 -3.440000000000000000e+03 1.520000000000000000e+02 3.250000000000000000e+02
-5.928000000000000000e+03 8.760000000000000000e+02 1.276400000000000000e+04 -3.472000000000000000e+03 3.680000000000000000e+02 1.910000000000000000e+02
-5.828000000000000000e+03 1.492000000000000000e+03 1.268000000000000000e+04 -3.456000000000000000e+03 6.140000000000000000e+02 -2.700000000000000000e+01
-6.336000000000000000e+03 1.448000000000000000e+03 1.290800000000000000e+04 -3.440000000000000000e+03 4.290000000000000000e+02 4.000000000000000000e+02
-5.540000000000000000e+03 1.844000000000000000e+03 1.234800000000000000e+04 -3.472000000000000000e+03 6.390000000000000000e+02 3.810000000000000000e+02
-5.572000000000000000e+03 1.724000000000000000e+03 1.260400000000000000e+04 -3.440000000000000000e+03 1.000000000000000000e+02 1.140000000000000000e+02
-5.944000000000000000e+03 2.052000000000000000e+03 1.332800000000000000e+04 -3.424000000000000000e+03 4.920000000000000000e+02 6.600000000000000000e+01
-5.752000000000000000e+03 1.552000000000000000e+03 1.279200000000000000e+04 -3.424000000000000000e+03 -4.180000000000000000e+02 4.560000000000000000e+02
-6.200000000000000000e+03 2.008000000000000000e+03 1.319600000000000000e+04 -3.424000000000000000e+03 3.660000000000000000e+02 2.230000000000000000e+02
-5.704000000000000000e+03 1.516000000000000000e+03 1.311600000000000000e+04 -3.424000000000000000e+03 5.020000000000000000e+02 9.000000000000000000e+01
-5.892000000000000000e+03 1.648000000000000000e+03 1.296800000000000000e+04 -3.456000000000000000e+03 -2.390000000000000000e+02 -2.800000000000000000e+02
-5.900000000000000000e+03 2.048000000000000000e+03 1.272000000000000000e+04 -3.440000000000000000e+03 -3.090000000000000000e+02 4.390000000000000000e+02
-5.792000000000000000e+03 2.084000000000000000e+03 1.320800000000000000e+04 -3.472000000000000000e+03 3.370000000000000000e+02 3.890000000000000000e+02
-5.804000000000000000e+03 2.016000000000000000e+03 1.230000000000000000e+04 -3.408000000000000000e+03 3.000000000000000000e+00 -1.300000000000000000e+01
-6.520000000000000000e+03 9.600000000000000000e+02 1.290400000000000000e+04 -3.456000000000000000e+03 -3.600000000000000000e+01 2.190000000000000000e+02
-6.404000000000000000e+03 2.032000000000000000e+03 1.317200000000000000e+04 -3.424000000000000000e+03 -2.550000000000000000e+02 4.620000000000000000e+02
-5.948000000000000000e+03 1.776000000000000000e+03 1.263600000000000000e+04 -3.456000000000000000e+03 -3.690000000000000000e+02 1.230000000000000000e+02
-6.008000000000000000e+03 2.380000000000000000e+03 1.282800000000000000e+04 -3.440000000000000000e+03 2.170000000000000000e+02 2.870000000000000000e+02
-6.204000000000000000e+03 2.056000000000000000e+03 1.230800000000000000e+04 -3.456000000000000000e+03 2.380000000000000000e+02 3.740000000000000000e+02
-6.136000000000000000e+03 2.664000000000000000e+03 1.290800000000000000e+04 -3.456000000000000000e+03 -1.510000000000000000e+02 1.100000000000000000e+02
-6.144000000000000000e+03 2.072000000000000000e+03 1.280000000000000000e+04 -3.440000000000000000e+03 2.900000000000000000e+01 8.210000000000000000e+02
-6.136000000000000000e+03 2.224000000000000000e+03 1.294800000000000000e+04 -3.456000000000000000e+03 -6.570000000000000000e+02 6.000000000000000000e+00
-5.880000000000000000e+03 1.876000000000000000e+03 1.267600000000000000e+04 -3.456000000000000000e+03 1.410000000000000000e+02 2.680000000000000000e+02
-6.060000000000000000e+03 1.976000000000000000e+03 1.299600000000000000e+04 -3.440000000000000000e+03 -1.540000000000000000e+02 6.550000000000000000e+02
