-7.704000000000000000e+03 3.664000000000000000e+03 1.571200000000000000e+04 -3.696000000000000000e+03 -5.852000000000000000e+03 4.812000000000000000e+03
-6.760000000000000000e+03 1.688000000000000000e+03 1.110000000000000000e+04 -3.728000000000000000e+03 9.880000000000000000e+02 3.314000000000000000e+03
-7.688000000000000000e+03 2.096000000000000000e+03 1.414000000000000000e+04 -3.696000000000000000e+03 -5.180000000000000000e+02 5.950000000000000000e+02
-7.164000000000000000e+03 1.412000000000000000e+03 1.208400000000000000e+04 -3.728000000000000000e+03 1.034000000000000000e+03 -2.185000000000000000e+03
-6.588000000000000000e+03 4.424000000000000000e+03 1.307600000000000000e+04 -3.680000000000000000e+03 1.219000000000000000e+03 -4.178000000000000000e+03
-6.604000000000000000e+03 4.368000000000000000e+03 1.147200000000000000e+04 -3.712000000000000000e+03 3.565000000000000000e+03 -5.943000000000000000e+03
-6.784000000000000000e+03 3.912000000000000000e+03 1.308000000000000000e+04 -3.696000000000000000e+03 1.904000000000000000e+03 -6.370000000000000000e+03
-5.016000000000000000e+03 5.028000000000000000e+03 1.372400000000000000e+04 -3.696000000000000000e+03 2.230000000000000000e+02 -1.536000000000000000e+03
-5.956000000000000000e+03 1.740000000000000000e+03 1.251200000000000000e+04 -3.696000000000000000e+03 2.352000000000000000e+03 -3.784000000000000000e+03
-5.120000000000000000e+03 4.264000000000000000e+03 1.323600000000000000e+04 -3.728000000000000000e+03 2.210000000000000000e+03 -4.174000000000000000e+03
-5.460000000000000000e+03 3.824000000000000000e+03 1.444800000000000000e+04 -3.680000000000000000e+03 1.801000000000000000e+03 -3.834000000000000000e+03
-7.152000000000000000e+03 1.996000000000000000e+03 1.489600000000000000e+04 -3.712000000000000000e+03 -1.078000000000000000e+03 2.330000000000000000e+02
-5.212000000000000000e+03 4.968000000000000000e+03 1.334400000000000000e+04 -3.680000000000000000e+03 -7.920000000000000000e+02 -1.425000000000000000e+03
-3.736000000000000000e+03 3.572000000000000000e+03 1.334800000000000000e+04 -3.712000000000000000e+03 2.480000000000000000e+02 7.560000000000000000e+02
-4.476000000000000000e+03 4.756000000000000000e+03 1.261600000000000000e+04 -3.664000000000000000e+03 -8.520000000000000000e+02 1.420000000000000000e+02
-4.100000000000000000e+03 4.288000000000000000e+03 1.321600000000000000e+04 -3.712000000000000000e+03 4.320000000000000000e+02 1.577000000000000000e+03
-5.148000000000000000e+03 4.624000000000000000e+03 1.294800000000000000e+04 -3.712000000000000000e+03 -1.028000000000000000e+03 1.960000000000000000e+02
-4.940000000000000000e+03 4.028000000000000000e+03 1.320000000000000000e+04 -3.728000000000000000e+03 6.760000000000000000e+02 3.290000000000000000e+02
-4.672000000000000000e+03 4.648000000000000000e+03 1.334800000000000000e+04 -3.680000000000000000e+03 1.220000000000000000e+02 3.110000000000000000e+02
-4.972000000000000000e+03 3.200000000000000000e+03 1.192800000000000000e+04 -3.712000000000000000e+03 1.341000000000000000e+03 1.970000000000000000e+02
-5.316000000000000000e+03 4.368000000000000000e+03 1.343200000000000000e+04 -3.696000000000000000e+03 1.459000000000000000e+03 -1.132000000000000000e+03
-3.436000000000000000e+03 4.572000000000000000e+03 1.189200000000000000e+04 -3.712000000000000000e+03 1.190000000000000000e+02 2.100000000000000000e+02
-4.700000000000000000e+03 5.192000000000000000e+03 1.466400000000000000e+04 -3.680000000000000000e+03 -8.010000000000000000e+02 3.510000000000000000e+02
-4.004000000000000000e+03 4.468000000000000000e+03 1.449200000000000000e+04 -3.712000000000000000e+03 1.013000000000000000e+03 -2.800000000000000000e+02
-3.884000000000000000e+03 5.412000000000000000e+03 1.237200000000000000e+04 -3.696000000000000000e+03 -1.420000000000000000e+02 4.370000000000000000e+02
-4.212000000000000000e+03 4.376000000000000000e+03 1.290800000000000000e+04 -3.664000000000000000e+03 3.100000000000000000e+01 1.619000000000000000e+03
-4.384000000000000000e+03 4.908000000000000000e+03 1.314400000000000000e+04 -3.696000000000000000e+03 -1.620000000000000000e+02 -3.140000000000000000e+02
-4.392000000000000000e+03 4.408000000000000000e+03 1.248800000000000000e+04 -3.712000000000000000e+03 -1.980000000000000000e+02 7.170000000000000000e+02
-5.504000000000000000e+03 4.316000000000000000e+03 1.280800000000000000e+04 -3.712000000000000000e+03 -1.181000000000000000e+03 -2.040000000000000000e+02
-3.400000000000000000e+03 5.896000000000000000e+03 1.311600000000000000e+04 -3.696000000000000000e+03 -2.160000000000000000e+02 9.320000000000000000e+02
-4.028000000000000000e+03 5.688000000000000000e+03 1.253200000000000000e+04 -3.696000000000000000e+03 -6.780000000000000000e+02 1.800000000000000000e+02
-5.004000000000000000e+03 4.932000000000000000e+03 1.321600000000000000e+04 -3.712000000000000000e+03 1.010000000000000000e+02 5.520000000000000000e+02
-4.760000000000000000e+03 4.328000000000000000e+03 1.253600000000000000e+04 -3.696000000000000000e+03 -4.290000000000000000e+02 -2.750000000000000000e+02
-4.628000000000000000e+03 4.916000000000000000e+03 1.305600000000000000e+04 -3.712000000000000000e+03 -7.100000000000000000e+01 2.880000000000000000e+02
-4.312000000000000000e+03 5.372000000000000000e+03 1.308800000000000000e+04 -3.712000000000000000e+03 -6.420000000000000000e+02 -2.740000000000000000e+02
-4.016000000000000000e+03 5.296000000000000000e+03 1.237600000000000000e+04 -3.696000000000000000e+03 -2.820000000000000000e+02 5.620000000000000000e+02
-4.196000000000000000e+03 5.016000000000000000e+03 1.264800000000000000e+04 -3.696000000000000000e+03 -1.185000000000000000e+03 -1.790000000000000000e+02
-4.884000000000000000e+03 4.508000000000000000e+03 1.328000000000000000e+04 -3.712000000000000000e+03 -8.020000000000000000e+02 1.220000000000000000e+02
-4.640000000000000000e+03 4.364000000000000000e+03 1.335200000000000000e+04 -3.680000000000000000e+03 -1.086000000000000000e+03 -6.070000000000000000e+02
-4.652000000000000000e+03 4.984000000000000000e+03 1.336800000000000000e+04 -3.712000000000000000e+03 -8.350000000000000000e+02 -3.000000000000000000e+01
-4.468000000000000000e+03 4.788000000000000000e+03 1.291200000000000000e+04 -3.680000000000000000e+03 -3.790000000000000000e+02 -5.900000000000000000e+01
-4.704000000000000000e+03 4.452000000000000000e+03 1.323600000000000000e+04 -3.680000000000000000e+03 -3.010000000000000000e+02 2.080000000000000000e+02
-4.860000000000000000e+03 4.364000000000000000e+03 1.338400000000000000e+04 -3.680000000000000000e+03 -2.860000000000000000e+02 7.500000000000000000e+01
-4.476000000000000000e+03 4.436000000000000000e+03 1.302000000000000000e+04 -3.712000000000000000e+03 -1.370000000000000000e+02 1.710000000000000000e+02
-4.652000000000000000e+03 4.480000000000000000e+03 1.316000000000000000e+04 -3.696000000000000000e+03 -2.560000000000000000e+02 1.210000000000000000e+02
-4.524000000000000000e+03 4.560000000000000000e+03 1.330400000000000000e+04 -3.696000000000000000e+03 -5.100000000000000000e+01 2.280000000000000000e+02
-4.600000000000000000e+03 4.380000000000000000e+03 1.276400000000000000e+04 -3.696000000000000000e+03 1.160000000000000000e+02 -3.980000000000000000e+02
-4.408000000000000000e+03 5.012000000000000000e+03 1.286000000000000000e+04 -3.664000000000000000e+03 -1.340000000000000000e+02 4.700000000000000000e+01
-4.368000000000000000e+03 5.060000000000000000e+03 1.277600000000000000e+04 -3.696000000000000000e+03 -1.310000000000000000e+02 3.940000000000000000e+02
-4.120000000000000000e+03 4.740000000000000000e+03 1.186000000000000000e+04 -3.664000000000000000e+03 -2.700000000000000000e+02 -2.490000000000000000e+02
-4.256000000000000000e+03 4.584000000000000000e+03 1.265600000000000000e+04 -3.712000000000000000e+03 -5.140000000000000000e+02 2.610000000000000000e+02
-4.156000000000000000e+03 4.768000000000000000e+03 1.276400000000000000e+04 -3.680000000000000000e+03 -5.070000000000000000e+02 2.340000000000000000e+02
-4.528000000000000000e+03 4.652000000000000000e+03 1.307600000000000000e+04 -3.712000000000000000e+03 -6.670000000000000000e+02 6.000000000000000000e+01
-4.420000000000000000e+03 4.500000000000000000e+03 1.308000000000000000e+04 -3.712000000000000000e+03 -4.360000000000000000e+02 2.180000000000000000e+02
-4.332000000000000000e+03 4.544000000000000000e+03 1.314000000000000000e+04 -3.696000000000000000e+03 -6.570000000000000000e+02 -5.700000000000000000e+01
-4.248000000000000000e+03 4.888000000000000000e+03 1.303600000000000000e+04 -3.664000000000000000e+03 -3.740000000000000000e+02 2.500000000000000000e+01
-4.296000000000000000e+03 4.512000000000000000e+03 1.265200000000000000e+04 -3.712000000000000000e+03 -4.910000000000000000e+02 5.200000000000000000e+01
-4.388000000000000000e+03 4.680000000000000000e+03 1.275200000000000000e+04 -3.680000000000000000e+03 -3.140000000000000000e+02 3.370000000000000000e+02
-4.444000000000000000e+03 4.472000000000000000e+03 1.297600000000000000e+04 -3.696000000000000000e+03 -7.120000000000000000e+02 2.160000000000000000e+02
-4.396000000000000000e+03 4.536000000000000000e+03 1.331200000000000000e+04 -3.696000000000000000e+03 -3.270000000000000000e+02 2.300000000000000000e+02
-4.260000000000000000e+03 4.624000000000000000e+03 1.303600000000000000e+04 -3.696000000000000000e+03 -2.780000000000000000e+02 2.970000000000000000e+02
-4.348000000000000000e+03 4.620000000000000000e+03 1.281600000000000000e+04 -3.712000000000000000e+03 -5.210000000000000000e+02 2.730000000000000000e+02
-4.732000000000000000e+03 4.448000000000000000e+03 1.340000000000000000e+04 -3.712000000000000000e+03 -4.860000000000000000e+02 3.840000000000000000e+02
-4.628000000000000000e+03 4.404000000000000000e+03 1.289200000000000000e+04 -3.680000000000000000e+03 -5.440000000000000000e+02 3.130000000000000000e+02
-4.080000000000000000e+03 4.756000000000000000e+03 1.285200000000000000e+04 -3.712000000000000000e+03 -4.160000000000000000e+02 2.680000000000000000e+02
-4.324000000000000000e+03 4.536000000000000000e+03 1.301600000000000000e+04 -3.712000000000000000e+03 -6.340000000000000000e+02 3.830000000000000000e+02
-4.508000000000000000e+03 4.376000000000000000e+03 1.315200000000000000e+04 -3.696000000000000000e+03 -7.100000000000000000e+02 4.250000000000000000e+02
-4.484000000000000000e+03 4.396000000000000000e+03 1.296400000000000000e+04 -3.696000000000000000e+03 -5.170000000000000000e+02 1.980000000000000000e+02
-4.680000000000000000e+03 4.632000000000000000e+03 1.312400000000000000e+04 -3.696000000000000000e+03 -9.900000000000000000e+02 1.600000000000000000e+02
-4.096000000000000000e+03 4.288000000000000000e+03 1.278000000000000000e+04 -3.664000000000000000e+03 -2.400000000000000000e+03 -4.260000000000000000e+02
-4.260000000000000000e+03 4.460000000000000000e+03 1.321600000000000000e+04 -3.712000000000000000e+03 -2.077000000000000000e+03 1.740000000000000000e+03
-4.532000000000000000e+03 4.432000000000000000e+03 1.322400000000000000e+04 -3.680000000000000000e+03 -3.064000000000000000e+03 1.394000000000000000e+03
-4.636000000000000000e+03 3.700000000000000000e+03 1.407600000000000000e+04 -3.696000000000000000e+03 -1.970000000000000000e+03 1.431000000000000000e+03
-5.328000000000000000e+03 3.820000000000000000e+03 1.251200000000000000e+04 -3.664000000000000000e+03 -2.276000000000000000e+03 9.590000000000000000e+02
-4.496000000000000000e+03 4.356000000000000000e+03 1.289600000000000000e+04 -3.712000000000000000e+03 -2.521000000000000000e+03 2.421000000000000000e+03
-4.188000000000000000e+03 4.016000000000000000e+03 1.369200000000000000e+04 -3.696000000000000000e+03 -3.903000000000000000e+03 2.447000000000000000e+03
-3.612000000000000000e+03 3.184000000000000000e+03 1.456000000000000000e+04 -3.680000000000000000e+03 -2.968000000000000000e+03 1.699000000000000000e+03
-7.308000000000000000e+03 2.084000000000000000e+03 1.313200000000000000e+04 -3.680000000000000000e+03 -2.515000000000000000e+03 3.471000000000000000e+03
-7.236000000000000000e+03 1.320000000000000000e+03 1.223600000000000000e+04 -3.728000000000000000e+03 -1.882000000000000000e+03 -3.430000000000000000e+02
-6.084000000000000000e+03 2.312000000000000000e+03 1.383200000000000000e+04 -3.712000000000000000e+03 -1.414000000000000000e+03 -3.173000000000000000e+03
-4.264000000000000000e+03 2.892000000000000000e+03 1.329200000000000000e+04 -3.680000000000000000e+03 -6.430000000000000000e+02 -2.526000000000000000e+03
-4.312000000000000000e+03 2.308000000000000000e+03 1.325600000000000000e+04 -3.696000000000000000e+03 -5.560000000000000000e+02 -2.313000000000000000e+03
-4.392000000000000000e+03 2.644000000000000000e+03 1.278400000000000000e+04 -3.680000000000000000e+03 9.020000000000000000e+02 -1.420000000000000000e+03
-4.776000000000000000e+03 2.752000000000000000e+03 1.265200000000000000e+04 -3.680000000000000000e+03 3.000000000000000000e+00 3.230000000000000000e+02
-4.372000000000000000e+03 1.956000000000000000e+03 1.276400000000000000e+04 -3.680000000000000000e+03 -4.520000000000000000e+02 1.868000000000000000e+03
