-4.220000000000000000e+03 2.872000000000000000e+03 1.371600000000000000e+04 -3.248000000000000000e+03 -2.500000000000000000e+01 9.890000000000000000e+02
-3.936000000000000000e+03 3.288000000000000000e+03 1.299600000000000000e+04 -3.248000000000000000e+03 3.800000000000000000e+01 1.114000000000000000e+03
-4.200000000000000000e+03 3.832000000000000000e+03 1.219200000000000000e+04 -3.184000000000000000e+03 -2.600000000000000000e+01 6.540000000000000000e+02
-3.740000000000000000e+03 5.220000000000000000e+03 1.276000000000000000e+04 -3.216000000000000000e+03 -1.660000000000000000e+02 1.242000000000000000e+03
-3.520000000000000000e+03 3.960000000000000000e+03 1.242800000000000000e+04 -3.216000000000000000e+03 -6.150000000000000000e+02 6.780000000000000000e+02
-5.088000000000000000e+03 3.112000000000000000e+03 1.400000000000000000e+04 -3.248000000000000000e+03 1.350000000000000000e+02 1.097000000000000000e+03
-5.236000000000000000e+03 2.420000000000000000e+03 1.262000000000000000e+04 -3.264000000000000000e+03 -1.107000000000000000e+03 1.377000000000000000e+03
-5.816000000000000000e+03 3.012000000000000000e+03 1.483600000000000000e+04 -3.232000000000000000e+03 -6.230000000000000000e+02 1.637000000000000000e+03
-3.436000000000000000e+03 4.392000000000000000e+03 1.236400000000000000e+04 -3.248000000000000000e+03 -4.390000000000000000e+02 2.967000000000000000e+03
-5.492000000000000000e+03 3.204000000000000000e+03 1.188800000000000000e+04 -3.232000000000000000e+03 -1.666000000000000000e+03 3.414000000000000000e+03
-5.980000000000000000e+03 4.584000000000000000e+03 1.672800000000000000e+04 -3.232000000000000000e+03 -6.690000000000000000e+02 2.435000000000000000e+03
-4.504000000000000000e+03 2.880000000000000000e+03 1.249600000000000000e+04 -3.232000000000000000e+03 -9.550000000000000000e+02 -2.543000000000000000e+03
-4.472000000000000000e+03 3.652000000000000000e+03 1.408400000000000000e+04 -3.216000000000000000e+03 1.331000000000000000e+03 9.310000000000000000e+02
-6.176000000000000000e+03 3.796000000000000000e+03 1.474800000000000000e+04 -3.232000000000000000e+03 -1.282000000000000000e+03 -2.567000000000000000e+03
-3.156000000000000000e+03 4.200000000000000000e+03 1.206400000000000000e+04 -3.232000000000000000e+03 6.000000000000000000e+02 -1.280000000000000000e+02
-5.912000000000000000e+03 3.664000000000000000e+03 1.303600000000000000e+04 -3.248000000000000000e+03 -1.528000000000000000e+03 -9.410000000000000000e+02
-5.620000000000000000e+03 2.272000000000000000e+03 1.258400000000000000e+04 -3.248000000000000000e+03 -3.470000000000000000e+02 1.700000000000000000e+02
-5.136000000000000000e+03 4.436000000000000000e+03 1.199600000000000000e+04 -3.200000000000000000e+03 -5.850000000000000000e+02 -3.770000000000000000e+02
-5.788000000000000000e+03 2.284000000000000000e+03 1.295600000000000000e+04 -3.216000000000000000e+03 4.630000000000000000e+02 -1.140000000000000000e+02
-7.352000000000000000e+03 2.416000000000000000e+03 1.367600000000000000e+04 -3.216000000000000000e+03 -3.147000000000000000e+03 -9.260000000000000000e+02
-6.888000000000000000e+03 6.640000000000000000e+02 1.338800000000000000e+04 -3.216000000000000000e+03 1.440000000000000000e+02 7.080000000000000000e+02
-7.688000000000000000e+03 -1.692000000000000000e+03 1.294800000000000000e+04 -3.216000000000000000e+03 -9.650000000000000000e+02 -2.668000000000000000e+03
-7.852000000000000000e+03 -1.600000000000000000e+01 1.020000000000000000e+04 -3.216000000000000000e+03 3.147000000000000000e+03 -5.220000000000000000e+02
-5.704000000000000000e+03 1.840000000000000000e+03 1.282400000000000000e+04 -3.200000000000000000e+03 1.330000000000000000e+03 6.860000000000000000e+02
-1.800000000000000000e+03 8.528000000000000000e+03 8.460000000000000000e+03 -3.216000000000000000e+03 -1.863900000000000000e+04 -7.425000000000000000e+03
-2.112000000000000000e+03 -6.800000000000000000e+01 8.892000000000000000e+03 -3.216000000000000000e+03 -7.200000000000000000e+03 -6.600000000000000000e+01
-8.004000000000000000e+03 5.440000000000000000e+02 1.714400000000000000e+04 -3.248000000000000000e+03 -4.620000000000000000e+03 8.510000000000000000e+03
-4.040000000000000000e+03 2.360000000000000000e+02 1.172800000000000000e+04 -3.264000000000000000e+03 -4.934000000000000000e+03 8.467000000000000000e+03
-6.580000000000000000e+03 2.544000000000000000e+03 1.280000000000000000e+04 -3.216000000000000000e+03 -2.299000000000000000e+03 7.931000000000000000e+03
-9.500000000000000000e+03 -2.440000000000000000e+02 1.441600000000000000e+04 -3.216000000000000000e+03 -2.704000000000000000e+03 1.350000000000000000e+02
-6.964000000000000000e+03 -2.720000000000000000e+03 1.102400000000000000e+04 -3.232000000000000000e+03 4.800000000000000000e+02 -2.715000000000000000e+03
-8.676000000000000000e+03 -7.600000000000000000e+01 1.501200000000000000e+04 -3.232000000000000000e+03 -6.100000000000000000e+02 8.170000000000000000e+02
-8.284000000000000000e+03 -1.696000000000000000e+03 1.317600000000000000e+04 -3.232000000000000000e+03 2.502000000000000000e+03 8.330000000000000000e+02
-7.188000000000000000e+03 -2.080000000000000000e+02 1.312000000000000000e+04 -3.232000000000000000e+03 3.959000000000000000e+03 1.438000000000000000e+03
-4.888000000000000000e+03 2.440000000000000000e+02 1.082800000000000000e+04 -3.216000000000000000e+03 1.135000000000000000e+03 1.789000000000000000e+03
-7.664000000000000000e+03 8.440000000000000000e+02 1.330000000000000000e+04 -3.232000000000000000e+03 3.483000000000000000e+03 7.170000000000000000e+03
-7.912000000000000000e+03 -2.800000000000000000e+01 1.063600000000000000e+04 -3.200000000000000000e+03 7.490000000000000000e+02 1.093300000000000000e+04
-9.620000000000000000e+03 -1.588000000000000000e+03 1.250000000000000000e+04 -3.248000000000000000e+03 4.169000000000000000e+03 1.013000000000000000e+04
-1.022000000000000000e+04 -1.496000000000000000e+03 1.196000000000000000e+04 -3.216000000000000000e+03 -3.593000000000000000e+03 1.025000000000000000e+04
-1.052800000000000000e+04 -1.420000000000000000e+03 1.044000000000000000e+04 -3.248000000000000000e+03 1.300000000000000000e+02 3.481000000000000000e+03
-1.104000000000000000e+04 -2.564000000000000000e+03 9.888000000000000000e+03 -3.264000000000000000e+03 -1.028000000000000000e+03 -1.324000000000000000e+03
-1.027600000000000000e+04 -1.000000000000000000e+03 1.100400000000000000e+04 -3.280000000000000000e+03 -2.850000000000000000e+02 -3.684000000000000000e+03
-9.860000000000000000e+03 2.560000000000000000e+02 1.155200000000000000e+04 -3.232000000000000000e+03 1.640000000000000000e+02 -3.225000000000000000e+03
-9.780000000000000000e+03 1.080000000000000000e+02 1.108400000000000000e+04 -3.248000000000000000e+03 4.740000000000000000e+02 -4.631000000000000000e+03
-9.120000000000000000e+03 1.924000000000000000e+03 1.142400000000000000e+04 -3.280000000000000000e+03 2.117000000000000000e+03 -8.145000000000000000e+03
-5.700000000000000000e+03 6.836000000000000000e+03 9.416000000000000000e+03 -3.248000000000000000e+03 2.140000000000000000e+02 -6.982000000000000000e+03
-5.744000000000000000e+03 -2.280000000000000000e+02 1.759200000000000000e+04 -3.232000000000000000e+03 -3.257000000000000000e+03 -9.254000000000000000e+03
-6.732000000000000000e+03 1.988000000000000000e+03 1.352800000000000000e+04 -3.232000000000000000e+03 7.640000000000000000e+02 -3.594000000000000000e+03
-6.348000000000000000e+03 1.236000000000000000e+03 1.160400000000000000e+04 -3.264000000000000000e+03 8.220000000000000000e+02 -4.729000000000000000e+03
-6.024000000000000000e+03 1.648000000000000000e+03 1.361200000000000000e+04 -3.248000000000000000e+03 -6.670000000000000000e+02 -3.006000000000000000e+03
-5.088000000000000000e+03 1.760000000000000000e+03 1.278800000000000000e+04 -3.216000000000000000e+03 -9.030000000000000000e+02 -3.648000000000000000e+03
-5.548000000000000000e+03 1.584000000000000000e+03 1.388400000000000000e+04 -3.264000000000000000e+03 -9.770000000000000000e+02 -1.648000000000000000e+03
-5.340000000000000000e+03 8.360000000000000000e+02 1.254000000000000000e+04 -3.264000000000000000e+03 5.120000000000000000e+02 -7.270000000000000000e+02
-5.616000000000000000e+03 1.584000000000000000e+03 1.474800000000000000e+04 -3.216000000000000000e+03 -5.700000000000000000e+02 -1.237000000000000000e+03
-5.352000000000000000e+03 1.140000000000000000e+03 1.344000000000000000e+04 -3.216000000000000000e+03 1.392000000000000000e+03 1.630000000000000000e+02
-4.824000000000000000e+03 2.140000000000000000e+03 1.369600000000000000e+04 -3.216000000000000000e+03 1.538000000000000000e+03 1.411000000000000000e+03
-5.980000000000000000e+03 1.412000000000000000e+03 1.336000000000000000e+04 -3.248000000000000000e+03 1.748000000000000000e+03 2.768000000000000000e+03
-6.376000000000000000e+03 1.624000000000000000e+03 1.260800000000000000e+04 -3.232000000000000000e+03 1.883000000000000000e+03 2.069000000000000000e+03
-5.728000000000000000e+03 2.788000000000000000e+03 1.278800000000000000e+04 -3.248000000000000000e+03 2.048000000000000000e+03 -5.670000000000000000e+02
-5.152000000000000000e+03 2.504000000000000000e+03 1.248400000000000000e+04 -3.232000000000000000e+03 5.000000000000000000e+02 -1.858000000000000000e+03
-5.336000000000000000e+03 2.080000000000000000e+03 1.316000000000000000e+04 -3.264000000000000000e+03 4.070000000000000000e+02 -5.047000000000000000e+03
-4.544000000000000000e+03 2.560000000000000000e+03 1.280800000000000000e+04 -3.248000000000000000e+03 5.740000000000000000e+02 -1.800000000000000000e+03
-5.164000000000000000e+03 2.456000000000000000e+03 1.400800000000000000e+04 -3.232000000000000000e+03 -1.101000000000000000e+03 -8.480000000000000000e+02
-4.488000000000000000e+03 1.720000000000000000e+03 1.330800000000000000e+04 -3.232000000000000000e+03 1.130000000000000000e+02 1.530000000000000000e+02
-4.636000000000000000e+03 2.304000000000000000e+03 1.380000000000000000e+04 -3.264000000000000000e+03 -1.190000000000000000e+03 -8.120000000000000000e+02
-4.164000000000000000e+03 2.848000000000000000e+03 1.355200000000000000e+04 -3.232000000000000000e+03 -2.090000000000000000e+02 4.980000000000000000e+02
-4.408000000000000000e+03 2.156000000000000000e+03 1.318400000000000000e+04 -3.216000000000000000e+03 -4.120000000000000000e+02 -1.810000000000000000e+02
-4.736000000000000000e+03 2.012000000000000000e+03 1.386400000000000000e+04 -3.200000000000000000e+03 -3.180000000000000000e+02 -1.440000000000000000e+02
-5.320000000000000000e+03 1.160000000000000000e+03 1.353600000000000000e+04 -3.232000000000000000e+03 -6.230000000000000000e+02 4.060000000000000000e+02
-4.864000000000000000e+03 1.896000000000000000e+03 1.340400000000000000e+04 -3.232000000000000000e+03 -3.140000000000000000e+02 3.650000000000000000e+02
-4.080000000000000000e+03 2.128000000000000000e+03 1.319600000000000000e+04 -3.216000000000000000e+03 -3.700000000000000000e+01 -1.010000000000000000e+02
-4.332000000000000000e+03 2.320000000000000000e+03 1.340400000000000000e+04 -3.232000000000000000e+03 1.400000000000000000e+01 -3.000000000000000000e+01
-4.304000000000000000e+03 2.408000000000000000e+03 1.335200000000000000e+04 -3.232000000000000000e+03 -4.920000000000000000e+02 -8.320000000000000000e+02
-4.288000000000000000e+03 2.208000000000000000e+03 1.342400000000000000e+04 -3.216000000000000000e+03 -2.260000000000000000e+02 -7.380000000000000000e+02
-4.548000000000000000e+03 1.932000000000000000e+03 1.353200000000000000e+04 -3.232000000000000000e+03 -4.460000000000000000e+02 -3.900000000000000000e+01
-4.584000000000000000e+03 1.716000000000000000e+03 1.371600000000000000e+04 -3.248000000000000000e+03 -9.100000000000000000e+01 0.000000000000000000e+00
-4.636000000000000000e+03 1.936000000000000000e+03 1.402000000000000000e+04 -3.232000000000000000e+03 -2.850000000000000000e+02 3.140000000000000000e+02
-4.240000000000000000e+03 1.472000000000000000e+03 1.306400000000000000e+04 -3.216000000000000000e+03 -6.300000000000000000e+01 1.990000000000000000e+02
-4.384000000000000000e+03 2.064000000000000000e+03 1.378400000000000000e+04 -3.248000000000000000e+03 1.240000000000000000e+02 1.110000000000000000e+02
-4.356000000000000000e+03 2.072000000000000000e+03 1.319200000000000000e+04 -3.264000000000000000e+03 -8.800000000000000000e+01 2.760000000000000000e+02
-4.516000000000000000e+03 2.132000000000000000e+03 1.260800000000000000e+04 -3.232000000000000000e+03 -2.510000000000000000e+02 7.400000000000000000e+01
-4.652000000000000000e+03 2.420000000000000000e+03 1.375200000000000000e+04 -3.264000000000000000e+03 -2.460000000000000000e+02 3.140000000000000000e+02
-4.440000000000000000e+03 2.068000000000000000e+03 1.344400000000000000e+04 -3.216000000000000000e+03 -3.460000000000000000e+02 8.400000000000000000e+01
-4.380000000000000000e+03 2.236000000000000000e+03 1.366000000000000000e+04 -3.248000000000000000e+03 -1.690000000000000000e+02 3.300000000000000000e+01
-4.464000000000000000e+03 1.968000000000000000e+03 1.344000000000000000e+04 -3.216000000000000000e+03 -4.440000000000000000e+02 1.080000000000000000e+02
