-4.288000000000000000e+03 1.936000000000000000e+03 1.349600000000000000e+04 -3.200000000000000000e+03 -2.650000000000000000e+02 -1.400000000000000000e+01
-4.412000000000000000e+03 2.044000000000000000e+03 1.350800000000000000e+04 -3.232000000000000000e+03 -3.770000000000000000e+02 1.570000000000000000e+02
-4.336000000000000000e+03 2.072000000000000000e+03 1.332400000000000000e+04 -3.248000000000000000e+03 -4.370000000000000000e+02 9.500000000000000000e+01
-4.408000000000000000e+03 1.916000000000000000e+03 1.348800000000000000e+04 -3.264000000000000000e+03 -3.110000000000000000e+02 8.100000000000000000e+01
-4.472000000000000000e+03 2.060000000000000000e+03 1.360400000000000000e+04 -3.264000000000000000e+03 -3.570000000000000000e+02 1.800000000000000000e+02
-4.392000000000000000e+03 1.888000000000000000e+03 1.350000000000000000e+04 -3.248000000000000000e+03 -3.190000000000000000e+02 1.050000000000000000e+02
-3.520000000000000000e+03 2.036000000000000000e+03 1.348800000000000000e+04 -3.216000000000000000e+03 5.700000000000000000e+01 3.890000000000000000e+02
-3.940000000000000000e+03 1.692000000000000000e+03 1.325600000000000000e+04 -3.248000000000000000e+03 2.170000000000000000e+02 -1.910000000000000000e+02
-4.092000000000000000e+03 3.504000000000000000e+03 1.422400000000000000e+04 -3.232000000000000000e+03 -3.480000000000000000e+02 1.610000000000000000e+02
-4.420000000000000000e+03 2.196000000000000000e+03 1.292800000000000000e+04 -3.232000000000000000e+03 -5.700000000000000000e+02 -1.500000000000000000e+01
-4.272000000000000000e+03 2.664000000000000000e+03 1.414800000000000000e+04 -3.216000000000000000e+03 -5.290000000000000000e+02 -2.800000000000000000e+01
-4.108000000000000000e+03 1.928000000000000000e+03 1.297600000000000000e+04 -3.232000000000000000e+03 -5.190000000000000000e+02 -1.380000000000000000e+02
-4.464000000000000000e+03 1.952000000000000000e+03 1.388800000000000000e+04 -3.264000000000000000e+03 -6.050000000000000000e+02 -8.210000000000000000e+02
-4.356000000000000000e+03 1.740000000000000000e+03 1.302800000000000000e+04 -3.232000000000000000e+03 -8.840000000000000000e+02 -6.690000000000000000e+02
-4.456000000000000000e+03 2.048000000000000000e+03 1.389600000000000000e+04 -3.216000000000000000e+03 -1.180000000000000000e+03 -1.117000000000000000e+03
-4.300000000000000000e+03 1.136000000000000000e+03 1.302400000000000000e+04 -3.248000000000000000e+03 -1.258000000000000000e+03 2.000000000000000000e+01
-5.388000000000000000e+03 2.640000000000000000e+02 1.436400000000000000e+04 -3.232000000000000000e+03 -9.090000000000000000e+02 -2.050000000000000000e+02
-4.712000000000000000e+03 1.200000000000000000e+02 1.350000000000000000e+04 -3.248000000000000000e+03 -7.690000000000000000e+02 -2.730000000000000000e+02
-4.048000000000000000e+03 1.700000000000000000e+03 1.391200000000000000e+04 -3.248000000000000000e+03 -4.140000000000000000e+02 1.570000000000000000e+02
-3.592000000000000000e+03 2.060000000000000000e+03 1.350000000000000000e+04 -3.232000000000000000e+03 -6.700000000000000000e+02 7.100000000000000000e+01
-3.656000000000000000e+03 2.072000000000000000e+03 1.341200000000000000e+04 -3.264000000000000000e+03 -3.250000000000000000e+02 2.120000000000000000e+02
-3.648000000000000000e+03 1.864000000000000000e+03 1.357600000000000000e+04 -3.248000000000000000e+03 -4.650000000000000000e+02 2.010000000000000000e+02
-3.996000000000000000e+03 1.468000000000000000e+03 1.364400000000000000e+04 -3.232000000000000000e+03 -3.870000000000000000e+02 4.810000000000000000e+02
-4.276000000000000000e+03 1.176000000000000000e+03 1.373200000000000000e+04 -3.232000000000000000e+03 -4.800000000000000000e+02 1.730000000000000000e+02
-4.308000000000000000e+03 1.224000000000000000e+03 1.395200000000000000e+04 -3.216000000000000000e+03 -4.730000000000000000e+02 3.590000000000000000e+02
-4.164000000000000000e+03 1.400000000000000000e+03 1.372800000000000000e+04 -3.232000000000000000e+03 -3.820000000000000000e+02 2.380000000000000000e+02
-4.020000000000000000e+03 1.396000000000000000e+03 1.373200000000000000e+04 -3.232000000000000000e+03 -3.130000000000000000e+02 2.250000000000000000e+02
-3.956000000000000000e+03 1.424000000000000000e+03 1.371600000000000000e+04 -3.248000000000000000e+03 -2.300000000000000000e+02 1.500000000000000000e+02
-4.204000000000000000e+03 1.400000000000000000e+03 1.360400000000000000e+04 -3.264000000000000000e+03 -3.390000000000000000e+02 2.220000000000000000e+02
-4.252000000000000000e+03 1.260000000000000000e+03 1.376800000000000000e+04 -3.296000000000000000e+03 -3.240000000000000000e+02 2.860000000000000000e+02
-4.104000000000000000e+03 1.364000000000000000e+03 1.363200000000000000e+04 -3.248000000000000000e+03 -2.200000000000000000e+02 1.820000000000000000e+02
-4.060000000000000000e+03 1.356000000000000000e+03 1.365600000000000000e+04 -3.232000000000000000e+03 -3.630000000000000000e+02 1.360000000000000000e+02
-4.056000000000000000e+03 1.320000000000000000e+03 1.361600000000000000e+04 -3.264000000000000000e+03 -3.130000000000000000e+02 2.440000000000000000e+02
-4.096000000000000000e+03 1.416000000000000000e+03 1.378800000000000000e+04 -3.248000000000000000e+03 -2.200000000000000000e+02 9.800000000000000000e+01
-4.128000000000000000e+03 1.384000000000000000e+03 1.364000000000000000e+04 -3.248000000000000000e+03 -2.740000000000000000e+02 1.620000000000000000e+02
-4.176000000000000000e+03 1.360000000000000000e+03 1.354400000000000000e+04 -3.232000000000000000e+03 -1.870000000000000000e+02 1.550000000000000000e+02
-4.252000000000000000e+03 1.456000000000000000e+03 1.376000000000000000e+04 -3.264000000000000000e+03 -3.260000000000000000e+02 2.130000000000000000e+02
-4.008000000000000000e+03 1.144000000000000000e+03 1.328400000000000000e+04 -3.248000000000000000e+03 -9.790000000000000000e+02 -9.810000000000000000e+02
-4.208000000000000000e+03 9.360000000000000000e+02 1.425200000000000000e+04 -3.232000000000000000e+03 -6.580000000000000000e+02 -2.300000000000000000e+01
-3.940000000000000000e+03 1.248000000000000000e+03 1.379600000000000000e+04 -3.232000000000000000e+03 -1.170000000000000000e+02 2.100000000000000000e+02
-4.152000000000000000e+03 1.384000000000000000e+03 1.392000000000000000e+04 -3.248000000000000000e+03 -3.350000000000000000e+02 1.490000000000000000e+02
-4.076000000000000000e+03 1.076000000000000000e+03 1.374400000000000000e+04 -3.232000000000000000e+03 -8.200000000000000000e+01 2.100000000000000000e+02
-3.928000000000000000e+03 1.672000000000000000e+03 1.382400000000000000e+04 -3.264000000000000000e+03 -3.180000000000000000e+02 1.110000000000000000e+02
-3.716000000000000000e+03 1.204000000000000000e+03 1.346000000000000000e+04 -3.264000000000000000e+03 -2.770000000000000000e+02 1.370000000000000000e+02
-4.220000000000000000e+03 1.148000000000000000e+03 1.403200000000000000e+04 -3.248000000000000000e+03 -4.070000000000000000e+02 2.370000000000000000e+02
-4.184000000000000000e+03 1.140000000000000000e+03 1.387600000000000000e+04 -3.264000000000000000e+03 -3.080000000000000000e+02 8.400000000000000000e+01
-4.068000000000000000e+03 1.476000000000000000e+03 1.393200000000000000e+04 -3.232000000000000000e+03 -2.610000000000000000e+02 1.610000000000000000e+02
-3.892000000000000000e+03 1.408000000000000000e+03 1.358400000000000000e+04 -3.264000000000000000e+03 -3.630000000000000000e+02 2.050000000000000000e+02
-3.876000000000000000e+03 1.168000000000000000e+03 1.367600000000000000e+04 -3.248000000000000000e+03 -3.340000000000000000e+02 1.310000000000000000e+02
-3.896000000000000000e+03 1.308000000000000000e+03 1.368800000000000000e+04 -3.232000000000000000e+03 -4.060000000000000000e+02 3.250000000000000000e+02
-4.216000000000000000e+03 1.120000000000000000e+03 1.370800000000000000e+04 -3.232000000000000000e+03 -3.860000000000000000e+02 -6.300000000000000000e+01
-4.128000000000000000e+03 1.136000000000000000e+03 1.398000000000000000e+04 -3.248000000000000000e+03 -3.400000000000000000e+02 3.830000000000000000e+02
-4.100000000000000000e+03 1.208000000000000000e+03 1.382000000000000000e+04 -3.248000000000000000e+03 -3.060000000000000000e+02 2.600000000000000000e+01
-3.992000000000000000e+03 1.244000000000000000e+03 1.388400000000000000e+04 -3.248000000000000000e+03 -3.030000000000000000e+02 1.820000000000000000e+02
-4.092000000000000000e+03 1.292000000000000000e+03 1.367600000000000000e+04 -3.264000000000000000e+03 -3.020000000000000000e+02 1.740000000000000000e+02
-3.940000000000000000e+03 1.216000000000000000e+03 1.359600000000000000e+04 -3.280000000000000000e+03 -2.510000000000000000e+02 1.660000000000000000e+02
-3.976000000000000000e+03 1.156000000000000000e+03 1.382000000000000000e+04 -3.248000000000000000e+03 -3.950000000000000000e+02 2.790000000000000000e+02
-4.280000000000000000e+03 1.120000000000000000e+03 1.382000000000000000e+04 -3.264000000000000000e+03 -3.700000000000000000e+02 1.870000000000000000e+02
-4.212000000000000000e+03 1.136000000000000000e+03 1.381600000000000000e+04 -3.232000000000000000e+03 -3.050000000000000000e+02 7.800000000000000000e+01
-3.728000000000000000e+03 1.316000000000000000e+03 1.375600000000000000e+04 -3.264000000000000000e+03 -2.510000000000000000e+02 9.400000000000000000e+01
-4.004000000000000000e+03 1.272000000000000000e+03 1.371200000000000000e+04 -3.248000000000000000e+03 -2.890000000000000000e+02 2.190000000000000000e+02
-4.024000000000000000e+03 1.152000000000000000e+03 1.373600000000000000e+04 -3.248000000000000000e+03 -2.750000000000000000e+02 1.220000000000000000e+02
-4.036000000000000000e+03 1.128000000000000000e+03 1.369600000000000000e+04 -3.232000000000000000e+03 -2.290000000000000000e+02 1.670000000000000000e+02
-3.928000000000000000e+03 1.320000000000000000e+03 1.372800000000000000e+04 -3.248000000000000000e+03 -3.530000000000000000e+02 2.140000000000000000e+02
-4.004000000000000000e+03 1.032000000000000000e+03 1.373200000000000000e+04 -3.216000000000000000e+03 -2.820000000000000000e+02 1.840000000000000000e+02
-4.028000000000000000e+03 1.240000000000000000e+03 1.364400000000000000e+04 -3.264000000000000000e+03 -3.010000000000000000e+02 1.300000000000000000e+02
-3.988000000000000000e+03 1.236000000000000000e+03 1.391600000000000000e+04 -3.248000000000000000e+03 -3.660000000000000000e+02 2.170000000000000000e+02
-3.968000000000000000e+03 1.000000000000000000e+03 1.366800000000000000e+04 -3.248000000000000000e+03 -2.510000000000000000e+02 8.400000000000000000e+01
-3.932000000000000000e+03 1.292000000000000000e+03 1.391200000000000000e+04 -3.264000000000000000e+03 -2.830000000000000000e+02 2.200000000000000000e+02
-3.968000000000000000e+03 1.200000000000000000e+03 1.378000000000000000e+04 -3.232000000000000000e+03 -2.720000000000000000e+02 4.900000000000000000e+01
-4.048000000000000000e+03 1.172000000000000000e+03 1.374800000000000000e+04 -3.232000000000000000e+03 -2.960000000000000000e+02 2.320000000000000000e+02
-3.900000000000000000e+03 1.060000000000000000e+03 1.382000000000000000e+04 -3.248000000000000000e+03 -2.330000000000000000e+02 2.000000000000000000e+02
-3.928000000000000000e+03 1.076000000000000000e+03 1.366000000000000000e+04 -3.232000000000000000e+03 -2.010000000000000000e+02 2.300000000000000000e+02
-3.712000000000000000e+03 1.236000000000000000e+03 1.370000000000000000e+04 -3.248000000000000000e+03 -3.560000000000000000e+02 3.150000000000000000e+02
-4.084000000000000000e+03 1.104000000000000000e+03 1.388800000000000000e+04 -3.248000000000000000e+03 -3.590000000000000000e+02 4.320000000000000000e+02
-4.208000000000000000e+03 1.188000000000000000e+03 1.390000000000000000e+04 -3.264000000000000000e+03 -1.610000000000000000e+02 2.880000000000000000e+02
-3.904000000000000000e+03 1.324000000000000000e+03 1.358000000000000000e+04 -3.248000000000000000e+03 -4.000000000000000000e+01 2.040000000000000000e+02
-3.920000000000000000e+03 1.168000000000000000e+03 1.363200000000000000e+04 -3.216000000000000000e+03 -2.680000000000000000e+02 4.440000000000000000e+02
-4.408000000000000000e+03 1.156000000000000000e+03 1.356800000000000000e+04 -3.232000000000000000e+03 -3.620000000000000000e+02 3.770000000000000000e+02
-4.336000000000000000e+03 1.340000000000000000e+03 1.386400000000000000e+04 -3.232000000000000000e+03 -2.580000000000000000e+02 1.360000000000000000e+02
-4.232000000000000000e+03 1.232000000000000000e+03 1.400000000000000000e+04 -3.248000000000000000e+03 -3.910000000000000000e+02 1.210000000000000000e+02
-4.060000000000000000e+03 1.172000000000000000e+03 1.378400000000000000e+04 -3.232000000000000000e+03 -5.100000000000000000e+01 1.560000000000000000e+02
-4.116000000000000000e+03 1.360000000000000000e+03 1.338000000000000000e+04 -3.232000000000000000e+03 -2.120000000000000000e+02 1.580000000000000000e+02
-4.116000000000000000e+03 1.124000000000000000e+03 1.381600000000000000e+04 -3.248000000000000000e+03 -4.040000000000000000e+02 3.300000000000000000e+01
-3.780000000000000000e+03 1.136000000000000000e+03 1.391600000000000000e+04 -3.248000000000000000e+03 -2.020000000000000000e+02 9.800000000000000000e+01
