-5.132000000000000000e+03 1.696000000000000000e+03 1.323600000000000000e+04 -3.552000000000000000e+03 -1.740000000000000000e+02 1.570000000000000000e+02
-5.236000000000000000e+03 1.864000000000000000e+03 1.331200000000000000e+04 -3.600000000000000000e+03 -3.140000000000000000e+02 2.810000000000000000e+02
-5.380000000000000000e+03 1.800000000000000000e+03 1.318800000000000000e+04 -3.568000000000000000e+03 -2.410000000000000000e+02 1.670000000000000000e+02
-5.288000000000000000e+03 1.736000000000000000e+03 1.308000000000000000e+04 -3.552000000000000000e+03 -2.190000000000000000e+02 3.290000000000000000e+02
-5.316000000000000000e+03 1.740000000000000000e+03 1.336000000000000000e+04 -3.552000000000000000e+03 -2.620000000000000000e+02 6.300000000000000000e+01
-5.320000000000000000e+03 1.692000000000000000e+03 1.341200000000000000e+04 -3.552000000000000000e+03 -3.760000000000000000e+02 2.020000000000000000e+02
-5.216000000000000000e+03 1.740000000000000000e+03 1.345600000000000000e+04 -3.568000000000000000e+03 -1.570000000000000000e+02 1.400000000000000000e+02
-5.156000000000000000e+03 2.012000000000000000e+03 1.314000000000000000e+04 -3.600000000000000000e+03 -3.760000000000000000e+02 2.900000000000000000e+01
-5.120000000000000000e+03 1.824000000000000000e+03 1.319200000000000000e+04 -3.568000000000000000e+03 -4.190000000000000000e+02 2.080000000000000000e+02
-5.272000000000000000e+03 1.832000000000000000e+03 1.353600000000000000e+04 -3.552000000000000000e+03 -2.400000000000000000e+02 1.570000000000000000e+02
-5.252000000000000000e+03 1.828000000000000000e+03 1.344800000000000000e+04 -3.584000000000000000e+03 -2.830000000000000000e+02 -1.290000000000000000e+02
-4.976000000000000000e+03 1.840000000000000000e+03 1.294000000000000000e+04 -3.568000000000000000e+03 6.200000000000000000e+01 6.300000000000000000e+01
-5.156000000000000000e+03 2.092000000000000000e+03 1.369600000000000000e+04 -3.552000000000000000e+03 -1.050000000000000000e+02 -6.610000000000000000e+02
-4.604000000000000000e+03 1.904000000000000000e+03 1.286800000000000000e+04 -3.600000000000000000e+03 3.020000000000000000e+02 -6.800000000000000000e+02
-4.852000000000000000e+03 2.228000000000000000e+03 1.365200000000000000e+04 -3.520000000000000000e+03 -2.490000000000000000e+02 -1.950000000000000000e+02
-4.940000000000000000e+03 1.708000000000000000e+03 1.336000000000000000e+04 -3.568000000000000000e+03 -1.730000000000000000e+02 3.120000000000000000e+02
-5.972000000000000000e+03 6.800000000000000000e+01 1.428000000000000000e+04 -3.568000000000000000e+03 -3.840000000000000000e+02 -1.434000000000000000e+03
-4.432000000000000000e+03 2.672000000000000000e+03 1.349600000000000000e+04 -3.584000000000000000e+03 1.595000000000000000e+03 4.550000000000000000e+02
-4.680000000000000000e+03 2.556000000000000000e+03 1.273200000000000000e+04 -3.552000000000000000e+03 -1.660000000000000000e+02 -9.880000000000000000e+02
-5.604000000000000000e+03 1.528000000000000000e+03 1.276000000000000000e+04 -3.568000000000000000e+03 1.460000000000000000e+02 -7.780000000000000000e+02
-4.768000000000000000e+03 2.408000000000000000e+03 1.389600000000000000e+04 -3.552000000000000000e+03 4.410000000000000000e+02 -3.670000000000000000e+02
-3.464000000000000000e+03 3.476000000000000000e+03 1.253200000000000000e+04 -3.552000000000000000e+03 4.600000000000000000e+01 -3.360000000000000000e+02
-3.644000000000000000e+03 3.272000000000000000e+03 1.323200000000000000e+04 -3.584000000000000000e+03 4.600000000000000000e+01 1.440000000000000000e+02
-4.132000000000000000e+03 2.808000000000000000e+03 1.350400000000000000e+04 -3.552000000000000000e+03 4.000000000000000000e+00 -4.150000000000000000e+02
-4.628000000000000000e+03 2.016000000000000000e+03 1.298000000000000000e+04 -3.568000000000000000e+03 2.800000000000000000e+01 -3.920000000000000000e+02
-5.028000000000000000e+03 2.040000000000000000e+03 1.380800000000000000e+04 -3.568000000000000000e+03 1.510000000000000000e+02 1.880000000000000000e+02
-4.704000000000000000e+03 1.976000000000000000e+03 1.343200000000000000e+04 -3.552000000000000000e+03 2.000000000000000000e+00 -3.600000000000000000e+02
-4.764000000000000000e+03 2.044000000000000000e+03 1.404400000000000000e+04 -3.568000000000000000e+03 5.710000000000000000e+02 -1.850000000000000000e+02
-5.056000000000000000e+03 1.116000000000000000e+03 1.398000000000000000e+04 -3.552000000000000000e+03 5.170000000000000000e+02 -8.170000000000000000e+02
-4.708000000000000000e+03 2.208000000000000000e+03 1.366000000000000000e+04 -3.552000000000000000e+03 9.600000000000000000e+02 -5.500000000000000000e+01
-4.080000000000000000e+03 3.052000000000000000e+03 1.353600000000000000e+04 -3.552000000000000000e+03 -2.950000000000000000e+02 -8.840000000000000000e+02
-3.916000000000000000e+03 2.712000000000000000e+03 1.346000000000000000e+04 -3.568000000000000000e+03 6.060000000000000000e+02 3.330000000000000000e+02
-4.136000000000000000e+03 2.948000000000000000e+03 1.376800000000000000e+04 -3.568000000000000000e+03 -4.180000000000000000e+02 2.500000000000000000e+01
-4.328000000000000000e+03 2.300000000000000000e+03 1.308400000000000000e+04 -3.568000000000000000e+03 -3.800000000000000000e+01 2.440000000000000000e+02
-4.768000000000000000e+03 2.604000000000000000e+03 1.389600000000000000e+04 -3.536000000000000000e+03 -1.630000000000000000e+02 -3.470000000000000000e+02
-3.716000000000000000e+03 3.240000000000000000e+03 1.295600000000000000e+04 -3.584000000000000000e+03 -1.360000000000000000e+02 1.150000000000000000e+02
-4.136000000000000000e+03 3.220000000000000000e+03 1.373600000000000000e+04 -3.568000000000000000e+03 -6.410000000000000000e+02 1.550000000000000000e+02
-4.348000000000000000e+03 2.584000000000000000e+03 1.323600000000000000e+04 -3.552000000000000000e+03 -3.020000000000000000e+02 3.980000000000000000e+02
-4.528000000000000000e+03 2.732000000000000000e+03 1.405600000000000000e+04 -3.552000000000000000e+03 -4.840000000000000000e+02 1.180000000000000000e+02
-4.432000000000000000e+03 2.400000000000000000e+03 1.341200000000000000e+04 -3.536000000000000000e+03 -2.230000000000000000e+02 9.100000000000000000e+01
-4.276000000000000000e+03 2.868000000000000000e+03 1.379600000000000000e+04 -3.568000000000000000e+03 -1.430000000000000000e+02 1.780000000000000000e+02
-4.044000000000000000e+03 2.828000000000000000e+03 1.328000000000000000e+04 -3.536000000000000000e+03 -5.240000000000000000e+02 -3.300000000000000000e+01
-4.248000000000000000e+03 2.788000000000000000e+03 1.322400000000000000e+04 -3.584000000000000000e+03 -1.520000000000000000e+02 2.530000000000000000e+02
-4.268000000000000000e+03 2.832000000000000000e+03 1.345600000000000000e+04 -3.584000000000000000e+03 -3.250000000000000000e+02 2.190000000000000000e+02
-4.408000000000000000e+03 2.680000000000000000e+03 1.366800000000000000e+04 -3.536000000000000000e+03 -2.760000000000000000e+02 1.690000000000000000e+02
-4.336000000000000000e+03 2.772000000000000000e+03 1.341600000000000000e+04 -3.552000000000000000e+03 -3.430000000000000000e+02 3.600000000000000000e+01
-4.232000000000000000e+03 2.568000000000000000e+03 1.336000000000000000e+04 -3.552000000000000000e+03 -2.630000000000000000e+02 1.180000000000000000e+02
-4.384000000000000000e+03 2.628000000000000000e+03 1.373600000000000000e+04 -3.552000000000000000e+03 -3.950000000000000000e+02 8.300000000000000000e+01
-4.192000000000000000e+03 2.772000000000000000e+03 1.341600000000000000e+04 -3.552000000000000000e+03 -1.830000000000000000e+02 1.290000000000000000e+02
-4.232000000000000000e+03 2.976000000000000000e+03 1.377600000000000000e+04 -3.568000000000000000e+03 -2.230000000000000000e+02 2.430000000000000000e+02
-4.116000000000000000e+03 2.772000000000000000e+03 1.316400000000000000e+04 -3.536000000000000000e+03 -3.460000000000000000e+02 1.890000000000000000e+02
-4.420000000000000000e+03 2.912000000000000000e+03 1.382400000000000000e+04 -3.552000000000000000e+03 -2.540000000000000000e+02 6.300000000000000000e+01
-4.208000000000000000e+03 2.772000000000000000e+03 1.311200000000000000e+04 -3.552000000000000000e+03 -2.350000000000000000e+02 2.390000000000000000e+02
-4.220000000000000000e+03 3.052000000000000000e+03 1.368000000000000000e+04 -3.552000000000000000e+03 -3.380000000000000000e+02 1.120000000000000000e+02
-4.008000000000000000e+03 2.776000000000000000e+03 1.320800000000000000e+04 -3.568000000000000000e+03 -3.240000000000000000e+02 1.870000000000000000e+02
-4.444000000000000000e+03 2.672000000000000000e+03 1.410000000000000000e+04 -3.536000000000000000e+03 -2.090000000000000000e+02 1.610000000000000000e+02
-4.140000000000000000e+03 2.828000000000000000e+03 1.326000000000000000e+04 -3.584000000000000000e+03 -2.890000000000000000e+02 -9.100000000000000000e+01
-4.432000000000000000e+03 2.752000000000000000e+03 1.356400000000000000e+04 -3.568000000000000000e+03 -1.090000000000000000e+02 3.620000000000000000e+02
-3.940000000000000000e+03 2.896000000000000000e+03 1.314800000000000000e+04 -3.568000000000000000e+03 -2.990000000000000000e+02 -1.000000000000000000e+02
-4.116000000000000000e+03 2.900000000000000000e+03 1.335200000000000000e+04 -3.584000000000000000e+03 -2.420000000000000000e+02 2.870000000000000000e+02
-4.316000000000000000e+03 2.752000000000000000e+03 1.372000000000000000e+04 -3.536000000000000000e+03 -3.770000000000000000e+02 -8.900000000000000000e+01
-3.936000000000000000e+03 2.776000000000000000e+03 1.341200000000000000e+04 -3.568000000000000000e+03 -2.330000000000000000e+02 1.540000000000000000e+02
-4.352000000000000000e+03 2.980000000000000000e+03 1.385200000000000000e+04 -3.552000000000000000e+03 -1.380000000000000000e+02 2.550000000000000000e+02
-4.108000000000000000e+03 2.836000000000000000e+03 1.328400000000000000e+04 -3.552000000000000000e+03 -3.760000000000000000e+02 -1.170000000000000000e+02
-4.192000000000000000e+03 2.768000000000000000e+03 1.398800000000000000e+04 -3.552000000000000000e+03 2.300000000000000000e+02 -4.700000000000000000e+02
-4.088000000000000000e+03 2.632000000000000000e+03 1.368800000000000000e+04 -3.552000000000000000e+03 -3.770000000000000000e+02 1.490000000000000000e+02
-3.956000000000000000e+03 2.712000000000000000e+03 1.388000000000000000e+04 -3.568000000000000000e+03 1.070000000000000000e+02 1.630000000000000000e+02
-4.060000000000000000e+03 2.860000000000000000e+03 1.363600000000000000e+04 -3.536000000000000000e+03 -5.900000000000000000e+01 3.000000000000000000e+01
-4.152000000000000000e+03 2.612000000000000000e+03 1.350800000000000000e+04 -3.552000000000000000e+03 1.460000000000000000e+02 2.320000000000000000e+02
-4.364000000000000000e+03 2.896000000000000000e+03 1.346000000000000000e+04 -3.552000000000000000e+03 6.400000000000000000e+01 2.740000000000000000e+02
-4.300000000000000000e+03 2.884000000000000000e+03 1.328400000000000000e+04 -3.552000000000000000e+03 7.000000000000000000e+00 1.470000000000000000e+02
-4.308000000000000000e+03 2.972000000000000000e+03 1.351200000000000000e+04 -3.568000000000000000e+03 -3.900000000000000000e+01 2.950000000000000000e+02
-4.248000000000000000e+03 2.944000000000000000e+03 1.322000000000000000e+04 -3.568000000000000000e+03 -1.550000000000000000e+02 1.820000000000000000e+02
-4.248000000000000000e+03 3.104000000000000000e+03 1.340000000000000000e+04 -3.552000000000000000e+03 -2.410000000000000000e+02 2.000000000000000000e+02
-4.284000000000000000e+03 2.648000000000000000e+03 1.367600000000000000e+04 -3.552000000000000000e+03 -3.330000000000000000e+02 -1.300000000000000000e+01
-4.416000000000000000e+03 2.720000000000000000e+03 1.345200000000000000e+04 -3.536000000000000000e+03 -7.000000000000000000e+00 -1.000000000000000000e+00
-4.492000000000000000e+03 2.968000000000000000e+03 1.352400000000000000e+04 -3.552000000000000000e+03 -1.560000000000000000e+02 -1.380000000000000000e+02
-4.404000000000000000e+03 2.804000000000000000e+03 1.335200000000000000e+04 -3.536000000000000000e+03 -2.800000000000000000e+02 8.200000000000000000e+01
-4.276000000000000000e+03 2.904000000000000000e+03 1.368000000000000000e+04 -3.536000000000000000e+03 -2.230000000000000000e+02 1.620000000000000000e+02
-4.016000000000000000e+03 2.960000000000000000e+03 1.355200000000000000e+04 -3.552000000000000000e+03 -1.730000000000000000e+02 -4.200000000000000000e+01
-3.980000000000000000e+03 2.984000000000000000e+03 1.350800000000000000e+04 -3.552000000000000000e+03 -2.630000000000000000e+02 1.600000000000000000e+02
-4.236000000000000000e+03 2.876000000000000000e+03 1.339200000000000000e+04 -3.568000000000000000e+03 -2.430000000000000000e+02 2.300000000000000000e+01
-4.472000000000000000e+03 2.804000000000000000e+03 1.337600000000000000e+04 -3.536000000000000000e+03 -3.340000000000000000e+02 6.800000000000000000e+01
-4.480000000000000000e+03 2.772000000000000000e+03 1.346800000000000000e+04 -3.536000000000000000e+03 -3.500000000000000000e+02 5.000000000000000000e+01
-4.204000000000000000e+03 2.840000000000000000e+03 1.373200000000000000e+04 -3.568000000000000000e+03 -3.430000000000000000e+02 -4.400000000000000000e+01
