8.000000000000000000e+00 3.496000000000000000e+03 1.311200000000000000e+04 -4.160000000000000000e+03 -2.540000000000000000e+02 1.730000000000000000e+02
-5.104000000000000000e+03 3.404000000000000000e+03 1.323200000000000000e+04 -4.192000000000000000e+03 -3.000000000000000000e+02 1.680000000000000000e+02
-5.212000000000000000e+03 3.524000000000000000e+03 1.309200000000000000e+04 -4.176000000000000000e+03 -3.130000000000000000e+02 1.620000000000000000e+02
-5.000000000000000000e+03 3.436000000000000000e+03 1.308800000000000000e+04 -4.208000000000000000e+03 -2.820000000000000000e+02 1.850000000000000000e+02
-4.960000000000000000e+03 3.560000000000000000e+03 1.305600000000000000e+04 -4.176000000000000000e+03 -2.850000000000000000e+02 1.410000000000000000e+02
-4.972000000000000000e+03 3.532000000000000000e+03 1.311200000000000000e+04 -4.176000000000000000e+03 -2.810000000000000000e+02 1.860000000000000000e+02
-5.080000000000000000e+03 3.444000000000000000e+03 1.328400000000000000e+04 -4.208000000000000000e+03 -2.740000000000000000e+02 1.690000000000000000e+02
-4.892000000000000000e+03 3.596000000000000000e+03 1.312800000000000000e+04 -4.176000000000000000e+03 -2.850000000000000000e+02 1.540000000000000000e+02
-4.984000000000000000e+03 3.600000000000000000e+03 1.322000000000000000e+04 -4.176000000000000000e+03 -2.830000000000000000e+02 1.860000000000000000e+02
-5.128000000000000000e+03 3.484000000000000000e+03 1.304400000000000000e+04 -4.176000000000000000e+03 -2.500000000000000000e+02 1.620000000000000000e+02
-4.980000000000000000e+03 3.524000000000000000e+03 1.319600000000000000e+04 -4.176000000000000000e+03 -2.920000000000000000e+02 1.530000000000000000e+02
-4.908000000000000000e+03 3.648000000000000000e+03 1.312400000000000000e+04 -4.176000000000000000e+03 -2.810000000000000000e+02 1.490000000000000000e+02
-5.012000000000000000e+03 3.480000000000000000e+03 1.314400000000000000e+04 -4.160000000000000000e+03 -2.950000000000000000e+02 1.370000000000000000e+02
-5.152000000000000000e+03 3.516000000000000000e+03 1.312000000000000000e+04 -4.176000000000000000e+03 -2.540000000000000000e+02 1.660000000000000000e+02
-4.868000000000000000e+03 3.544000000000000000e+03 1.314000000000000000e+04 -4.192000000000000000e+03 -2.660000000000000000e+02 1.570000000000000000e+02
-5.028000000000000000e+03 3.548000000000000000e+03 1.308800000000000000e+04 -4.160000000000000000e+03 -2.650000000000000000e+02 1.770000000000000000e+02
-4.956000000000000000e+03 3.452000000000000000e+03 1.321600000000000000e+04 -4.160000000000000000e+03 -2.760000000000000000e+02 1.850000000000000000e+02
-4.976000000000000000e+03 3.508000000000000000e+03 1.315600000000000000e+04 -4.192000000000000000e+03 -3.340000000000000000e+02 1.310000000000000000e+02
-5.164000000000000000e+03 3.472000000000000000e+03 1.320000000000000000e+04 -4.192000000000000000e+03 -3.620000000000000000e+02 1.210000000000000000e+02
-5.152000000000000000e+03 3.504000000000000000e+03 1.320800000000000000e+04 -4.192000000000000000e+03 -3.770000000000000000e+02 1.080000000000000000e+02
-5.068000000000000000e+03 3.496000000000000000e+03 1.331200000000000000e+04 -4.192000000000000000e+03 -2.980000000000000000e+02 4.600000000000000000e+01
-4.968000000000000000e+03 3.632000000000000000e+03 1.302400000000000000e+04 -4.176000000000000000e+03 -2.200000000000000000e+02 1.490000000000000000e+02
-5.120000000000000000e+03 3.384000000000000000e+03 1.319200000000000000e+04 -4.208000000000000000e+03 -2.980000000000000000e+02 1.450000000000000000e+02
-4.940000000000000000e+03 3.488000000000000000e+03 1.323600000000000000e+04 -4.176000000000000000e+03 -2.200000000000000000e+02 1.890000000000000000e+02
-4.940000000000000000e+03 3.468000000000000000e+03 1.316400000000000000e+04 -4.160000000000000000e+03 -2.580000000000000000e+02 1.910000000000000000e+02
-5.104000000000000000e+03 3.372000000000000000e+03 1.311200000000000000e+04 -4.176000000000000000e+03 -2.870000000000000000e+02 1.720000000000000000e+02
-5.000000000000000000e+03 3.520000000000000000e+03 1.314000000000000000e+04 -4.192000000000000000e+03 -2.940000000000000000e+02 1.810000000000000000e+02
-4.988000000000000000e+03 3.528000000000000000e+03 1.316400000000000000e+04 -4.176000000000000000e+03 -2.570000000000000000e+02 1.410000000000000000e+02
-5.000000000000000000e+03 3.504000000000000000e+03 1.323200000000000000e+04 -4.144000000000000000e+03 -2.880000000000000000e+02 1.440000000000000000e+02
-5.080000000000000000e+03 3.492000000000000000e+03 1.311200000000000000e+04 -4.176000000000000000e+03 -2.800000000000000000e+02 1.690000000000000000e+02
-5.020000000000000000e+03 3.464000000000000000e+03 1.305600000000000000e+04 -4.192000000000000000e+03 -2.730000000000000000e+02 1.740000000000000000e+02
-5.084000000000000000e+03 3.496000000000000000e+03 1.326400000000000000e+04 -4.144000000000000000e+03 -3.150000000000000000e+02 1.650000000000000000e+02
-4.964000000000000000e+03 3.496000000000000000e+03 1.316000000000000000e+04 -4.144000000000000000e+03 -2.800000000000000000e+02 1.740000000000000000e+02
-5.016000000000000000e+03 3.516000000000000000e+03 1.311600000000000000e+04 -4.176000000000000000e+03 -3.050000000000000000e+02 1.760000000000000000e+02
-5.008000000000000000e+03 3.448000000000000000e+03 1.323600000000000000e+04 -4.192000000000000000e+03 -2.680000000000000000e+02 1.810000000000000000e+02
-5.048000000000000000e+03 3.528000000000000000e+03 1.305200000000000000e+04 -4.176000000000000000e+03 -2.470000000000000000e+02 1.810000000000000000e+02
-4.980000000000000000e+03 3.340000000000000000e+03 1.306800000000000000e+04 -4.192000000000000000e+03 -3.150000000000000000e+02 1.650000000000000000e+02
-4.936000000000000000e+03 3.516000000000000000e+03 1.330000000000000000e+04 -4.192000000000000000e+03 -2.670000000000000000e+02 1.520000000000000000e+02
-4.964000000000000000e+03 3.492000000000000000e+03 1.318400000000000000e+04 -4.160000000000000000e+03 -3.190000000000000000e+02 1.580000000000000000e+02
-4.912000000000000000e+03 3.500000000000000000e+03 1.320800000000000000e+04 -4.160000000000000000e+03 -2.690000000000000000e+02 1.370000000000000000e+02
-5.144000000000000000e+03 3.472000000000000000e+03 1.304400000000000000e+04 -4.192000000000000000e+03 -2.840000000000000000e+02 1.550000000000000000e+02
-5.024000000000000000e+03 3.576000000000000000e+03 1.313200000000000000e+04 -4.160000000000000000e+03 -2.630000000000000000e+02 1.800000000000000000e+02
-4.956000000000000000e+03 3.524000000000000000e+03 1.320800000000000000e+04 -4.192000000000000000e+03 -2.730000000000000000e+02 1.740000000000000000e+02
-5.048000000000000000e+03 3.428000000000000000e+03 1.312400000000000000e+04 -4.160000000000000000e+03 -2.690000000000000000e+02 1.630000000000000000e+02
-4.992000000000000000e+03 3.508000000000000000e+03 1.329600000000000000e+04 -4.192000000000000000e+03 -2.790000000000000000e+02 1.640000000000000000e+02
-5.184000000000000000e+03 3.420000000000000000e+03 1.315200000000000000e+04 -4.192000000000000000e+03 -2.920000000000000000e+02 1.700000000000000000e+02
-5.104000000000000000e+03 3.440000000000000000e+03 1.323600000000000000e+04 -4.192000000000000000e+03 -2.780000000000000000e+02 1.960000000000000000e+02
-5.076000000000000000e+03 3.472000000000000000e+03 1.313600000000000000e+04 -4.208000000000000000e+03 -2.930000000000000000e+02 1.680000000000000000e+02
-5.068000000000000000e+03 3.488000000000000000e+03 1.316400000000000000e+04 -4.176000000000000000e+03 -2.840000000000000000e+02 1.930000000000000000e+02
-4.936000000000000000e+03 3.512000000000000000e+03 1.315600000000000000e+04 -4.176000000000000000e+03 -2.750000000000000000e+02 1.780000000000000000e+02
-5.044000000000000000e+03 3.536000000000000000e+03 1.314000000000000000e+04 -4.176000000000000000e+03 -2.910000000000000000e+02 1.710000000000000000e+02
-5.136000000000000000e+03 3.468000000000000000e+03 1.324400000000000000e+04 -4.144000000000000000e+03 -2.740000000000000000e+02 1.690000000000000000e+02
-4.864000000000000000e+03 3.524000000000000000e+03 1.313600000000000000e+04 -4.176000000000000000e+03 -3.040000000000000000e+02 1.590000000000000000e+02
-5.128000000000000000e+03 3.400000000000000000e+03 1.335200000000000000e+04 -4.176000000000000000e+03 -2.770000000000000000e+02 1.470000000000000000e+02
-5.040000000000000000e+03 3.472000000000000000e+03 1.318800000000000000e+04 -4.176000000000000000e+03 -3.060000000000000000e+02 1.620000000000000000e+02
-5.100000000000000000e+03 3.460000000000000000e+03 1.323600000000000000e+04 -4.176000000000000000e+03 -3.080000000000000000e+02 1.520000000000000000e+02
-4.916000000000000000e+03 3.496000000000000000e+03 1.317200000000000000e+04 -4.176000000000000000e+03 -2.880000000000000000e+02 1.850000000000000000e+02
-5.140000000000000000e+03 3.404000000000000000e+03 1.322800000000000000e+04 -4.176000000000000000e+03 -2.490000000000000000e+02 1.490000000000000000e+02
-5.064000000000000000e+03 3.456000000000000000e+03 1.320000000000000000e+04 -4.208000000000000000e+03 -2.950000000000000000e+02 1.160000000000000000e+02
-5.004000000000000000e+03 3.536000000000000000e+03 1.310400000000000000e+04 -4.176000000000000000e+03 -2.780000000000000000e+02 2.010000000000000000e+02
-5.084000000000000000e+03 3.508000000000000000e+03 1.311600000000000000e+04 -4.176000000000000000e+03 -2.520000000000000000e+02 1.810000000000000000e+02
-5.060000000000000000e+03 3.492000000000000000e+03 1.307600000000000000e+04 -4.192000000000000000e+03 -2.930000000000000000e+02 1.350000000000000000e+02
-4.876000000000000000e+03 3.552000000000000000e+03 1.314000000000000000e+04 -4.208000000000000000e+03 -2.650000000000000000e+02 1.500000000000000000e+02
-4.924000000000000000e+03 3.476000000000000000e+03 1.308400000000000000e+04 -4.160000000000000000e+03 -2.830000000000000000e+02 1.520000000000000000e+02
-5.156000000000000000e+03 3.532000000000000000e+03 1.304800000000000000e+04 -4.160000000000000000e+03 -3.020000000000000000e+02 1.890000000000000000e+02
-4.872000000000000000e+03 3.560000000000000000e+03 1.312400000000000000e+04 -4.160000000000000000e+03 -2.960000000000000000e+02 1.090000000000000000e+02
-5.140000000000000000e+03 3.528000000000000000e+03 1.308000000000000000e+04 -4.160000000000000000e+03 -2.110000000000000000e+02 1.730000000000000000e+02
-5.052000000000000000e+03 3.440000000000000000e+03 1.317200000000000000e+04 -4.192000000000000000e+03 -3.150000000000000000e+02 1.410000000000000000e+02
-4.964000000000000000e+03 3.460000000000000000e+03 1.319600000000000000e+04 -4.160000000000000000e+03 -3.140000000000000000e+02 1.430000000000000000e+02
-4.940000000000000000e+03 3.516000000000000000e+03 1.326400000000000000e+04 -4.160000000000000000e+03 -2.770000000000000000e+02 1.890000000000000000e+02
-4.896000000000000000e+03 3.448000000000000000e+03 1.316400000000000000e+04 -4.160000000000000000e+03 -2.770000000000000000e+02 1.690000000000000000e+02
-5.020000000000000000e+03 3.624000000000000000e+03 1.331200000000000000e+04 -4.160000000000000000e+03 -2.970000000000000000e+02 1.660000000000000000e+02
-4.916000000000000000e+03 3.428000000000000000e+03 1.298400000000000000e+04 -4.192000000000000000e+03 -2.520000000000000000e+02 1.690000000000000000e+02
-4.892000000000000000e+03 3.576000000000000000e+03 1.310800000000000000e+04 -4.160000000000000000e+03 -2.890000000000000000e+02 1.530000000000000000e+02
-4.964000000000000000e+03 3.468000000000000000e+03 1.322400000000000000e+04 -4.192000000000000000e+03 -2.800000000000000000e+02 1.760000000000000000e+02
-5.160000000000000000e+03 3.432000000000000000e+03 1.315200000000000000e+04 -4.192000000000000000e+03 -2.890000000000000000e+02 1.490000000000000000e+02
-4.944000000000000000e+03 3.532000000000000000e+03 1.308000000000000000e+04 -4.160000000000000000e+03 -2.810000000000000000e+02 1.490000000000000000e+02
-5.060000000000000000e+03 3.464000000000000000e+03 1.320400000000000000e+04 -4.160000000000000000e+03 -2.980000000000000000e+02 1.540000000000000000e+02
-5.136000000000000000e+03 3.412000000000000000e+03 1.314400000000000000e+04 -4.160000000000000000e+03 -2.860000000000000000e+02 1.670000000000000000e+02
-5.040000000000000000e+03 3.464000000000000000e+03 1.322800000000000000e+04 -4.160000000000000000e+03 -2.870000000000000000e+02 1.540000000000000000e+02
-5.112000000000000000e+03 3.548000000000000000e+03 1.312800000000000000e+04 -4.192000000000000000e+03 -3.000000000000000000e+02 1.610000000000000000e+02
-5.060000000000000000e+03 3.544000000000000000e+03 1.331200000000000000e+04 -4.160000000000000000e+03 -2.570000000000000000e+02 1.880000000000000000e+02
-4.972000000000000000e+03 3.440000000000000000e+03 1.312000000000000000e+04 -4.176000000000000000e+03 -2.740000000000000000e+02 1.860000000000000000e+02
-5.104000000000000000e+03 3.480000000000000000e+03 1.317600000000000000e+04 -4.208000000000000000e+03 -2.880000000000000000e+02 1.750000000000000000e+02
-5.060000000000000000e+03 3.412000000000000000e+03 1.314800000000000000e+04 -4.208000000000000000e+03 -2.740000000000000000e+02 1.810000000000000000e+02
