-3.728000000000000000e+03 3.176000000000000000e+03 1.300800000000000000e+04 -3.424000000000000000e+03 -2.830000000000000000e+02 1.920000000000000000e+02
-3.944000000000000000e+03 3.508000000000000000e+03 1.369200000000000000e+04 -3.456000000000000000e+03 -3.570000000000000000e+02 3.810000000000000000e+02
-4.312000000000000000e+03 4.996000000000000000e+03 1.374800000000000000e+04 -3.472000000000000000e+03 -9.330000000000000000e+02 4.660000000000000000e+02
-3.168000000000000000e+03 3.364000000000000000e+03 1.251200000000000000e+04 -3.472000000000000000e+03 9.300000000000000000e+01 1.756000000000000000e+03
-4.268000000000000000e+03 2.912000000000000000e+03 1.447200000000000000e+04 -3.472000000000000000e+03 -8.540000000000000000e+02 6.480000000000000000e+02
-4.888000000000000000e+03 1.756000000000000000e+03 1.302800000000000000e+04 -3.488000000000000000e+03 -2.740000000000000000e+02 6.810000000000000000e+02
-5.336000000000000000e+03 2.960000000000000000e+03 1.451200000000000000e+04 -3.456000000000000000e+03 -2.610000000000000000e+02 1.440000000000000000e+02
-3.816000000000000000e+03 3.228000000000000000e+03 1.292800000000000000e+04 -3.440000000000000000e+03 -2.730000000000000000e+02 -6.700000000000000000e+01
-3.736000000000000000e+03 3.932000000000000000e+03 1.394800000000000000e+04 -3.456000000000000000e+03 -1.380000000000000000e+02 3.550000000000000000e+02
-3.740000000000000000e+03 3.156000000000000000e+03 1.273200000000000000e+04 -3.456000000000000000e+03 -3.690000000000000000e+02 7.600000000000000000e+01
-4.216000000000000000e+03 3.416000000000000000e+03 1.365600000000000000e+04 -3.456000000000000000e+03 -3.300000000000000000e+01 6.010000000000000000e+02
-4.528000000000000000e+03 2.796000000000000000e+03 1.359600000000000000e+04 -3.456000000000000000e+03 -5.060000000000000000e+02 -5.600000000000000000e+01
-4.308000000000000000e+03 2.844000000000000000e+03 1.334000000000000000e+04 -3.440000000000000000e+03 8.200000000000000000e+01 3.390000000000000000e+02
-4.280000000000000000e+03 3.300000000000000000e+03 1.377600000000000000e+04 -3.456000000000000000e+03 -2.870000000000000000e+02 -1.170000000000000000e+02
-3.920000000000000000e+03 3.224000000000000000e+03 1.305200000000000000e+04 -3.472000000000000000e+03 -9.900000000000000000e+01 2.600000000000000000e+02
-4.172000000000000000e+03 3.488000000000000000e+03 1.376000000000000000e+04 -3.440000000000000000e+03 -3.220000000000000000e+02 1.250000000000000000e+02
-3.956000000000000000e+03 3.020000000000000000e+03 1.307600000000000000e+04 -3.424000000000000000e+03 -7.500000000000000000e+01 2.570000000000000000e+02
-4.052000000000000000e+03 3.256000000000000000e+03 1.342000000000000000e+04 -3.424000000000000000e+03 -2.020000000000000000e+02 5.000000000000000000e+00
-3.868000000000000000e+03 3.080000000000000000e+03 1.332800000000000000e+04 -3.440000000000000000e+03 -2.390000000000000000e+02 1.880000000000000000e+02
-4.276000000000000000e+03 3.108000000000000000e+03 1.345600000000000000e+04 -3.488000000000000000e+03 -2.990000000000000000e+02 1.680000000000000000e+02
-4.532000000000000000e+03 2.976000000000000000e+03 1.350400000000000000e+04 -3.488000000000000000e+03 -2.910000000000000000e+02 6.300000000000000000e+01
-4.080000000000000000e+03 3.112000000000000000e+03 1.341600000000000000e+04 -3.488000000000000000e+03 -2.760000000000000000e+02 -2.400000000000000000e+01
-3.980000000000000000e+03 3.372000000000000000e+03 1.361200000000000000e+04 -3.440000000000000000e+03 -4.800000000000000000e+01 2.380000000000000000e+02
-4.152000000000000000e+03 3.444000000000000000e+03 1.338000000000000000e+04 -3.456000000000000000e+03 -3.200000000000000000e+02 8.400000000000000000e+01
-3.924000000000000000e+03 3.116000000000000000e+03 1.317200000000000000e+04 -3.440000000000000000e+03 -1.150000000000000000e+02 3.060000000000000000e+02
-4.040000000000000000e+03 3.404000000000000000e+03 1.344000000000000000e+04 -3.440000000000000000e+03 -3.500000000000000000e+02 6.000000000000000000e+00
-3.984000000000000000e+03 3.112000000000000000e+03 1.321600000000000000e+04 -3.408000000000000000e+03 -3.090000000000000000e+02 4.340000000000000000e+02
-4.380000000000000000e+03 3.108000000000000000e+03 1.368800000000000000e+04 -3.440000000000000000e+03 -3.990000000000000000e+02 9.800000000000000000e+01
-4.264000000000000000e+03 2.844000000000000000e+03 1.340400000000000000e+04 -3.440000000000000000e+03 -2.780000000000000000e+02 2.390000000000000000e+02
-4.048000000000000000e+03 3.492000000000000000e+03 1.348000000000000000e+04 -3.456000000000000000e+03 -2.230000000000000000e+02 1.530000000000000000e+02
-3.964000000000000000e+03 3.292000000000000000e+03 1.314000000000000000e+04 -3.456000000000000000e+03 -2.500000000000000000e+02 3.710000000000000000e+02
-4.164000000000000000e+03 3.336000000000000000e+03 1.335200000000000000e+04 -3.472000000000000000e+03 -3.400000000000000000e+02 1.480000000000000000e+02
-4.096000000000000000e+03 3.216000000000000000e+03 1.311200000000000000e+04 -3.424000000000000000e+03 -3.860000000000000000e+02 8.800000000000000000e+01
-4.188000000000000000e+03 3.200000000000000000e+03 1.334800000000000000e+04 -3.456000000000000000e+03 -3.190000000000000000e+02 2.700000000000000000e+02
-4.216000000000000000e+03 3.164000000000000000e+03 1.351600000000000000e+04 -3.456000000000000000e+03 -3.590000000000000000e+02 6.700000000000000000e+01
-4.148000000000000000e+03 3.112000000000000000e+03 1.331600000000000000e+04 -3.456000000000000000e+03 -2.520000000000000000e+02 2.110000000000000000e+02
-4.136000000000000000e+03 3.328000000000000000e+03 1.352400000000000000e+04 -3.472000000000000000e+03 -2.920000000000000000e+02 2.410000000000000000e+02
-4.228000000000000000e+03 2.940000000000000000e+03 1.330800000000000000e+04 -3.440000000000000000e+03 -3.630000000000000000e+02 1.690000000000000000e+02
-4.096000000000000000e+03 3.232000000000000000e+03 1.350800000000000000e+04 -3.424000000000000000e+03 -2.200000000000000000e+02 1.950000000000000000e+02
-4.188000000000000000e+03 3.156000000000000000e+03 1.334400000000000000e+04 -3.456000000000000000e+03 -4.590000000000000000e+02 9.000000000000000000e+01
-4.132000000000000000e+03 3.180000000000000000e+03 1.333600000000000000e+04 -3.424000000000000000e+03 -1.720000000000000000e+02 2.750000000000000000e+02
-4.364000000000000000e+03 3.080000000000000000e+03 1.362800000000000000e+04 -3.472000000000000000e+03 -2.910000000000000000e+02 1.450000000000000000e+02
-4.080000000000000000e+03 3.032000000000000000e+03 1.337600000000000000e+04 -3.456000000000000000e+03 -2.680000000000000000e+02 1.090000000000000000e+02
-4.168000000000000000e+03 3.108000000000000000e+03 1.343200000000000000e+04 -3.456000000000000000e+03 -2.140000000000000000e+02 1.750000000000000000e+02
-4.016000000000000000e+03 3.140000000000000000e+03 1.320400000000000000e+04 -3.440000000000000000e+03 -3.390000000000000000e+02 1.450000000000000000e+02
-4.248000000000000000e+03 3.096000000000000000e+03 1.361200000000000000e+04 -3.472000000000000000e+03 -1.980000000000000000e+02 2.740000000000000000e+02
-4.236000000000000000e+03 2.976000000000000000e+03 1.348400000000000000e+04 -3.456000000000000000e+03 -3.120000000000000000e+02 9.300000000000000000e+01
-4.252000000000000000e+03 3.204000000000000000e+03 1.366800000000000000e+04 -3.456000000000000000e+03 -1.740000000000000000e+02 1.680000000000000000e+02
-4.204000000000000000e+03 3.056000000000000000e+03 1.345600000000000000e+04 -3.456000000000000000e+03 -3.070000000000000000e+02 7.400000000000000000e+01
-4.144000000000000000e+03 3.136000000000000000e+03 1.328400000000000000e+04 -3.456000000000000000e+03 -4.600000000000000000e+01 2.430000000000000000e+02
-4.400000000000000000e+03 3.196000000000000000e+03 1.356000000000000000e+04 -3.424000000000000000e+03 -3.880000000000000000e+02 1.350000000000000000e+02
-4.192000000000000000e+03 3.004000000000000000e+03 1.349200000000000000e+04 -3.472000000000000000e+03 -1.980000000000000000e+02 2.570000000000000000e+02
-4.232000000000000000e+03 3.220000000000000000e+03 1.365200000000000000e+04 -3.440000000000000000e+03 -3.260000000000000000e+02 1.480000000000000000e+02
-4.112000000000000000e+03 3.084000000000000000e+03 1.337600000000000000e+04 -3.488000000000000000e+03 -1.990000000000000000e+02 1.820000000000000000e+02
-4.116000000000000000e+03 3.120000000000000000e+03 1.346400000000000000e+04 -3.424000000000000000e+03 -3.480000000000000000e+02 1.080000000000000000e+02
-4.092000000000000000e+03 3.184000000000000000e+03 1.318000000000000000e+04 -3.472000000000000000e+03 -1.460000000000000000e+02 1.940000000000000000e+02
-4.440000000000000000e+03 3.224000000000000000e+03 1.384400000000000000e+04 -3.440000000000000000e+03 -3.860000000000000000e+02 1.580000000000000000e+02
-4.248000000000000000e+03 2.960000000000000000e+03 1.333200000000000000e+04 -3.456000000000000000e+03 -1.580000000000000000e+02 2.170000000000000000e+02
-4.280000000000000000e+03 3.256000000000000000e+03 1.377200000000000000e+04 -3.456000000000000000e+03 -2.490000000000000000e+02 1.550000000000000000e+02
-4.036000000000000000e+03 2.996000000000000000e+03 1.300000000000000000e+04 -3.440000000000000000e+03 -3.000000000000000000e+02 2.100000000000000000e+02
-4.544000000000000000e+03 2.928000000000000000e+03 1.405600000000000000e+04 -3.408000000000000000e+03 -2.000000000000000000e+02 2.170000000000000000e+02
-4.140000000000000000e+03 2.924000000000000000e+03 1.314400000000000000e+04 -3.456000000000000000e+03 -2.990000000000000000e+02 -5.000000000000000000e+00
-4.380000000000000000e+03 3.200000000000000000e+03 1.369200000000000000e+04 -3.424000000000000000e+03 -5.000000000000000000e+01 2.560000000000000000e+02
-4.224000000000000000e+03 3.028000000000000000e+03 1.352000000000000000e+04 -3.456000000000000000e+03 -2.920000000000000000e+02 7.300000000000000000e+01
-4.180000000000000000e+03 3.112000000000000000e+03 1.318800000000000000e+04 -3.424000000000000000e+03 -1.240000000000000000e+02 1.890000000000000000e+02
-4.528000000000000000e+03 3.212000000000000000e+03 1.366000000000000000e+04 -3.456000000000000000e+03 -4.080000000000000000e+02 2.340000000000000000e+02
-4.036000000000000000e+03 3.180000000000000000e+03 1.333600000000000000e+04 -3.424000000000000000e+03 -1.660000000000000000e+02 1.020000000000000000e+02
-4.020000000000000000e+03 3.580000000000000000e+03 1.345200000000000000e+04 -3.440000000000000000e+03 -1.350000000000000000e+02 1.560000000000000000e+02
-3.792000000000000000e+03 3.136000000000000000e+03 1.326000000000000000e+04 -3.440000000000000000e+03 -4.180000000000000000e+02 7.900000000000000000e+01
-4.184000000000000000e+03 2.932000000000000000e+03 1.344000000000000000e+04 -3.440000000000000000e+03 1.270000000000000000e+02 4.160000000000000000e+02
-4.392000000000000000e+03 3.168000000000000000e+03 1.362800000000000000e+04 -3.472000000000000000e+03 -4.290000000000000000e+02 1.800000000000000000e+01
-4.316000000000000000e+03 2.952000000000000000e+03 1.323600000000000000e+04 -3.440000000000000000e+03 3.800000000000000000e+01 2.270000000000000000e+02
-4.372000000000000000e+03 3.280000000000000000e+03 1.374800000000000000e+04 -3.472000000000000000e+03 -1.740000000000000000e+02 1.780000000000000000e+02
-4.032000000000000000e+03 3.224000000000000000e+03 1.319200000000000000e+04 -3.440000000000000000e+03 -1.020000000000000000e+02 8.200000000000000000e+01
-4.240000000000000000e+03 3.468000000000000000e+03 1.362800000000000000e+04 -3.440000000000000000e+03 -1.970000000000000000e+02 4.000000000000000000e+02
-4.120000000000000000e+03 3.060000000000000000e+03 1.331600000000000000e+04 -3.456000000000000000e+03 -2.280000000000000000e+02 6.000000000000000000e+00
-3.980000000000000000e+03 3.380000000000000000e+03 1.346800000000000000e+04 -3.440000000000000000e+03 -9.600000000000000000e+01 2.910000000000000000e+02
-4.152000000000000000e+03 3.304000000000000000e+03 1.344400000000000000e+04 -3.440000000000000000e+03 -3.150000000000000000e+02 1.650000000000000000e+02
-4.160000000000000000e+03 3.096000000000000000e+03 1.338800000000000000e+04 -3.456000000000000000e+03 -2.800000000000000000e+02 2.800000000000000000e+02
-4.316000000000000000e+03 3.252000000000000000e+03 1.366400000000000000e+04 -3.456000000000000000e+03 -1.710000000000000000e+02 6.800000000000000000e+01
-3.804000000000000000e+03 3.316000000000000000e+03 1.312400000000000000e+04 -3.456000000000000000e+03 -2.070000000000000000e+02 2.320000000000000000e+02
-4.156000000000000000e+03 3.424000000000000000e+03 1.353600000000000000e+04 -3.472000000000000000e+03 -2.630000000000000000e+02 2.480000000000000000e+02
-4.092000000000000000e+03 3.120000000000000000e+03 1.298000000000000000e+04 -3.424000000000000000e+03 -3.730000000000000000e+02 2.000000000000000000e+02
-4.208000000000000000e+03 3.348000000000000000e+03 1.342000000000000000e+04 -3.456000000000000000e+03 -2.860000000000000000e+02 2.750000000000000000e+02
-4.104000000000000000e+03 3.192000000000000000e+03 1.344400000000000000e+04 -3.440000000000000000e+03 -4.620000000000000000e+02 1.090000000000000000e+02
