-3.124000000000000000e+03 2.796000000000000000e+03 1.352800000000000000e+04 -3.728000000000000000e+03 -4.290000000000000000e+02 1.860000000000000000e+02
-3.544000000000000000e+03 2.640000000000000000e+03 1.274400000000000000e+04 -3.744000000000000000e+03 -2.000000000000000000e+01 1.135000000000000000e+03
-4.000000000000000000e+03 2.724000000000000000e+03 1.365200000000000000e+04 -3.696000000000000000e+03 -1.055000000000000000e+03 5.950000000000000000e+02
-3.952000000000000000e+03 2.060000000000000000e+03 1.333600000000000000e+04 -3.712000000000000000e+03 -1.930000000000000000e+02 8.780000000000000000e+02
-5.048000000000000000e+03 1.700000000000000000e+03 1.397200000000000000e+04 -3.712000000000000000e+03 -1.024000000000000000e+03 1.900000000000000000e+02
-4.436000000000000000e+03 1.380000000000000000e+03 1.381600000000000000e+04 -3.696000000000000000e+03 2.780000000000000000e+02 3.960000000000000000e+02
-4.464000000000000000e+03 2.180000000000000000e+03 1.492800000000000000e+04 -3.712000000000000000e+03 -5.980000000000000000e+02 -2.200000000000000000e+01
-3.456000000000000000e+03 2.796000000000000000e+03 1.316800000000000000e+04 -3.696000000000000000e+03 1.090000000000000000e+02 1.550000000000000000e+02
-3.592000000000000000e+03 2.884000000000000000e+03 1.370400000000000000e+04 -3.696000000000000000e+03 -2.400000000000000000e+02 3.610000000000000000e+02
-3.820000000000000000e+03 2.308000000000000000e+03 1.321600000000000000e+04 -3.728000000000000000e+03 -2.590000000000000000e+02 2.000000000000000000e+02
-4.280000000000000000e+03 2.280000000000000000e+03 1.371600000000000000e+04 -3.696000000000000000e+03 -1.940000000000000000e+02 7.150000000000000000e+02
-4.144000000000000000e+03 1.856000000000000000e+03 1.372800000000000000e+04 -3.728000000000000000e+03 -5.400000000000000000e+02 1.530000000000000000e+02
-4.144000000000000000e+03 2.120000000000000000e+03 1.389600000000000000e+04 -3.744000000000000000e+03 -5.900000000000000000e+01 3.440000000000000000e+02
-3.940000000000000000e+03 2.356000000000000000e+03 1.395600000000000000e+04 -3.728000000000000000e+03 -5.740000000000000000e+02 1.210000000000000000e+02
-3.736000000000000000e+03 2.140000000000000000e+03 1.331200000000000000e+04 -3.712000000000000000e+03 -5.000000000000000000e+00 3.890000000000000000e+02
-3.484000000000000000e+03 2.488000000000000000e+03 1.391200000000000000e+04 -3.696000000000000000e+03 -2.440000000000000000e+02 -5.900000000000000000e+01
-4.100000000000000000e+03 2.112000000000000000e+03 1.361200000000000000e+04 -3.696000000000000000e+03 -6.400000000000000000e+01 2.260000000000000000e+02
-4.180000000000000000e+03 2.220000000000000000e+03 1.398400000000000000e+04 -3.696000000000000000e+03 2.600000000000000000e+01 4.800000000000000000e+01
-4.372000000000000000e+03 2.124000000000000000e+03 1.388800000000000000e+04 -3.696000000000000000e+03 -1.760000000000000000e+02 4.310000000000000000e+02
-4.420000000000000000e+03 2.472000000000000000e+03 1.387200000000000000e+04 -3.712000000000000000e+03 -2.400000000000000000e+02 -1.090000000000000000e+02
-3.820000000000000000e+03 2.172000000000000000e+03 1.332800000000000000e+04 -3.696000000000000000e+03 -2.270000000000000000e+02 6.120000000000000000e+02
-4.096000000000000000e+03 2.744000000000000000e+03 1.427600000000000000e+04 -3.696000000000000000e+03 -2.510000000000000000e+02 9.900000000000000000e+01
-3.608000000000000000e+03 2.560000000000000000e+03 1.384800000000000000e+04 -3.712000000000000000e+03 -2.600000000000000000e+02 3.800000000000000000e+02
-4.176000000000000000e+03 2.256000000000000000e+03 1.397600000000000000e+04 -3.696000000000000000e+03 -4.300000000000000000e+01 3.120000000000000000e+02
-3.860000000000000000e+03 2.204000000000000000e+03 1.313200000000000000e+04 -3.728000000000000000e+03 1.500000000000000000e+01 1.830000000000000000e+02
-4.172000000000000000e+03 2.596000000000000000e+03 1.352000000000000000e+04 -3.712000000000000000e+03 1.970000000000000000e+02 2.520000000000000000e+02
-4.016000000000000000e+03 2.536000000000000000e+03 1.344000000000000000e+04 -3.712000000000000000e+03 -2.120000000000000000e+02 -1.800000000000000000e+01
-4.420000000000000000e+03 2.188000000000000000e+03 1.348400000000000000e+04 -3.712000000000000000e+03 -7.100000000000000000e+01 2.450000000000000000e+02
-4.420000000000000000e+03 2.188000000000000000e+03 1.361200000000000000e+04 -3.744000000000000000e+03 -3.960000000000000000e+02 1.500000000000000000e+01
-4.408000000000000000e+03 2.216000000000000000e+03 1.374800000000000000e+04 -3.712000000000000000e+03 9.100000000000000000e+01 2.920000000000000000e+02
-4.920000000000000000e+03 2.136000000000000000e+03 1.411200000000000000e+04 -3.728000000000000000e+03 -6.020000000000000000e+02 2.720000000000000000e+02
-4.324000000000000000e+03 1.964000000000000000e+03 1.358800000000000000e+04 -3.728000000000000000e+03 -6.320000000000000000e+02 4.120000000000000000e+02
-4.016000000000000000e+03 2.432000000000000000e+03 1.385200000000000000e+04 -3.728000000000000000e+03 -3.780000000000000000e+02 3.260000000000000000e+02
-4.048000000000000000e+03 2.792000000000000000e+03 1.336400000000000000e+04 -3.712000000000000000e+03 -1.148000000000000000e+03 1.292000000000000000e+03
-4.076000000000000000e+03 2.788000000000000000e+03 1.312800000000000000e+04 -3.696000000000000000e+03 -4.930000000000000000e+02 1.017000000000000000e+03
-4.176000000000000000e+03 2.244000000000000000e+03 1.391600000000000000e+04 -3.680000000000000000e+03 -1.153000000000000000e+03 6.290000000000000000e+02
-4.540000000000000000e+03 1.800000000000000000e+03 1.353600000000000000e+04 -3.696000000000000000e+03 -1.330000000000000000e+02 5.460000000000000000e+02
-4.648000000000000000e+03 2.000000000000000000e+03 1.385200000000000000e+04 -3.696000000000000000e+03 -7.160000000000000000e+02 7.000000000000000000e+00
-4.256000000000000000e+03 2.188000000000000000e+03 1.348800000000000000e+04 -3.712000000000000000e+03 -1.370000000000000000e+02 3.820000000000000000e+02
-4.348000000000000000e+03 2.484000000000000000e+03 1.356800000000000000e+04 -3.712000000000000000e+03 -6.010000000000000000e+02 -4.200000000000000000e+01
-4.156000000000000000e+03 2.372000000000000000e+03 1.329600000000000000e+04 -3.696000000000000000e+03 -1.270000000000000000e+02 2.840000000000000000e+02
-4.496000000000000000e+03 2.228000000000000000e+03 1.363200000000000000e+04 -3.696000000000000000e+03 -4.290000000000000000e+02 1.800000000000000000e+01
-4.740000000000000000e+03 2.164000000000000000e+03 1.388000000000000000e+04 -3.696000000000000000e+03 -2.570000000000000000e+02 4.620000000000000000e+02
-4.584000000000000000e+03 2.052000000000000000e+03 1.347600000000000000e+04 -3.696000000000000000e+03 -4.110000000000000000e+02 -1.230000000000000000e+02
-4.244000000000000000e+03 2.604000000000000000e+03 1.352000000000000000e+04 -3.712000000000000000e+03 -1.580000000000000000e+02 2.630000000000000000e+02
-4.192000000000000000e+03 2.504000000000000000e+03 1.326800000000000000e+04 -3.744000000000000000e+03 -4.540000000000000000e+02 7.700000000000000000e+01
-4.192000000000000000e+03 2.532000000000000000e+03 1.358800000000000000e+04 -3.680000000000000000e+03 -1.320000000000000000e+02 3.530000000000000000e+02
-4.208000000000000000e+03 2.304000000000000000e+03 1.362400000000000000e+04 -3.696000000000000000e+03 -5.000000000000000000e+02 -2.100000000000000000e+01
-4.348000000000000000e+03 2.308000000000000000e+03 1.363200000000000000e+04 -3.728000000000000000e+03 -1.760000000000000000e+02 5.150000000000000000e+02
-4.516000000000000000e+03 2.124000000000000000e+03 1.387600000000000000e+04 -3.696000000000000000e+03 -4.540000000000000000e+02 6.200000000000000000e+01
-4.436000000000000000e+03 2.128000000000000000e+03 1.350800000000000000e+04 -3.664000000000000000e+03 -3.320000000000000000e+02 1.690000000000000000e+02
-4.436000000000000000e+03 1.872000000000000000e+03 1.425600000000000000e+04 -3.696000000000000000e+03 -5.850000000000000000e+02 -6.000000000000000000e+01
-3.888000000000000000e+03 3.104000000000000000e+03 1.348400000000000000e+04 -3.712000000000000000e+03 -5.000000000000000000e+02 -5.860000000000000000e+02
-3.632000000000000000e+03 2.392000000000000000e+03 1.393200000000000000e+04 -3.712000000000000000e+03 -2.700000000000000000e+01 -1.854000000000000000e+03
-4.636000000000000000e+03 1.436000000000000000e+03 1.404000000000000000e+04 -3.696000000000000000e+03 -2.310000000000000000e+02 -6.040000000000000000e+02
-4.220000000000000000e+03 1.944000000000000000e+03 1.529200000000000000e+04 -3.712000000000000000e+03 4.940000000000000000e+02 -1.683000000000000000e+03
-5.404000000000000000e+03 2.200000000000000000e+02 1.224000000000000000e+04 -3.696000000000000000e+03 -1.387800000000000000e+04 1.263200000000000000e+04
-8.028000000000000000e+03 4.332000000000000000e+03 1.405600000000000000e+04 -3.728000000000000000e+03 -1.138100000000000000e+04 8.139000000000000000e+03
-2.796000000000000000e+03 -1.552000000000000000e+03 1.037200000000000000e+04 -3.696000000000000000e+03 -7.960000000000000000e+02 -2.203000000000000000e+03
-5.904000000000000000e+03 7.840000000000000000e+02 1.518000000000000000e+04 -3.696000000000000000e+03 -4.700000000000000000e+01 -6.410000000000000000e+02
-6.080000000000000000e+03 2.336000000000000000e+03 1.440400000000000000e+04 -3.696000000000000000e+03 -2.427000000000000000e+03 3.480000000000000000e+02
-5.092000000000000000e+03 -2.172000000000000000e+03 1.304000000000000000e+04 -3.744000000000000000e+03 9.260000000000000000e+02 6.430000000000000000e+02
-6.172000000000000000e+03 2.080000000000000000e+02 1.322000000000000000e+04 -3.712000000000000000e+03 3.035000000000000000e+03 2.193000000000000000e+03
-5.960000000000000000e+03 5.680000000000000000e+02 1.236800000000000000e+04 -3.744000000000000000e+03 1.519000000000000000e+03 -1.852000000000000000e+03
-4.712000000000000000e+03 -1.560000000000000000e+02 1.212800000000000000e+04 -3.760000000000000000e+03 3.805000000000000000e+03 9.900000000000000000e+01
-6.292000000000000000e+03 -6.560000000000000000e+02 1.325600000000000000e+04 -3.728000000000000000e+03 1.258000000000000000e+03 2.542000000000000000e+03
-6.876000000000000000e+03 -1.584000000000000000e+03 1.569200000000000000e+04 -3.680000000000000000e+03 2.148000000000000000e+03 1.716000000000000000e+03
-8.940000000000000000e+03 -5.200000000000000000e+02 1.131600000000000000e+04 -3.728000000000000000e+03 4.281000000000000000e+03 1.000000000000000000e+02
-8.552000000000000000e+03 2.844000000000000000e+03 1.338400000000000000e+04 -3.728000000000000000e+03 2.973000000000000000e+03 -7.320000000000000000e+02
-5.940000000000000000e+03 3.520000000000000000e+02 1.332000000000000000e+04 -3.712000000000000000e+03 2.892000000000000000e+03 -1.098000000000000000e+03
-5.412000000000000000e+03 1.624000000000000000e+03 1.420800000000000000e+04 -3.728000000000000000e+03 4.011000000000000000e+03 -2.426000000000000000e+03
-5.576000000000000000e+03 3.720000000000000000e+03 1.101600000000000000e+04 -3.680000000000000000e+03 3.208000000000000000e+03 -1.263000000000000000e+03
-3.852000000000000000e+03 4.584000000000000000e+03 1.210000000000000000e+04 -3.744000000000000000e+03 3.731000000000000000e+03 1.636000000000000000e+03
-7.460000000000000000e+03 2.608000000000000000e+03 1.414400000000000000e+04 -3.712000000000000000e+03 3.100000000000000000e+02 1.976000000000000000e+03
-4.424000000000000000e+03 3.928000000000000000e+03 1.353600000000000000e+04 -3.712000000000000000e+03 1.912000000000000000e+03 3.705000000000000000e+03
-6.648000000000000000e+03 3.800000000000000000e+03 1.334000000000000000e+04 -3.696000000000000000e+03 -2.445000000000000000e+03 -1.123000000000000000e+03
-5.908000000000000000e+03 3.368000000000000000e+03 1.443600000000000000e+04 -3.696000000000000000e+03 -1.270000000000000000e+03 2.210000000000000000e+03
-5.124000000000000000e+03 4.576000000000000000e+03 1.049600000000000000e+04 -3.696000000000000000e+03 -3.400000000000000000e+02 5.750000000000000000e+02
-6.448000000000000000e+03 1.580000000000000000e+03 1.089600000000000000e+04 -3.728000000000000000e+03 -1.347000000000000000e+03 -5.400000000000000000e+02
-1.440000000000000000e+03 5.316000000000000000e+03 1.020000000000000000e+04 -3.712000000000000000e+03 6.802000000000000000e+03 2.351000000000000000e+03
-5.956000000000000000e+03 7.048000000000000000e+03 1.495600000000000000e+04 -3.696000000000000000e+03 -2.400000000000000000e+01 -3.703000000000000000e+03
-3.900000000000000000e+03 3.020000000000000000e+03 9.640000000000000000e+03 -3.744000000000000000e+03 8.790000000000000000e+02 4.940000000000000000e+02
-6.144000000000000000e+03 9.832000000000000000e+03 2.372000000000000000e+03 -3.712000000000000000e+03 2.873000000000000000e+03 1.850000000000000000e+03
-8.920000000000000000e+03 1.175200000000000000e+04 1.513600000000000000e+04 -3.712000000000000000e+03 -1.146300000000000000e+04 -1.162000000000000000e+03
-5.344000000000000000e+03 7.160000000000000000e+02 1.145200000000000000e+04 -3.696000000000000000e+03 1.084000000000000000e+03 8.024000000000000000e+03
