-3.904000000000000000e+03 2.468000000000000000e+03 1.350000000000000000e+04 -3.264000000000000000e+03 -2.410000000000000000e+02 1.870000000000000000e+02
-3.984000000000000000e+03 2.396000000000000000e+03 1.356800000000000000e+04 -3.248000000000000000e+03 -3.130000000000000000e+02 1.480000000000000000e+02
-4.072000000000000000e+03 2.344000000000000000e+03 1.378400000000000000e+04 -3.232000000000000000e+03 -3.320000000000000000e+02 2.370000000000000000e+02
-4.016000000000000000e+03 2.408000000000000000e+03 1.352800000000000000e+04 -3.264000000000000000e+03 -2.410000000000000000e+02 1.660000000000000000e+02
-4.064000000000000000e+03 2.244000000000000000e+03 1.359600000000000000e+04 -3.280000000000000000e+03 -2.700000000000000000e+02 1.430000000000000000e+02
-4.036000000000000000e+03 2.388000000000000000e+03 1.366400000000000000e+04 -3.248000000000000000e+03 -2.940000000000000000e+02 1.880000000000000000e+02
-3.920000000000000000e+03 2.192000000000000000e+03 1.382000000000000000e+04 -3.264000000000000000e+03 -3.690000000000000000e+02 1.230000000000000000e+02
-3.888000000000000000e+03 2.480000000000000000e+03 1.352800000000000000e+04 -3.248000000000000000e+03 -1.350000000000000000e+02 2.130000000000000000e+02
-4.064000000000000000e+03 2.448000000000000000e+03 1.354800000000000000e+04 -3.248000000000000000e+03 -4.490000000000000000e+02 2.210000000000000000e+02
-4.036000000000000000e+03 2.224000000000000000e+03 1.363600000000000000e+04 -3.232000000000000000e+03 -2.240000000000000000e+02 1.250000000000000000e+02
-4.060000000000000000e+03 2.480000000000000000e+03 1.368400000000000000e+04 -3.264000000000000000e+03 -2.980000000000000000e+02 1.610000000000000000e+02
-3.856000000000000000e+03 2.328000000000000000e+03 1.341600000000000000e+04 -3.248000000000000000e+03 -2.120000000000000000e+02 2.580000000000000000e+02
-3.848000000000000000e+03 2.452000000000000000e+03 1.337600000000000000e+04 -3.264000000000000000e+03 -3.080000000000000000e+02 2.400000000000000000e+02
-4.180000000000000000e+03 2.060000000000000000e+03 1.365600000000000000e+04 -3.232000000000000000e+03 -3.550000000000000000e+02 3.500000000000000000e+02
-4.440000000000000000e+03 2.120000000000000000e+03 1.382800000000000000e+04 -3.248000000000000000e+03 -2.470000000000000000e+02 9.100000000000000000e+01
-4.156000000000000000e+03 2.328000000000000000e+03 1.347200000000000000e+04 -3.248000000000000000e+03 -2.390000000000000000e+02 1.790000000000000000e+02
-4.128000000000000000e+03 2.388000000000000000e+03 1.358400000000000000e+04 -3.264000000000000000e+03 -2.520000000000000000e+02 1.900000000000000000e+02
-4.148000000000000000e+03 2.456000000000000000e+03 1.359200000000000000e+04 -3.264000000000000000e+03 -2.910000000000000000e+02 2.520000000000000000e+02
-4.124000000000000000e+03 2.480000000000000000e+03 1.340000000000000000e+04 -3.248000000000000000e+03 -2.730000000000000000e+02 3.020000000000000000e+02
-4.128000000000000000e+03 2.416000000000000000e+03 1.373200000000000000e+04 -3.232000000000000000e+03 -3.310000000000000000e+02 1.490000000000000000e+02
-4.188000000000000000e+03 2.300000000000000000e+03 1.379200000000000000e+04 -3.232000000000000000e+03 -3.220000000000000000e+02 2.190000000000000000e+02
-3.968000000000000000e+03 2.272000000000000000e+03 1.361200000000000000e+04 -3.248000000000000000e+03 -1.210000000000000000e+02 5.300000000000000000e+01
-4.052000000000000000e+03 2.492000000000000000e+03 1.320800000000000000e+04 -3.280000000000000000e+03 -2.680000000000000000e+02 2.320000000000000000e+02
-4.300000000000000000e+03 2.304000000000000000e+03 1.336000000000000000e+04 -3.232000000000000000e+03 -3.710000000000000000e+02 2.750000000000000000e+02
-4.256000000000000000e+03 2.360000000000000000e+03 1.363600000000000000e+04 -3.280000000000000000e+03 -2.860000000000000000e+02 1.400000000000000000e+02
-3.912000000000000000e+03 2.328000000000000000e+03 1.349200000000000000e+04 -3.280000000000000000e+03 -2.420000000000000000e+02 2.640000000000000000e+02
-4.092000000000000000e+03 2.492000000000000000e+03 1.364400000000000000e+04 -3.232000000000000000e+03 -1.820000000000000000e+02 3.350000000000000000e+02
-4.060000000000000000e+03 2.352000000000000000e+03 1.348400000000000000e+04 -3.248000000000000000e+03 -4.060000000000000000e+02 3.130000000000000000e+02
-4.080000000000000000e+03 2.280000000000000000e+03 1.369600000000000000e+04 -3.248000000000000000e+03 -6.500000000000000000e+01 5.050000000000000000e+02
-4.036000000000000000e+03 2.356000000000000000e+03 1.365200000000000000e+04 -3.232000000000000000e+03 -3.500000000000000000e+02 5.800000000000000000e+01
-4.084000000000000000e+03 2.352000000000000000e+03 1.358400000000000000e+04 -3.232000000000000000e+03 -1.300000000000000000e+02 -2.400000000000000000e+01
-4.264000000000000000e+03 2.396000000000000000e+03 1.354400000000000000e+04 -3.264000000000000000e+03 -4.910000000000000000e+02 -1.730000000000000000e+02
-4.724000000000000000e+03 2.120000000000000000e+03 1.365600000000000000e+04 -3.232000000000000000e+03 -3.760000000000000000e+02 -3.030000000000000000e+02
-4.612000000000000000e+03 2.392000000000000000e+03 1.376800000000000000e+04 -3.248000000000000000e+03 -4.100000000000000000e+02 -5.260000000000000000e+02
-4.208000000000000000e+03 2.352000000000000000e+03 1.352800000000000000e+04 -3.264000000000000000e+03 -3.740000000000000000e+02 -5.860000000000000000e+02
-4.176000000000000000e+03 2.252000000000000000e+03 1.379200000000000000e+04 -3.248000000000000000e+03 -5.800000000000000000e+02 -4.270000000000000000e+02
-3.712000000000000000e+03 2.264000000000000000e+03 1.380400000000000000e+04 -3.216000000000000000e+03 -4.060000000000000000e+02 -6.380000000000000000e+02
-3.248000000000000000e+03 2.300000000000000000e+03 1.417600000000000000e+04 -3.264000000000000000e+03 -4.070000000000000000e+02 -6.220000000000000000e+02
-3.012000000000000000e+03 2.416000000000000000e+03 1.356400000000000000e+04 -3.216000000000000000e+03 -9.500000000000000000e+01 -5.080000000000000000e+02
-3.308000000000000000e+03 2.560000000000000000e+03 1.391600000000000000e+04 -3.232000000000000000e+03 -2.210000000000000000e+02 -2.500000000000000000e+02
-3.320000000000000000e+03 2.088000000000000000e+03 1.345200000000000000e+04 -3.248000000000000000e+03 -1.270000000000000000e+02 -2.270000000000000000e+02
-3.808000000000000000e+03 2.380000000000000000e+03 1.330000000000000000e+04 -3.232000000000000000e+03 -3.270000000000000000e+02 2.400000000000000000e+02
-3.744000000000000000e+03 2.200000000000000000e+03 1.360800000000000000e+04 -3.248000000000000000e+03 -1.490000000000000000e+02 2.450000000000000000e+02
-3.164000000000000000e+03 3.040000000000000000e+03 1.337200000000000000e+04 -3.232000000000000000e+03 2.750000000000000000e+02 8.160000000000000000e+02
-2.912000000000000000e+03 3.836000000000000000e+03 1.434000000000000000e+04 -3.232000000000000000e+03 9.720000000000000000e+02 8.710000000000000000e+02
-3.052000000000000000e+03 2.792000000000000000e+03 1.322400000000000000e+04 -3.232000000000000000e+03 -6.360000000000000000e+02 2.690000000000000000e+02
-3.652000000000000000e+03 2.052000000000000000e+03 1.362800000000000000e+04 -3.232000000000000000e+03 5.750000000000000000e+02 1.367000000000000000e+03
-3.996000000000000000e+03 2.144000000000000000e+03 1.382400000000000000e+04 -3.280000000000000000e+03 -3.200000000000000000e+02 3.740000000000000000e+02
-3.928000000000000000e+03 2.104000000000000000e+03 1.334800000000000000e+04 -3.232000000000000000e+03 3.530000000000000000e+02 1.018000000000000000e+03
-4.020000000000000000e+03 2.584000000000000000e+03 1.433600000000000000e+04 -3.216000000000000000e+03 -3.560000000000000000e+02 1.050000000000000000e+02
-3.716000000000000000e+03 2.388000000000000000e+03 1.342400000000000000e+04 -3.248000000000000000e+03 3.820000000000000000e+02 7.000000000000000000e+02
-3.592000000000000000e+03 3.056000000000000000e+03 1.392800000000000000e+04 -3.232000000000000000e+03 1.300000000000000000e+02 4.400000000000000000e+01
-3.540000000000000000e+03 2.844000000000000000e+03 1.233200000000000000e+04 -3.216000000000000000e+03 4.200000000000000000e+01 6.040000000000000000e+02
-4.372000000000000000e+03 2.508000000000000000e+03 1.308000000000000000e+04 -3.248000000000000000e+03 -3.050000000000000000e+02 9.160000000000000000e+02
-4.052000000000000000e+03 2.200000000000000000e+03 1.379200000000000000e+04 -3.232000000000000000e+03 -9.130000000000000000e+02 2.720000000000000000e+02
-3.968000000000000000e+03 2.180000000000000000e+03 1.493600000000000000e+04 -3.232000000000000000e+03 1.390000000000000000e+02 7.990000000000000000e+02
-3.664000000000000000e+03 2.996000000000000000e+03 1.400400000000000000e+04 -3.264000000000000000e+03 4.530000000000000000e+02 -1.940000000000000000e+02
-4.124000000000000000e+03 2.640000000000000000e+03 1.330800000000000000e+04 -3.216000000000000000e+03 4.190000000000000000e+02 3.380000000000000000e+02
-4.440000000000000000e+03 2.988000000000000000e+03 1.314800000000000000e+04 -3.248000000000000000e+03 2.780000000000000000e+02 6.300000000000000000e+01
-3.664000000000000000e+03 3.124000000000000000e+03 1.295600000000000000e+04 -3.216000000000000000e+03 1.160000000000000000e+02 4.970000000000000000e+02
-3.592000000000000000e+03 3.124000000000000000e+03 1.279200000000000000e+04 -3.232000000000000000e+03 2.200000000000000000e+02 6.780000000000000000e+02
-4.440000000000000000e+03 2.760000000000000000e+03 1.304400000000000000e+04 -3.248000000000000000e+03 -2.670000000000000000e+02 9.620000000000000000e+02
-4.500000000000000000e+03 2.488000000000000000e+03 1.323200000000000000e+04 -3.200000000000000000e+03 -4.060000000000000000e+02 9.280000000000000000e+02
-4.788000000000000000e+03 2.532000000000000000e+03 1.384000000000000000e+04 -3.232000000000000000e+03 -5.870000000000000000e+02 3.750000000000000000e+02
-4.656000000000000000e+03 2.568000000000000000e+03 1.402400000000000000e+04 -3.216000000000000000e+03 -6.240000000000000000e+02 3.440000000000000000e+02
-4.420000000000000000e+03 2.788000000000000000e+03 1.376800000000000000e+04 -3.232000000000000000e+03 1.870000000000000000e+02 5.100000000000000000e+01
-4.348000000000000000e+03 2.448000000000000000e+03 1.392800000000000000e+04 -3.248000000000000000e+03 5.110000000000000000e+02 -7.740000000000000000e+02
-4.452000000000000000e+03 2.400000000000000000e+03 1.342800000000000000e+04 -3.232000000000000000e+03 7.830000000000000000e+02 -2.590000000000000000e+02
-4.496000000000000000e+03 2.460000000000000000e+03 1.275600000000000000e+04 -3.216000000000000000e+03 -2.320000000000000000e+02 5.900000000000000000e+02
-4.288000000000000000e+03 2.892000000000000000e+03 1.374400000000000000e+04 -3.264000000000000000e+03 -1.980000000000000000e+02 1.400000000000000000e+02
-3.460000000000000000e+03 3.468000000000000000e+03 1.335200000000000000e+04 -3.264000000000000000e+03 -1.910000000000000000e+02 3.120000000000000000e+02
-4.012000000000000000e+03 3.540000000000000000e+03 1.359200000000000000e+04 -3.216000000000000000e+03 3.500000000000000000e+01 4.260000000000000000e+02
-4.616000000000000000e+03 3.168000000000000000e+03 1.323200000000000000e+04 -3.216000000000000000e+03 -2.430000000000000000e+02 2.510000000000000000e+02
-4.964000000000000000e+03 2.956000000000000000e+03 1.326000000000000000e+04 -3.216000000000000000e+03 -1.640000000000000000e+02 1.540000000000000000e+02
-4.556000000000000000e+03 2.804000000000000000e+03 1.332400000000000000e+04 -3.232000000000000000e+03 -4.190000000000000000e+02 7.900000000000000000e+01
-4.168000000000000000e+03 3.204000000000000000e+03 1.348000000000000000e+04 -3.232000000000000000e+03 -2.670000000000000000e+02 6.000000000000000000e+01
-3.824000000000000000e+03 2.988000000000000000e+03 1.312400000000000000e+04 -3.232000000000000000e+03 -3.670000000000000000e+02 1.130000000000000000e+02
-4.364000000000000000e+03 3.228000000000000000e+03 1.360800000000000000e+04 -3.216000000000000000e+03 -2.370000000000000000e+02 3.800000000000000000e+01
-4.284000000000000000e+03 2.916000000000000000e+03 1.302800000000000000e+04 -3.248000000000000000e+03 -4.700000000000000000e+02 1.540000000000000000e+02
-4.408000000000000000e+03 3.144000000000000000e+03 1.334800000000000000e+04 -3.200000000000000000e+03 -2.960000000000000000e+02 2.480000000000000000e+02
-4.288000000000000000e+03 3.016000000000000000e+03 1.327200000000000000e+04 -3.216000000000000000e+03 -5.850000000000000000e+02 2.710000000000000000e+02
-4.276000000000000000e+03 2.976000000000000000e+03 1.352800000000000000e+04 -3.232000000000000000e+03 -4.240000000000000000e+02 5.250000000000000000e+02
-4.328000000000000000e+03 2.920000000000000000e+03 1.340000000000000000e+04 -3.232000000000000000e+03 -4.600000000000000000e+02 1.860000000000000000e+02
-4.188000000000000000e+03 2.876000000000000000e+03 1.330000000000000000e+04 -3.248000000000000000e+03 -2.300000000000000000e+02 4.390000000000000000e+02
-4.148000000000000000e+03 2.740000000000000000e+03 1.366400000000000000e+04 -3.200000000000000000e+03 -2.930000000000000000e+02 6.450000000000000000e+02
