-5.572000000000000000e+03 1.572000000000000000e+03 1.349600000000000000e+04 -3.600000000000000000e+03 -1.510000000000000000e+02 1.200000000000000000e+02
-5.620000000000000000e+03 1.624000000000000000e+03 1.287200000000000000e+04 -3.568000000000000000e+03 -2.350000000000000000e+02 3.080000000000000000e+02
-5.620000000000000000e+03 1.556000000000000000e+03 1.331600000000000000e+04 -3.600000000000000000e+03 -1.340000000000000000e+02 1.580000000000000000e+02
-5.500000000000000000e+03 1.744000000000000000e+03 1.325600000000000000e+04 -3.584000000000000000e+03 -1.910000000000000000e+02 2.640000000000000000e+02
-6.024000000000000000e+03 1.668000000000000000e+03 1.309200000000000000e+04 -3.584000000000000000e+03 -9.390000000000000000e+02 -7.500000000000000000e+01
-5.384000000000000000e+03 1.288000000000000000e+03 1.321200000000000000e+04 -3.616000000000000000e+03 -1.910000000000000000e+02 4.520000000000000000e+02
-5.316000000000000000e+03 1.964000000000000000e+03 1.358000000000000000e+04 -3.616000000000000000e+03 -2.250000000000000000e+02 -2.020000000000000000e+02
-5.508000000000000000e+03 1.780000000000000000e+03 1.278800000000000000e+04 -3.584000000000000000e+03 -2.470000000000000000e+02 4.860000000000000000e+02
-5.712000000000000000e+03 1.428000000000000000e+03 1.346800000000000000e+04 -3.584000000000000000e+03 -2.810000000000000000e+02 -1.720000000000000000e+02
-5.220000000000000000e+03 1.684000000000000000e+03 1.322800000000000000e+04 -3.568000000000000000e+03 2.550000000000000000e+02 3.620000000000000000e+02
-5.788000000000000000e+03 1.456000000000000000e+03 1.305600000000000000e+04 -3.600000000000000000e+03 -5.820000000000000000e+02 4.400000000000000000e+01
-5.924000000000000000e+03 1.256000000000000000e+03 1.304800000000000000e+04 -3.600000000000000000e+03 -5.400000000000000000e+01 1.510000000000000000e+02
-6.072000000000000000e+03 1.548000000000000000e+03 1.344400000000000000e+04 -3.568000000000000000e+03 -5.630000000000000000e+02 -1.460000000000000000e+02
-5.276000000000000000e+03 1.108000000000000000e+03 1.314800000000000000e+04 -3.584000000000000000e+03 -2.900000000000000000e+02 -1.150000000000000000e+02
-5.732000000000000000e+03 1.688000000000000000e+03 1.372000000000000000e+04 -3.568000000000000000e+03 -5.080000000000000000e+02 -1.280000000000000000e+02
-4.912000000000000000e+03 1.612000000000000000e+03 1.283600000000000000e+04 -3.584000000000000000e+03 -3.920000000000000000e+02 1.800000000000000000e+01
-5.032000000000000000e+03 1.856000000000000000e+03 1.329200000000000000e+04 -3.584000000000000000e+03 -2.740000000000000000e+02 2.630000000000000000e+02
-5.256000000000000000e+03 1.756000000000000000e+03 1.334000000000000000e+04 -3.616000000000000000e+03 -5.470000000000000000e+02 -5.200000000000000000e+01
-5.284000000000000000e+03 1.676000000000000000e+03 1.310400000000000000e+04 -3.600000000000000000e+03 -1.650000000000000000e+02 3.060000000000000000e+02
-5.708000000000000000e+03 1.360000000000000000e+03 1.323200000000000000e+04 -3.600000000000000000e+03 -5.480000000000000000e+02 7.700000000000000000e+01
-5.372000000000000000e+03 1.424000000000000000e+03 1.304400000000000000e+04 -3.600000000000000000e+03 -2.600000000000000000e+02 3.800000000000000000e+01
-5.588000000000000000e+03 1.504000000000000000e+03 1.359200000000000000e+04 -3.632000000000000000e+03 -4.100000000000000000e+02 2.140000000000000000e+02
-5.332000000000000000e+03 1.508000000000000000e+03 1.320800000000000000e+04 -3.584000000000000000e+03 -3.450000000000000000e+02 -2.110000000000000000e+02
-5.176000000000000000e+03 1.808000000000000000e+03 1.345600000000000000e+04 -3.600000000000000000e+03 -3.200000000000000000e+02 2.770000000000000000e+02
-5.112000000000000000e+03 1.748000000000000000e+03 1.319600000000000000e+04 -3.568000000000000000e+03 -4.770000000000000000e+02 -1.100000000000000000e+02
-5.216000000000000000e+03 1.420000000000000000e+03 1.333600000000000000e+04 -3.584000000000000000e+03 -2.020000000000000000e+02 4.000000000000000000e+02
-5.260000000000000000e+03 1.512000000000000000e+03 1.370800000000000000e+04 -3.616000000000000000e+03 -3.340000000000000000e+02 -4.200000000000000000e+01
-5.176000000000000000e+03 1.492000000000000000e+03 1.312800000000000000e+04 -3.584000000000000000e+03 -1.860000000000000000e+02 2.470000000000000000e+02
-5.404000000000000000e+03 1.848000000000000000e+03 1.354400000000000000e+04 -3.600000000000000000e+03 -2.520000000000000000e+02 1.910000000000000000e+02
-5.316000000000000000e+03 1.564000000000000000e+03 1.297200000000000000e+04 -3.600000000000000000e+03 -3.930000000000000000e+02 1.210000000000000000e+02
-5.300000000000000000e+03 1.600000000000000000e+03 1.344000000000000000e+04 -3.616000000000000000e+03 -1.940000000000000000e+02 4.610000000000000000e+02
-5.196000000000000000e+03 1.588000000000000000e+03 1.349200000000000000e+04 -3.552000000000000000e+03 -3.370000000000000000e+02 -2.500000000000000000e+01
-5.244000000000000000e+03 1.524000000000000000e+03 1.324800000000000000e+04 -3.584000000000000000e+03 -2.590000000000000000e+02 2.870000000000000000e+02
-5.416000000000000000e+03 1.604000000000000000e+03 1.342400000000000000e+04 -3.600000000000000000e+03 -1.080000000000000000e+02 1.690000000000000000e+02
-5.440000000000000000e+03 1.656000000000000000e+03 1.321600000000000000e+04 -3.584000000000000000e+03 -4.060000000000000000e+02 9.700000000000000000e+01
-5.220000000000000000e+03 1.576000000000000000e+03 1.298400000000000000e+04 -3.584000000000000000e+03 -9.900000000000000000e+01 2.320000000000000000e+02
-5.124000000000000000e+03 1.836000000000000000e+03 1.352400000000000000e+04 -3.568000000000000000e+03 -4.040000000000000000e+02 1.660000000000000000e+02
-5.124000000000000000e+03 1.564000000000000000e+03 1.326000000000000000e+04 -3.584000000000000000e+03 -1.000000000000000000e+02 3.810000000000000000e+02
-5.148000000000000000e+03 1.556000000000000000e+03 1.323200000000000000e+04 -3.584000000000000000e+03 -2.610000000000000000e+02 1.950000000000000000e+02
-5.380000000000000000e+03 1.584000000000000000e+03 1.317200000000000000e+04 -3.584000000000000000e+03 -2.530000000000000000e+02 2.140000000000000000e+02
-5.588000000000000000e+03 1.520000000000000000e+03 1.358400000000000000e+04 -3.600000000000000000e+03 -1.330000000000000000e+02 2.560000000000000000e+02
-5.336000000000000000e+03 1.632000000000000000e+03 1.303600000000000000e+04 -3.568000000000000000e+03 -1.940000000000000000e+02 1.980000000000000000e+02
-5.444000000000000000e+03 1.664000000000000000e+03 1.317600000000000000e+04 -3.584000000000000000e+03 -2.580000000000000000e+02 1.590000000000000000e+02
-5.364000000000000000e+03 1.716000000000000000e+03 1.331600000000000000e+04 -3.584000000000000000e+03 -3.030000000000000000e+02 1.790000000000000000e+02
-5.440000000000000000e+03 1.480000000000000000e+03 1.336000000000000000e+04 -3.568000000000000000e+03 -2.430000000000000000e+02 1.190000000000000000e+02
-5.448000000000000000e+03 1.584000000000000000e+03 1.322800000000000000e+04 -3.600000000000000000e+03 -2.980000000000000000e+02 1.240000000000000000e+02
-5.344000000000000000e+03 1.504000000000000000e+03 1.322000000000000000e+04 -3.616000000000000000e+03 -2.200000000000000000e+02 1.290000000000000000e+02
-5.312000000000000000e+03 1.760000000000000000e+03 1.338400000000000000e+04 -3.616000000000000000e+03 -3.250000000000000000e+02 3.250000000000000000e+02
-5.524000000000000000e+03 1.472000000000000000e+03 1.349200000000000000e+04 -3.552000000000000000e+03 -2.270000000000000000e+02 1.660000000000000000e+02
-5.432000000000000000e+03 1.464000000000000000e+03 1.329600000000000000e+04 -3.568000000000000000e+03 -2.890000000000000000e+02 1.260000000000000000e+02
-5.340000000000000000e+03 1.664000000000000000e+03 1.312000000000000000e+04 -3.600000000000000000e+03 -3.310000000000000000e+02 1.310000000000000000e+02
-5.512000000000000000e+03 1.480000000000000000e+03 1.319200000000000000e+04 -3.584000000000000000e+03 -4.050000000000000000e+02 1.280000000000000000e+02
-5.364000000000000000e+03 1.764000000000000000e+03 1.318400000000000000e+04 -3.552000000000000000e+03 -2.720000000000000000e+02 1.640000000000000000e+02
-5.284000000000000000e+03 1.512000000000000000e+03 1.335200000000000000e+04 -3.552000000000000000e+03 -3.770000000000000000e+02 9.400000000000000000e+01
-5.360000000000000000e+03 1.656000000000000000e+03 1.332000000000000000e+04 -3.552000000000000000e+03 -1.920000000000000000e+02 1.950000000000000000e+02
-5.448000000000000000e+03 1.412000000000000000e+03 1.341200000000000000e+04 -3.568000000000000000e+03 -3.160000000000000000e+02 1.360000000000000000e+02
-5.492000000000000000e+03 1.440000000000000000e+03 1.324000000000000000e+04 -3.568000000000000000e+03 -2.820000000000000000e+02 2.300000000000000000e+02
-5.512000000000000000e+03 1.588000000000000000e+03 1.338000000000000000e+04 -3.568000000000000000e+03 -2.120000000000000000e+02 9.200000000000000000e+01
-5.244000000000000000e+03 1.684000000000000000e+03 1.320000000000000000e+04 -3.568000000000000000e+03 -3.800000000000000000e+02 2.430000000000000000e+02
-5.288000000000000000e+03 1.748000000000000000e+03 1.334800000000000000e+04 -3.584000000000000000e+03 -2.790000000000000000e+02 2.020000000000000000e+02
-5.332000000000000000e+03 1.576000000000000000e+03 1.325600000000000000e+04 -3.552000000000000000e+03 -4.180000000000000000e+02 5.000000000000000000e+01
-5.328000000000000000e+03 1.548000000000000000e+03 1.328400000000000000e+04 -3.584000000000000000e+03 -2.120000000000000000e+02 2.650000000000000000e+02
-5.544000000000000000e+03 1.500000000000000000e+03 1.329200000000000000e+04 -3.568000000000000000e+03 -3.820000000000000000e+02 -1.030000000000000000e+02
-5.404000000000000000e+03 1.616000000000000000e+03 1.344000000000000000e+04 -3.552000000000000000e+03 -1.880000000000000000e+02 1.730000000000000000e+02
-4.996000000000000000e+03 1.656000000000000000e+03 1.329200000000000000e+04 -3.584000000000000000e+03 -3.580000000000000000e+02 -1.000000000000000000e+00
-5.196000000000000000e+03 1.732000000000000000e+03 1.320800000000000000e+04 -3.584000000000000000e+03 -1.250000000000000000e+02 3.200000000000000000e+02
-5.304000000000000000e+03 1.680000000000000000e+03 1.338800000000000000e+04 -3.584000000000000000e+03 -3.950000000000000000e+02 1.180000000000000000e+02
-5.728000000000000000e+03 1.380000000000000000e+03 1.342800000000000000e+04 -3.568000000000000000e+03 -7.000000000000000000e+00 9.000000000000000000e+01
-5.688000000000000000e+03 2.072000000000000000e+03 1.359200000000000000e+04 -3.552000000000000000e+03 4.180000000000000000e+02 -1.347000000000000000e+03
-5.000000000000000000e+03 1.756000000000000000e+03 1.319600000000000000e+04 -3.536000000000000000e+03 -1.910000000000000000e+02 -3.700000000000000000e+02
-5.148000000000000000e+03 1.520000000000000000e+03 1.337600000000000000e+04 -3.584000000000000000e+03 8.000000000000000000e+00 -3.300000000000000000e+01
-5.372000000000000000e+03 1.340000000000000000e+03 1.364800000000000000e+04 -3.600000000000000000e+03 -4.400000000000000000e+02 1.340000000000000000e+02
-5.120000000000000000e+03 1.472000000000000000e+03 1.341200000000000000e+04 -3.584000000000000000e+03 -1.560000000000000000e+02 1.260000000000000000e+02
-4.920000000000000000e+03 1.976000000000000000e+03 1.322800000000000000e+04 -3.584000000000000000e+03 -4.520000000000000000e+02 -3.900000000000000000e+01
-4.640000000000000000e+03 1.736000000000000000e+03 1.325600000000000000e+04 -3.584000000000000000e+03 -2.280000000000000000e+02 3.820000000000000000e+02
-4.996000000000000000e+03 1.988000000000000000e+03 1.375200000000000000e+04 -3.584000000000000000e+03 -2.800000000000000000e+02 3.420000000000000000e+02
-5.420000000000000000e+03 1.444000000000000000e+03 1.337200000000000000e+04 -3.568000000000000000e+03 -1.980000000000000000e+02 3.310000000000000000e+02
-5.280000000000000000e+03 1.836000000000000000e+03 1.365600000000000000e+04 -3.584000000000000000e+03 -8.100000000000000000e+01 3.800000000000000000e+01
-5.300000000000000000e+03 1.612000000000000000e+03 1.304400000000000000e+04 -3.536000000000000000e+03 -2.410000000000000000e+02 1.460000000000000000e+02
-5.036000000000000000e+03 1.804000000000000000e+03 1.340000000000000000e+04 -3.568000000000000000e+03 6.000000000000000000e+00 2.570000000000000000e+02
-5.136000000000000000e+03 1.848000000000000000e+03 1.324000000000000000e+04 -3.552000000000000000e+03 -3.710000000000000000e+02 9.000000000000000000e+01
-5.260000000000000000e+03 1.588000000000000000e+03 1.311200000000000000e+04 -3.552000000000000000e+03 -2.600000000000000000e+02 2.490000000000000000e+02
-5.176000000000000000e+03 1.812000000000000000e+03 1.369200000000000000e+04 -3.568000000000000000e+03 -2.410000000000000000e+02 3.200000000000000000e+02
-5.052000000000000000e+03 1.680000000000000000e+03 1.327200000000000000e+04 -3.568000000000000000e+03 -2.050000000000000000e+02 1.310000000000000000e+02
-5.032000000000000000e+03 1.884000000000000000e+03 1.348800000000000000e+04 -3.552000000000000000e+03 -2.060000000000000000e+02 1.400000000000000000e+02
