-4.488000000000000000e+03 2.076000000000000000e+03 1.357200000000000000e+04 -3.456000000000000000e+03 -2.890000000000000000e+02 -3.700000000000000000e+01
-4.592000000000000000e+03 2.052000000000000000e+03 1.374000000000000000e+04 -3.456000000000000000e+03 -4.280000000000000000e+02 2.520000000000000000e+02
-4.560000000000000000e+03 2.032000000000000000e+03 1.368800000000000000e+04 -3.472000000000000000e+03 -3.060000000000000000e+02 1.890000000000000000e+02
-4.528000000000000000e+03 1.740000000000000000e+03 1.364000000000000000e+04 -3.472000000000000000e+03 -1.640000000000000000e+02 2.530000000000000000e+02
-4.684000000000000000e+03 1.960000000000000000e+03 1.386800000000000000e+04 -3.456000000000000000e+03 -3.370000000000000000e+02 1.310000000000000000e+02
-4.552000000000000000e+03 2.020000000000000000e+03 1.351200000000000000e+04 -3.456000000000000000e+03 -9.600000000000000000e+01 1.620000000000000000e+02
-4.536000000000000000e+03 1.852000000000000000e+03 1.356000000000000000e+04 -3.488000000000000000e+03 -2.720000000000000000e+02 1.460000000000000000e+02
-4.412000000000000000e+03 1.956000000000000000e+03 1.332400000000000000e+04 -3.488000000000000000e+03 -2.640000000000000000e+02 1.840000000000000000e+02
-4.572000000000000000e+03 2.440000000000000000e+03 1.379600000000000000e+04 -3.488000000000000000e+03 -1.540000000000000000e+02 6.000000000000000000e+01
-4.316000000000000000e+03 1.964000000000000000e+03 1.320000000000000000e+04 -3.472000000000000000e+03 -2.010000000000000000e+02 1.910000000000000000e+02
-4.344000000000000000e+03 2.092000000000000000e+03 1.364400000000000000e+04 -3.440000000000000000e+03 -2.230000000000000000e+02 2.260000000000000000e+02
-4.436000000000000000e+03 2.128000000000000000e+03 1.340000000000000000e+04 -3.472000000000000000e+03 -1.310000000000000000e+02 2.010000000000000000e+02
-4.488000000000000000e+03 2.044000000000000000e+03 1.362000000000000000e+04 -3.488000000000000000e+03 -1.960000000000000000e+02 1.510000000000000000e+02
-4.572000000000000000e+03 1.872000000000000000e+03 1.345200000000000000e+04 -3.456000000000000000e+03 -6.900000000000000000e+01 1.700000000000000000e+02
-4.960000000000000000e+03 1.944000000000000000e+03 1.367600000000000000e+04 -3.488000000000000000e+03 2.890000000000000000e+02 2.470000000000000000e+02
-4.912000000000000000e+03 1.892000000000000000e+03 1.354800000000000000e+04 -3.488000000000000000e+03 7.000000000000000000e+00 4.630000000000000000e+02
-4.812000000000000000e+03 1.704000000000000000e+03 1.322800000000000000e+04 -3.488000000000000000e+03 -7.870000000000000000e+02 2.540000000000000000e+02
-4.776000000000000000e+03 1.596000000000000000e+03 1.391600000000000000e+04 -3.472000000000000000e+03 -2.430000000000000000e+02 1.940000000000000000e+02
-4.680000000000000000e+03 1.580000000000000000e+03 1.356000000000000000e+04 -3.456000000000000000e+03 -3.270000000000000000e+02 -1.080000000000000000e+02
-4.660000000000000000e+03 2.416000000000000000e+03 1.392800000000000000e+04 -3.472000000000000000e+03 -3.480000000000000000e+02 -2.700000000000000000e+01
-4.240000000000000000e+03 2.188000000000000000e+03 1.262400000000000000e+04 -3.472000000000000000e+03 -2.780000000000000000e+02 3.000000000000000000e+01
-4.480000000000000000e+03 2.496000000000000000e+03 1.378000000000000000e+04 -3.456000000000000000e+03 -4.350000000000000000e+02 1.730000000000000000e+02
-4.404000000000000000e+03 2.232000000000000000e+03 1.309200000000000000e+04 -3.472000000000000000e+03 -2.680000000000000000e+02 2.050000000000000000e+02
-4.468000000000000000e+03 1.960000000000000000e+03 1.366400000000000000e+04 -3.456000000000000000e+03 -3.710000000000000000e+02 2.600000000000000000e+01
-4.356000000000000000e+03 1.856000000000000000e+03 1.314400000000000000e+04 -3.472000000000000000e+03 -3.540000000000000000e+02 2.970000000000000000e+02
-4.756000000000000000e+03 2.068000000000000000e+03 1.373600000000000000e+04 -3.456000000000000000e+03 -1.910000000000000000e+02 3.950000000000000000e+02
-4.756000000000000000e+03 1.972000000000000000e+03 1.332800000000000000e+04 -3.488000000000000000e+03 -3.480000000000000000e+02 1.540000000000000000e+02
-4.496000000000000000e+03 1.572000000000000000e+03 1.400400000000000000e+04 -3.472000000000000000e+03 -3.390000000000000000e+02 -7.600000000000000000e+01
-4.612000000000000000e+03 1.768000000000000000e+03 1.345200000000000000e+04 -3.472000000000000000e+03 -1.830000000000000000e+02 3.600000000000000000e+02
-4.612000000000000000e+03 2.200000000000000000e+03 1.365200000000000000e+04 -3.456000000000000000e+03 -3.820000000000000000e+02 3.300000000000000000e+01
-4.328000000000000000e+03 1.992000000000000000e+03 1.346400000000000000e+04 -3.488000000000000000e+03 9.000000000000000000e+00 3.010000000000000000e+02
-4.656000000000000000e+03 2.224000000000000000e+03 1.397600000000000000e+04 -3.488000000000000000e+03 -1.850000000000000000e+02 1.700000000000000000e+02
-4.472000000000000000e+03 2.052000000000000000e+03 1.325600000000000000e+04 -3.440000000000000000e+03 -1.810000000000000000e+02 2.620000000000000000e+02
-4.772000000000000000e+03 2.464000000000000000e+03 1.407600000000000000e+04 -3.472000000000000000e+03 -3.200000000000000000e+02 4.010000000000000000e+02
-5.180000000000000000e+03 1.296000000000000000e+03 1.232000000000000000e+04 -3.456000000000000000e+03 -6.590000000000000000e+02 5.500000000000000000e+01
-5.200000000000000000e+03 2.216000000000000000e+03 1.486400000000000000e+04 -3.456000000000000000e+03 -1.840000000000000000e+02 2.790000000000000000e+02
-3.904000000000000000e+03 1.788000000000000000e+03 1.267600000000000000e+04 -3.456000000000000000e+03 -3.790000000000000000e+02 -7.000000000000000000e+01
-3.884000000000000000e+03 3.508000000000000000e+03 1.305600000000000000e+04 -3.440000000000000000e+03 -3.730000000000000000e+02 3.830000000000000000e+02
-3.812000000000000000e+03 2.292000000000000000e+03 1.305200000000000000e+04 -3.472000000000000000e+03 -7.310000000000000000e+02 -5.120000000000000000e+02
-4.796000000000000000e+03 2.612000000000000000e+03 1.430400000000000000e+04 -3.456000000000000000e+03 -2.150000000000000000e+02 5.940000000000000000e+02
-4.688000000000000000e+03 1.192000000000000000e+03 1.280400000000000000e+04 -3.488000000000000000e+03 -7.600000000000000000e+02 -1.220000000000000000e+02
-4.900000000000000000e+03 1.744000000000000000e+03 1.431200000000000000e+04 -3.456000000000000000e+03 -5.100000000000000000e+02 4.000000000000000000e+00
-4.716000000000000000e+03 1.508000000000000000e+03 1.339600000000000000e+04 -3.472000000000000000e+03 -1.170000000000000000e+02 8.300000000000000000e+01
-2.344000000000000000e+03 1.776000000000000000e+03 1.491200000000000000e+04 -3.440000000000000000e+03 8.060000000000000000e+02 1.813000000000000000e+03
-2.688000000000000000e+03 3.148000000000000000e+03 1.026400000000000000e+04 -3.472000000000000000e+03 -2.098000000000000000e+03 -9.990000000000000000e+02
-5.044000000000000000e+03 3.092000000000000000e+03 1.567200000000000000e+04 -3.456000000000000000e+03 7.410000000000000000e+02 1.429000000000000000e+03
-4.828000000000000000e+03 2.560000000000000000e+02 1.234800000000000000e+04 -3.472000000000000000e+03 -7.920000000000000000e+02 -6.000000000000000000e+00
-5.424000000000000000e+03 1.472000000000000000e+03 1.438800000000000000e+04 -3.440000000000000000e+03 1.080000000000000000e+03 1.039000000000000000e+03
-5.128000000000000000e+03 9.920000000000000000e+02 1.279200000000000000e+04 -3.456000000000000000e+03 -5.890000000000000000e+02 -4.770000000000000000e+02
-4.740000000000000000e+03 2.360000000000000000e+03 1.426000000000000000e+04 -3.456000000000000000e+03 9.260000000000000000e+02 8.240000000000000000e+02
-4.256000000000000000e+03 1.636000000000000000e+03 1.357600000000000000e+04 -3.456000000000000000e+03 -1.090000000000000000e+03 6.600000000000000000e+01
-4.320000000000000000e+03 1.956000000000000000e+03 1.404400000000000000e+04 -3.488000000000000000e+03 4.290000000000000000e+02 1.561000000000000000e+03
-4.416000000000000000e+03 2.112000000000000000e+03 1.333600000000000000e+04 -3.472000000000000000e+03 -1.192000000000000000e+03 -3.200000000000000000e+02
-5.060000000000000000e+03 2.780000000000000000e+03 1.432800000000000000e+04 -3.488000000000000000e+03 8.000000000000000000e+00 5.890000000000000000e+02
-4.756000000000000000e+03 2.016000000000000000e+03 1.332800000000000000e+04 -3.440000000000000000e+03 -8.390000000000000000e+02 -5.020000000000000000e+02
-4.740000000000000000e+03 1.828000000000000000e+03 1.361200000000000000e+04 -3.456000000000000000e+03 -2.800000000000000000e+02 5.100000000000000000e+02
-4.636000000000000000e+03 2.704000000000000000e+03 1.326800000000000000e+04 -3.456000000000000000e+03 -4.820000000000000000e+02 6.300000000000000000e+01
-4.304000000000000000e+03 2.060000000000000000e+03 1.348800000000000000e+04 -3.424000000000000000e+03 1.030000000000000000e+02 3.740000000000000000e+02
-4.548000000000000000e+03 2.568000000000000000e+03 1.355600000000000000e+04 -3.488000000000000000e+03 -3.780000000000000000e+02 1.100000000000000000e+02
-4.444000000000000000e+03 2.668000000000000000e+03 1.327200000000000000e+04 -3.456000000000000000e+03 -1.240000000000000000e+02 1.660000000000000000e+02
-4.236000000000000000e+03 1.896000000000000000e+03 1.372400000000000000e+04 -3.440000000000000000e+03 -6.580000000000000000e+02 3.000000000000000000e+01
-4.756000000000000000e+03 2.612000000000000000e+03 1.372400000000000000e+04 -3.456000000000000000e+03 -3.890000000000000000e+02 1.600000000000000000e+01
-4.340000000000000000e+03 2.260000000000000000e+03 1.300800000000000000e+04 -3.456000000000000000e+03 -2.000000000000000000e+02 3.900000000000000000e+01
-4.400000000000000000e+03 2.352000000000000000e+03 1.400400000000000000e+04 -3.424000000000000000e+03 1.350000000000000000e+02 1.540000000000000000e+02
-4.300000000000000000e+03 2.224000000000000000e+03 1.308400000000000000e+04 -3.456000000000000000e+03 -7.050000000000000000e+02 -3.970000000000000000e+02
-4.640000000000000000e+03 2.424000000000000000e+03 1.388400000000000000e+04 -3.472000000000000000e+03 1.140000000000000000e+02 2.630000000000000000e+02
-4.552000000000000000e+03 1.876000000000000000e+03 1.311600000000000000e+04 -3.472000000000000000e+03 -6.080000000000000000e+02 1.770000000000000000e+02
-4.672000000000000000e+03 2.292000000000000000e+03 1.373600000000000000e+04 -3.472000000000000000e+03 -4.600000000000000000e+01 4.010000000000000000e+02
-4.628000000000000000e+03 2.320000000000000000e+03 1.341600000000000000e+04 -3.472000000000000000e+03 -4.710000000000000000e+02 1.170000000000000000e+02
-4.608000000000000000e+03 2.104000000000000000e+03 1.351200000000000000e+04 -3.488000000000000000e+03 -1.080000000000000000e+02 3.220000000000000000e+02
-4.672000000000000000e+03 2.020000000000000000e+03 1.350000000000000000e+04 -3.456000000000000000e+03 -6.660000000000000000e+02 -1.100000000000000000e+01
-4.756000000000000000e+03 1.944000000000000000e+03 1.361600000000000000e+04 -3.456000000000000000e+03 -7.000000000000000000e+01 4.570000000000000000e+02
-4.612000000000000000e+03 1.800000000000000000e+03 1.352400000000000000e+04 -3.424000000000000000e+03 -5.390000000000000000e+02 -5.300000000000000000e+01
-4.752000000000000000e+03 2.000000000000000000e+03 1.355200000000000000e+04 -3.440000000000000000e+03 -2.700000000000000000e+01 2.470000000000000000e+02
-4.568000000000000000e+03 1.940000000000000000e+03 1.328400000000000000e+04 -3.440000000000000000e+03 -4.710000000000000000e+02 2.060000000000000000e+02
-4.736000000000000000e+03 2.072000000000000000e+03 1.350000000000000000e+04 -3.440000000000000000e+03 9.700000000000000000e+01 4.680000000000000000e+02
-4.804000000000000000e+03 1.860000000000000000e+03 1.379200000000000000e+04 -3.456000000000000000e+03 -6.820000000000000000e+02 -1.280000000000000000e+02
-4.728000000000000000e+03 2.004000000000000000e+03 1.358400000000000000e+04 -3.440000000000000000e+03 3.600000000000000000e+01 4.340000000000000000e+02
-4.824000000000000000e+03 1.976000000000000000e+03 1.388800000000000000e+04 -3.488000000000000000e+03 -5.500000000000000000e+02 -9.300000000000000000e+01
-4.548000000000000000e+03 2.108000000000000000e+03 1.346400000000000000e+04 -3.440000000000000000e+03 -2.620000000000000000e+02 1.510000000000000000e+02
-4.572000000000000000e+03 2.264000000000000000e+03 1.324400000000000000e+04 -3.472000000000000000e+03 -5.440000000000000000e+02 7.000000000000000000e+01
-4.436000000000000000e+03 1.764000000000000000e+03 1.310800000000000000e+04 -3.440000000000000000e+03 -3.390000000000000000e+02 1.760000000000000000e+02
-4.640000000000000000e+03 2.116000000000000000e+03 1.365600000000000000e+04 -3.472000000000000000e+03 -3.430000000000000000e+02 1.360000000000000000e+02
-4.644000000000000000e+03 1.900000000000000000e+03 1.348400000000000000e+04 -3.488000000000000000e+03 -3.010000000000000000e+02 1.990000000000000000e+02
-4.904000000000000000e+03 2.200000000000000000e+03 1.373200000000000000e+04 -3.456000000000000000e+03 -2.290000000000000000e+02 3.070000000000000000e+02
