-6.124000000000000000e+03 1.788000000000000000e+03 1.299200000000000000e+04 -3.424000000000000000e+03 -1.920000000000000000e+02 6.300000000000000000e+01
-6.440000000000000000e+03 1.884000000000000000e+03 1.310800000000000000e+04 -3.456000000000000000e+03 -2.120000000000000000e+02 5.480000000000000000e+02
-6.016000000000000000e+03 1.644000000000000000e+03 1.268800000000000000e+04 -3.456000000000000000e+03 -4.780000000000000000e+02 -4.500000000000000000e+01
-6.136000000000000000e+03 1.932000000000000000e+03 1.296800000000000000e+04 -3.440000000000000000e+03 -2.810000000000000000e+02 3.930000000000000000e+02
-6.036000000000000000e+03 2.016000000000000000e+03 1.284800000000000000e+04 -3.440000000000000000e+03 -1.563000000000000000e+03 1.590000000000000000e+02
-5.796000000000000000e+03 2.040000000000000000e+03 1.239200000000000000e+04 -3.456000000000000000e+03 -1.735000000000000000e+03 8.860000000000000000e+02
-6.068000000000000000e+03 2.008000000000000000e+03 1.328000000000000000e+04 -3.440000000000000000e+03 -1.885000000000000000e+03 -2.110000000000000000e+02
-5.896000000000000000e+03 1.300000000000000000e+03 1.280400000000000000e+04 -3.440000000000000000e+03 -6.880000000000000000e+02 8.720000000000000000e+02
-6.364000000000000000e+03 1.916000000000000000e+03 1.358400000000000000e+04 -3.440000000000000000e+03 -1.496000000000000000e+03 1.400000000000000000e+01
-5.976000000000000000e+03 1.124000000000000000e+03 1.244800000000000000e+04 -3.456000000000000000e+03 -1.186000000000000000e+03 2.120000000000000000e+02
-6.444000000000000000e+03 1.624000000000000000e+03 1.335600000000000000e+04 -3.440000000000000000e+03 -1.317000000000000000e+03 5.840000000000000000e+02
-6.132000000000000000e+03 1.192000000000000000e+03 1.287200000000000000e+04 -3.456000000000000000e+03 -1.332000000000000000e+03 -2.700000000000000000e+01
-6.152000000000000000e+03 1.240000000000000000e+03 1.304000000000000000e+04 -3.440000000000000000e+03 -1.266000000000000000e+03 4.860000000000000000e+02
-6.352000000000000000e+03 1.544000000000000000e+03 1.325600000000000000e+04 -3.456000000000000000e+03 -1.645000000000000000e+03 2.530000000000000000e+02
-6.132000000000000000e+03 6.600000000000000000e+02 1.213600000000000000e+04 -3.472000000000000000e+03 -1.110000000000000000e+03 4.100000000000000000e+02
-6.668000000000000000e+03 1.084000000000000000e+03 1.389200000000000000e+04 -3.408000000000000000e+03 -2.620000000000000000e+03 9.920000000000000000e+02
-6.140000000000000000e+03 8.960000000000000000e+02 1.304400000000000000e+04 -3.456000000000000000e+03 -1.549000000000000000e+03 1.210000000000000000e+02
-6.204000000000000000e+03 6.040000000000000000e+02 1.246000000000000000e+04 -3.472000000000000000e+03 -1.406000000000000000e+03 5.300000000000000000e+02
-6.196000000000000000e+03 9.840000000000000000e+02 1.319600000000000000e+04 -3.424000000000000000e+03 -1.663000000000000000e+03 7.840000000000000000e+02
-6.548000000000000000e+03 7.520000000000000000e+02 1.302800000000000000e+04 -3.456000000000000000e+03 -1.883000000000000000e+03 2.450000000000000000e+02
-5.912000000000000000e+03 3.560000000000000000e+02 1.278000000000000000e+04 -3.424000000000000000e+03 -7.370000000000000000e+02 4.330000000000000000e+02
-6.492000000000000000e+03 5.520000000000000000e+02 1.378400000000000000e+04 -3.456000000000000000e+03 -1.903000000000000000e+03 7.410000000000000000e+02
-6.476000000000000000e+03 -2.640000000000000000e+02 1.322800000000000000e+04 -3.440000000000000000e+03 -1.176000000000000000e+03 5.190000000000000000e+02
-6.596000000000000000e+03 -6.720000000000000000e+02 1.274800000000000000e+04 -3.456000000000000000e+03 -1.527000000000000000e+03 7.630000000000000000e+02
-6.236000000000000000e+03 3.800000000000000000e+02 1.416800000000000000e+04 -3.440000000000000000e+03 3.820000000000000000e+02 1.856000000000000000e+03
-5.860000000000000000e+03 -8.080000000000000000e+02 1.278000000000000000e+04 -3.472000000000000000e+03 -1.035000000000000000e+03 -5.760000000000000000e+02
-6.932000000000000000e+03 -1.440000000000000000e+02 1.240800000000000000e+04 -3.456000000000000000e+03 4.950000000000000000e+02 1.476000000000000000e+03
-6.540000000000000000e+03 -1.080000000000000000e+03 1.366400000000000000e+04 -3.440000000000000000e+03 -3.090000000000000000e+02 -9.570000000000000000e+02
-6.152000000000000000e+03 5.200000000000000000e+01 1.192000000000000000e+04 -3.424000000000000000e+03 1.173000000000000000e+03 -2.950000000000000000e+02
-6.716000000000000000e+03 1.600000000000000000e+03 1.191600000000000000e+04 -3.456000000000000000e+03 6.050000000000000000e+02 -6.210000000000000000e+02
-6.228000000000000000e+03 2.280000000000000000e+03 1.214000000000000000e+04 -3.440000000000000000e+03 7.430000000000000000e+02 7.810000000000000000e+02
-6.612000000000000000e+03 1.412000000000000000e+03 1.242400000000000000e+04 -3.408000000000000000e+03 7.380000000000000000e+02 3.350000000000000000e+02
-6.336000000000000000e+03 5.440000000000000000e+02 1.263200000000000000e+04 -3.456000000000000000e+03 1.423000000000000000e+03 1.839000000000000000e+03
-6.824000000000000000e+03 -3.480000000000000000e+02 1.403200000000000000e+04 -3.408000000000000000e+03 1.991000000000000000e+03 2.985000000000000000e+03
-7.792000000000000000e+03 1.216000000000000000e+03 1.385600000000000000e+04 -3.456000000000000000e+03 3.630000000000000000e+02 1.235000000000000000e+03
-7.124000000000000000e+03 1.488000000000000000e+03 1.246400000000000000e+04 -3.440000000000000000e+03 -2.370000000000000000e+02 8.230000000000000000e+02
-6.400000000000000000e+03 3.120000000000000000e+03 1.434800000000000000e+04 -3.440000000000000000e+03 -1.145000000000000000e+03 -1.511000000000000000e+03
-5.716000000000000000e+03 5.720000000000000000e+02 1.025600000000000000e+04 -3.408000000000000000e+03 4.980000000000000000e+02 4.240000000000000000e+02
-7.428000000000000000e+03 1.316000000000000000e+03 1.256000000000000000e+04 -3.408000000000000000e+03 1.200000000000000000e+01 1.610000000000000000e+03
-5.880000000000000000e+03 1.900000000000000000e+03 1.223600000000000000e+04 -3.440000000000000000e+03 9.270000000000000000e+02 8.680000000000000000e+02
-6.512000000000000000e+03 1.440000000000000000e+03 1.318800000000000000e+04 -3.440000000000000000e+03 4.400000000000000000e+02 4.880000000000000000e+02
-7.100000000000000000e+03 1.772000000000000000e+03 1.271200000000000000e+04 -3.408000000000000000e+03 -7.040000000000000000e+02 -1.480000000000000000e+02
-7.220000000000000000e+03 2.488000000000000000e+03 1.204000000000000000e+04 -3.424000000000000000e+03 -3.790000000000000000e+02 -2.320000000000000000e+02
-6.424000000000000000e+03 1.528000000000000000e+03 1.156000000000000000e+04 -3.408000000000000000e+03 -5.590000000000000000e+02 1.930000000000000000e+02
-6.660000000000000000e+03 1.472000000000000000e+03 1.313600000000000000e+04 -3.424000000000000000e+03 7.290000000000000000e+02 9.780000000000000000e+02
-7.220000000000000000e+03 2.024000000000000000e+03 1.252400000000000000e+04 -3.424000000000000000e+03 1.325000000000000000e+03 5.560000000000000000e+02
-7.628000000000000000e+03 9.680000000000000000e+02 1.231200000000000000e+04 -3.424000000000000000e+03 -2.940000000000000000e+02 3.330000000000000000e+02
-7.732000000000000000e+03 2.028000000000000000e+03 1.305600000000000000e+04 -3.456000000000000000e+03 -4.330000000000000000e+02 -8.110000000000000000e+02
-6.820000000000000000e+03 9.200000000000000000e+02 1.146400000000000000e+04 -3.408000000000000000e+03 -3.680000000000000000e+02 -7.450000000000000000e+02
-7.200000000000000000e+03 1.116000000000000000e+03 1.288000000000000000e+04 -3.456000000000000000e+03 -7.300000000000000000e+02 -4.010000000000000000e+02
-7.068000000000000000e+03 1.168000000000000000e+03 1.220400000000000000e+04 -3.440000000000000000e+03 -5.060000000000000000e+02 9.800000000000000000e+01
-7.124000000000000000e+03 1.688000000000000000e+03 1.296800000000000000e+04 -3.408000000000000000e+03 -1.580000000000000000e+02 -1.030000000000000000e+02
-6.692000000000000000e+03 1.028000000000000000e+03 1.200000000000000000e+04 -3.456000000000000000e+03 -4.880000000000000000e+02 4.000000000000000000e+01
-7.120000000000000000e+03 1.484000000000000000e+03 1.307600000000000000e+04 -3.424000000000000000e+03 -2.510000000000000000e+02 7.210000000000000000e+02
-7.028000000000000000e+03 1.376000000000000000e+03 1.241600000000000000e+04 -3.424000000000000000e+03 -1.095000000000000000e+03 -5.110000000000000000e+02
-6.992000000000000000e+03 1.428000000000000000e+03 1.252800000000000000e+04 -3.456000000000000000e+03 -1.000000000000000000e+01 3.300000000000000000e+02
-7.416000000000000000e+03 1.624000000000000000e+03 1.325200000000000000e+04 -3.424000000000000000e+03 -8.350000000000000000e+02 1.380000000000000000e+02
-6.864000000000000000e+03 1.164000000000000000e+03 1.188400000000000000e+04 -3.424000000000000000e+03 -1.250000000000000000e+02 3.200000000000000000e+02
-6.652000000000000000e+03 1.000000000000000000e+03 1.274400000000000000e+04 -3.440000000000000000e+03 -1.135000000000000000e+03 1.300000000000000000e+01
-6.828000000000000000e+03 5.880000000000000000e+02 1.152400000000000000e+04 -3.440000000000000000e+03 2.900000000000000000e+01 3.350000000000000000e+02
-7.192000000000000000e+03 1.704000000000000000e+03 1.322000000000000000e+04 -3.424000000000000000e+03 1.542000000000000000e+03 9.740000000000000000e+02
-7.312000000000000000e+03 9.840000000000000000e+02 1.225600000000000000e+04 -3.440000000000000000e+03 5.610000000000000000e+02 1.600000000000000000e+03
-7.448000000000000000e+03 1.168000000000000000e+03 1.270000000000000000e+04 -3.456000000000000000e+03 8.910000000000000000e+02 1.834000000000000000e+03
-7.272000000000000000e+03 1.368000000000000000e+03 1.248800000000000000e+04 -3.408000000000000000e+03 -8.400000000000000000e+01 1.152000000000000000e+03
-7.268000000000000000e+03 1.260000000000000000e+03 1.178400000000000000e+04 -3.440000000000000000e+03 -2.740000000000000000e+02 8.230000000000000000e+02
-7.256000000000000000e+03 9.160000000000000000e+02 1.203200000000000000e+04 -3.424000000000000000e+03 -1.286000000000000000e+03 1.350000000000000000e+03
-7.868000000000000000e+03 1.448000000000000000e+03 1.228000000000000000e+04 -3.440000000000000000e+03 -1.838000000000000000e+03 6.120000000000000000e+02
-7.480000000000000000e+03 8.960000000000000000e+02 1.208800000000000000e+04 -3.456000000000000000e+03 -4.550000000000000000e+02 4.740000000000000000e+02
-7.616000000000000000e+03 9.440000000000000000e+02 1.242800000000000000e+04 -3.456000000000000000e+03 -5.000000000000000000e+02 7.660000000000000000e+02
-7.496000000000000000e+03 4.320000000000000000e+02 1.208800000000000000e+04 -3.424000000000000000e+03 -4.860000000000000000e+02 3.910000000000000000e+02
-7.516000000000000000e+03 1.204000000000000000e+03 1.173200000000000000e+04 -3.440000000000000000e+03 1.036000000000000000e+03 6.500000000000000000e+02
-7.896000000000000000e+03 7.800000000000000000e+02 1.266400000000000000e+04 -3.456000000000000000e+03 -4.600000000000000000e+02 5.420000000000000000e+02
-8.216000000000000000e+03 5.600000000000000000e+02 1.150400000000000000e+04 -3.424000000000000000e+03 2.070000000000000000e+02 3.680000000000000000e+02
-7.812000000000000000e+03 7.720000000000000000e+02 1.216800000000000000e+04 -3.472000000000000000e+03 6.070000000000000000e+02 7.760000000000000000e+02
-7.984000000000000000e+03 8.160000000000000000e+02 1.220800000000000000e+04 -3.472000000000000000e+03 -1.559000000000000000e+03 9.430000000000000000e+02
-8.304000000000000000e+03 6.960000000000000000e+02 1.190800000000000000e+04 -3.472000000000000000e+03 2.010000000000000000e+02 1.412000000000000000e+03
-8.012000000000000000e+03 1.288000000000000000e+03 1.201600000000000000e+04 -3.440000000000000000e+03 3.040000000000000000e+02 1.522000000000000000e+03
-8.720000000000000000e+03 6.080000000000000000e+02 1.233200000000000000e+04 -3.408000000000000000e+03 -1.454000000000000000e+03 5.470000000000000000e+02
-8.060000000000000000e+03 7.360000000000000000e+02 1.183600000000000000e+04 -3.456000000000000000e+03 -9.460000000000000000e+02 7.480000000000000000e+02
-8.508000000000000000e+03 1.092000000000000000e+03 1.184800000000000000e+04 -3.424000000000000000e+03 -9.600000000000000000e+01 3.800000000000000000e+02
-8.720000000000000000e+03 6.480000000000000000e+02 1.180800000000000000e+04 -3.456000000000000000e+03 -2.000000000000000000e+00 8.200000000000000000e+01
-8.188000000000000000e+03 7.720000000000000000e+02 1.147200000000000000e+04 -3.456000000000000000e+03 9.460000000000000000e+02 2.870000000000000000e+02
-8.396000000000000000e+03 8.280000000000000000e+02 1.163200000000000000e+04 -3.456000000000000000e+03 9.410000000000000000e+02 5.140000000000000000e+02
-8.808000000000000000e+03 1.208000000000000000e+03 1.204800000000000000e+04 -3.440000000000000000e+03 8.590000000000000000e+02 7.270000000000000000e+02
-8.420000000000000000e+03 1.224000000000000000e+03 1.125600000000000000e+04 -3.408000000000000000e+03 1.485000000000000000e+03 -3.290000000000000000e+02
