-4.680000000000000000e+03 2.664000000000000000e+03 1.338400000000000000e+04 -3.840000000000000000e+03 -5.190000000000000000e+02 6.900000000000000000e+01
-4.728000000000000000e+03 2.620000000000000000e+03 1.324400000000000000e+04 -3.840000000000000000e+03 2.050000000000000000e+02 2.080000000000000000e+02
-4.972000000000000000e+03 3.072000000000000000e+03 1.393600000000000000e+04 -3.824000000000000000e+03 -2.500000000000000000e+02 -1.310000000000000000e+02
-4.628000000000000000e+03 2.844000000000000000e+03 1.319600000000000000e+04 -3.872000000000000000e+03 -3.900000000000000000e+01 3.720000000000000000e+02
-4.584000000000000000e+03 2.612000000000000000e+03 1.295200000000000000e+04 -3.808000000000000000e+03 -5.870000000000000000e+02 -2.500000000000000000e+01
-5.040000000000000000e+03 2.820000000000000000e+03 1.352400000000000000e+04 -3.840000000000000000e+03 4.700000000000000000e+02 2.690000000000000000e+02
-4.780000000000000000e+03 2.808000000000000000e+03 1.322000000000000000e+04 -3.840000000000000000e+03 -4.000000000000000000e+02 -1.130000000000000000e+02
-4.836000000000000000e+03 2.924000000000000000e+03 1.363200000000000000e+04 -3.872000000000000000e+03 1.200000000000000000e+01 1.020000000000000000e+02
-4.660000000000000000e+03 2.564000000000000000e+03 1.303200000000000000e+04 -3.856000000000000000e+03 -4.580000000000000000e+02 -7.100000000000000000e+01
-4.824000000000000000e+03 2.964000000000000000e+03 1.362800000000000000e+04 -3.808000000000000000e+03 2.100000000000000000e+01 2.780000000000000000e+02
-4.652000000000000000e+03 2.960000000000000000e+03 1.363600000000000000e+04 -3.840000000000000000e+03 -7.060000000000000000e+02 5.600000000000000000e+01
-4.788000000000000000e+03 2.912000000000000000e+03 1.334000000000000000e+04 -3.872000000000000000e+03 -6.400000000000000000e+01 3.240000000000000000e+02
-4.636000000000000000e+03 3.080000000000000000e+03 1.358400000000000000e+04 -3.840000000000000000e+03 -3.870000000000000000e+02 9.000000000000000000e+01
-4.656000000000000000e+03 3.152000000000000000e+03 1.364000000000000000e+04 -3.840000000000000000e+03 -1.800000000000000000e+01 7.100000000000000000e+01
-4.576000000000000000e+03 2.948000000000000000e+03 1.323600000000000000e+04 -3.824000000000000000e+03 -3.470000000000000000e+02 1.650000000000000000e+02
-4.480000000000000000e+03 2.692000000000000000e+03 1.296800000000000000e+04 -3.856000000000000000e+03 3.700000000000000000e+01 2.900000000000000000e+01
-4.744000000000000000e+03 2.812000000000000000e+03 1.314400000000000000e+04 -3.856000000000000000e+03 1.340000000000000000e+02 -2.000000000000000000e+01
-4.676000000000000000e+03 2.416000000000000000e+03 1.313600000000000000e+04 -3.824000000000000000e+03 -4.680000000000000000e+02 2.680000000000000000e+02
-4.620000000000000000e+03 2.900000000000000000e+03 1.349200000000000000e+04 -3.824000000000000000e+03 -2.150000000000000000e+02 1.620000000000000000e+02
-4.544000000000000000e+03 2.924000000000000000e+03 1.278800000000000000e+04 -3.840000000000000000e+03 -2.760000000000000000e+02 1.260000000000000000e+02
-4.648000000000000000e+03 3.120000000000000000e+03 1.336400000000000000e+04 -3.840000000000000000e+03 -3.440000000000000000e+02 6.700000000000000000e+01
-4.852000000000000000e+03 2.864000000000000000e+03 1.354000000000000000e+04 -3.840000000000000000e+03 -4.580000000000000000e+02 3.510000000000000000e+02
-5.032000000000000000e+03 2.768000000000000000e+03 1.368800000000000000e+04 -3.840000000000000000e+03 4.800000000000000000e+01 3.200000000000000000e+01
-4.636000000000000000e+03 2.632000000000000000e+03 1.309200000000000000e+04 -3.840000000000000000e+03 -2.830000000000000000e+02 2.300000000000000000e+01
-4.944000000000000000e+03 2.764000000000000000e+03 1.354800000000000000e+04 -3.840000000000000000e+03 2.400000000000000000e+01 3.330000000000000000e+02
-4.608000000000000000e+03 2.824000000000000000e+03 1.301600000000000000e+04 -3.856000000000000000e+03 -4.220000000000000000e+02 1.020000000000000000e+02
-5.024000000000000000e+03 3.100000000000000000e+03 1.397600000000000000e+04 -3.856000000000000000e+03 -3.120000000000000000e+02 1.450000000000000000e+02
-4.636000000000000000e+03 2.828000000000000000e+03 1.304800000000000000e+04 -3.872000000000000000e+03 -4.300000000000000000e+01 3.430000000000000000e+02
-4.824000000000000000e+03 2.944000000000000000e+03 1.348800000000000000e+04 -3.824000000000000000e+03 -1.030000000000000000e+02 1.200000000000000000e+01
-4.724000000000000000e+03 2.880000000000000000e+03 1.316400000000000000e+04 -3.824000000000000000e+03 2.600000000000000000e+02 4.000000000000000000e+01
-4.620000000000000000e+03 3.264000000000000000e+03 1.381600000000000000e+04 -3.840000000000000000e+03 -1.770000000000000000e+02 3.110000000000000000e+02
-4.572000000000000000e+03 2.640000000000000000e+03 1.292400000000000000e+04 -3.840000000000000000e+03 -2.370000000000000000e+02 8.600000000000000000e+01
-4.992000000000000000e+03 2.800000000000000000e+03 1.376000000000000000e+04 -3.840000000000000000e+03 -6.040000000000000000e+02 2.960000000000000000e+02
-4.524000000000000000e+03 3.164000000000000000e+03 1.325600000000000000e+04 -3.840000000000000000e+03 -3.290000000000000000e+02 3.200000000000000000e+01
-4.804000000000000000e+03 3.240000000000000000e+03 1.388800000000000000e+04 -3.840000000000000000e+03 -3.100000000000000000e+02 4.000000000000000000e+02
-4.540000000000000000e+03 2.844000000000000000e+03 1.296800000000000000e+04 -3.840000000000000000e+03 -2.270000000000000000e+02 1.180000000000000000e+02
-4.776000000000000000e+03 2.932000000000000000e+03 1.324000000000000000e+04 -3.856000000000000000e+03 -1.700000000000000000e+02 5.600000000000000000e+01
-4.772000000000000000e+03 2.980000000000000000e+03 1.335200000000000000e+04 -3.840000000000000000e+03 -2.800000000000000000e+02 3.500000000000000000e+02
-4.808000000000000000e+03 2.996000000000000000e+03 1.356000000000000000e+04 -3.824000000000000000e+03 -5.740000000000000000e+02 7.600000000000000000e+01
-4.580000000000000000e+03 2.684000000000000000e+03 1.277600000000000000e+04 -3.840000000000000000e+03 -2.770000000000000000e+02 1.710000000000000000e+02
-4.908000000000000000e+03 3.104000000000000000e+03 1.372400000000000000e+04 -3.824000000000000000e+03 -3.830000000000000000e+02 2.300000000000000000e+02
-4.876000000000000000e+03 2.724000000000000000e+03 1.325600000000000000e+04 -3.824000000000000000e+03 -4.400000000000000000e+01 7.470000000000000000e+02
-4.820000000000000000e+03 3.072000000000000000e+03 1.373200000000000000e+04 -3.840000000000000000e+03 -1.920000000000000000e+02 2.890000000000000000e+02
-4.620000000000000000e+03 2.656000000000000000e+03 1.295600000000000000e+04 -3.840000000000000000e+03 -1.120000000000000000e+02 3.100000000000000000e+01
-4.948000000000000000e+03 2.768000000000000000e+03 1.332000000000000000e+04 -3.840000000000000000e+03 -3.370000000000000000e+02 2.710000000000000000e+02
-4.444000000000000000e+03 2.980000000000000000e+03 1.289600000000000000e+04 -3.872000000000000000e+03 -4.440000000000000000e+02 4.500000000000000000e+01
-4.708000000000000000e+03 3.112000000000000000e+03 1.361200000000000000e+04 -3.840000000000000000e+03 -2.260000000000000000e+02 1.140000000000000000e+02
-4.488000000000000000e+03 3.092000000000000000e+03 1.346400000000000000e+04 -3.840000000000000000e+03 -2.440000000000000000e+02 1.160000000000000000e+02
-4.744000000000000000e+03 2.720000000000000000e+03 1.306400000000000000e+04 -3.856000000000000000e+03 -1.400000000000000000e+02 1.860000000000000000e+02
-4.968000000000000000e+03 2.796000000000000000e+03 1.335200000000000000e+04 -3.856000000000000000e+03 -1.430000000000000000e+02 3.050000000000000000e+02
-5.056000000000000000e+03 3.012000000000000000e+03 1.367600000000000000e+04 -3.824000000000000000e+03 -3.790000000000000000e+02 -1.330000000000000000e+02
-4.772000000000000000e+03 2.560000000000000000e+03 1.308400000000000000e+04 -3.840000000000000000e+03 -9.200000000000000000e+01 9.700000000000000000e+01
-4.788000000000000000e+03 3.036000000000000000e+03 1.352400000000000000e+04 -3.824000000000000000e+03 -6.190000000000000000e+02 2.390000000000000000e+02
-4.812000000000000000e+03 2.928000000000000000e+03 1.331600000000000000e+04 -3.856000000000000000e+03 -9.300000000000000000e+01 1.840000000000000000e+02
-4.736000000000000000e+03 2.844000000000000000e+03 1.331200000000000000e+04 -3.856000000000000000e+03 -2.880000000000000000e+02 -2.400000000000000000e+01
-4.820000000000000000e+03 2.792000000000000000e+03 1.328800000000000000e+04 -3.856000000000000000e+03 -2.060000000000000000e+02 8.200000000000000000e+01
-4.572000000000000000e+03 2.720000000000000000e+03 1.338000000000000000e+04 -3.824000000000000000e+03 -5.300000000000000000e+02 3.300000000000000000e+02
-5.000000000000000000e+03 2.912000000000000000e+03 1.356400000000000000e+04 -3.856000000000000000e+03 -2.770000000000000000e+02 1.090000000000000000e+02
-4.692000000000000000e+03 2.920000000000000000e+03 1.311600000000000000e+04 -3.856000000000000000e+03 -4.590000000000000000e+02 2.230000000000000000e+02
-4.916000000000000000e+03 3.012000000000000000e+03 1.349200000000000000e+04 -3.856000000000000000e+03 -1.420000000000000000e+02 1.890000000000000000e+02
-4.988000000000000000e+03 2.848000000000000000e+03 1.375200000000000000e+04 -3.856000000000000000e+03 -3.180000000000000000e+02 3.500000000000000000e+01
-4.852000000000000000e+03 2.916000000000000000e+03 1.342000000000000000e+04 -3.824000000000000000e+03 1.230000000000000000e+02 2.140000000000000000e+02
-4.672000000000000000e+03 2.808000000000000000e+03 1.294400000000000000e+04 -3.824000000000000000e+03 -3.250000000000000000e+02 -1.670000000000000000e+02
-4.936000000000000000e+03 3.056000000000000000e+03 1.371200000000000000e+04 -3.856000000000000000e+03 -2.540000000000000000e+02 4.600000000000000000e+02
-4.736000000000000000e+03 2.736000000000000000e+03 1.326000000000000000e+04 -3.872000000000000000e+03 -5.100000000000000000e+02 -3.130000000000000000e+02
-5.012000000000000000e+03 3.044000000000000000e+03 1.389200000000000000e+04 -3.872000000000000000e+03 -1.170000000000000000e+02 -9.000000000000000000e+00
-4.744000000000000000e+03 2.788000000000000000e+03 1.327200000000000000e+04 -3.808000000000000000e+03 -2.850000000000000000e+02 1.330000000000000000e+02
-4.788000000000000000e+03 3.076000000000000000e+03 1.373600000000000000e+04 -3.808000000000000000e+03 -2.770000000000000000e+02 4.060000000000000000e+02
-4.612000000000000000e+03 2.876000000000000000e+03 1.310400000000000000e+04 -3.840000000000000000e+03 -2.650000000000000000e+02 4.600000000000000000e+01
-5.048000000000000000e+03 3.016000000000000000e+03 1.363600000000000000e+04 -3.872000000000000000e+03 -1.100000000000000000e+02 4.040000000000000000e+02
-4.704000000000000000e+03 2.704000000000000000e+03 1.286400000000000000e+04 -3.840000000000000000e+03 -4.950000000000000000e+02 1.710000000000000000e+02
-4.844000000000000000e+03 2.808000000000000000e+03 1.342400000000000000e+04 -3.840000000000000000e+03 -1.050000000000000000e+02 2.750000000000000000e+02
-5.056000000000000000e+03 3.040000000000000000e+03 1.371200000000000000e+04 -3.840000000000000000e+03 -5.130000000000000000e+02 2.700000000000000000e+01
-4.984000000000000000e+03 2.728000000000000000e+03 1.336000000000000000e+04 -3.840000000000000000e+03 5.800000000000000000e+01 2.750000000000000000e+02
-4.928000000000000000e+03 2.704000000000000000e+03 1.389200000000000000e+04 -3.824000000000000000e+03 -3.950000000000000000e+02 7.300000000000000000e+01
-4.764000000000000000e+03 2.836000000000000000e+03 1.312000000000000000e+04 -3.840000000000000000e+03 -1.370000000000000000e+02 2.340000000000000000e+02
-4.628000000000000000e+03 2.976000000000000000e+03 1.334000000000000000e+04 -3.824000000000000000e+03 -4.590000000000000000e+02 2.680000000000000000e+02
-4.740000000000000000e+03 2.800000000000000000e+03 1.310000000000000000e+04 -3.856000000000000000e+03 1.000000000000000000e+00 1.680000000000000000e+02
-4.788000000000000000e+03 2.764000000000000000e+03 1.308800000000000000e+04 -3.840000000000000000e+03 -2.420000000000000000e+02 7.000000000000000000e+00
-4.788000000000000000e+03 2.952000000000000000e+03 1.331600000000000000e+04 -3.824000000000000000e+03 -4.580000000000000000e+02 2.070000000000000000e+02
-4.696000000000000000e+03 2.932000000000000000e+03 1.317200000000000000e+04 -3.824000000000000000e+03 -3.500000000000000000e+02 2.060000000000000000e+02
-4.792000000000000000e+03 2.980000000000000000e+03 1.330800000000000000e+04 -3.872000000000000000e+03 -1.610000000000000000e+02 6.000000000000000000e+00
-4.652000000000000000e+03 2.556000000000000000e+03 1.286000000000000000e+04 -3.872000000000000000e+03 -3.360000000000000000e+02 3.300000000000000000e+02
-5.008000000000000000e+03 3.020000000000000000e+03 1.379600000000000000e+04 -3.856000000000000000e+03 -2.970000000000000000e+02 5.200000000000000000e+01
-4.792000000000000000e+03 2.592000000000000000e+03 1.294000000000000000e+04 -3.824000000000000000e+03 -7.900000000000000000e+01 1.870000000000000000e+02
