-3.992000000000000000e+03 2.468000000000000000e+03 1.363200000000000000e+04 -3.360000000000000000e+03 3.700000000000000000e+01 2.770000000000000000e+02
-4.880000000000000000e+03 2.776000000000000000e+03 1.396800000000000000e+04 -3.376000000000000000e+03 -6.110000000000000000e+02 -1.580000000000000000e+02
-3.556000000000000000e+03 1.148000000000000000e+03 1.178400000000000000e+04 -3.424000000000000000e+03 -7.080000000000000000e+02 -6.160000000000000000e+02
-5.016000000000000000e+03 3.548000000000000000e+03 1.498400000000000000e+04 -3.440000000000000000e+03 1.310000000000000000e+02 4.250000000000000000e+02
-4.092000000000000000e+03 1.624000000000000000e+03 1.269200000000000000e+04 -3.376000000000000000e+03 -9.030000000000000000e+02 -3.900000000000000000e+02
-4.476000000000000000e+03 2.744000000000000000e+03 1.440400000000000000e+04 -3.392000000000000000e+03 9.200000000000000000e+01 3.740000000000000000e+02
-4.172000000000000000e+03 2.108000000000000000e+03 1.280400000000000000e+04 -3.408000000000000000e+03 -7.920000000000000000e+02 -4.150000000000000000e+02
-4.508000000000000000e+03 2.848000000000000000e+03 1.361200000000000000e+04 -3.424000000000000000e+03 3.800000000000000000e+01 3.640000000000000000e+02
-4.108000000000000000e+03 1.920000000000000000e+03 1.339200000000000000e+04 -3.408000000000000000e+03 -6.780000000000000000e+02 -2.480000000000000000e+02
-4.380000000000000000e+03 2.476000000000000000e+03 1.363200000000000000e+04 -3.424000000000000000e+03 1.300000000000000000e+01 3.570000000000000000e+02
-4.240000000000000000e+03 2.112000000000000000e+03 1.344000000000000000e+04 -3.424000000000000000e+03 -4.090000000000000000e+02 1.410000000000000000e+02
-4.268000000000000000e+03 2.480000000000000000e+03 1.332400000000000000e+04 -3.424000000000000000e+03 -6.900000000000000000e+01 3.710000000000000000e+02
-4.280000000000000000e+03 2.304000000000000000e+03 1.322400000000000000e+04 -3.424000000000000000e+03 -4.910000000000000000e+02 3.900000000000000000e+01
-4.360000000000000000e+03 2.216000000000000000e+03 1.340800000000000000e+04 -3.424000000000000000e+03 -6.000000000000000000e+01 3.330000000000000000e+02
-4.592000000000000000e+03 2.116000000000000000e+03 1.347600000000000000e+04 -3.424000000000000000e+03 -2.700000000000000000e+02 1.450000000000000000e+02
-4.384000000000000000e+03 2.020000000000000000e+03 1.348000000000000000e+04 -3.392000000000000000e+03 -1.810000000000000000e+02 1.790000000000000000e+02
-4.488000000000000000e+03 1.740000000000000000e+03 1.407200000000000000e+04 -3.440000000000000000e+03 -1.520000000000000000e+02 9.200000000000000000e+01
-4.376000000000000000e+03 1.952000000000000000e+03 1.360400000000000000e+04 -3.408000000000000000e+03 -7.200000000000000000e+01 2.600000000000000000e+02
-4.672000000000000000e+03 1.944000000000000000e+03 1.340800000000000000e+04 -3.408000000000000000e+03 -4.540000000000000000e+02 1.120000000000000000e+02
-4.792000000000000000e+03 2.064000000000000000e+03 1.379600000000000000e+04 -3.408000000000000000e+03 -1.090000000000000000e+02 5.910000000000000000e+02
-4.612000000000000000e+03 1.948000000000000000e+03 1.347200000000000000e+04 -3.424000000000000000e+03 -3.990000000000000000e+02 -6.000000000000000000e+00
-4.640000000000000000e+03 1.776000000000000000e+03 1.360000000000000000e+04 -3.408000000000000000e+03 -3.980000000000000000e+02 1.680000000000000000e+02
-4.748000000000000000e+03 1.988000000000000000e+03 1.375600000000000000e+04 -3.424000000000000000e+03 -1.960000000000000000e+02 2.590000000000000000e+02
-4.520000000000000000e+03 1.828000000000000000e+03 1.319200000000000000e+04 -3.424000000000000000e+03 -1.910000000000000000e+02 1.570000000000000000e+02
-4.548000000000000000e+03 1.748000000000000000e+03 1.373600000000000000e+04 -3.424000000000000000e+03 -3.550000000000000000e+02 2.120000000000000000e+02
-4.588000000000000000e+03 1.876000000000000000e+03 1.341200000000000000e+04 -3.408000000000000000e+03 -1.700000000000000000e+02 1.640000000000000000e+02
-4.476000000000000000e+03 2.140000000000000000e+03 1.341200000000000000e+04 -3.424000000000000000e+03 -3.700000000000000000e+02 4.700000000000000000e+01
-4.480000000000000000e+03 1.868000000000000000e+03 1.350400000000000000e+04 -3.408000000000000000e+03 -2.560000000000000000e+02 1.800000000000000000e+02
-4.956000000000000000e+03 2.076000000000000000e+03 1.396400000000000000e+04 -3.424000000000000000e+03 -2.540000000000000000e+02 2.870000000000000000e+02
-4.412000000000000000e+03 1.832000000000000000e+03 1.329600000000000000e+04 -3.424000000000000000e+03 -2.430000000000000000e+02 4.440000000000000000e+02
-4.492000000000000000e+03 2.568000000000000000e+03 1.375600000000000000e+04 -3.408000000000000000e+03 -6.850000000000000000e+02 -2.900000000000000000e+01
-4.248000000000000000e+03 1.852000000000000000e+03 1.320000000000000000e+04 -3.408000000000000000e+03 -3.690000000000000000e+02 1.450000000000000000e+02
-4.576000000000000000e+03 2.336000000000000000e+03 1.368800000000000000e+04 -3.424000000000000000e+03 -6.360000000000000000e+02 2.260000000000000000e+02
-4.516000000000000000e+03 2.036000000000000000e+03 1.353600000000000000e+04 -3.392000000000000000e+03 -2.920000000000000000e+02 2.310000000000000000e+02
-4.544000000000000000e+03 2.008000000000000000e+03 1.352800000000000000e+04 -3.424000000000000000e+03 -5.610000000000000000e+02 3.100000000000000000e+01
-4.412000000000000000e+03 1.844000000000000000e+03 1.338000000000000000e+04 -3.408000000000000000e+03 -1.480000000000000000e+02 3.750000000000000000e+02
-4.448000000000000000e+03 2.184000000000000000e+03 1.388400000000000000e+04 -3.408000000000000000e+03 -4.710000000000000000e+02 9.600000000000000000e+01
-4.536000000000000000e+03 2.020000000000000000e+03 1.349200000000000000e+04 -3.408000000000000000e+03 -3.940000000000000000e+02 1.260000000000000000e+02
-4.388000000000000000e+03 2.028000000000000000e+03 1.371600000000000000e+04 -3.392000000000000000e+03 -3.860000000000000000e+02 2.150000000000000000e+02
-4.392000000000000000e+03 2.088000000000000000e+03 1.355200000000000000e+04 -3.424000000000000000e+03 -3.070000000000000000e+02 1.950000000000000000e+02
-4.428000000000000000e+03 1.960000000000000000e+03 1.355200000000000000e+04 -3.424000000000000000e+03 -3.010000000000000000e+02 2.080000000000000000e+02
-4.612000000000000000e+03 1.892000000000000000e+03 1.377600000000000000e+04 -3.408000000000000000e+03 -3.150000000000000000e+02 8.900000000000000000e+01
-4.508000000000000000e+03 2.104000000000000000e+03 1.364400000000000000e+04 -3.408000000000000000e+03 -1.130000000000000000e+02 3.640000000000000000e+02
-4.520000000000000000e+03 1.756000000000000000e+03 1.362000000000000000e+04 -3.408000000000000000e+03 -3.370000000000000000e+02 9.200000000000000000e+01
-4.436000000000000000e+03 1.924000000000000000e+03 1.347200000000000000e+04 -3.408000000000000000e+03 -2.460000000000000000e+02 1.460000000000000000e+02
-4.372000000000000000e+03 1.896000000000000000e+03 1.360400000000000000e+04 -3.392000000000000000e+03 -2.760000000000000000e+02 2.250000000000000000e+02
-4.616000000000000000e+03 1.928000000000000000e+03 1.359200000000000000e+04 -3.424000000000000000e+03 -3.570000000000000000e+02 2.020000000000000000e+02
-4.636000000000000000e+03 1.724000000000000000e+03 1.357600000000000000e+04 -3.408000000000000000e+03 -3.670000000000000000e+02 2.130000000000000000e+02
-4.604000000000000000e+03 1.808000000000000000e+03 1.360800000000000000e+04 -3.376000000000000000e+03 -1.830000000000000000e+02 1.420000000000000000e+02
-4.572000000000000000e+03 1.812000000000000000e+03 1.358400000000000000e+04 -3.408000000000000000e+03 -4.670000000000000000e+02 4.600000000000000000e+01
-4.600000000000000000e+03 1.868000000000000000e+03 1.369600000000000000e+04 -3.408000000000000000e+03 -1.710000000000000000e+02 3.240000000000000000e+02
-4.484000000000000000e+03 1.736000000000000000e+03 1.342800000000000000e+04 -3.392000000000000000e+03 -2.850000000000000000e+02 1.130000000000000000e+02
-4.516000000000000000e+03 2.156000000000000000e+03 1.378800000000000000e+04 -3.424000000000000000e+03 -2.280000000000000000e+02 1.130000000000000000e+02
-4.216000000000000000e+03 1.888000000000000000e+03 1.332800000000000000e+04 -3.408000000000000000e+03 -2.300000000000000000e+02 1.770000000000000000e+02
-4.460000000000000000e+03 2.008000000000000000e+03 1.354800000000000000e+04 -3.376000000000000000e+03 -3.390000000000000000e+02 1.660000000000000000e+02
-4.352000000000000000e+03 2.004000000000000000e+03 1.357200000000000000e+04 -3.424000000000000000e+03 -2.870000000000000000e+02 2.050000000000000000e+02
-4.424000000000000000e+03 2.108000000000000000e+03 1.350800000000000000e+04 -3.424000000000000000e+03 -3.390000000000000000e+02 1.610000000000000000e+02
-4.468000000000000000e+03 1.796000000000000000e+03 1.356400000000000000e+04 -3.408000000000000000e+03 -2.610000000000000000e+02 2.510000000000000000e+02
-4.456000000000000000e+03 1.900000000000000000e+03 1.370000000000000000e+04 -3.392000000000000000e+03 -3.060000000000000000e+02 1.170000000000000000e+02
-4.592000000000000000e+03 1.956000000000000000e+03 1.373600000000000000e+04 -3.424000000000000000e+03 -3.300000000000000000e+02 1.900000000000000000e+02
-4.356000000000000000e+03 1.792000000000000000e+03 1.338800000000000000e+04 -3.408000000000000000e+03 -3.300000000000000000e+02 1.030000000000000000e+02
-4.532000000000000000e+03 1.992000000000000000e+03 1.356800000000000000e+04 -3.408000000000000000e+03 -1.800000000000000000e+02 3.140000000000000000e+02
-4.452000000000000000e+03 1.880000000000000000e+03 1.349200000000000000e+04 -3.408000000000000000e+03 -3.620000000000000000e+02 1.630000000000000000e+02
-4.480000000000000000e+03 1.900000000000000000e+03 1.361600000000000000e+04 -3.424000000000000000e+03 -5.000000000000000000e+02 1.700000000000000000e+02
-4.500000000000000000e+03 1.780000000000000000e+03 1.346800000000000000e+04 -3.392000000000000000e+03 -3.330000000000000000e+02 1.730000000000000000e+02
-4.556000000000000000e+03 1.760000000000000000e+03 1.342400000000000000e+04 -3.408000000000000000e+03 -3.300000000000000000e+02 1.560000000000000000e+02
-4.352000000000000000e+03 2.076000000000000000e+03 1.364000000000000000e+04 -3.408000000000000000e+03 -1.670000000000000000e+02 2.220000000000000000e+02
-4.360000000000000000e+03 1.740000000000000000e+03 1.339200000000000000e+04 -3.392000000000000000e+03 -3.670000000000000000e+02 -1.100000000000000000e+01
-4.652000000000000000e+03 1.868000000000000000e+03 1.372800000000000000e+04 -3.392000000000000000e+03 -2.140000000000000000e+02 2.220000000000000000e+02
-4.560000000000000000e+03 1.608000000000000000e+03 1.343200000000000000e+04 -3.392000000000000000e+03 -4.340000000000000000e+02 2.390000000000000000e+02
-4.624000000000000000e+03 1.824000000000000000e+03 1.370000000000000000e+04 -3.408000000000000000e+03 -3.460000000000000000e+02 1.390000000000000000e+02
-4.676000000000000000e+03 1.704000000000000000e+03 1.360000000000000000e+04 -3.440000000000000000e+03 -1.570000000000000000e+02 3.070000000000000000e+02
-4.684000000000000000e+03 1.704000000000000000e+03 1.376400000000000000e+04 -3.424000000000000000e+03 -2.280000000000000000e+02 1.110000000000000000e+02
-4.720000000000000000e+03 1.712000000000000000e+03 1.349200000000000000e+04 -3.392000000000000000e+03 -2.420000000000000000e+02 1.900000000000000000e+02
-4.640000000000000000e+03 1.720000000000000000e+03 1.382800000000000000e+04 -3.424000000000000000e+03 -3.010000000000000000e+02 8.500000000000000000e+01
-4.692000000000000000e+03 1.584000000000000000e+03 1.338400000000000000e+04 -3.408000000000000000e+03 -7.900000000000000000e+01 2.190000000000000000e+02
-4.748000000000000000e+03 1.776000000000000000e+03 1.370000000000000000e+04 -3.424000000000000000e+03 -3.980000000000000000e+02 -3.800000000000000000e+01
-4.552000000000000000e+03 1.632000000000000000e+03 1.350400000000000000e+04 -3.408000000000000000e+03 1.570000000000000000e+02 3.970000000000000000e+02
-4.588000000000000000e+03 1.832000000000000000e+03 1.370000000000000000e+04 -3.408000000000000000e+03 -4.810000000000000000e+02 -8.900000000000000000e+01
-4.540000000000000000e+03 1.660000000000000000e+03 1.332800000000000000e+04 -3.440000000000000000e+03 2.600000000000000000e+01 2.700000000000000000e+02
-4.572000000000000000e+03 1.824000000000000000e+03 1.371200000000000000e+04 -3.408000000000000000e+03 -2.900000000000000000e+02 1.080000000000000000e+02
-4.484000000000000000e+03 1.708000000000000000e+03 1.333600000000000000e+04 -3.376000000000000000e+03 -3.160000000000000000e+02 1.410000000000000000e+02
-4.488000000000000000e+03 1.984000000000000000e+03 1.343200000000000000e+04 -3.424000000000000000e+03 -2.320000000000000000e+02 1.490000000000000000e+02
-4.364000000000000000e+03 1.760000000000000000e+03 1.370800000000000000e+04 -3.424000000000000000e+03 -3.110000000000000000e+02 1.730000000000000000e+02
-4.720000000000000000e+03 2.060000000000000000e+03 1.380000000000000000e+04 -3.408000000000000000e+03 -2.730000000000000000e+02 7.400000000000000000e+01
