-7.580000000000000000e+03 9.320000000000000000e+02 1.160000000000000000e+04 -3.424000000000000000e+03 1.060000000000000000e+02 -1.100000000000000000e+01
-7.904000000000000000e+03 1.152000000000000000e+03 1.218400000000000000e+04 -3.424000000000000000e+03 1.300000000000000000e+01 3.740000000000000000e+02
-7.644000000000000000e+03 1.300000000000000000e+03 1.204400000000000000e+04 -3.440000000000000000e+03 -1.120000000000000000e+02 1.220000000000000000e+02
-7.692000000000000000e+03 1.204000000000000000e+03 1.207600000000000000e+04 -3.424000000000000000e+03 -1.550000000000000000e+02 -1.480000000000000000e+02
-7.836000000000000000e+03 1.480000000000000000e+03 1.206400000000000000e+04 -3.440000000000000000e+03 -8.900000000000000000e+01 2.730000000000000000e+02
-8.016000000000000000e+03 1.248000000000000000e+03 1.217200000000000000e+04 -3.440000000000000000e+03 -2.620000000000000000e+02 2.570000000000000000e+02
-7.232000000000000000e+03 1.736000000000000000e+03 1.219600000000000000e+04 -3.440000000000000000e+03 -4.750000000000000000e+02 6.630000000000000000e+02
-7.680000000000000000e+03 1.016000000000000000e+03 1.178800000000000000e+04 -3.440000000000000000e+03 -7.870000000000000000e+02 2.310000000000000000e+02
-7.992000000000000000e+03 1.368000000000000000e+03 1.228000000000000000e+04 -3.424000000000000000e+03 -5.630000000000000000e+02 1.490000000000000000e+02
-8.152000000000000000e+03 1.140000000000000000e+03 1.228800000000000000e+04 -3.424000000000000000e+03 -2.340000000000000000e+02 7.090000000000000000e+02
-7.800000000000000000e+03 9.480000000000000000e+02 1.196400000000000000e+04 -3.440000000000000000e+03 -4.030000000000000000e+02 1.240000000000000000e+02
-8.044000000000000000e+03 1.044000000000000000e+03 1.225600000000000000e+04 -3.456000000000000000e+03 -1.500000000000000000e+02 3.620000000000000000e+02
-7.708000000000000000e+03 8.480000000000000000e+02 1.176800000000000000e+04 -3.440000000000000000e+03 -6.090000000000000000e+02 1.080000000000000000e+02
-7.308000000000000000e+03 1.308000000000000000e+03 1.178400000000000000e+04 -3.408000000000000000e+03 -1.540000000000000000e+02 3.380000000000000000e+02
-8.024000000000000000e+03 9.320000000000000000e+02 1.219600000000000000e+04 -3.456000000000000000e+03 -1.261000000000000000e+03 -2.790000000000000000e+02
-7.940000000000000000e+03 9.960000000000000000e+02 1.189600000000000000e+04 -3.440000000000000000e+03 -4.030000000000000000e+02 4.340000000000000000e+02
-8.328000000000000000e+03 9.080000000000000000e+02 1.277200000000000000e+04 -3.456000000000000000e+03 -1.021000000000000000e+03 3.600000000000000000e+01
-7.884000000000000000e+03 7.920000000000000000e+02 1.149200000000000000e+04 -3.440000000000000000e+03 -7.400000000000000000e+01 2.430000000000000000e+02
-7.812000000000000000e+03 3.480000000000000000e+02 1.208800000000000000e+04 -3.456000000000000000e+03 -5.530000000000000000e+02 -5.700000000000000000e+01
-8.136000000000000000e+03 9.880000000000000000e+02 1.225200000000000000e+04 -3.456000000000000000e+03 -2.010000000000000000e+02 4.330000000000000000e+02
-7.964000000000000000e+03 1.096000000000000000e+03 1.216000000000000000e+04 -3.424000000000000000e+03 -4.950000000000000000e+02 -7.600000000000000000e+01
-7.904000000000000000e+03 6.720000000000000000e+02 1.183200000000000000e+04 -3.424000000000000000e+03 -1.150000000000000000e+02 3.610000000000000000e+02
-8.072000000000000000e+03 8.720000000000000000e+02 1.254000000000000000e+04 -3.424000000000000000e+03 -3.340000000000000000e+02 3.990000000000000000e+02
-7.812000000000000000e+03 8.280000000000000000e+02 1.199600000000000000e+04 -3.424000000000000000e+03 -4.370000000000000000e+02 -5.500000000000000000e+01
-7.792000000000000000e+03 9.560000000000000000e+02 1.210400000000000000e+04 -3.456000000000000000e+03 8.300000000000000000e+01 2.000000000000000000e+02
-8.044000000000000000e+03 8.640000000000000000e+02 1.280000000000000000e+04 -3.408000000000000000e+03 -1.331000000000000000e+03 -6.210000000000000000e+02
-7.620000000000000000e+03 8.880000000000000000e+02 1.148800000000000000e+04 -3.424000000000000000e+03 -6.620000000000000000e+02 6.000000000000000000e+00
-7.720000000000000000e+03 3.600000000000000000e+02 1.222800000000000000e+04 -3.456000000000000000e+03 -6.360000000000000000e+02 -8.000000000000000000e+01
-8.092000000000000000e+03 3.520000000000000000e+02 1.244400000000000000e+04 -3.472000000000000000e+03 -1.010000000000000000e+02 2.530000000000000000e+02
-7.892000000000000000e+03 2.040000000000000000e+02 1.278400000000000000e+04 -3.440000000000000000e+03 -2.630000000000000000e+02 -1.140000000000000000e+02
-7.944000000000000000e+03 4.520000000000000000e+02 1.236400000000000000e+04 -3.472000000000000000e+03 -1.430000000000000000e+02 -1.000000000000000000e+02
-7.616000000000000000e+03 8.040000000000000000e+02 1.198800000000000000e+04 -3.424000000000000000e+03 -3.000000000000000000e+02 1.280000000000000000e+02
-7.400000000000000000e+03 5.360000000000000000e+02 1.202400000000000000e+04 -3.440000000000000000e+03 -3.060000000000000000e+02 1.930000000000000000e+02
-7.560000000000000000e+03 3.720000000000000000e+02 1.238000000000000000e+04 -3.472000000000000000e+03 -7.390000000000000000e+02 2.780000000000000000e+02
-7.616000000000000000e+03 4.760000000000000000e+02 1.191600000000000000e+04 -3.472000000000000000e+03 -9.500000000000000000e+01 1.090000000000000000e+02
-7.324000000000000000e+03 -1.064000000000000000e+03 1.506000000000000000e+04 -3.456000000000000000e+03 -2.430000000000000000e+03 -7.300000000000000000e+01
-8.772000000000000000e+03 -3.640000000000000000e+02 1.158800000000000000e+04 -3.456000000000000000e+03 -2.770000000000000000e+02 1.526000000000000000e+03
-6.812000000000000000e+03 -2.480000000000000000e+02 1.386400000000000000e+04 -3.440000000000000000e+03 -2.120000000000000000e+03 1.920000000000000000e+02
-9.004000000000000000e+03 -8.760000000000000000e+02 1.214800000000000000e+04 -3.456000000000000000e+03 -3.550000000000000000e+02 -4.540000000000000000e+02
-7.020000000000000000e+03 8.000000000000000000e+01 1.172400000000000000e+04 -3.408000000000000000e+03 -6.290000000000000000e+02 -7.530000000000000000e+02
-6.648000000000000000e+03 1.168000000000000000e+03 1.204400000000000000e+04 -3.440000000000000000e+03 6.580000000000000000e+02 4.560000000000000000e+02
-8.620000000000000000e+03 1.280000000000000000e+02 1.253600000000000000e+04 -3.440000000000000000e+03 -2.590000000000000000e+02 -2.780000000000000000e+02
-8.056000000000000000e+03 2.240000000000000000e+02 1.187200000000000000e+04 -3.456000000000000000e+03 -6.700000000000000000e+01 1.470000000000000000e+02
-7.916000000000000000e+03 -4.800000000000000000e+01 1.231600000000000000e+04 -3.440000000000000000e+03 -3.390000000000000000e+02 2.040000000000000000e+02
-7.644000000000000000e+03 -2.120000000000000000e+02 1.196400000000000000e+04 -3.440000000000000000e+03 -3.280000000000000000e+02 -1.250000000000000000e+02
-7.636000000000000000e+03 -7.800000000000000000e+02 1.210400000000000000e+04 -3.456000000000000000e+03 -7.000000000000000000e+02 8.020000000000000000e+02
-7.780000000000000000e+03 6.800000000000000000e+01 1.260800000000000000e+04 -3.456000000000000000e+03 -7.400000000000000000e+01 2.920000000000000000e+02
-7.560000000000000000e+03 -2.080000000000000000e+02 1.204400000000000000e+04 -3.456000000000000000e+03 4.330000000000000000e+02 5.790000000000000000e+02
-7.936000000000000000e+03 5.480000000000000000e+02 1.273200000000000000e+04 -3.424000000000000000e+03 1.990000000000000000e+02 -6.800000000000000000e+01
-7.336000000000000000e+03 1.200000000000000000e+02 1.184000000000000000e+04 -3.440000000000000000e+03 3.000000000000000000e+01 4.760000000000000000e+02
-7.852000000000000000e+03 4.360000000000000000e+02 1.251600000000000000e+04 -3.488000000000000000e+03 -1.400000000000000000e+01 -1.400000000000000000e+01
-7.880000000000000000e+03 3.360000000000000000e+02 1.206400000000000000e+04 -3.472000000000000000e+03 -2.740000000000000000e+02 -7.300000000000000000e+01
-7.784000000000000000e+03 2.760000000000000000e+02 1.219200000000000000e+04 -3.440000000000000000e+03 1.920000000000000000e+02 3.320000000000000000e+02
-7.816000000000000000e+03 9.600000000000000000e+01 1.230800000000000000e+04 -3.440000000000000000e+03 -5.600000000000000000e+01 1.210000000000000000e+02
-7.768000000000000000e+03 1.120000000000000000e+02 1.195200000000000000e+04 -3.424000000000000000e+03 -1.100000000000000000e+01 3.700000000000000000e+02
-8.028000000000000000e+03 4.400000000000000000e+01 1.236400000000000000e+04 -3.440000000000000000e+03 6.100000000000000000e+01 1.940000000000000000e+02
-7.752000000000000000e+03 2.800000000000000000e+01 1.207600000000000000e+04 -3.456000000000000000e+03 -1.840000000000000000e+02 -1.100000000000000000e+01
-7.740000000000000000e+03 1.000000000000000000e+02 1.206400000000000000e+04 -3.440000000000000000e+03 -2.950000000000000000e+02 3.000000000000000000e+01
-7.868000000000000000e+03 1.960000000000000000e+02 1.215600000000000000e+04 -3.456000000000000000e+03 -2.660000000000000000e+02 1.450000000000000000e+02
-7.824000000000000000e+03 1.000000000000000000e+02 1.230400000000000000e+04 -3.440000000000000000e+03 -3.830000000000000000e+02 8.000000000000000000e+00
-7.700000000000000000e+03 1.800000000000000000e+02 1.218000000000000000e+04 -3.456000000000000000e+03 -3.350000000000000000e+02 -5.800000000000000000e+01
-7.836000000000000000e+03 3.520000000000000000e+02 1.216000000000000000e+04 -3.456000000000000000e+03 -3.290000000000000000e+02 -6.600000000000000000e+01
-7.760000000000000000e+03 1.600000000000000000e+01 1.230000000000000000e+04 -3.456000000000000000e+03 -4.220000000000000000e+02 2.600000000000000000e+01
-7.532000000000000000e+03 2.200000000000000000e+02 1.191200000000000000e+04 -3.472000000000000000e+03 -2.430000000000000000e+02 9.000000000000000000e+01
-7.600000000000000000e+03 2.680000000000000000e+02 1.252800000000000000e+04 -3.424000000000000000e+03 -1.520000000000000000e+02 -1.540000000000000000e+02
-7.612000000000000000e+03 1.000000000000000000e+02 1.198800000000000000e+04 -3.456000000000000000e+03 -4.270000000000000000e+02 -9.300000000000000000e+01
-7.612000000000000000e+03 -2.800000000000000000e+01 1.226400000000000000e+04 -3.472000000000000000e+03 -8.000000000000000000e+01 1.240000000000000000e+02
-7.660000000000000000e+03 2.040000000000000000e+02 1.248400000000000000e+04 -3.456000000000000000e+03 -4.760000000000000000e+02 -1.060000000000000000e+02
-7.508000000000000000e+03 -6.800000000000000000e+01 1.188000000000000000e+04 -3.456000000000000000e+03 -1.110000000000000000e+02 2.090000000000000000e+02
-7.840000000000000000e+03 1.640000000000000000e+02 1.255200000000000000e+04 -3.424000000000000000e+03 -3.000000000000000000e+00 9.100000000000000000e+01
-7.468000000000000000e+03 -1.160000000000000000e+02 1.210000000000000000e+04 -3.440000000000000000e+03 -4.300000000000000000e+02 -1.400000000000000000e+02
-7.828000000000000000e+03 3.720000000000000000e+02 1.246000000000000000e+04 -3.424000000000000000e+03 1.030000000000000000e+02 2.580000000000000000e+02
-7.624000000000000000e+03 -8.000000000000000000e+00 1.221600000000000000e+04 -3.440000000000000000e+03 -8.100000000000000000e+01 1.140000000000000000e+02
-7.876000000000000000e+03 1.680000000000000000e+02 1.244400000000000000e+04 -3.424000000000000000e+03 -1.240000000000000000e+02 5.900000000000000000e+01
-7.688000000000000000e+03 3.400000000000000000e+02 1.223600000000000000e+04 -3.456000000000000000e+03 -3.920000000000000000e+02 2.060000000000000000e+02
-6.884000000000000000e+03 9.880000000000000000e+02 1.188000000000000000e+04 -3.488000000000000000e+03 -1.160000000000000000e+02 7.500000000000000000e+01
-7.228000000000000000e+03 7.120000000000000000e+02 1.172000000000000000e+04 -3.472000000000000000e+03 -6.950000000000000000e+02 2.610000000000000000e+02
-7.544000000000000000e+03 3.960000000000000000e+02 1.213600000000000000e+04 -3.440000000000000000e+03 -2.270000000000000000e+02 5.290000000000000000e+02
-6.988000000000000000e+03 7.200000000000000000e+02 1.229200000000000000e+04 -3.440000000000000000e+03 -6.700000000000000000e+02 3.300000000000000000e+01
-7.012000000000000000e+03 9.440000000000000000e+02 1.164000000000000000e+04 -3.456000000000000000e+03 -3.890000000000000000e+02 3.380000000000000000e+02
-6.292000000000000000e+03 1.084000000000000000e+03 1.187200000000000000e+04 -3.456000000000000000e+03 -4.030000000000000000e+02 7.470000000000000000e+02
-1.126000000000000000e+04 -4.544000000000000000e+03 1.317600000000000000e+04 -3.440000000000000000e+03 7.000000000000000000e+01 5.590000000000000000e+02
-1.258000000000000000e+04 -5.224000000000000000e+03 1.357200000000000000e+04 -3.472000000000000000e+03 -2.270000000000000000e+02 6.050000000000000000e+02
-9.572000000000000000e+03 -1.280000000000000000e+03 1.289200000000000000e+04 -3.472000000000000000e+03 6.330000000000000000e+02 1.581000000000000000e+03
-7.500000000000000000e+03 7.040000000000000000e+02 1.146400000000000000e+04 -3.456000000000000000e+03 5.610000000000000000e+02 1.004000000000000000e+03
