-4.760000000000000000e+03 1.408000000000000000e+03 1.348800000000000000e+04 -3.440000000000000000e+03 -2.510000000000000000e+02 1.880000000000000000e+02
-4.660000000000000000e+03 1.416000000000000000e+03 1.379200000000000000e+04 -3.456000000000000000e+03 -2.810000000000000000e+02 2.200000000000000000e+02
-4.612000000000000000e+03 1.468000000000000000e+03 1.313600000000000000e+04 -3.424000000000000000e+03 -3.440000000000000000e+02 3.320000000000000000e+02
-4.556000000000000000e+03 1.508000000000000000e+03 1.373200000000000000e+04 -3.440000000000000000e+03 -1.690000000000000000e+02 3.610000000000000000e+02
-4.836000000000000000e+03 1.752000000000000000e+03 1.351600000000000000e+04 -3.408000000000000000e+03 -4.800000000000000000e+01 2.220000000000000000e+02
-4.860000000000000000e+03 1.632000000000000000e+03 1.339200000000000000e+04 -3.440000000000000000e+03 2.450000000000000000e+02 1.600000000000000000e+02
-4.728000000000000000e+03 1.504000000000000000e+03 1.351600000000000000e+04 -3.472000000000000000e+03 3.230000000000000000e+02 3.450000000000000000e+02
-4.988000000000000000e+03 1.744000000000000000e+03 1.349600000000000000e+04 -3.440000000000000000e+03 -2.450000000000000000e+02 -1.890000000000000000e+02
-4.900000000000000000e+03 1.916000000000000000e+03 1.366800000000000000e+04 -3.424000000000000000e+03 2.480000000000000000e+02 -6.100000000000000000e+01
-4.732000000000000000e+03 1.316000000000000000e+03 1.361600000000000000e+04 -3.456000000000000000e+03 -1.930000000000000000e+02 -4.120000000000000000e+02
-4.368000000000000000e+03 1.940000000000000000e+03 1.375200000000000000e+04 -3.440000000000000000e+03 -1.040000000000000000e+02 1.330000000000000000e+02
-4.460000000000000000e+03 2.276000000000000000e+03 1.305200000000000000e+04 -3.456000000000000000e+03 -1.830000000000000000e+02 -4.220000000000000000e+02
-5.680000000000000000e+03 2.748000000000000000e+03 1.511200000000000000e+04 -3.424000000000000000e+03 -8.530000000000000000e+02 4.710000000000000000e+02
-4.664000000000000000e+03 -1.140000000000000000e+03 1.241600000000000000e+04 -3.440000000000000000e+03 -3.970000000000000000e+02 -4.650000000000000000e+02
-5.368000000000000000e+03 2.524000000000000000e+03 1.501600000000000000e+04 -3.472000000000000000e+03 1.650000000000000000e+02 1.629000000000000000e+03
-4.648000000000000000e+03 1.656000000000000000e+03 1.289600000000000000e+04 -3.440000000000000000e+03 -6.330000000000000000e+02 1.940000000000000000e+02
-5.088000000000000000e+03 1.844000000000000000e+03 1.416400000000000000e+04 -3.424000000000000000e+03 3.590000000000000000e+02 6.500000000000000000e+02
-4.708000000000000000e+03 1.584000000000000000e+03 1.362800000000000000e+04 -3.456000000000000000e+03 -8.050000000000000000e+02 -6.800000000000000000e+01
-4.952000000000000000e+03 1.640000000000000000e+03 1.296000000000000000e+04 -3.488000000000000000e+03 1.550000000000000000e+02 5.570000000000000000e+02
-3.792000000000000000e+03 1.264000000000000000e+03 1.390800000000000000e+04 -3.424000000000000000e+03 -5.190000000000000000e+02 2.070000000000000000e+02
-4.412000000000000000e+03 1.552000000000000000e+03 1.296800000000000000e+04 -3.440000000000000000e+03 4.860000000000000000e+02 5.690000000000000000e+02
-4.436000000000000000e+03 2.376000000000000000e+03 1.409200000000000000e+04 -3.440000000000000000e+03 8.500000000000000000e+01 6.830000000000000000e+02
-4.752000000000000000e+03 2.116000000000000000e+03 1.418000000000000000e+04 -3.456000000000000000e+03 -4.960000000000000000e+02 2.860000000000000000e+02
-4.820000000000000000e+03 1.664000000000000000e+03 1.294000000000000000e+04 -3.440000000000000000e+03 1.780000000000000000e+02 -1.300000000000000000e+01
-4.940000000000000000e+03 2.572000000000000000e+03 1.393200000000000000e+04 -3.440000000000000000e+03 -5.760000000000000000e+02 7.700000000000000000e+01
-4.716000000000000000e+03 1.652000000000000000e+03 1.334400000000000000e+04 -3.440000000000000000e+03 -4.990000000000000000e+02 1.500000000000000000e+01
-4.712000000000000000e+03 1.612000000000000000e+03 1.293600000000000000e+04 -3.392000000000000000e+03 1.540000000000000000e+02 2.830000000000000000e+02
-5.032000000000000000e+03 1.904000000000000000e+03 1.378400000000000000e+04 -3.440000000000000000e+03 3.770000000000000000e+02 7.480000000000000000e+02
-4.968000000000000000e+03 2.108000000000000000e+03 1.408800000000000000e+04 -3.440000000000000000e+03 2.460000000000000000e+02 3.980000000000000000e+02
-4.964000000000000000e+03 1.960000000000000000e+03 1.293200000000000000e+04 -3.440000000000000000e+03 -5.370000000000000000e+02 -1.900000000000000000e+02
-4.824000000000000000e+03 1.856000000000000000e+03 1.325600000000000000e+04 -3.424000000000000000e+03 3.530000000000000000e+02 6.520000000000000000e+02
-4.908000000000000000e+03 2.176000000000000000e+03 1.365600000000000000e+04 -3.424000000000000000e+03 -1.400000000000000000e+02 3.090000000000000000e+02
-4.684000000000000000e+03 2.316000000000000000e+03 1.310400000000000000e+04 -3.456000000000000000e+03 -7.000000000000000000e+00 -2.860000000000000000e+02
-4.712000000000000000e+03 2.436000000000000000e+03 1.279200000000000000e+04 -3.488000000000000000e+03 2.900000000000000000e+02 6.510000000000000000e+02
-5.148000000000000000e+03 2.848000000000000000e+03 1.237200000000000000e+04 -3.424000000000000000e+03 -6.430000000000000000e+02 -4.570000000000000000e+02
-5.132000000000000000e+03 2.160000000000000000e+03 1.329200000000000000e+04 -3.440000000000000000e+03 6.900000000000000000e+01 8.770000000000000000e+02
-5.232000000000000000e+03 2.392000000000000000e+03 1.363600000000000000e+04 -3.440000000000000000e+03 1.560000000000000000e+02 5.970000000000000000e+02
-4.200000000000000000e+03 2.672000000000000000e+03 1.222000000000000000e+04 -3.472000000000000000e+03 2.820000000000000000e+02 1.014000000000000000e+03
-5.004000000000000000e+03 3.196000000000000000e+03 1.379600000000000000e+04 -3.472000000000000000e+03 -2.100000000000000000e+02 5.950000000000000000e+02
-4.820000000000000000e+03 2.628000000000000000e+03 1.273600000000000000e+04 -3.456000000000000000e+03 -1.348000000000000000e+03 -1.980000000000000000e+02
-4.920000000000000000e+03 2.080000000000000000e+03 1.352800000000000000e+04 -3.424000000000000000e+03 -1.020000000000000000e+03 4.860000000000000000e+02
-5.224000000000000000e+03 1.848000000000000000e+03 1.370000000000000000e+04 -3.456000000000000000e+03 -1.273000000000000000e+03 -3.250000000000000000e+02
-4.900000000000000000e+03 1.452000000000000000e+03 1.328400000000000000e+04 -3.424000000000000000e+03 -1.490000000000000000e+02 -7.800000000000000000e+01
-4.956000000000000000e+03 1.636000000000000000e+03 1.382000000000000000e+04 -3.440000000000000000e+03 -6.310000000000000000e+02 -4.720000000000000000e+02
-5.412000000000000000e+03 1.832000000000000000e+03 1.285600000000000000e+04 -3.456000000000000000e+03 -6.800000000000000000e+02 3.250000000000000000e+02
-4.976000000000000000e+03 1.944000000000000000e+03 1.365200000000000000e+04 -3.408000000000000000e+03 -4.710000000000000000e+02 2.780000000000000000e+02
-4.836000000000000000e+03 1.616000000000000000e+03 1.359200000000000000e+04 -3.472000000000000000e+03 -7.510000000000000000e+02 -4.400000000000000000e+01
-4.924000000000000000e+03 1.388000000000000000e+03 1.332000000000000000e+04 -3.456000000000000000e+03 9.800000000000000000e+01 6.390000000000000000e+02
-5.464000000000000000e+03 2.564000000000000000e+03 1.348400000000000000e+04 -3.408000000000000000e+03 -8.200000000000000000e+01 3.940000000000000000e+02
-5.020000000000000000e+03 1.772000000000000000e+03 1.366800000000000000e+04 -3.440000000000000000e+03 -8.220000000000000000e+02 -1.220000000000000000e+02
-4.884000000000000000e+03 1.576000000000000000e+03 1.312400000000000000e+04 -3.424000000000000000e+03 -4.930000000000000000e+02 -4.700000000000000000e+01
-4.932000000000000000e+03 1.796000000000000000e+03 1.343600000000000000e+04 -3.440000000000000000e+03 -6.420000000000000000e+02 -1.120000000000000000e+02
-4.856000000000000000e+03 1.724000000000000000e+03 1.315600000000000000e+04 -3.424000000000000000e+03 -4.820000000000000000e+02 1.200000000000000000e+01
-5.060000000000000000e+03 1.840000000000000000e+03 1.374400000000000000e+04 -3.456000000000000000e+03 -5.140000000000000000e+02 2.900000000000000000e+02
-4.972000000000000000e+03 1.360000000000000000e+03 1.330800000000000000e+04 -3.440000000000000000e+03 -8.460000000000000000e+02 -1.130000000000000000e+02
-4.724000000000000000e+03 1.628000000000000000e+03 1.334800000000000000e+04 -3.456000000000000000e+03 -4.810000000000000000e+02 2.620000000000000000e+02
-4.844000000000000000e+03 1.800000000000000000e+03 1.366400000000000000e+04 -3.440000000000000000e+03 -4.760000000000000000e+02 2.000000000000000000e+01
-4.796000000000000000e+03 1.252000000000000000e+03 1.304000000000000000e+04 -3.440000000000000000e+03 -5.270000000000000000e+02 3.610000000000000000e+02
-4.848000000000000000e+03 1.872000000000000000e+03 1.380000000000000000e+04 -3.440000000000000000e+03 -3.400000000000000000e+01 2.460000000000000000e+02
-5.144000000000000000e+03 1.988000000000000000e+03 1.309200000000000000e+04 -3.472000000000000000e+03 -3.500000000000000000e+02 2.510000000000000000e+02
-5.080000000000000000e+03 1.968000000000000000e+03 1.312800000000000000e+04 -3.424000000000000000e+03 -1.270000000000000000e+02 3.040000000000000000e+02
-4.872000000000000000e+03 1.684000000000000000e+03 1.359600000000000000e+04 -3.424000000000000000e+03 -6.970000000000000000e+02 -1.720000000000000000e+02
-4.824000000000000000e+03 1.720000000000000000e+03 1.301600000000000000e+04 -3.472000000000000000e+03 -2.310000000000000000e+02 1.440000000000000000e+02
-4.976000000000000000e+03 1.596000000000000000e+03 1.394800000000000000e+04 -3.472000000000000000e+03 -2.870000000000000000e+02 2.370000000000000000e+02
-4.852000000000000000e+03 1.364000000000000000e+03 1.317200000000000000e+04 -3.456000000000000000e+03 -5.270000000000000000e+02 -6.800000000000000000e+01
-5.084000000000000000e+03 1.496000000000000000e+03 1.336400000000000000e+04 -3.456000000000000000e+03 -1.430000000000000000e+02 3.220000000000000000e+02
-4.772000000000000000e+03 1.532000000000000000e+03 1.355200000000000000e+04 -3.440000000000000000e+03 -4.940000000000000000e+02 -7.400000000000000000e+01
-4.972000000000000000e+03 1.636000000000000000e+03 1.322000000000000000e+04 -3.440000000000000000e+03 -3.390000000000000000e+02 1.380000000000000000e+02
-4.932000000000000000e+03 1.496000000000000000e+03 1.380000000000000000e+04 -3.424000000000000000e+03 -2.990000000000000000e+02 1.850000000000000000e+02
-4.820000000000000000e+03 1.728000000000000000e+03 1.374800000000000000e+04 -3.488000000000000000e+03 -2.840000000000000000e+02 1.870000000000000000e+02
-4.844000000000000000e+03 1.184000000000000000e+03 1.335200000000000000e+04 -3.440000000000000000e+03 -2.560000000000000000e+02 -9.000000000000000000e+00
-5.172000000000000000e+03 1.672000000000000000e+03 1.362000000000000000e+04 -3.488000000000000000e+03 -3.000000000000000000e+00 3.530000000000000000e+02
-4.624000000000000000e+03 1.624000000000000000e+03 1.374800000000000000e+04 -3.456000000000000000e+03 1.000000000000000000e+01 1.680000000000000000e+02
-4.880000000000000000e+03 1.752000000000000000e+03 1.334800000000000000e+04 -3.440000000000000000e+03 -3.900000000000000000e+01 3.300000000000000000e+01
-4.632000000000000000e+03 1.412000000000000000e+03 1.272400000000000000e+04 -3.472000000000000000e+03 -2.200000000000000000e+02 1.950000000000000000e+02
-5.224000000000000000e+03 2.112000000000000000e+03 1.392000000000000000e+04 -3.440000000000000000e+03 1.270000000000000000e+02 4.780000000000000000e+02
-5.372000000000000000e+03 1.904000000000000000e+03 1.302800000000000000e+04 -3.440000000000000000e+03 -5.960000000000000000e+02 3.750000000000000000e+02
-4.888000000000000000e+03 1.952000000000000000e+03 1.380800000000000000e+04 -3.456000000000000000e+03 -1.300000000000000000e+02 -1.740000000000000000e+02
-4.868000000000000000e+03 1.232000000000000000e+03 1.283200000000000000e+04 -3.440000000000000000e+03 -1.726000000000000000e+03 -1.141000000000000000e+03
-5.020000000000000000e+03 1.064000000000000000e+03 1.350000000000000000e+04 -3.440000000000000000e+03 3.830000000000000000e+02 6.000000000000000000e+01
-4.732000000000000000e+03 1.660000000000000000e+03 1.296000000000000000e+04 -3.424000000000000000e+03 -2.680000000000000000e+02 -3.660000000000000000e+02
-4.916000000000000000e+03 2.108000000000000000e+03 1.353600000000000000e+04 -3.440000000000000000e+03 -6.000000000000000000e+02 -9.060000000000000000e+02
-4.268000000000000000e+03 1.260000000000000000e+03 1.296400000000000000e+04 -3.424000000000000000e+03 1.560000000000000000e+02 4.670000000000000000e+02
-4.660000000000000000e+03 1.708000000000000000e+03 1.401200000000000000e+04 -3.456000000000000000e+03 -1.233000000000000000e+03 -7.000000000000000000e+00
-4.720000000000000000e+03 1.388000000000000000e+03 1.330000000000000000e+04 -3.456000000000000000e+03 -5.190000000000000000e+02 9.900000000000000000e+02
