-8.368000000000000000e+03 1.148000000000000000e+03 1.183600000000000000e+04 -3.456000000000000000e+03 1.604000000000000000e+03 -1.800000000000000000e+01
-8.424000000000000000e+03 1.576000000000000000e+03 1.176000000000000000e+04 -3.456000000000000000e+03 2.490000000000000000e+02 2.250000000000000000e+02
-8.352000000000000000e+03 1.412000000000000000e+03 1.191600000000000000e+04 -3.424000000000000000e+03 -1.500000000000000000e+02 2.270000000000000000e+02
-8.416000000000000000e+03 1.380000000000000000e+03 1.154400000000000000e+04 -3.424000000000000000e+03 -5.460000000000000000e+02 -7.800000000000000000e+01
-8.644000000000000000e+03 9.520000000000000000e+02 1.134000000000000000e+04 -3.440000000000000000e+03 -4.960000000000000000e+02 -3.480000000000000000e+02
-8.680000000000000000e+03 1.260000000000000000e+03 1.209200000000000000e+04 -3.440000000000000000e+03 -4.080000000000000000e+02 -4.670000000000000000e+02
-8.836000000000000000e+03 7.920000000000000000e+02 1.158800000000000000e+04 -3.456000000000000000e+03 -8.000000000000000000e+02 1.700000000000000000e+01
-8.204000000000000000e+03 1.260000000000000000e+03 1.176400000000000000e+04 -3.440000000000000000e+03 -6.460000000000000000e+02 5.420000000000000000e+02
-8.480000000000000000e+03 1.364000000000000000e+03 1.189200000000000000e+04 -3.424000000000000000e+03 -1.591000000000000000e+03 1.800000000000000000e+01
-8.224000000000000000e+03 7.320000000000000000e+02 1.176800000000000000e+04 -3.424000000000000000e+03 -1.958000000000000000e+03 -1.190000000000000000e+02
-8.748000000000000000e+03 7.680000000000000000e+02 1.186800000000000000e+04 -3.440000000000000000e+03 -4.203000000000000000e+03 6.500000000000000000e+02
-8.480000000000000000e+03 4.920000000000000000e+02 1.136800000000000000e+04 -3.440000000000000000e+03 -2.100000000000000000e+03 6.680000000000000000e+02
-8.448000000000000000e+03 6.520000000000000000e+02 1.191200000000000000e+04 -3.440000000000000000e+03 -3.035000000000000000e+03 2.650000000000000000e+02
-8.488000000000000000e+03 7.600000000000000000e+01 1.180000000000000000e+04 -3.424000000000000000e+03 -2.920000000000000000e+02 4.720000000000000000e+02
-8.480000000000000000e+03 4.040000000000000000e+02 1.185200000000000000e+04 -3.440000000000000000e+03 -5.040000000000000000e+02 7.900000000000000000e+01
-8.768000000000000000e+03 1.040000000000000000e+02 1.154400000000000000e+04 -3.408000000000000000e+03 -3.730000000000000000e+02 -2.810000000000000000e+02
-8.456000000000000000e+03 2.960000000000000000e+02 1.231200000000000000e+04 -3.440000000000000000e+03 -1.350000000000000000e+02 2.790000000000000000e+02
-8.720000000000000000e+03 6.280000000000000000e+02 1.143600000000000000e+04 -3.408000000000000000e+03 -8.470000000000000000e+02 -2.890000000000000000e+02
-8.340000000000000000e+03 -1.040000000000000000e+02 1.184400000000000000e+04 -3.440000000000000000e+03 4.400000000000000000e+01 5.330000000000000000e+02
-8.112000000000000000e+03 1.044000000000000000e+03 1.196400000000000000e+04 -3.440000000000000000e+03 -1.352000000000000000e+03 -2.200000000000000000e+02
-8.120000000000000000e+03 2.840000000000000000e+02 1.139200000000000000e+04 -3.424000000000000000e+03 -2.090000000000000000e+02 3.730000000000000000e+02
-7.940000000000000000e+03 6.000000000000000000e+01 1.199200000000000000e+04 -3.456000000000000000e+03 -5.410000000000000000e+02 -4.100000000000000000e+01
-8.380000000000000000e+03 7.600000000000000000e+02 1.091600000000000000e+04 -3.440000000000000000e+03 -1.090000000000000000e+03 4.980000000000000000e+02
-7.948000000000000000e+03 5.520000000000000000e+02 1.192000000000000000e+04 -3.424000000000000000e+03 -6.540000000000000000e+02 3.740000000000000000e+02
-8.156000000000000000e+03 4.080000000000000000e+02 1.078400000000000000e+04 -3.424000000000000000e+03 -9.700000000000000000e+02 3.300000000000000000e+01
-8.264000000000000000e+03 -4.400000000000000000e+01 1.240400000000000000e+04 -3.440000000000000000e+03 -8.450000000000000000e+02 7.630000000000000000e+02
-8.660000000000000000e+03 6.400000000000000000e+02 1.166400000000000000e+04 -3.408000000000000000e+03 -1.926000000000000000e+03 -4.870000000000000000e+02
-8.040000000000000000e+03 -9.360000000000000000e+02 1.184000000000000000e+04 -3.424000000000000000e+03 -2.030000000000000000e+02 2.510000000000000000e+02
-8.296000000000000000e+03 2.320000000000000000e+02 1.208400000000000000e+04 -3.440000000000000000e+03 -7.760000000000000000e+02 -2.880000000000000000e+02
-8.548000000000000000e+03 -3.480000000000000000e+02 1.131200000000000000e+04 -3.440000000000000000e+03 -3.720000000000000000e+02 3.600000000000000000e+02
-8.528000000000000000e+03 -1.360000000000000000e+02 1.228800000000000000e+04 -3.456000000000000000e+03 -3.880000000000000000e+02 6.300000000000000000e+01
-8.612000000000000000e+03 -6.600000000000000000e+02 1.190400000000000000e+04 -3.424000000000000000e+03 -2.750000000000000000e+02 3.460000000000000000e+02
-8.392000000000000000e+03 -3.720000000000000000e+02 1.180400000000000000e+04 -3.424000000000000000e+03 -6.710000000000000000e+02 3.900000000000000000e+01
-8.332000000000000000e+03 -2.200000000000000000e+02 1.172400000000000000e+04 -3.424000000000000000e+03 1.760000000000000000e+02 3.400000000000000000e+02
-8.548000000000000000e+03 -1.080000000000000000e+02 1.199600000000000000e+04 -3.424000000000000000e+03 -1.900000000000000000e+02 1.500000000000000000e+02
-8.376000000000000000e+03 8.000000000000000000e+01 1.126400000000000000e+04 -3.408000000000000000e+03 3.020000000000000000e+02 9.000000000000000000e+01
-8.224000000000000000e+03 -7.000000000000000000e+02 1.220400000000000000e+04 -3.440000000000000000e+03 -8.820000000000000000e+02 2.170000000000000000e+02
-7.816000000000000000e+03 -8.280000000000000000e+02 1.170800000000000000e+04 -3.440000000000000000e+03 -1.480000000000000000e+02 4.210000000000000000e+02
-8.040000000000000000e+03 1.960000000000000000e+02 1.286400000000000000e+04 -3.424000000000000000e+03 3.730000000000000000e+02 1.490000000000000000e+02
-8.404000000000000000e+03 -9.200000000000000000e+01 1.160000000000000000e+04 -3.408000000000000000e+03 -8.600000000000000000e+01 1.670000000000000000e+02
-8.248000000000000000e+03 5.640000000000000000e+02 1.150800000000000000e+04 -3.440000000000000000e+03 1.183000000000000000e+03 3.670000000000000000e+02
-8.416000000000000000e+03 4.200000000000000000e+02 1.167200000000000000e+04 -3.456000000000000000e+03 2.170000000000000000e+02 -2.010000000000000000e+02
-8.620000000000000000e+03 3.080000000000000000e+02 1.200400000000000000e+04 -3.424000000000000000e+03 -1.990000000000000000e+02 4.440000000000000000e+02
-8.616000000000000000e+03 -1.760000000000000000e+02 1.167200000000000000e+04 -3.424000000000000000e+03 -9.550000000000000000e+02 -5.920000000000000000e+02
-8.200000000000000000e+03 -5.240000000000000000e+02 1.134000000000000000e+04 -3.440000000000000000e+03 -6.910000000000000000e+02 -5.760000000000000000e+02
-8.012000000000000000e+03 -3.400000000000000000e+02 1.206800000000000000e+04 -3.456000000000000000e+03 9.600000000000000000e+01 1.000000000000000000e+02
-8.228000000000000000e+03 4.280000000000000000e+02 1.190800000000000000e+04 -3.392000000000000000e+03 1.630000000000000000e+02 1.710000000000000000e+02
-8.220000000000000000e+03 -4.800000000000000000e+01 1.118400000000000000e+04 -3.440000000000000000e+03 3.390000000000000000e+02 2.080000000000000000e+02
-8.600000000000000000e+03 2.000000000000000000e+02 1.178800000000000000e+04 -3.424000000000000000e+03 5.980000000000000000e+02 7.500000000000000000e+01
-8.604000000000000000e+03 5.040000000000000000e+02 1.260400000000000000e+04 -3.472000000000000000e+03 -1.170000000000000000e+02 4.400000000000000000e+01
-8.984000000000000000e+03 2.120000000000000000e+02 1.206800000000000000e+04 -3.440000000000000000e+03 -2.043000000000000000e+03 1.160000000000000000e+02
-8.040000000000000000e+03 -2.600000000000000000e+02 1.232000000000000000e+04 -3.440000000000000000e+03 -7.510000000000000000e+02 1.462000000000000000e+03
-7.064000000000000000e+03 -6.200000000000000000e+02 1.107200000000000000e+04 -3.456000000000000000e+03 -2.249000000000000000e+03 3.930000000000000000e+02
-8.476000000000000000e+03 2.680000000000000000e+02 1.275600000000000000e+04 -3.472000000000000000e+03 -8.970000000000000000e+02 1.076000000000000000e+03
-8.504000000000000000e+03 -1.080000000000000000e+02 1.156000000000000000e+04 -3.440000000000000000e+03 -1.115000000000000000e+03 5.600000000000000000e+01
-8.184000000000000000e+03 9.440000000000000000e+02 1.342000000000000000e+04 -3.424000000000000000e+03 1.770000000000000000e+02 1.003000000000000000e+03
-8.108000000000000000e+03 3.640000000000000000e+02 1.216800000000000000e+04 -3.456000000000000000e+03 -9.470000000000000000e+02 -1.460000000000000000e+02
-7.928000000000000000e+03 -4.760000000000000000e+02 1.118400000000000000e+04 -3.456000000000000000e+03 -6.580000000000000000e+02 -5.100000000000000000e+01
-8.236000000000000000e+03 3.520000000000000000e+02 1.236800000000000000e+04 -3.456000000000000000e+03 -2.290000000000000000e+02 2.710000000000000000e+02
-8.512000000000000000e+03 -4.680000000000000000e+02 1.197600000000000000e+04 -3.424000000000000000e+03 -3.260000000000000000e+02 -1.216000000000000000e+03
-8.380000000000000000e+03 -2.520000000000000000e+02 1.203600000000000000e+04 -3.424000000000000000e+03 1.400000000000000000e+02 1.600000000000000000e+01
-8.596000000000000000e+03 1.240000000000000000e+02 1.258800000000000000e+04 -3.440000000000000000e+03 -3.890000000000000000e+02 5.400000000000000000e+01
-7.184000000000000000e+03 6.240000000000000000e+02 1.103200000000000000e+04 -3.424000000000000000e+03 -1.017000000000000000e+03 3.960000000000000000e+02
-7.876000000000000000e+03 1.528000000000000000e+03 1.210000000000000000e+04 -3.440000000000000000e+03 2.600000000000000000e+02 9.490000000000000000e+02
-7.632000000000000000e+03 3.520000000000000000e+02 1.165200000000000000e+04 -3.408000000000000000e+03 -5.550000000000000000e+02 -2.240000000000000000e+02
-7.700000000000000000e+03 1.440000000000000000e+02 1.247200000000000000e+04 -3.440000000000000000e+03 1.600000000000000000e+03 -3.240000000000000000e+02
-7.988000000000000000e+03 3.840000000000000000e+02 1.220400000000000000e+04 -3.424000000000000000e+03 8.090000000000000000e+02 -6.560000000000000000e+02
-7.500000000000000000e+03 8.040000000000000000e+02 1.104000000000000000e+04 -3.456000000000000000e+03 -2.680000000000000000e+02 1.840000000000000000e+02
-6.936000000000000000e+03 6.480000000000000000e+02 1.106400000000000000e+04 -3.424000000000000000e+03 8.020000000000000000e+02 -1.430000000000000000e+02
-7.648000000000000000e+03 8.520000000000000000e+02 1.237600000000000000e+04 -3.424000000000000000e+03 2.990000000000000000e+02 -1.410000000000000000e+02
-7.848000000000000000e+03 5.000000000000000000e+02 1.172800000000000000e+04 -3.424000000000000000e+03 3.830000000000000000e+02 -5.100000000000000000e+01
-7.648000000000000000e+03 1.024000000000000000e+03 1.161600000000000000e+04 -3.440000000000000000e+03 -1.500000000000000000e+01 -1.303000000000000000e+03
-7.092000000000000000e+03 1.512000000000000000e+03 1.196400000000000000e+04 -3.456000000000000000e+03 -2.940000000000000000e+02 -7.700000000000000000e+01
-7.668000000000000000e+03 1.104000000000000000e+03 1.193200000000000000e+04 -3.424000000000000000e+03 1.950000000000000000e+02 -3.800000000000000000e+02
-7.568000000000000000e+03 5.680000000000000000e+02 1.176800000000000000e+04 -3.472000000000000000e+03 -1.700000000000000000e+01 -3.150000000000000000e+02
-8.032000000000000000e+03 1.104000000000000000e+03 1.266000000000000000e+04 -3.456000000000000000e+03 3.100000000000000000e+02 2.840000000000000000e+02
-8.048000000000000000e+03 7.280000000000000000e+02 1.201200000000000000e+04 -3.440000000000000000e+03 2.570000000000000000e+02 3.870000000000000000e+02
-7.564000000000000000e+03 1.128000000000000000e+03 1.205600000000000000e+04 -3.424000000000000000e+03 8.300000000000000000e+01 3.200000000000000000e+02
-7.268000000000000000e+03 9.000000000000000000e+02 1.181200000000000000e+04 -3.440000000000000000e+03 -3.130000000000000000e+02 3.470000000000000000e+02
-7.768000000000000000e+03 1.288000000000000000e+03 1.212000000000000000e+04 -3.472000000000000000e+03 -5.220000000000000000e+02 1.600000000000000000e+01
-7.704000000000000000e+03 1.008000000000000000e+03 1.188000000000000000e+04 -3.440000000000000000e+03 -8.400000000000000000e+01 -2.760000000000000000e+02
-7.852000000000000000e+03 1.124000000000000000e+03 1.220800000000000000e+04 -3.424000000000000000e+03 2.420000000000000000e+02 1.900000000000000000e+02
-7.556000000000000000e+03 1.124000000000000000e+03 1.187600000000000000e+04 -3.424000000000000000e+03 2.560000000000000000e+02 1.220000000000000000e+02
-7.456000000000000000e+03 9.600000000000000000e+02 1.203600000000000000e+04 -3.456000000000000000e+03 -1.480000000000000000e+02 -3.360000000000000000e+02
-8.312000000000000000e+03 1.196000000000000000e+03 1.299200000000000000e+04 -3.456000000000000000e+03 2.440000000000000000e+02 1.230000000000000000e+02
