-4.632000000000000000e+03 1.724000000000000000e+03 1.336400000000000000e+04 -3.456000000000000000e+03 -3.680000000000000000e+02 1.190000000000000000e+02
-4.592000000000000000e+03 2.024000000000000000e+03 1.354400000000000000e+04 -3.440000000000000000e+03 -3.570000000000000000e+02 5.800000000000000000e+01
-4.624000000000000000e+03 1.912000000000000000e+03 1.351200000000000000e+04 -3.440000000000000000e+03 -2.350000000000000000e+02 2.450000000000000000e+02
-4.700000000000000000e+03 2.100000000000000000e+03 1.354400000000000000e+04 -3.440000000000000000e+03 -4.800000000000000000e+02 6.100000000000000000e+01
-4.528000000000000000e+03 2.016000000000000000e+03 1.357600000000000000e+04 -3.440000000000000000e+03 -2.900000000000000000e+02 2.520000000000000000e+02
-4.748000000000000000e+03 2.392000000000000000e+03 1.315200000000000000e+04 -3.456000000000000000e+03 -4.080000000000000000e+02 1.420000000000000000e+02
-4.516000000000000000e+03 2.136000000000000000e+03 1.372400000000000000e+04 -3.456000000000000000e+03 -2.050000000000000000e+02 1.420000000000000000e+02
-4.372000000000000000e+03 2.264000000000000000e+03 1.314400000000000000e+04 -3.424000000000000000e+03 -4.020000000000000000e+02 -2.900000000000000000e+01
-4.496000000000000000e+03 2.032000000000000000e+03 1.373200000000000000e+04 -3.440000000000000000e+03 -1.640000000000000000e+02 4.840000000000000000e+02
-4.388000000000000000e+03 1.592000000000000000e+03 1.328400000000000000e+04 -3.440000000000000000e+03 -4.650000000000000000e+02 1.420000000000000000e+02
-4.828000000000000000e+03 1.992000000000000000e+03 1.380000000000000000e+04 -3.456000000000000000e+03 -1.170000000000000000e+02 2.540000000000000000e+02
-4.688000000000000000e+03 1.784000000000000000e+03 1.338000000000000000e+04 -3.424000000000000000e+03 -2.930000000000000000e+02 2.200000000000000000e+02
-4.504000000000000000e+03 1.956000000000000000e+03 1.369200000000000000e+04 -3.472000000000000000e+03 -3.120000000000000000e+02 7.700000000000000000e+01
-4.568000000000000000e+03 1.932000000000000000e+03 1.320800000000000000e+04 -3.424000000000000000e+03 -2.490000000000000000e+02 1.730000000000000000e+02
-4.612000000000000000e+03 2.072000000000000000e+03 1.388800000000000000e+04 -3.440000000000000000e+03 -1.260000000000000000e+02 3.190000000000000000e+02
-4.764000000000000000e+03 2.004000000000000000e+03 1.340800000000000000e+04 -3.440000000000000000e+03 -2.270000000000000000e+02 1.170000000000000000e+02
-4.764000000000000000e+03 2.124000000000000000e+03 1.350400000000000000e+04 -3.488000000000000000e+03 -3.660000000000000000e+02 -7.000000000000000000e+00
-4.536000000000000000e+03 1.660000000000000000e+03 1.337200000000000000e+04 -3.424000000000000000e+03 -4.230000000000000000e+02 2.700000000000000000e+01
-4.556000000000000000e+03 1.744000000000000000e+03 1.368000000000000000e+04 -3.456000000000000000e+03 -2.440000000000000000e+02 2.080000000000000000e+02
-4.628000000000000000e+03 1.712000000000000000e+03 1.374400000000000000e+04 -3.456000000000000000e+03 -2.090000000000000000e+02 2.960000000000000000e+02
-4.772000000000000000e+03 2.044000000000000000e+03 1.331200000000000000e+04 -3.472000000000000000e+03 -4.220000000000000000e+02 -8.000000000000000000e+00
-4.732000000000000000e+03 1.852000000000000000e+03 1.385200000000000000e+04 -3.424000000000000000e+03 -1.940000000000000000e+02 2.620000000000000000e+02
-4.516000000000000000e+03 2.016000000000000000e+03 1.316000000000000000e+04 -3.472000000000000000e+03 -3.400000000000000000e+02 -8.000000000000000000e+00
-4.552000000000000000e+03 1.948000000000000000e+03 1.364000000000000000e+04 -3.456000000000000000e+03 -2.220000000000000000e+02 2.530000000000000000e+02
-4.692000000000000000e+03 2.032000000000000000e+03 1.336800000000000000e+04 -3.440000000000000000e+03 -1.580000000000000000e+02 2.290000000000000000e+02
-4.652000000000000000e+03 1.804000000000000000e+03 1.342800000000000000e+04 -3.424000000000000000e+03 -2.510000000000000000e+02 1.740000000000000000e+02
-4.788000000000000000e+03 2.000000000000000000e+03 1.360800000000000000e+04 -3.456000000000000000e+03 3.800000000000000000e+01 1.850000000000000000e+02
-4.684000000000000000e+03 1.776000000000000000e+03 1.358400000000000000e+04 -3.488000000000000000e+03 -1.400000000000000000e+02 1.940000000000000000e+02
-4.752000000000000000e+03 1.988000000000000000e+03 1.355200000000000000e+04 -3.456000000000000000e+03 -6.000000000000000000e+00 3.370000000000000000e+02
-4.900000000000000000e+03 2.092000000000000000e+03 1.336400000000000000e+04 -3.488000000000000000e+03 -1.390000000000000000e+02 8.900000000000000000e+01
-4.932000000000000000e+03 1.948000000000000000e+03 1.368400000000000000e+04 -3.456000000000000000e+03 -1.970000000000000000e+02 6.230000000000000000e+02
-4.456000000000000000e+03 1.696000000000000000e+03 1.366000000000000000e+04 -3.456000000000000000e+03 -3.500000000000000000e+02 -3.600000000000000000e+01
-4.452000000000000000e+03 2.412000000000000000e+03 1.374400000000000000e+04 -3.424000000000000000e+03 -1.270000000000000000e+02 -1.000000000000000000e+01
-4.488000000000000000e+03 2.176000000000000000e+03 1.324800000000000000e+04 -3.440000000000000000e+03 -4.120000000000000000e+02 -6.300000000000000000e+01
-4.488000000000000000e+03 1.624000000000000000e+03 1.359200000000000000e+04 -3.440000000000000000e+03 -3.870000000000000000e+02 5.900000000000000000e+01
-4.612000000000000000e+03 2.300000000000000000e+03 1.372400000000000000e+04 -3.440000000000000000e+03 -3.000000000000000000e+00 4.570000000000000000e+02
-4.484000000000000000e+03 2.036000000000000000e+03 1.368800000000000000e+04 -3.424000000000000000e+03 -4.480000000000000000e+02 -1.900000000000000000e+01
-4.600000000000000000e+03 2.208000000000000000e+03 1.265200000000000000e+04 -3.440000000000000000e+03 8.660000000000000000e+02 3.850000000000000000e+02
-4.728000000000000000e+03 2.192000000000000000e+03 1.373600000000000000e+04 -3.440000000000000000e+03 7.700000000000000000e+01 4.800000000000000000e+01
-5.172000000000000000e+03 1.300000000000000000e+03 1.306000000000000000e+04 -3.424000000000000000e+03 3.960000000000000000e+02 5.570000000000000000e+02
-5.104000000000000000e+03 1.848000000000000000e+03 1.351600000000000000e+04 -3.424000000000000000e+03 1.032000000000000000e+03 9.110000000000000000e+02
-4.784000000000000000e+03 1.732000000000000000e+03 1.396800000000000000e+04 -3.456000000000000000e+03 -1.480000000000000000e+02 -8.280000000000000000e+02
-5.124000000000000000e+03 3.340000000000000000e+03 1.374400000000000000e+04 -3.440000000000000000e+03 4.180000000000000000e+02 -4.280000000000000000e+02
-4.472000000000000000e+03 2.084000000000000000e+03 1.350400000000000000e+04 -3.456000000000000000e+03 -6.730000000000000000e+02 -9.740000000000000000e+02
-4.600000000000000000e+03 2.452000000000000000e+03 1.351200000000000000e+04 -3.472000000000000000e+03 2.710000000000000000e+02 -3.710000000000000000e+02
-5.256000000000000000e+03 1.852000000000000000e+03 1.424800000000000000e+04 -3.472000000000000000e+03 -4.190000000000000000e+02 -2.300000000000000000e+02
-3.732000000000000000e+03 5.168000000000000000e+03 1.683600000000000000e+04 -3.456000000000000000e+03 -9.940000000000000000e+02 -8.020000000000000000e+02
-4.084000000000000000e+03 1.284000000000000000e+03 1.137200000000000000e+04 -3.440000000000000000e+03 -4.850000000000000000e+02 -3.920000000000000000e+02
-4.408000000000000000e+03 2.960000000000000000e+03 1.340400000000000000e+04 -3.424000000000000000e+03 2.105000000000000000e+03 8.500000000000000000e+02
-4.636000000000000000e+03 3.464000000000000000e+03 1.408800000000000000e+04 -3.456000000000000000e+03 -4.850000000000000000e+02 -5.240000000000000000e+02
-3.808000000000000000e+03 2.384000000000000000e+03 1.158400000000000000e+04 -3.440000000000000000e+03 1.023000000000000000e+03 1.580000000000000000e+02
-5.144000000000000000e+03 3.096000000000000000e+03 1.366800000000000000e+04 -3.440000000000000000e+03 -2.250000000000000000e+02 5.600000000000000000e+02
-4.148000000000000000e+03 3.384000000000000000e+03 1.407600000000000000e+04 -3.424000000000000000e+03 -1.924000000000000000e+03 -4.260000000000000000e+02
-3.908000000000000000e+03 3.068000000000000000e+03 1.347600000000000000e+04 -3.440000000000000000e+03 -1.200000000000000000e+02 -6.830000000000000000e+02
-4.384000000000000000e+03 2.560000000000000000e+03 1.382000000000000000e+04 -3.424000000000000000e+03 9.000000000000000000e+01 4.620000000000000000e+02
-4.412000000000000000e+03 2.572000000000000000e+03 1.386400000000000000e+04 -3.440000000000000000e+03 -4.780000000000000000e+02 -2.910000000000000000e+02
-4.132000000000000000e+03 2.672000000000000000e+03 1.308000000000000000e+04 -3.440000000000000000e+03 3.770000000000000000e+02 1.230000000000000000e+02
-4.192000000000000000e+03 2.460000000000000000e+03 1.401600000000000000e+04 -3.424000000000000000e+03 3.600000000000000000e+02 2.780000000000000000e+02
-4.384000000000000000e+03 2.716000000000000000e+03 1.320400000000000000e+04 -3.424000000000000000e+03 5.070000000000000000e+02 6.350000000000000000e+02
-4.156000000000000000e+03 2.832000000000000000e+03 1.354400000000000000e+04 -3.488000000000000000e+03 2.600000000000000000e+01 1.810000000000000000e+02
-4.192000000000000000e+03 2.772000000000000000e+03 1.352000000000000000e+04 -3.456000000000000000e+03 -5.100000000000000000e+01 3.750000000000000000e+02
-4.384000000000000000e+03 3.140000000000000000e+03 1.369200000000000000e+04 -3.424000000000000000e+03 4.270000000000000000e+02 3.150000000000000000e+02
-4.308000000000000000e+03 2.968000000000000000e+03 1.389600000000000000e+04 -3.424000000000000000e+03 1.820000000000000000e+02 1.050000000000000000e+02
-4.472000000000000000e+03 2.604000000000000000e+03 1.369600000000000000e+04 -3.424000000000000000e+03 -5.590000000000000000e+02 1.010000000000000000e+02
-4.636000000000000000e+03 2.348000000000000000e+03 1.306400000000000000e+04 -3.424000000000000000e+03 -8.600000000000000000e+01 7.000000000000000000e+00
-4.456000000000000000e+03 2.804000000000000000e+03 1.413600000000000000e+04 -3.440000000000000000e+03 -4.110000000000000000e+02 -3.280000000000000000e+02
-4.548000000000000000e+03 2.940000000000000000e+03 1.316000000000000000e+04 -3.456000000000000000e+03 -2.770000000000000000e+02 5.870000000000000000e+02
-4.644000000000000000e+03 2.768000000000000000e+03 1.372000000000000000e+04 -3.424000000000000000e+03 -3.500000000000000000e+02 5.490000000000000000e+02
-4.536000000000000000e+03 2.448000000000000000e+03 1.382800000000000000e+04 -3.408000000000000000e+03 -7.410000000000000000e+02 -2.530000000000000000e+02
-4.480000000000000000e+03 2.664000000000000000e+03 1.302400000000000000e+04 -3.424000000000000000e+03 -5.840000000000000000e+02 1.670000000000000000e+02
-4.444000000000000000e+03 2.820000000000000000e+03 1.395600000000000000e+04 -3.424000000000000000e+03 -7.560000000000000000e+02 1.110000000000000000e+02
-4.392000000000000000e+03 2.572000000000000000e+03 1.330400000000000000e+04 -3.472000000000000000e+03 -1.038000000000000000e+03 3.110000000000000000e+02
-4.588000000000000000e+03 3.124000000000000000e+03 1.346400000000000000e+04 -3.456000000000000000e+03 -7.520000000000000000e+02 -2.120000000000000000e+02
-4.432000000000000000e+03 3.476000000000000000e+03 1.381200000000000000e+04 -3.440000000000000000e+03 -6.490000000000000000e+02 1.097000000000000000e+03
-3.108000000000000000e+03 2.108000000000000000e+03 1.271200000000000000e+04 -3.424000000000000000e+03 -1.490000000000000000e+02 -1.100000000000000000e+01
-4.880000000000000000e+03 4.288000000000000000e+03 1.378000000000000000e+04 -3.456000000000000000e+03 -4.370000000000000000e+02 5.480000000000000000e+02
-3.760000000000000000e+03 1.164000000000000000e+03 1.309600000000000000e+04 -3.456000000000000000e+03 -9.390000000000000000e+02 3.690000000000000000e+02
-4.188000000000000000e+03 2.824000000000000000e+03 1.384800000000000000e+04 -3.440000000000000000e+03 -2.022000000000000000e+03 -2.840000000000000000e+02
-4.136000000000000000e+03 2.988000000000000000e+03 1.331600000000000000e+04 -3.408000000000000000e+03 8.300000000000000000e+01 5.080000000000000000e+02
-4.300000000000000000e+03 2.700000000000000000e+03 1.400000000000000000e+04 -3.456000000000000000e+03 -6.140000000000000000e+02 -2.840000000000000000e+02
-4.032000000000000000e+03 2.860000000000000000e+03 1.342400000000000000e+04 -3.472000000000000000e+03 -3.000000000000000000e+00 2.590000000000000000e+02
-4.024000000000000000e+03 2.768000000000000000e+03 1.371200000000000000e+04 -3.424000000000000000e+03 -7.360000000000000000e+02 -2.980000000000000000e+02
-4.124000000000000000e+03 2.408000000000000000e+03 1.330000000000000000e+04 -3.440000000000000000e+03 -1.740000000000000000e+02 4.660000000000000000e+02
-4.600000000000000000e+03 2.592000000000000000e+03 1.373600000000000000e+04 -3.456000000000000000e+03 -6.020000000000000000e+02 1.850000000000000000e+02
-4.532000000000000000e+03 2.504000000000000000e+03 1.354400000000000000e+04 -3.424000000000000000e+03 -1.640000000000000000e+02 3.870000000000000000e+02
