-5.784000000000000000e+03 3.652000000000000000e+03 1.308800000000000000e+04 -3.808000000000000000e+03 -4.510000000000000000e+02 1.320000000000000000e+02
-5.704000000000000000e+03 3.552000000000000000e+03 1.264400000000000000e+04 -3.840000000000000000e+03 -2.830000000000000000e+02 1.110000000000000000e+02
-5.848000000000000000e+03 3.524000000000000000e+03 1.261600000000000000e+04 -3.808000000000000000e+03 -2.390000000000000000e+02 1.080000000000000000e+02
-6.024000000000000000e+03 3.512000000000000000e+03 1.285200000000000000e+04 -3.840000000000000000e+03 -1.460000000000000000e+02 1.460000000000000000e+02
-5.708000000000000000e+03 3.656000000000000000e+03 1.276400000000000000e+04 -3.840000000000000000e+03 -4.180000000000000000e+02 9.200000000000000000e+01
-5.724000000000000000e+03 3.628000000000000000e+03 1.270800000000000000e+04 -3.840000000000000000e+03 -2.310000000000000000e+02 2.790000000000000000e+02
-5.844000000000000000e+03 3.668000000000000000e+03 1.307600000000000000e+04 -3.840000000000000000e+03 -3.650000000000000000e+02 2.290000000000000000e+02
-5.800000000000000000e+03 3.424000000000000000e+03 1.260800000000000000e+04 -3.840000000000000000e+03 -3.500000000000000000e+02 9.100000000000000000e+01
-6.208000000000000000e+03 3.408000000000000000e+03 1.319600000000000000e+04 -3.808000000000000000e+03 -3.000000000000000000e+02 1.690000000000000000e+02
-5.652000000000000000e+03 3.716000000000000000e+03 1.286000000000000000e+04 -3.840000000000000000e+03 -1.880000000000000000e+02 1.340000000000000000e+02
-5.852000000000000000e+03 3.560000000000000000e+03 1.287200000000000000e+04 -3.840000000000000000e+03 -2.420000000000000000e+02 7.600000000000000000e+01
-5.764000000000000000e+03 3.432000000000000000e+03 1.255200000000000000e+04 -3.824000000000000000e+03 -2.700000000000000000e+02 2.570000000000000000e+02
-5.796000000000000000e+03 3.648000000000000000e+03 1.305600000000000000e+04 -3.824000000000000000e+03 -2.070000000000000000e+02 7.200000000000000000e+01
-5.844000000000000000e+03 3.472000000000000000e+03 1.275600000000000000e+04 -3.824000000000000000e+03 -2.110000000000000000e+02 1.020000000000000000e+02
-5.724000000000000000e+03 3.676000000000000000e+03 1.267600000000000000e+04 -3.824000000000000000e+03 -2.310000000000000000e+02 8.800000000000000000e+01
-5.988000000000000000e+03 3.328000000000000000e+03 1.284400000000000000e+04 -3.840000000000000000e+03 -3.090000000000000000e+02 1.250000000000000000e+02
-5.492000000000000000e+03 3.700000000000000000e+03 1.258800000000000000e+04 -3.856000000000000000e+03 -2.680000000000000000e+02 8.100000000000000000e+01
-5.880000000000000000e+03 3.592000000000000000e+03 1.273600000000000000e+04 -3.824000000000000000e+03 -1.220000000000000000e+02 3.190000000000000000e+02
-5.732000000000000000e+03 3.592000000000000000e+03 1.270800000000000000e+04 -3.824000000000000000e+03 -3.510000000000000000e+02 1.900000000000000000e+02
-6.116000000000000000e+03 3.440000000000000000e+03 1.289200000000000000e+04 -3.808000000000000000e+03 -9.800000000000000000e+01 2.490000000000000000e+02
-5.988000000000000000e+03 3.308000000000000000e+03 1.276000000000000000e+04 -3.808000000000000000e+03 -3.420000000000000000e+02 3.900000000000000000e+01
-5.612000000000000000e+03 3.744000000000000000e+03 1.256000000000000000e+04 -3.808000000000000000e+03 -2.150000000000000000e+02 2.910000000000000000e+02
-5.848000000000000000e+03 3.704000000000000000e+03 1.275200000000000000e+04 -3.808000000000000000e+03 -3.490000000000000000e+02 1.280000000000000000e+02
-5.800000000000000000e+03 3.568000000000000000e+03 1.254400000000000000e+04 -3.808000000000000000e+03 -2.710000000000000000e+02 1.700000000000000000e+02
-5.856000000000000000e+03 3.672000000000000000e+03 1.294400000000000000e+04 -3.872000000000000000e+03 -2.390000000000000000e+02 8.700000000000000000e+01
-5.944000000000000000e+03 3.704000000000000000e+03 1.301200000000000000e+04 -3.840000000000000000e+03 -3.310000000000000000e+02 2.240000000000000000e+02
-5.572000000000000000e+03 3.640000000000000000e+03 1.264400000000000000e+04 -3.840000000000000000e+03 -3.000000000000000000e+02 1.870000000000000000e+02
-5.960000000000000000e+03 3.480000000000000000e+03 1.275600000000000000e+04 -3.872000000000000000e+03 -2.490000000000000000e+02 1.220000000000000000e+02
-5.704000000000000000e+03 3.932000000000000000e+03 1.260400000000000000e+04 -3.840000000000000000e+03 -2.930000000000000000e+02 1.680000000000000000e+02
-5.716000000000000000e+03 3.508000000000000000e+03 1.284400000000000000e+04 -3.840000000000000000e+03 -2.240000000000000000e+02 2.820000000000000000e+02
-5.824000000000000000e+03 3.432000000000000000e+03 1.265200000000000000e+04 -3.808000000000000000e+03 -3.700000000000000000e+02 1.050000000000000000e+02
-5.884000000000000000e+03 3.568000000000000000e+03 1.284800000000000000e+04 -3.840000000000000000e+03 -2.120000000000000000e+02 1.260000000000000000e+02
-5.600000000000000000e+03 3.936000000000000000e+03 1.277200000000000000e+04 -3.824000000000000000e+03 -3.190000000000000000e+02 1.430000000000000000e+02
-5.768000000000000000e+03 3.376000000000000000e+03 1.253600000000000000e+04 -3.792000000000000000e+03 -4.060000000000000000e+02 1.290000000000000000e+02
-5.744000000000000000e+03 3.648000000000000000e+03 1.264800000000000000e+04 -3.824000000000000000e+03 -2.310000000000000000e+02 1.330000000000000000e+02
-5.860000000000000000e+03 3.436000000000000000e+03 1.286800000000000000e+04 -3.824000000000000000e+03 -3.220000000000000000e+02 9.500000000000000000e+01
-5.792000000000000000e+03 3.560000000000000000e+03 1.273200000000000000e+04 -3.792000000000000000e+03 -1.990000000000000000e+02 8.100000000000000000e+01
-5.820000000000000000e+03 3.528000000000000000e+03 1.260000000000000000e+04 -3.840000000000000000e+03 -2.360000000000000000e+02 6.800000000000000000e+01
-5.648000000000000000e+03 3.728000000000000000e+03 1.284800000000000000e+04 -3.808000000000000000e+03 -2.970000000000000000e+02 2.230000000000000000e+02
-5.892000000000000000e+03 3.492000000000000000e+03 1.270800000000000000e+04 -3.808000000000000000e+03 -3.260000000000000000e+02 1.070000000000000000e+02
-5.948000000000000000e+03 3.568000000000000000e+03 1.292800000000000000e+04 -3.840000000000000000e+03 -2.300000000000000000e+02 1.960000000000000000e+02
-5.692000000000000000e+03 3.644000000000000000e+03 1.267200000000000000e+04 -3.808000000000000000e+03 -2.760000000000000000e+02 1.250000000000000000e+02
-5.688000000000000000e+03 3.728000000000000000e+03 1.286000000000000000e+04 -3.808000000000000000e+03 -3.480000000000000000e+02 1.440000000000000000e+02
-5.788000000000000000e+03 3.536000000000000000e+03 1.268800000000000000e+04 -3.840000000000000000e+03 -3.570000000000000000e+02 1.270000000000000000e+02
-5.864000000000000000e+03 3.608000000000000000e+03 1.295200000000000000e+04 -3.808000000000000000e+03 -2.650000000000000000e+02 9.400000000000000000e+01
-5.884000000000000000e+03 3.540000000000000000e+03 1.276800000000000000e+04 -3.840000000000000000e+03 -2.900000000000000000e+02 9.400000000000000000e+01
-5.868000000000000000e+03 3.608000000000000000e+03 1.294000000000000000e+04 -3.856000000000000000e+03 -2.290000000000000000e+02 -4.300000000000000000e+01
-5.644000000000000000e+03 3.208000000000000000e+03 1.324800000000000000e+04 -3.824000000000000000e+03 -3.080000000000000000e+02 -6.500000000000000000e+01
-5.600000000000000000e+03 3.412000000000000000e+03 1.274000000000000000e+04 -3.792000000000000000e+03 -2.460000000000000000e+02 3.620000000000000000e+02
-5.644000000000000000e+03 3.624000000000000000e+03 1.308400000000000000e+04 -3.840000000000000000e+03 -2.310000000000000000e+02 1.320000000000000000e+02
-5.700000000000000000e+03 3.776000000000000000e+03 1.279600000000000000e+04 -3.840000000000000000e+03 2.500000000000000000e+01 3.270000000000000000e+02
-5.960000000000000000e+03 3.532000000000000000e+03 1.306000000000000000e+04 -3.824000000000000000e+03 -4.820000000000000000e+02 2.140000000000000000e+02
-5.652000000000000000e+03 3.464000000000000000e+03 1.244800000000000000e+04 -3.760000000000000000e+03 -2.820000000000000000e+02 3.900000000000000000e+02
-5.452000000000000000e+03 3.540000000000000000e+03 1.243600000000000000e+04 -3.792000000000000000e+03 -3.030000000000000000e+02 2.780000000000000000e+02
-5.896000000000000000e+03 3.652000000000000000e+03 1.303200000000000000e+04 -3.776000000000000000e+03 -2.050000000000000000e+02 -9.000000000000000000e+00
-5.760000000000000000e+03 3.488000000000000000e+03 1.289200000000000000e+04 -3.808000000000000000e+03 -2.010000000000000000e+02 1.180000000000000000e+02
-5.976000000000000000e+03 3.748000000000000000e+03 1.311200000000000000e+04 -3.840000000000000000e+03 -3.620000000000000000e+02 1.540000000000000000e+02
-5.924000000000000000e+03 3.608000000000000000e+03 1.273200000000000000e+04 -3.824000000000000000e+03 -1.040000000000000000e+02 -5.300000000000000000e+01
-5.976000000000000000e+03 2.960000000000000000e+03 1.324800000000000000e+04 -3.840000000000000000e+03 1.110000000000000000e+02 -5.000000000000000000e+00
-5.276000000000000000e+03 3.624000000000000000e+03 1.244800000000000000e+04 -3.808000000000000000e+03 2.470000000000000000e+02 7.300000000000000000e+01
-5.352000000000000000e+03 3.700000000000000000e+03 1.228400000000000000e+04 -3.856000000000000000e+03 -4.100000000000000000e+01 -8.100000000000000000e+01
-5.500000000000000000e+03 3.768000000000000000e+03 1.252800000000000000e+04 -3.808000000000000000e+03 -1.990000000000000000e+02 1.050000000000000000e+02
-5.668000000000000000e+03 3.944000000000000000e+03 1.331600000000000000e+04 -3.792000000000000000e+03 -2.500000000000000000e+02 2.160000000000000000e+02
-5.700000000000000000e+03 3.620000000000000000e+03 1.276400000000000000e+04 -3.856000000000000000e+03 -2.360000000000000000e+02 8.500000000000000000e+01
-5.744000000000000000e+03 3.912000000000000000e+03 1.299200000000000000e+04 -3.824000000000000000e+03 -3.150000000000000000e+02 1.830000000000000000e+02
-5.696000000000000000e+03 3.524000000000000000e+03 1.232400000000000000e+04 -3.808000000000000000e+03 -4.130000000000000000e+02 1.360000000000000000e+02
-5.692000000000000000e+03 3.724000000000000000e+03 1.289600000000000000e+04 -3.824000000000000000e+03 -9.400000000000000000e+01 1.110000000000000000e+02
-5.624000000000000000e+03 3.800000000000000000e+03 1.289600000000000000e+04 -3.776000000000000000e+03 -2.190000000000000000e+02 2.270000000000000000e+02
-5.868000000000000000e+03 3.668000000000000000e+03 1.292800000000000000e+04 -3.824000000000000000e+03 -4.410000000000000000e+02 2.500000000000000000e+02
-5.656000000000000000e+03 3.444000000000000000e+03 1.281600000000000000e+04 -3.808000000000000000e+03 -1.010000000000000000e+02 1.460000000000000000e+02
-5.508000000000000000e+03 3.972000000000000000e+03 1.265200000000000000e+04 -3.824000000000000000e+03 -2.380000000000000000e+02 1.490000000000000000e+02
-5.772000000000000000e+03 3.588000000000000000e+03 1.289600000000000000e+04 -3.824000000000000000e+03 -2.090000000000000000e+02 2.070000000000000000e+02
-5.688000000000000000e+03 3.720000000000000000e+03 1.311600000000000000e+04 -3.824000000000000000e+03 -2.150000000000000000e+02 1.520000000000000000e+02
-5.552000000000000000e+03 3.912000000000000000e+03 1.290000000000000000e+04 -3.840000000000000000e+03 -2.810000000000000000e+02 2.240000000000000000e+02
-5.656000000000000000e+03 3.748000000000000000e+03 1.275200000000000000e+04 -3.824000000000000000e+03 -2.620000000000000000e+02 1.100000000000000000e+02
-5.672000000000000000e+03 3.536000000000000000e+03 1.284000000000000000e+04 -3.824000000000000000e+03 -3.810000000000000000e+02 6.900000000000000000e+01
-5.652000000000000000e+03 4.040000000000000000e+03 1.319600000000000000e+04 -3.808000000000000000e+03 -8.700000000000000000e+01 1.540000000000000000e+02
-5.648000000000000000e+03 3.756000000000000000e+03 1.270000000000000000e+04 -3.808000000000000000e+03 -3.880000000000000000e+02 1.680000000000000000e+02
-5.896000000000000000e+03 3.656000000000000000e+03 1.290800000000000000e+04 -3.808000000000000000e+03 -2.270000000000000000e+02 2.200000000000000000e+02
-5.512000000000000000e+03 3.828000000000000000e+03 1.288000000000000000e+04 -3.808000000000000000e+03 -2.460000000000000000e+02 1.240000000000000000e+02
-5.636000000000000000e+03 3.896000000000000000e+03 1.286000000000000000e+04 -3.808000000000000000e+03 -2.140000000000000000e+02 2.290000000000000000e+02
-5.896000000000000000e+03 3.752000000000000000e+03 1.280800000000000000e+04 -3.840000000000000000e+03 -3.880000000000000000e+02 1.070000000000000000e+02
-5.576000000000000000e+03 3.784000000000000000e+03 1.290800000000000000e+04 -3.840000000000000000e+03 -1.550000000000000000e+02 1.350000000000000000e+02
-5.852000000000000000e+03 3.756000000000000000e+03 1.290800000000000000e+04 -3.808000000000000000e+03 -4.820000000000000000e+02 1.180000000000000000e+02
-5.684000000000000000e+03 3.748000000000000000e+03 1.259200000000000000e+04 -3.824000000000000000e+03 -1.020000000000000000e+02 3.080000000000000000e+02
