-5.708000000000000000e+03 3.124000000000000000e+03 1.288000000000000000e+04 -3.792000000000000000e+03 -6.930000000000000000e+02 -3.400000000000000000e+01
-6.040000000000000000e+03 2.400000000000000000e+03 1.290800000000000000e+04 -3.776000000000000000e+03 1.860000000000000000e+02 4.670000000000000000e+02
-6.076000000000000000e+03 3.416000000000000000e+03 1.302000000000000000e+04 -3.792000000000000000e+03 -1.940000000000000000e+02 1.220000000000000000e+02
-5.688000000000000000e+03 3.024000000000000000e+03 1.273200000000000000e+04 -3.792000000000000000e+03 1.360000000000000000e+02 3.200000000000000000e+02
-6.160000000000000000e+03 3.176000000000000000e+03 1.324800000000000000e+04 -3.760000000000000000e+03 -2.970000000000000000e+02 1.370000000000000000e+02
-5.856000000000000000e+03 3.224000000000000000e+03 1.259600000000000000e+04 -3.792000000000000000e+03 -1.730000000000000000e+02 2.010000000000000000e+02
-6.288000000000000000e+03 3.160000000000000000e+03 1.286800000000000000e+04 -3.760000000000000000e+03 -2.920000000000000000e+02 -1.700000000000000000e+02
-5.900000000000000000e+03 3.032000000000000000e+03 1.274400000000000000e+04 -3.776000000000000000e+03 -1.420000000000000000e+02 2.340000000000000000e+02
-6.048000000000000000e+03 3.284000000000000000e+03 1.300400000000000000e+04 -3.808000000000000000e+03 -4.260000000000000000e+02 4.200000000000000000e+01
-6.164000000000000000e+03 2.740000000000000000e+03 1.260800000000000000e+04 -3.744000000000000000e+03 -1.960000000000000000e+02 1.460000000000000000e+02
-5.848000000000000000e+03 3.028000000000000000e+03 1.238000000000000000e+04 -3.776000000000000000e+03 -4.030000000000000000e+02 7.600000000000000000e+01
-5.704000000000000000e+03 3.276000000000000000e+03 1.288800000000000000e+04 -3.792000000000000000e+03 -2.280000000000000000e+02 5.500000000000000000e+01
-6.224000000000000000e+03 2.852000000000000000e+03 1.321200000000000000e+04 -3.792000000000000000e+03 -2.490000000000000000e+02 -2.700000000000000000e+01
-5.940000000000000000e+03 3.040000000000000000e+03 1.276000000000000000e+04 -3.792000000000000000e+03 -1.160000000000000000e+02 1.480000000000000000e+02
-5.880000000000000000e+03 3.196000000000000000e+03 1.295600000000000000e+04 -3.760000000000000000e+03 -4.840000000000000000e+02 1.600000000000000000e+01
-5.792000000000000000e+03 3.208000000000000000e+03 1.268400000000000000e+04 -3.792000000000000000e+03 -6.800000000000000000e+01 3.970000000000000000e+02
-6.180000000000000000e+03 3.168000000000000000e+03 1.313200000000000000e+04 -3.792000000000000000e+03 -4.750000000000000000e+02 5.400000000000000000e+01
-5.716000000000000000e+03 3.000000000000000000e+03 1.238000000000000000e+04 -3.776000000000000000e+03 -1.140000000000000000e+02 2.830000000000000000e+02
-5.848000000000000000e+03 3.000000000000000000e+03 1.280000000000000000e+04 -3.824000000000000000e+03 -3.840000000000000000e+02 1.420000000000000000e+02
-6.092000000000000000e+03 2.896000000000000000e+03 1.288400000000000000e+04 -3.776000000000000000e+03 -1.890000000000000000e+02 1.720000000000000000e+02
-5.924000000000000000e+03 3.072000000000000000e+03 1.273200000000000000e+04 -3.792000000000000000e+03 -3.380000000000000000e+02 1.540000000000000000e+02
-5.916000000000000000e+03 3.152000000000000000e+03 1.257200000000000000e+04 -3.792000000000000000e+03 -1.040000000000000000e+02 1.530000000000000000e+02
-5.872000000000000000e+03 3.316000000000000000e+03 1.313200000000000000e+04 -3.760000000000000000e+03 -1.980000000000000000e+02 1.280000000000000000e+02
-6.112000000000000000e+03 2.872000000000000000e+03 1.302400000000000000e+04 -3.760000000000000000e+03 -4.710000000000000000e+02 2.080000000000000000e+02
-5.952000000000000000e+03 2.748000000000000000e+03 1.269200000000000000e+04 -3.808000000000000000e+03 -3.270000000000000000e+02 3.900000000000000000e+01
-6.000000000000000000e+03 2.960000000000000000e+03 1.281600000000000000e+04 -3.760000000000000000e+03 -2.800000000000000000e+01 1.910000000000000000e+02
-6.112000000000000000e+03 3.272000000000000000e+03 1.308000000000000000e+04 -3.792000000000000000e+03 -3.110000000000000000e+02 7.300000000000000000e+01
-5.820000000000000000e+03 3.040000000000000000e+03 1.264400000000000000e+04 -3.808000000000000000e+03 -4.050000000000000000e+02 2.410000000000000000e+02
-5.944000000000000000e+03 3.116000000000000000e+03 1.298000000000000000e+04 -3.760000000000000000e+03 -5.390000000000000000e+02 1.760000000000000000e+02
-6.024000000000000000e+03 3.060000000000000000e+03 1.275600000000000000e+04 -3.760000000000000000e+03 -1.550000000000000000e+02 9.600000000000000000e+01
-5.852000000000000000e+03 3.024000000000000000e+03 1.270000000000000000e+04 -3.808000000000000000e+03 -3.080000000000000000e+02 1.560000000000000000e+02
-5.940000000000000000e+03 2.852000000000000000e+03 1.273200000000000000e+04 -3.776000000000000000e+03 -2.860000000000000000e+02 1.810000000000000000e+02
-5.868000000000000000e+03 3.108000000000000000e+03 1.304800000000000000e+04 -3.760000000000000000e+03 -3.230000000000000000e+02 1.050000000000000000e+02
-6.128000000000000000e+03 2.956000000000000000e+03 1.295600000000000000e+04 -3.760000000000000000e+03 -1.500000000000000000e+02 1.410000000000000000e+02
-5.916000000000000000e+03 3.152000000000000000e+03 1.258000000000000000e+04 -3.792000000000000000e+03 -2.760000000000000000e+02 1.500000000000000000e+02
-6.076000000000000000e+03 2.956000000000000000e+03 1.258400000000000000e+04 -3.760000000000000000e+03 -2.420000000000000000e+02 2.070000000000000000e+02
-5.864000000000000000e+03 3.348000000000000000e+03 1.302000000000000000e+04 -3.792000000000000000e+03 -3.810000000000000000e+02 1.220000000000000000e+02
-5.996000000000000000e+03 3.048000000000000000e+03 1.287200000000000000e+04 -3.792000000000000000e+03 -2.850000000000000000e+02 2.530000000000000000e+02
-5.904000000000000000e+03 2.828000000000000000e+03 1.255200000000000000e+04 -3.776000000000000000e+03 -2.950000000000000000e+02 8.400000000000000000e+01
-5.984000000000000000e+03 3.104000000000000000e+03 1.291600000000000000e+04 -3.792000000000000000e+03 -3.810000000000000000e+02 3.240000000000000000e+02
-5.968000000000000000e+03 2.820000000000000000e+03 1.280400000000000000e+04 -3.792000000000000000e+03 -9.180000000000000000e+02 1.290000000000000000e+02
-5.620000000000000000e+03 3.624000000000000000e+03 1.294800000000000000e+04 -3.792000000000000000e+03 -2.200000000000000000e+02 6.660000000000000000e+02
-5.728000000000000000e+03 3.036000000000000000e+03 1.237600000000000000e+04 -3.776000000000000000e+03 -4.780000000000000000e+02 1.590000000000000000e+02
-6.252000000000000000e+03 2.928000000000000000e+03 1.299600000000000000e+04 -3.776000000000000000e+03 -1.770000000000000000e+02 2.530000000000000000e+02
-5.792000000000000000e+03 2.824000000000000000e+03 1.286800000000000000e+04 -3.808000000000000000e+03 -2.580000000000000000e+02 8.500000000000000000e+01
-5.820000000000000000e+03 3.184000000000000000e+03 1.268400000000000000e+04 -3.760000000000000000e+03 -9.500000000000000000e+01 3.150000000000000000e+02
-5.736000000000000000e+03 3.364000000000000000e+03 1.261200000000000000e+04 -3.792000000000000000e+03 -3.700000000000000000e+02 1.750000000000000000e+02
-6.080000000000000000e+03 3.156000000000000000e+03 1.294000000000000000e+04 -3.792000000000000000e+03 -2.080000000000000000e+02 2.620000000000000000e+02
-5.992000000000000000e+03 2.696000000000000000e+03 1.325600000000000000e+04 -3.792000000000000000e+03 -4.730000000000000000e+02 3.700000000000000000e+01
-5.784000000000000000e+03 2.928000000000000000e+03 1.259600000000000000e+04 -3.824000000000000000e+03 -8.200000000000000000e+01 1.940000000000000000e+02
-6.068000000000000000e+03 3.088000000000000000e+03 1.305600000000000000e+04 -3.792000000000000000e+03 -3.860000000000000000e+02 1.440000000000000000e+02
-5.960000000000000000e+03 2.660000000000000000e+03 1.264400000000000000e+04 -3.808000000000000000e+03 -7.200000000000000000e+01 3.130000000000000000e+02
-5.984000000000000000e+03 3.272000000000000000e+03 1.306000000000000000e+04 -3.808000000000000000e+03 -1.920000000000000000e+02 2.190000000000000000e+02
-5.920000000000000000e+03 3.060000000000000000e+03 1.268400000000000000e+04 -3.760000000000000000e+03 -1.980000000000000000e+02 2.120000000000000000e+02
-6.252000000000000000e+03 3.084000000000000000e+03 1.334000000000000000e+04 -3.792000000000000000e+03 -1.750000000000000000e+02 1.350000000000000000e+02
-5.856000000000000000e+03 2.952000000000000000e+03 1.242400000000000000e+04 -3.776000000000000000e+03 -2.990000000000000000e+02 9.400000000000000000e+01
-6.036000000000000000e+03 2.880000000000000000e+03 1.278000000000000000e+04 -3.808000000000000000e+03 -3.140000000000000000e+02 1.980000000000000000e+02
-5.768000000000000000e+03 3.360000000000000000e+03 1.310800000000000000e+04 -3.792000000000000000e+03 -2.270000000000000000e+02 3.120000000000000000e+02
-5.800000000000000000e+03 3.304000000000000000e+03 1.292000000000000000e+04 -3.760000000000000000e+03 -4.470000000000000000e+02 -1.530000000000000000e+02
-5.972000000000000000e+03 3.188000000000000000e+03 1.260800000000000000e+04 -3.824000000000000000e+03 1.800000000000000000e+02 5.980000000000000000e+02
-6.324000000000000000e+03 2.672000000000000000e+03 1.286800000000000000e+04 -3.792000000000000000e+03 -5.330000000000000000e+02 1.060000000000000000e+02
-5.928000000000000000e+03 3.332000000000000000e+03 1.305600000000000000e+04 -3.792000000000000000e+03 -1.940000000000000000e+02 1.120000000000000000e+02
-6.076000000000000000e+03 2.992000000000000000e+03 1.272000000000000000e+04 -3.792000000000000000e+03 -1.630000000000000000e+02 2.230000000000000000e+02
-6.080000000000000000e+03 3.052000000000000000e+03 1.279600000000000000e+04 -3.792000000000000000e+03 -4.500000000000000000e+01 1.390000000000000000e+02
-6.128000000000000000e+03 3.192000000000000000e+03 1.268400000000000000e+04 -3.824000000000000000e+03 -2.300000000000000000e+02 1.100000000000000000e+01
-5.924000000000000000e+03 3.176000000000000000e+03 1.289200000000000000e+04 -3.792000000000000000e+03 -1.670000000000000000e+02 -3.800000000000000000e+01
-5.728000000000000000e+03 3.496000000000000000e+03 1.261600000000000000e+04 -3.792000000000000000e+03 -2.000000000000000000e+01 -1.410000000000000000e+02
-6.112000000000000000e+03 2.380000000000000000e+03 1.246800000000000000e+04 -3.792000000000000000e+03 -2.930000000000000000e+02 6.470000000000000000e+02
-6.104000000000000000e+03 3.340000000000000000e+03 1.375600000000000000e+04 -3.792000000000000000e+03 -3.410000000000000000e+02 -9.600000000000000000e+01
-5.928000000000000000e+03 3.108000000000000000e+03 1.236400000000000000e+04 -3.792000000000000000e+03 9.000000000000000000e+00 2.220000000000000000e+02
-6.044000000000000000e+03 3.496000000000000000e+03 1.308000000000000000e+04 -3.776000000000000000e+03 -1.280000000000000000e+02 2.200000000000000000e+02
-6.028000000000000000e+03 3.028000000000000000e+03 1.228800000000000000e+04 -3.808000000000000000e+03 -3.060000000000000000e+02 2.690000000000000000e+02
-5.976000000000000000e+03 3.336000000000000000e+03 1.281600000000000000e+04 -3.776000000000000000e+03 -3.200000000000000000e+02 1.980000000000000000e+02
-5.912000000000000000e+03 2.896000000000000000e+03 1.258000000000000000e+04 -3.760000000000000000e+03 -3.410000000000000000e+02 6.100000000000000000e+01
-5.736000000000000000e+03 3.212000000000000000e+03 1.284000000000000000e+04 -3.776000000000000000e+03 -1.260000000000000000e+02 1.760000000000000000e+02
-6.036000000000000000e+03 3.056000000000000000e+03 1.260000000000000000e+04 -3.776000000000000000e+03 -3.260000000000000000e+02 7.100000000000000000e+01
-5.912000000000000000e+03 3.512000000000000000e+03 1.295600000000000000e+04 -3.776000000000000000e+03 -2.090000000000000000e+02 1.970000000000000000e+02
-6.140000000000000000e+03 3.348000000000000000e+03 1.302000000000000000e+04 -3.776000000000000000e+03 -5.570000000000000000e+02 7.200000000000000000e+01
-5.904000000000000000e+03 2.920000000000000000e+03 1.251200000000000000e+04 -3.808000000000000000e+03 -1.530000000000000000e+02 1.950000000000000000e+02
-6.104000000000000000e+03 3.208000000000000000e+03 1.319600000000000000e+04 -3.776000000000000000e+03 -1.630000000000000000e+02 2.790000000000000000e+02
-5.680000000000000000e+03 3.276000000000000000e+03 1.253600000000000000e+04 -3.776000000000000000e+03 -1.690000000000000000e+02 3.200000000000000000e+01
-5.972000000000000000e+03 3.344000000000000000e+03 1.299600000000000000e+04 -3.808000000000000000e+03 -1.750000000000000000e+02 1.550000000000000000e+02
-5.888000000000000000e+03 2.880000000000000000e+03 1.254000000000000000e+04 -3.808000000000000000e+03 -2.480000000000000000e+02 1.600000000000000000e+02
-5.936000000000000000e+03 3.356000000000000000e+03 1.297600000000000000e+04 -3.776000000000000000e+03 -1.640000000000000000e+02 1.820000000000000000e+02
-5.844000000000000000e+03 3.392000000000000000e+03 1.276800000000000000e+04 -3.824000000000000000e+03 -1.910000000000000000e+02 2.510000000000000000e+02
