-4.080000000000000000e+03 3.384000000000000000e+03 1.311200000000000000e+04 -3.408000000000000000e+03 -2.540000000000000000e+02 3.690000000000000000e+02
-4.140000000000000000e+03 3.448000000000000000e+03 1.353600000000000000e+04 -3.456000000000000000e+03 -4.800000000000000000e+02 1.580000000000000000e+02
-4.004000000000000000e+03 3.184000000000000000e+03 1.308800000000000000e+04 -3.456000000000000000e+03 -2.490000000000000000e+02 3.690000000000000000e+02
-4.288000000000000000e+03 3.288000000000000000e+03 1.356000000000000000e+04 -3.440000000000000000e+03 -5.200000000000000000e+02 1.540000000000000000e+02
-4.264000000000000000e+03 3.156000000000000000e+03 1.334800000000000000e+04 -3.440000000000000000e+03 -2.590000000000000000e+02 2.030000000000000000e+02
-4.100000000000000000e+03 3.364000000000000000e+03 1.334400000000000000e+04 -3.456000000000000000e+03 -5.010000000000000000e+02 1.460000000000000000e+02
-4.356000000000000000e+03 2.948000000000000000e+03 1.352000000000000000e+04 -3.424000000000000000e+03 -3.500000000000000000e+02 2.710000000000000000e+02
-4.508000000000000000e+03 3.156000000000000000e+03 1.382800000000000000e+04 -3.440000000000000000e+03 -3.920000000000000000e+02 2.000000000000000000e+00
-4.100000000000000000e+03 3.080000000000000000e+03 1.345200000000000000e+04 -3.456000000000000000e+03 -1.600000000000000000e+02 9.200000000000000000e+01
-4.100000000000000000e+03 3.320000000000000000e+03 1.373200000000000000e+04 -3.440000000000000000e+03 -9.900000000000000000e+01 -5.000000000000000000e+01
-4.084000000000000000e+03 3.276000000000000000e+03 1.295600000000000000e+04 -3.456000000000000000e+03 -1.960000000000000000e+02 1.020000000000000000e+02
-4.388000000000000000e+03 3.304000000000000000e+03 1.370800000000000000e+04 -3.440000000000000000e+03 -3.110000000000000000e+02 3.290000000000000000e+02
-4.120000000000000000e+03 3.088000000000000000e+03 1.358000000000000000e+04 -3.456000000000000000e+03 -4.370000000000000000e+02 7.800000000000000000e+01
-4.140000000000000000e+03 3.304000000000000000e+03 1.346800000000000000e+04 -3.456000000000000000e+03 -8.600000000000000000e+01 2.270000000000000000e+02
-4.140000000000000000e+03 3.356000000000000000e+03 1.336400000000000000e+04 -3.424000000000000000e+03 -3.720000000000000000e+02 1.170000000000000000e+02
-4.252000000000000000e+03 3.092000000000000000e+03 1.342400000000000000e+04 -3.456000000000000000e+03 -2.430000000000000000e+02 2.550000000000000000e+02
-4.288000000000000000e+03 3.140000000000000000e+03 1.354800000000000000e+04 -3.440000000000000000e+03 -3.280000000000000000e+02 1.150000000000000000e+02
-4.244000000000000000e+03 2.992000000000000000e+03 1.350000000000000000e+04 -3.456000000000000000e+03 -2.090000000000000000e+02 2.990000000000000000e+02
-4.208000000000000000e+03 3.452000000000000000e+03 1.360400000000000000e+04 -3.424000000000000000e+03 -2.080000000000000000e+02 1.080000000000000000e+02
-4.080000000000000000e+03 3.092000000000000000e+03 1.326800000000000000e+04 -3.408000000000000000e+03 -2.620000000000000000e+02 2.640000000000000000e+02
-4.268000000000000000e+03 3.276000000000000000e+03 1.342000000000000000e+04 -3.424000000000000000e+03 -2.170000000000000000e+02 1.410000000000000000e+02
-4.212000000000000000e+03 3.012000000000000000e+03 1.318400000000000000e+04 -3.456000000000000000e+03 -3.350000000000000000e+02 2.150000000000000000e+02
-4.292000000000000000e+03 3.152000000000000000e+03 1.352000000000000000e+04 -3.440000000000000000e+03 -2.290000000000000000e+02 3.490000000000000000e+02
-4.180000000000000000e+03 3.016000000000000000e+03 1.330400000000000000e+04 -3.440000000000000000e+03 -2.290000000000000000e+02 2.080000000000000000e+02
-4.008000000000000000e+03 3.496000000000000000e+03 1.340000000000000000e+04 -3.424000000000000000e+03 -2.730000000000000000e+02 1.600000000000000000e+02
-4.152000000000000000e+03 3.228000000000000000e+03 1.300000000000000000e+04 -3.440000000000000000e+03 -2.850000000000000000e+02 1.420000000000000000e+02
-4.300000000000000000e+03 3.088000000000000000e+03 1.337200000000000000e+04 -3.408000000000000000e+03 -3.280000000000000000e+02 7.700000000000000000e+01
-4.224000000000000000e+03 3.300000000000000000e+03 1.348000000000000000e+04 -3.440000000000000000e+03 -4.790000000000000000e+02 2.640000000000000000e+02
-4.496000000000000000e+03 2.920000000000000000e+03 1.367600000000000000e+04 -3.424000000000000000e+03 -2.440000000000000000e+02 3.210000000000000000e+02
-3.968000000000000000e+03 3.476000000000000000e+03 1.370800000000000000e+04 -3.456000000000000000e+03 3.000000000000000000e+00 -2.360000000000000000e+02
-4.004000000000000000e+03 3.540000000000000000e+03 1.350400000000000000e+04 -3.424000000000000000e+03 -2.100000000000000000e+01 5.740000000000000000e+02
-4.380000000000000000e+03 3.180000000000000000e+03 1.317600000000000000e+04 -3.424000000000000000e+03 1.390000000000000000e+02 2.290000000000000000e+02
-4.368000000000000000e+03 3.284000000000000000e+03 1.286000000000000000e+04 -3.424000000000000000e+03 -3.130000000000000000e+02 5.390000000000000000e+02
-4.508000000000000000e+03 2.680000000000000000e+03 1.369200000000000000e+04 -3.456000000000000000e+03 -3.600000000000000000e+02 3.410000000000000000e+02
-4.284000000000000000e+03 3.356000000000000000e+03 1.358800000000000000e+04 -3.440000000000000000e+03 -1.830000000000000000e+02 1.110000000000000000e+02
-4.228000000000000000e+03 3.384000000000000000e+03 1.337200000000000000e+04 -3.440000000000000000e+03 -9.300000000000000000e+01 2.430000000000000000e+02
-4.620000000000000000e+03 3.396000000000000000e+03 1.329600000000000000e+04 -3.440000000000000000e+03 -1.570000000000000000e+02 1.200000000000000000e+01
-4.236000000000000000e+03 3.068000000000000000e+03 1.303600000000000000e+04 -3.456000000000000000e+03 -8.300000000000000000e+01 2.630000000000000000e+02
-4.096000000000000000e+03 2.796000000000000000e+03 1.318800000000000000e+04 -3.456000000000000000e+03 3.000000000000000000e+02 3.300000000000000000e+02
-4.440000000000000000e+03 3.680000000000000000e+03 1.328400000000000000e+04 -3.424000000000000000e+03 -6.510000000000000000e+02 5.500000000000000000e+01
-4.540000000000000000e+03 2.812000000000000000e+03 1.314400000000000000e+04 -3.424000000000000000e+03 -6.640000000000000000e+02 2.000000000000000000e+01
-4.172000000000000000e+03 3.572000000000000000e+03 1.375600000000000000e+04 -3.456000000000000000e+03 -3.200000000000000000e+01 6.590000000000000000e+02
-3.900000000000000000e+03 3.372000000000000000e+03 1.348800000000000000e+04 -3.424000000000000000e+03 -2.610000000000000000e+02 3.000000000000000000e+01
-4.308000000000000000e+03 3.420000000000000000e+03 1.302000000000000000e+04 -3.392000000000000000e+03 -3.050000000000000000e+02 6.230000000000000000e+02
-4.556000000000000000e+03 3.196000000000000000e+03 1.388000000000000000e+04 -3.424000000000000000e+03 -3.320000000000000000e+02 -2.800000000000000000e+02
-4.296000000000000000e+03 2.988000000000000000e+03 1.304400000000000000e+04 -3.408000000000000000e+03 2.500000000000000000e+01 2.290000000000000000e+02
-4.644000000000000000e+03 3.232000000000000000e+03 1.324400000000000000e+04 -3.440000000000000000e+03 -2.720000000000000000e+02 -1.380000000000000000e+02
-4.900000000000000000e+03 3.276000000000000000e+03 1.332400000000000000e+04 -3.392000000000000000e+03 -3.260000000000000000e+02 1.950000000000000000e+02
-4.296000000000000000e+03 3.548000000000000000e+03 1.373200000000000000e+04 -3.440000000000000000e+03 -2.800000000000000000e+02 -7.100000000000000000e+01
-4.156000000000000000e+03 3.536000000000000000e+03 1.341600000000000000e+04 -3.440000000000000000e+03 -7.100000000000000000e+01 1.960000000000000000e+02
-3.924000000000000000e+03 3.308000000000000000e+03 1.353600000000000000e+04 -3.440000000000000000e+03 -9.300000000000000000e+01 -2.810000000000000000e+02
-4.144000000000000000e+03 3.312000000000000000e+03 1.333600000000000000e+04 -3.456000000000000000e+03 -2.170000000000000000e+02 5.090000000000000000e+02
-4.004000000000000000e+03 2.960000000000000000e+03 1.351600000000000000e+04 -3.424000000000000000e+03 -4.800000000000000000e+01 -7.500000000000000000e+01
-4.184000000000000000e+03 3.604000000000000000e+03 1.296800000000000000e+04 -3.456000000000000000e+03 -3.140000000000000000e+02 -1.400000000000000000e+01
-4.256000000000000000e+03 3.216000000000000000e+03 1.300400000000000000e+04 -3.456000000000000000e+03 -3.940000000000000000e+02 -1.270000000000000000e+02
-3.476000000000000000e+03 4.456000000000000000e+03 1.291600000000000000e+04 -3.424000000000000000e+03 -3.080000000000000000e+02 -4.650000000000000000e+02
-2.752000000000000000e+03 4.708000000000000000e+03 1.356400000000000000e+04 -3.440000000000000000e+03 3.480000000000000000e+02 4.370000000000000000e+02
-3.760000000000000000e+03 4.000000000000000000e+03 1.214000000000000000e+04 -3.440000000000000000e+03 -3.550000000000000000e+02 -4.800000000000000000e+01
-5.248000000000000000e+03 2.928000000000000000e+03 1.424800000000000000e+04 -3.424000000000000000e+03 -7.060000000000000000e+02 6.790000000000000000e+02
-4.392000000000000000e+03 2.904000000000000000e+03 1.348800000000000000e+04 -3.424000000000000000e+03 4.480000000000000000e+02 -1.055000000000000000e+03
-4.324000000000000000e+03 3.340000000000000000e+03 1.268000000000000000e+04 -3.440000000000000000e+03 2.670000000000000000e+02 -1.850000000000000000e+02
-2.460000000000000000e+03 5.288000000000000000e+03 1.083600000000000000e+04 -3.424000000000000000e+03 -6.920000000000000000e+02 -4.060000000000000000e+02
-3.580000000000000000e+03 4.320000000000000000e+03 1.398400000000000000e+04 -3.472000000000000000e+03 -6.780000000000000000e+02 1.338000000000000000e+03
-3.872000000000000000e+03 2.796000000000000000e+03 1.320400000000000000e+04 -3.424000000000000000e+03 -3.020000000000000000e+02 2.190000000000000000e+02
-5.528000000000000000e+03 2.408000000000000000e+03 1.492800000000000000e+04 -3.440000000000000000e+03 -4.000000000000000000e+02 3.970000000000000000e+02
-4.196000000000000000e+03 2.768000000000000000e+03 1.398400000000000000e+04 -3.408000000000000000e+03 2.080000000000000000e+02 -3.500000000000000000e+02
-3.672000000000000000e+03 3.860000000000000000e+03 1.348800000000000000e+04 -3.424000000000000000e+03 7.980000000000000000e+02 4.940000000000000000e+02
-4.104000000000000000e+03 3.548000000000000000e+03 1.290400000000000000e+04 -3.424000000000000000e+03 2.260000000000000000e+02 3.570000000000000000e+02
-4.220000000000000000e+03 3.524000000000000000e+03 1.230400000000000000e+04 -3.424000000000000000e+03 3.310000000000000000e+02 4.570000000000000000e+02
-4.140000000000000000e+03 3.444000000000000000e+03 1.311200000000000000e+04 -3.392000000000000000e+03 -4.760000000000000000e+02 6.220000000000000000e+02
-4.284000000000000000e+03 4.108000000000000000e+03 1.261200000000000000e+04 -3.424000000000000000e+03 -7.000000000000000000e+02 6.130000000000000000e+02
-4.484000000000000000e+03 2.576000000000000000e+03 1.488400000000000000e+04 -3.440000000000000000e+03 -1.051000000000000000e+03 1.308000000000000000e+03
-4.904000000000000000e+03 2.636000000000000000e+03 1.319200000000000000e+04 -3.424000000000000000e+03 4.050000000000000000e+02 -2.180000000000000000e+02
-5.524000000000000000e+03 3.744000000000000000e+03 1.236800000000000000e+04 -3.408000000000000000e+03 -1.159000000000000000e+03 8.760000000000000000e+02
-5.152000000000000000e+03 2.356000000000000000e+03 1.324000000000000000e+04 -3.424000000000000000e+03 -1.025000000000000000e+03 -1.880000000000000000e+02
-4.080000000000000000e+03 2.904000000000000000e+03 1.466400000000000000e+04 -3.456000000000000000e+03 -5.650000000000000000e+02 7.600000000000000000e+01
-3.376000000000000000e+03 3.516000000000000000e+03 1.281600000000000000e+04 -3.456000000000000000e+03 1.650000000000000000e+02 -8.700000000000000000e+01
-3.828000000000000000e+03 4.116000000000000000e+03 1.268000000000000000e+04 -3.424000000000000000e+03 -5.740000000000000000e+02 6.800000000000000000e+02
-4.296000000000000000e+03 2.752000000000000000e+03 1.316400000000000000e+04 -3.456000000000000000e+03 -9.440000000000000000e+02 3.550000000000000000e+02
-5.036000000000000000e+03 2.516000000000000000e+03 1.405200000000000000e+04 -3.440000000000000000e+03 -1.187000000000000000e+03 1.790000000000000000e+02
-4.856000000000000000e+03 2.488000000000000000e+03 1.466000000000000000e+04 -3.472000000000000000e+03 -4.850000000000000000e+02 -1.100000000000000000e+02
-4.516000000000000000e+03 3.852000000000000000e+03 1.328400000000000000e+04 -3.424000000000000000e+03 1.890000000000000000e+02 -1.169000000000000000e+03
-5.232000000000000000e+03 3.800000000000000000e+03 1.252800000000000000e+04 -3.408000000000000000e+03 1.260000000000000000e+02 -1.462000000000000000e+03
-4.568000000000000000e+03 2.936000000000000000e+03 1.450000000000000000e+04 -3.424000000000000000e+03 -9.410000000000000000e+02 -4.400000000000000000e+01
-3.660000000000000000e+03 2.616000000000000000e+03 1.396400000000000000e+04 -3.392000000000000000e+03 1.013000000000000000e+03 -2.900000000000000000e+01
