-4.172000000000000000e+03 1.884000000000000000e+03 1.369200000000000000e+04 -3.760000000000000000e+03 -4.220000000000000000e+02 1.800000000000000000e+02
-4.192000000000000000e+03 1.804000000000000000e+03 1.350000000000000000e+04 -3.808000000000000000e+03 -3.390000000000000000e+02 2.480000000000000000e+02
-4.332000000000000000e+03 1.936000000000000000e+03 1.373600000000000000e+04 -3.776000000000000000e+03 -4.750000000000000000e+02 3.310000000000000000e+02
-4.160000000000000000e+03 2.040000000000000000e+03 1.394000000000000000e+04 -3.776000000000000000e+03 -2.330000000000000000e+02 2.260000000000000000e+02
-4.204000000000000000e+03 2.116000000000000000e+03 1.394800000000000000e+04 -3.776000000000000000e+03 -4.990000000000000000e+02 3.420000000000000000e+02
-4.376000000000000000e+03 1.604000000000000000e+03 1.398400000000000000e+04 -3.792000000000000000e+03 -3.060000000000000000e+02 4.480000000000000000e+02
-4.088000000000000000e+03 2.064000000000000000e+03 1.386000000000000000e+04 -3.760000000000000000e+03 -3.400000000000000000e+02 2.540000000000000000e+02
-4.320000000000000000e+03 2.104000000000000000e+03 1.358000000000000000e+04 -3.808000000000000000e+03 -1.340000000000000000e+02 4.860000000000000000e+02
-4.508000000000000000e+03 1.716000000000000000e+03 1.368000000000000000e+04 -3.776000000000000000e+03 -2.700000000000000000e+02 2.250000000000000000e+02
-4.764000000000000000e+03 1.372000000000000000e+03 1.372400000000000000e+04 -3.776000000000000000e+03 -1.690000000000000000e+02 1.800000000000000000e+02
-4.344000000000000000e+03 1.840000000000000000e+03 1.377200000000000000e+04 -3.744000000000000000e+03 -5.570000000000000000e+02 2.230000000000000000e+02
-4.156000000000000000e+03 2.060000000000000000e+03 1.392400000000000000e+04 -3.776000000000000000e+03 -2.400000000000000000e+02 3.910000000000000000e+02
-4.136000000000000000e+03 1.908000000000000000e+03 1.313600000000000000e+04 -3.760000000000000000e+03 -2.860000000000000000e+02 3.840000000000000000e+02
-4.320000000000000000e+03 2.052000000000000000e+03 1.375600000000000000e+04 -3.760000000000000000e+03 -3.410000000000000000e+02 4.130000000000000000e+02
-4.320000000000000000e+03 1.724000000000000000e+03 1.326000000000000000e+04 -3.760000000000000000e+03 -3.840000000000000000e+02 4.180000000000000000e+02
-4.448000000000000000e+03 1.992000000000000000e+03 1.397200000000000000e+04 -3.728000000000000000e+03 -3.890000000000000000e+02 5.850000000000000000e+02
-4.404000000000000000e+03 1.528000000000000000e+03 1.319200000000000000e+04 -3.744000000000000000e+03 -3.620000000000000000e+02 3.390000000000000000e+02
-4.756000000000000000e+03 1.992000000000000000e+03 1.386000000000000000e+04 -3.744000000000000000e+03 -4.630000000000000000e+02 2.680000000000000000e+02
-4.224000000000000000e+03 1.848000000000000000e+03 1.324000000000000000e+04 -3.744000000000000000e+03 -4.580000000000000000e+02 9.010000000000000000e+02
-4.628000000000000000e+03 1.660000000000000000e+03 1.358400000000000000e+04 -3.760000000000000000e+03 -4.150000000000000000e+02 4.460000000000000000e+02
-4.820000000000000000e+03 1.452000000000000000e+03 1.362400000000000000e+04 -3.760000000000000000e+03 -2.650000000000000000e+02 5.700000000000000000e+01
-4.580000000000000000e+03 1.636000000000000000e+03 1.357600000000000000e+04 -3.760000000000000000e+03 -2.920000000000000000e+02 2.340000000000000000e+02
-4.532000000000000000e+03 1.580000000000000000e+03 1.350400000000000000e+04 -3.696000000000000000e+03 -3.490000000000000000e+02 8.000000000000000000e+00
-4.768000000000000000e+03 1.704000000000000000e+03 1.419200000000000000e+04 -3.744000000000000000e+03 -2.280000000000000000e+02 -1.150000000000000000e+02
-4.296000000000000000e+03 1.684000000000000000e+03 1.352000000000000000e+04 -3.760000000000000000e+03 -1.200000000000000000e+02 -4.000000000000000000e+01
-4.232000000000000000e+03 2.212000000000000000e+03 1.387600000000000000e+04 -3.728000000000000000e+03 -2.930000000000000000e+02 1.000000000000000000e+01
-4.456000000000000000e+03 1.684000000000000000e+03 1.332800000000000000e+04 -3.760000000000000000e+03 -3.110000000000000000e+02 1.000000000000000000e+00
-4.304000000000000000e+03 1.816000000000000000e+03 1.393600000000000000e+04 -3.776000000000000000e+03 -4.180000000000000000e+02 1.110000000000000000e+02
-4.344000000000000000e+03 1.776000000000000000e+03 1.372400000000000000e+04 -3.760000000000000000e+03 -2.420000000000000000e+02 2.460000000000000000e+02
-4.372000000000000000e+03 1.976000000000000000e+03 1.369600000000000000e+04 -3.760000000000000000e+03 -1.700000000000000000e+02 2.020000000000000000e+02
-4.480000000000000000e+03 1.728000000000000000e+03 1.374000000000000000e+04 -3.792000000000000000e+03 -4.900000000000000000e+01 1.610000000000000000e+02
-4.484000000000000000e+03 1.680000000000000000e+03 1.362000000000000000e+04 -3.728000000000000000e+03 -1.650000000000000000e+02 1.570000000000000000e+02
-4.416000000000000000e+03 1.820000000000000000e+03 1.366800000000000000e+04 -3.760000000000000000e+03 -6.700000000000000000e+01 1.630000000000000000e+02
-4.356000000000000000e+03 1.784000000000000000e+03 1.348000000000000000e+04 -3.792000000000000000e+03 -1.100000000000000000e+01 1.250000000000000000e+02
-4.432000000000000000e+03 1.832000000000000000e+03 1.356800000000000000e+04 -3.776000000000000000e+03 -1.240000000000000000e+02 7.400000000000000000e+01
-4.472000000000000000e+03 1.732000000000000000e+03 1.346800000000000000e+04 -3.776000000000000000e+03 -1.740000000000000000e+02 1.130000000000000000e+02
-4.488000000000000000e+03 1.924000000000000000e+03 1.402000000000000000e+04 -3.776000000000000000e+03 -3.870000000000000000e+02 1.750000000000000000e+02
-4.536000000000000000e+03 1.744000000000000000e+03 1.366400000000000000e+04 -3.792000000000000000e+03 -3.080000000000000000e+02 1.110000000000000000e+02
-4.512000000000000000e+03 1.684000000000000000e+03 1.375600000000000000e+04 -3.760000000000000000e+03 -2.830000000000000000e+02 1.440000000000000000e+02
-4.432000000000000000e+03 1.732000000000000000e+03 1.359200000000000000e+04 -3.760000000000000000e+03 -2.290000000000000000e+02 1.990000000000000000e+02
-4.248000000000000000e+03 1.916000000000000000e+03 1.368000000000000000e+04 -3.760000000000000000e+03 -2.050000000000000000e+02 8.000000000000000000e+01
-4.432000000000000000e+03 1.844000000000000000e+03 1.364800000000000000e+04 -3.760000000000000000e+03 -2.410000000000000000e+02 3.370000000000000000e+02
-4.560000000000000000e+03 1.960000000000000000e+03 1.406800000000000000e+04 -3.760000000000000000e+03 -2.670000000000000000e+02 1.450000000000000000e+02
-4.488000000000000000e+03 1.760000000000000000e+03 1.322800000000000000e+04 -3.792000000000000000e+03 -1.340000000000000000e+02 2.850000000000000000e+02
-4.688000000000000000e+03 1.672000000000000000e+03 1.360800000000000000e+04 -3.744000000000000000e+03 -3.200000000000000000e+02 2.650000000000000000e+02
-4.524000000000000000e+03 1.748000000000000000e+03 1.388000000000000000e+04 -3.808000000000000000e+03 -4.040000000000000000e+02 1.930000000000000000e+02
-4.348000000000000000e+03 2.088000000000000000e+03 1.364000000000000000e+04 -3.744000000000000000e+03 -2.480000000000000000e+02 2.290000000000000000e+02
-4.356000000000000000e+03 1.768000000000000000e+03 1.331600000000000000e+04 -3.744000000000000000e+03 -3.700000000000000000e+02 4.480000000000000000e+02
-4.560000000000000000e+03 2.036000000000000000e+03 1.354400000000000000e+04 -3.760000000000000000e+03 -2.700000000000000000e+02 1.670000000000000000e+02
-4.516000000000000000e+03 1.460000000000000000e+03 1.317600000000000000e+04 -3.760000000000000000e+03 -3.700000000000000000e+01 2.230000000000000000e+02
-4.588000000000000000e+03 1.856000000000000000e+03 1.388400000000000000e+04 -3.792000000000000000e+03 -4.400000000000000000e+02 1.230000000000000000e+02
-4.476000000000000000e+03 1.700000000000000000e+03 1.312000000000000000e+04 -3.760000000000000000e+03 -1.480000000000000000e+02 1.430000000000000000e+02
-4.592000000000000000e+03 1.976000000000000000e+03 1.351200000000000000e+04 -3.760000000000000000e+03 -4.890000000000000000e+02 1.120000000000000000e+02
-4.380000000000000000e+03 1.868000000000000000e+03 1.342800000000000000e+04 -3.760000000000000000e+03 -1.870000000000000000e+02 2.580000000000000000e+02
-4.636000000000000000e+03 1.948000000000000000e+03 1.388400000000000000e+04 -3.744000000000000000e+03 -2.440000000000000000e+02 8.400000000000000000e+01
-4.468000000000000000e+03 1.748000000000000000e+03 1.323200000000000000e+04 -3.728000000000000000e+03 -1.300000000000000000e+02 1.190000000000000000e+02
-4.716000000000000000e+03 1.648000000000000000e+03 1.394000000000000000e+04 -3.744000000000000000e+03 -2.780000000000000000e+02 2.940000000000000000e+02
-4.484000000000000000e+03 1.776000000000000000e+03 1.357200000000000000e+04 -3.776000000000000000e+03 -1.450000000000000000e+02 1.190000000000000000e+02
-4.672000000000000000e+03 1.728000000000000000e+03 1.352800000000000000e+04 -3.744000000000000000e+03 -4.700000000000000000e+01 4.320000000000000000e+02
-4.464000000000000000e+03 1.964000000000000000e+03 1.345600000000000000e+04 -3.744000000000000000e+03 -1.580000000000000000e+02 1.880000000000000000e+02
-4.560000000000000000e+03 1.776000000000000000e+03 1.348800000000000000e+04 -3.744000000000000000e+03 -1.460000000000000000e+02 3.540000000000000000e+02
-4.400000000000000000e+03 1.748000000000000000e+03 1.328800000000000000e+04 -3.744000000000000000e+03 -5.890000000000000000e+02 2.310000000000000000e+02
-4.528000000000000000e+03 1.896000000000000000e+03 1.368000000000000000e+04 -3.744000000000000000e+03 -4.520000000000000000e+02 4.380000000000000000e+02
-4.504000000000000000e+03 1.836000000000000000e+03 1.366400000000000000e+04 -3.728000000000000000e+03 -4.390000000000000000e+02 2.150000000000000000e+02
-4.480000000000000000e+03 1.900000000000000000e+03 1.376800000000000000e+04 -3.760000000000000000e+03 -4.480000000000000000e+02 3.420000000000000000e+02
-4.532000000000000000e+03 1.864000000000000000e+03 1.376800000000000000e+04 -3.760000000000000000e+03 -3.200000000000000000e+02 3.460000000000000000e+02
-4.780000000000000000e+03 1.500000000000000000e+03 1.388800000000000000e+04 -3.776000000000000000e+03 -3.830000000000000000e+02 3.470000000000000000e+02
-4.784000000000000000e+03 1.908000000000000000e+03 1.397600000000000000e+04 -3.744000000000000000e+03 -5.600000000000000000e+01 2.840000000000000000e+02
-4.440000000000000000e+03 1.596000000000000000e+03 1.299600000000000000e+04 -3.744000000000000000e+03 -3.240000000000000000e+02 2.430000000000000000e+02
-4.796000000000000000e+03 1.800000000000000000e+03 1.401200000000000000e+04 -3.744000000000000000e+03 -3.180000000000000000e+02 1.910000000000000000e+02
-4.660000000000000000e+03 1.500000000000000000e+03 1.327200000000000000e+04 -3.744000000000000000e+03 -3.010000000000000000e+02 3.120000000000000000e+02
-4.792000000000000000e+03 2.060000000000000000e+03 1.397200000000000000e+04 -3.744000000000000000e+03 -1.890000000000000000e+02 -4.000000000000000000e+00
-4.620000000000000000e+03 1.688000000000000000e+03 1.334400000000000000e+04 -3.776000000000000000e+03 -2.990000000000000000e+02 3.420000000000000000e+02
-5.008000000000000000e+03 1.728000000000000000e+03 1.384000000000000000e+04 -3.776000000000000000e+03 -2.940000000000000000e+02 -7.200000000000000000e+01
-4.844000000000000000e+03 1.616000000000000000e+03 1.352000000000000000e+04 -3.760000000000000000e+03 -1.170000000000000000e+02 1.990000000000000000e+02
-4.432000000000000000e+03 1.956000000000000000e+03 1.316400000000000000e+04 -3.760000000000000000e+03 -2.790000000000000000e+02 2.300000000000000000e+01
-4.248000000000000000e+03 1.972000000000000000e+03 1.357200000000000000e+04 -3.760000000000000000e+03 -3.510000000000000000e+02 2.500000000000000000e+02
-4.772000000000000000e+03 1.776000000000000000e+03 1.355600000000000000e+04 -3.760000000000000000e+03 -1.810000000000000000e+02 1.100000000000000000e+02
-4.432000000000000000e+03 2.088000000000000000e+03 1.329200000000000000e+04 -3.760000000000000000e+03 -3.330000000000000000e+02 4.700000000000000000e+01
-4.500000000000000000e+03 1.772000000000000000e+03 1.344000000000000000e+04 -3.760000000000000000e+03 -3.230000000000000000e+02 1.340000000000000000e+02
-4.744000000000000000e+03 1.824000000000000000e+03 1.377600000000000000e+04 -3.760000000000000000e+03 -3.780000000000000000e+02 9.000000000000000000e+00
-4.580000000000000000e+03 1.752000000000000000e+03 1.354800000000000000e+04 -3.776000000000000000e+03 -2.650000000000000000e+02 1.110000000000000000e+02
-4.956000000000000000e+03 1.560000000000000000e+03 1.353600000000000000e+04 -3.760000000000000000e+03 -2.070000000000000000e+02 3.000000000000000000e+01
-4.428000000000000000e+03 1.972000000000000000e+03 1.320000000000000000e+04 -3.728000000000000000e+03 3.000000000000000000e+00 1.750000000000000000e+02
-4.644000000000000000e+03 1.744000000000000000e+03 1.325200000000000000e+04 -3.728000000000000000e+03 -4.750000000000000000e+02 1.060000000000000000e+02
