0.000000000000000000e+00 0.000000000000000000e+00 0.000000000000000000e+00 0.000000000000000000e+00 0.000000000000000000e+00 0.000000000000000000e+00
0.000000000000000000e+00 0.000000000000000000e+00 0.000000000000000000e+00 1.024000000000000000e+03 0.000000000000000000e+00 0.000000000000000000e+00
0.000000000000000000e+00 0.000000000000000000e+00 0.000000000000000000e+00 1.024000000000000000e+03 0.000000000000000000e+00 0.000000000000000000e+00
-5.240000000000000000e+03 2.020000000000000000e+03 1.278400000000000000e+04 -3.696000000000000000e+03 -4.155000000000000000e+03 3.307000000000000000e+03
-5.156000000000000000e+03 2.660000000000000000e+03 1.331200000000000000e+04 -3.680000000000000000e+03 -1.920000000000000000e+02 1.940000000000000000e+02
-5.144000000000000000e+03 2.600000000000000000e+03 1.308400000000000000e+04 -3.680000000000000000e+03 -2.790000000000000000e+02 1.380000000000000000e+02
-5.128000000000000000e+03 2.432000000000000000e+03 1.321600000000000000e+04 -3.648000000000000000e+03 -2.110000000000000000e+02 2.860000000000000000e+02
-5.332000000000000000e+03 2.312000000000000000e+03 1.319200000000000000e+04 -3.664000000000000000e+03 -3.960000000000000000e+02 1.340000000000000000e+02
-5.416000000000000000e+03 2.080000000000000000e+03 1.307200000000000000e+04 -3.664000000000000000e+03 -7.900000000000000000e+01 2.140000000000000000e+02
-5.472000000000000000e+03 2.216000000000000000e+03 1.330800000000000000e+04 -3.664000000000000000e+03 -3.830000000000000000e+02 1.720000000000000000e+02
-5.480000000000000000e+03 2.084000000000000000e+03 1.316000000000000000e+04 -3.632000000000000000e+03 -1.640000000000000000e+02 1.130000000000000000e+02
-5.432000000000000000e+03 2.216000000000000000e+03 1.342000000000000000e+04 -3.648000000000000000e+03 -2.920000000000000000e+02 1.650000000000000000e+02
-5.464000000000000000e+03 2.292000000000000000e+03 1.328000000000000000e+04 -3.648000000000000000e+03 -3.230000000000000000e+02 9.000000000000000000e+01
-5.292000000000000000e+03 2.444000000000000000e+03 1.303600000000000000e+04 -3.616000000000000000e+03 -1.870000000000000000e+02 1.570000000000000000e+02
-5.264000000000000000e+03 2.552000000000000000e+03 1.324800000000000000e+04 -3.616000000000000000e+03 -3.610000000000000000e+02 1.490000000000000000e+02
-5.268000000000000000e+03 2.288000000000000000e+03 1.321200000000000000e+04 -3.648000000000000000e+03 -2.340000000000000000e+02 1.860000000000000000e+02
-5.424000000000000000e+03 2.236000000000000000e+03 1.335200000000000000e+04 -3.616000000000000000e+03 -3.250000000000000000e+02 1.260000000000000000e+02
-5.328000000000000000e+03 2.212000000000000000e+03 1.317600000000000000e+04 -3.648000000000000000e+03 -3.520000000000000000e+02 1.540000000000000000e+02
-5.212000000000000000e+03 2.352000000000000000e+03 1.307600000000000000e+04 -3.632000000000000000e+03 -1.190000000000000000e+02 1.240000000000000000e+02
-5.292000000000000000e+03 2.432000000000000000e+03 1.326800000000000000e+04 -3.632000000000000000e+03 -3.560000000000000000e+02 2.240000000000000000e+02
-5.344000000000000000e+03 2.656000000000000000e+03 1.340400000000000000e+04 -3.632000000000000000e+03 -3.400000000000000000e+02 2.030000000000000000e+02
-5.224000000000000000e+03 2.272000000000000000e+03 1.281200000000000000e+04 -3.600000000000000000e+03 -3.300000000000000000e+02 1.970000000000000000e+02
-5.444000000000000000e+03 2.228000000000000000e+03 1.364000000000000000e+04 -3.616000000000000000e+03 -2.880000000000000000e+02 2.660000000000000000e+02
-5.464000000000000000e+03 2.176000000000000000e+03 1.332000000000000000e+04 -3.584000000000000000e+03 -2.250000000000000000e+02 5.300000000000000000e+01
-5.408000000000000000e+03 2.148000000000000000e+03 1.325600000000000000e+04 -3.616000000000000000e+03 -2.450000000000000000e+02 1.370000000000000000e+02
-5.372000000000000000e+03 2.352000000000000000e+03 1.342800000000000000e+04 -3.616000000000000000e+03 -2.930000000000000000e+02 2.600000000000000000e+01
-5.172000000000000000e+03 2.188000000000000000e+03 1.282000000000000000e+04 -3.616000000000000000e+03 -2.200000000000000000e+02 3.330000000000000000e+02
-5.356000000000000000e+03 2.468000000000000000e+03 1.346000000000000000e+04 -3.616000000000000000e+03 -2.600000000000000000e+02 1.090000000000000000e+02
-5.236000000000000000e+03 2.320000000000000000e+03 1.301600000000000000e+04 -3.584000000000000000e+03 -3.650000000000000000e+02 1.290000000000000000e+02
-5.580000000000000000e+03 2.044000000000000000e+03 1.343600000000000000e+04 -3.568000000000000000e+03 -2.120000000000000000e+02 1.610000000000000000e+02
-5.404000000000000000e+03 2.124000000000000000e+03 1.326000000000000000e+04 -3.600000000000000000e+03 -2.820000000000000000e+02 1.790000000000000000e+02
-5.200000000000000000e+03 2.144000000000000000e+03 1.314000000000000000e+04 -3.632000000000000000e+03 -3.670000000000000000e+02 1.540000000000000000e+02
-5.272000000000000000e+03 2.204000000000000000e+03 1.322000000000000000e+04 -3.584000000000000000e+03 -1.470000000000000000e+02 1.700000000000000000e+02
-5.292000000000000000e+03 2.116000000000000000e+03 1.305200000000000000e+04 -3.616000000000000000e+03 -1.000000000000000000e+02 -1.340000000000000000e+02
-5.016000000000000000e+03 2.924000000000000000e+03 1.314800000000000000e+04 -3.600000000000000000e+03 -3.220000000000000000e+02 1.250000000000000000e+02
-5.188000000000000000e+03 2.312000000000000000e+03 1.295600000000000000e+04 -3.568000000000000000e+03 -2.880000000000000000e+02 2.560000000000000000e+02
-5.312000000000000000e+03 2.380000000000000000e+03 1.355200000000000000e+04 -3.600000000000000000e+03 -1.800000000000000000e+02 2.890000000000000000e+02
-5.428000000000000000e+03 2.032000000000000000e+03 1.314000000000000000e+04 -3.616000000000000000e+03 -2.610000000000000000e+02 1.650000000000000000e+02
-5.224000000000000000e+03 2.244000000000000000e+03 1.328000000000000000e+04 -3.616000000000000000e+03 -7.200000000000000000e+01 1.270000000000000000e+02
-5.180000000000000000e+03 2.644000000000000000e+03 1.332400000000000000e+04 -3.616000000000000000e+03 -1.910000000000000000e+02 1.250000000000000000e+02
-5.252000000000000000e+03 2.452000000000000000e+03 1.314800000000000000e+04 -3.584000000000000000e+03 -1.340000000000000000e+02 1.930000000000000000e+02
-5.272000000000000000e+03 2.180000000000000000e+03 1.304400000000000000e+04 -3.584000000000000000e+03 9.000000000000000000e+00 2.410000000000000000e+02
-5.488000000000000000e+03 2.400000000000000000e+03 1.337200000000000000e+04 -3.568000000000000000e+03 -2.420000000000000000e+02 1.690000000000000000e+02
-5.160000000000000000e+03 2.708000000000000000e+03 1.331200000000000000e+04 -3.600000000000000000e+03 -2.140000000000000000e+02 2.880000000000000000e+02
-5.240000000000000000e+03 2.496000000000000000e+03 1.300000000000000000e+04 -3.584000000000000000e+03 -2.520000000000000000e+02 1.570000000000000000e+02
-5.252000000000000000e+03 2.436000000000000000e+03 1.334400000000000000e+04 -3.552000000000000000e+03 -1.700000000000000000e+02 9.500000000000000000e+01
-5.528000000000000000e+03 2.232000000000000000e+03 1.348800000000000000e+04 -3.584000000000000000e+03 -2.860000000000000000e+02 8.200000000000000000e+01
-5.444000000000000000e+03 2.308000000000000000e+03 1.315200000000000000e+04 -3.552000000000000000e+03 -4.080000000000000000e+02 1.750000000000000000e+02
-5.344000000000000000e+03 2.200000000000000000e+03 1.279200000000000000e+04 -3.616000000000000000e+03 -5.000000000000000000e+01 4.500000000000000000e+01
-5.476000000000000000e+03 2.336000000000000000e+03 1.345200000000000000e+04 -3.568000000000000000e+03 -3.390000000000000000e+02 6.600000000000000000e+01
-5.344000000000000000e+03 2.504000000000000000e+03 1.320800000000000000e+04 -3.600000000000000000e+03 -2.830000000000000000e+02 8.800000000000000000e+01
-5.460000000000000000e+03 2.476000000000000000e+03 1.328000000000000000e+04 -3.568000000000000000e+03 -1.880000000000000000e+02 1.490000000000000000e+02
-5.644000000000000000e+03 1.952000000000000000e+03 1.373600000000000000e+04 -3.568000000000000000e+03 -2.270000000000000000e+02 2.050000000000000000e+02
-5.972000000000000000e+03 1.552000000000000000e+03 1.248000000000000000e+04 -3.584000000000000000e+03 9.500000000000000000e+01 6.620000000000000000e+02
-6.268000000000000000e+03 2.808000000000000000e+03 1.335600000000000000e+04 -3.568000000000000000e+03 4.420000000000000000e+02 4.830000000000000000e+02
-5.784000000000000000e+03 2.424000000000000000e+03 1.379200000000000000e+04 -3.600000000000000000e+03 -1.800000000000000000e+02 4.180000000000000000e+02
-4.532000000000000000e+03 2.348000000000000000e+03 1.351200000000000000e+04 -3.568000000000000000e+03 1.500000000000000000e+01 3.280000000000000000e+02
-5.304000000000000000e+03 3.188000000000000000e+03 1.315600000000000000e+04 -3.584000000000000000e+03 -1.400000000000000000e+01 5.020000000000000000e+02
-4.844000000000000000e+03 3.024000000000000000e+03 1.277200000000000000e+04 -3.584000000000000000e+03 -5.170000000000000000e+02 1.310000000000000000e+02
-4.952000000000000000e+03 2.960000000000000000e+03 1.264800000000000000e+04 -3.568000000000000000e+03 -1.630000000000000000e+02 1.560000000000000000e+02
-5.468000000000000000e+03 2.876000000000000000e+03 1.296000000000000000e+04 -3.568000000000000000e+03 -5.750000000000000000e+02 -5.630000000000000000e+02
-5.308000000000000000e+03 2.876000000000000000e+03 1.294800000000000000e+04 -3.584000000000000000e+03 -6.700000000000000000e+01 2.020000000000000000e+02
-5.160000000000000000e+03 3.112000000000000000e+03 1.324400000000000000e+04 -3.520000000000000000e+03 -6.290000000000000000e+02 -9.400000000000000000e+01
-5.016000000000000000e+03 2.792000000000000000e+03 1.264400000000000000e+04 -3.584000000000000000e+03 2.600000000000000000e+01 -1.620000000000000000e+02
-5.436000000000000000e+03 3.100000000000000000e+03 1.374800000000000000e+04 -3.584000000000000000e+03 3.600000000000000000e+01 4.160000000000000000e+02
-5.304000000000000000e+03 3.020000000000000000e+03 1.353200000000000000e+04 -3.536000000000000000e+03 -5.600000000000000000e+02 4.900000000000000000e+01
-5.248000000000000000e+03 2.376000000000000000e+03 1.253200000000000000e+04 -3.568000000000000000e+03 8.800000000000000000e+01 1.580000000000000000e+02
-5.300000000000000000e+03 3.176000000000000000e+03 1.376400000000000000e+04 -3.536000000000000000e+03 -2.910000000000000000e+02 3.140000000000000000e+02
-4.888000000000000000e+03 2.820000000000000000e+03 1.278000000000000000e+04 -3.568000000000000000e+03 -4.090000000000000000e+02 -4.600000000000000000e+01
-5.180000000000000000e+03 2.980000000000000000e+03 1.325600000000000000e+04 -3.536000000000000000e+03 9.000000000000000000e+00 3.390000000000000000e+02
-5.212000000000000000e+03 3.096000000000000000e+03 1.340400000000000000e+04 -3.584000000000000000e+03 -1.070000000000000000e+02 -1.920000000000000000e+02
-4.744000000000000000e+03 3.704000000000000000e+03 1.303600000000000000e+04 -3.536000000000000000e+03 -4.600000000000000000e+01 4.210000000000000000e+02
-4.452000000000000000e+03 4.324000000000000000e+03 1.379600000000000000e+04 -3.568000000000000000e+03 -8.660000000000000000e+02 -1.660000000000000000e+02
-4.044000000000000000e+03 3.876000000000000000e+03 1.196400000000000000e+04 -3.520000000000000000e+03 -7.400000000000000000e+01 8.170000000000000000e+02
-4.788000000000000000e+03 3.844000000000000000e+03 1.364800000000000000e+04 -3.552000000000000000e+03 -3.680000000000000000e+02 2.780000000000000000e+02
-5.152000000000000000e+03 2.940000000000000000e+03 1.272400000000000000e+04 -3.552000000000000000e+03 -5.790000000000000000e+02 3.500000000000000000e+01
-5.420000000000000000e+03 3.116000000000000000e+03 1.342400000000000000e+04 -3.552000000000000000e+03 -2.510000000000000000e+02 2.380000000000000000e+02
-5.428000000000000000e+03 2.504000000000000000e+03 1.301200000000000000e+04 -3.568000000000000000e+03 -5.630000000000000000e+02 -1.820000000000000000e+02
-5.200000000000000000e+03 3.288000000000000000e+03 1.319600000000000000e+04 -3.552000000000000000e+03 -8.400000000000000000e+01 8.200000000000000000e+01
-5.088000000000000000e+03 3.264000000000000000e+03 1.323200000000000000e+04 -3.536000000000000000e+03 -4.460000000000000000e+02 -2.000000000000000000e+00
-4.944000000000000000e+03 2.960000000000000000e+03 1.291200000000000000e+04 -3.568000000000000000e+03 -4.000000000000000000e+00 3.520000000000000000e+02
-5.024000000000000000e+03 3.344000000000000000e+03 1.315200000000000000e+04 -3.536000000000000000e+03 -1.880000000000000000e+02 -1.000000000000000000e+01
-5.176000000000000000e+03 3.116000000000000000e+03 1.271200000000000000e+04 -3.536000000000000000e+03 -2.380000000000000000e+02 2.070000000000000000e+02
-5.312000000000000000e+03 3.084000000000000000e+03 1.320800000000000000e+04 -3.552000000000000000e+03 -3.530000000000000000e+02 1.140000000000000000e+02
-5.104000000000000000e+03 3.224000000000000000e+03 1.308800000000000000e+04 -3.552000000000000000e+03 -2.330000000000000000e+02 2.060000000000000000e+02
