-3.624000000000000000e+03 3.632000000000000000e+03 1.363600000000000000e+04 -3.568000000000000000e+03 -4.420000000000000000e+02 6.400000000000000000e+01
-3.708000000000000000e+03 3.388000000000000000e+03 1.349600000000000000e+04 -3.536000000000000000e+03 -2.860000000000000000e+02 2.160000000000000000e+02
-3.876000000000000000e+03 3.456000000000000000e+03 1.374400000000000000e+04 -3.504000000000000000e+03 -2.450000000000000000e+02 8.000000000000000000e+01
-3.660000000000000000e+03 3.176000000000000000e+03 1.356400000000000000e+04 -3.536000000000000000e+03 -3.710000000000000000e+02 7.000000000000000000e+00
-3.444000000000000000e+03 3.372000000000000000e+03 1.353200000000000000e+04 -3.504000000000000000e+03 -2.350000000000000000e+02 1.300000000000000000e+02
-3.652000000000000000e+03 3.572000000000000000e+03 1.350000000000000000e+04 -3.504000000000000000e+03 -3.350000000000000000e+02 2.900000000000000000e+01
-3.516000000000000000e+03 3.600000000000000000e+03 1.359200000000000000e+04 -3.504000000000000000e+03 -2.810000000000000000e+02 9.300000000000000000e+01
-3.620000000000000000e+03 3.740000000000000000e+03 1.367200000000000000e+04 -3.504000000000000000e+03 -1.760000000000000000e+02 2.870000000000000000e+02
-3.540000000000000000e+03 3.584000000000000000e+03 1.360800000000000000e+04 -3.520000000000000000e+03 -3.310000000000000000e+02 3.220000000000000000e+02
-3.560000000000000000e+03 3.428000000000000000e+03 1.352800000000000000e+04 -3.520000000000000000e+03 -1.300000000000000000e+02 1.850000000000000000e+02
-3.448000000000000000e+03 3.600000000000000000e+03 1.351600000000000000e+04 -3.536000000000000000e+03 -9.500000000000000000e+01 1.540000000000000000e+02
-3.492000000000000000e+03 3.664000000000000000e+03 1.360000000000000000e+04 -3.536000000000000000e+03 -9.300000000000000000e+01 2.340000000000000000e+02
-3.620000000000000000e+03 3.544000000000000000e+03 1.341600000000000000e+04 -3.536000000000000000e+03 -2.220000000000000000e+02 1.660000000000000000e+02
-3.860000000000000000e+03 3.584000000000000000e+03 1.352400000000000000e+04 -3.520000000000000000e+03 -2.470000000000000000e+02 3.750000000000000000e+02
-3.716000000000000000e+03 3.540000000000000000e+03 1.316800000000000000e+04 -3.520000000000000000e+03 -1.840000000000000000e+02 2.000000000000000000e+01
-3.880000000000000000e+03 3.600000000000000000e+03 1.344000000000000000e+04 -3.488000000000000000e+03 -2.610000000000000000e+02 2.890000000000000000e+02
-3.648000000000000000e+03 3.492000000000000000e+03 1.339200000000000000e+04 -3.520000000000000000e+03 -3.550000000000000000e+02 1.520000000000000000e+02
-3.764000000000000000e+03 3.360000000000000000e+03 1.346000000000000000e+04 -3.504000000000000000e+03 -2.500000000000000000e+02 2.000000000000000000e+02
-3.712000000000000000e+03 3.692000000000000000e+03 1.360000000000000000e+04 -3.552000000000000000e+03 -3.670000000000000000e+02 -3.600000000000000000e+01
-3.472000000000000000e+03 3.532000000000000000e+03 1.357200000000000000e+04 -3.520000000000000000e+03 -2.450000000000000000e+02 1.170000000000000000e+02
-3.716000000000000000e+03 3.480000000000000000e+03 1.348000000000000000e+04 -3.536000000000000000e+03 -1.510000000000000000e+02 7.900000000000000000e+01
-3.764000000000000000e+03 3.508000000000000000e+03 1.351600000000000000e+04 -3.568000000000000000e+03 -2.660000000000000000e+02 9.200000000000000000e+01
-3.712000000000000000e+03 3.492000000000000000e+03 1.332400000000000000e+04 -3.536000000000000000e+03 -1.830000000000000000e+02 -2.000000000000000000e+01
-3.960000000000000000e+03 3.464000000000000000e+03 1.344800000000000000e+04 -3.536000000000000000e+03 -4.400000000000000000e+02 1.560000000000000000e+02
-3.960000000000000000e+03 3.316000000000000000e+03 1.344800000000000000e+04 -3.520000000000000000e+03 -3.390000000000000000e+02 9.000000000000000000e+00
-4.280000000000000000e+03 3.512000000000000000e+03 1.380400000000000000e+04 -3.536000000000000000e+03 -4.190000000000000000e+02 2.750000000000000000e+02
-3.804000000000000000e+03 3.500000000000000000e+03 1.399600000000000000e+04 -3.520000000000000000e+03 -2.330000000000000000e+02 -9.400000000000000000e+01
-3.344000000000000000e+03 3.556000000000000000e+03 1.357200000000000000e+04 -3.520000000000000000e+03 -5.600000000000000000e+01 8.800000000000000000e+01
-3.144000000000000000e+03 3.668000000000000000e+03 1.322400000000000000e+04 -3.520000000000000000e+03 -1.030000000000000000e+02 3.700000000000000000e+01
-3.592000000000000000e+03 3.476000000000000000e+03 1.329600000000000000e+04 -3.520000000000000000e+03 -2.940000000000000000e+02 9.000000000000000000e+01
-4.068000000000000000e+03 3.092000000000000000e+03 1.368800000000000000e+04 -3.520000000000000000e+03 -4.430000000000000000e+02 2.200000000000000000e+01
-3.544000000000000000e+03 3.412000000000000000e+03 1.367200000000000000e+04 -3.520000000000000000e+03 -2.420000000000000000e+02 1.730000000000000000e+02
-3.104000000000000000e+03 3.696000000000000000e+03 1.351600000000000000e+04 -3.536000000000000000e+03 -3.500000000000000000e+02 5.700000000000000000e+01
-3.456000000000000000e+03 3.568000000000000000e+03 1.315600000000000000e+04 -3.536000000000000000e+03 -4.090000000000000000e+02 -2.500000000000000000e+01
-3.848000000000000000e+03 3.272000000000000000e+03 1.383200000000000000e+04 -3.536000000000000000e+03 -5.630000000000000000e+02 3.020000000000000000e+02
-3.652000000000000000e+03 3.456000000000000000e+03 1.351600000000000000e+04 -3.552000000000000000e+03 -2.030000000000000000e+02 -1.740000000000000000e+02
-3.628000000000000000e+03 3.624000000000000000e+03 1.379200000000000000e+04 -3.504000000000000000e+03 -3.870000000000000000e+02 1.310000000000000000e+02
-3.324000000000000000e+03 3.464000000000000000e+03 1.346800000000000000e+04 -3.504000000000000000e+03 -1.750000000000000000e+02 1.300000000000000000e+01
-3.600000000000000000e+03 3.688000000000000000e+03 1.340800000000000000e+04 -3.536000000000000000e+03 -9.100000000000000000e+01 3.480000000000000000e+02
-3.844000000000000000e+03 3.556000000000000000e+03 1.324800000000000000e+04 -3.504000000000000000e+03 -4.190000000000000000e+02 2.160000000000000000e+02
-3.472000000000000000e+03 3.564000000000000000e+03 1.348000000000000000e+04 -3.552000000000000000e+03 -2.300000000000000000e+02 1.300000000000000000e+01
-3.352000000000000000e+03 3.440000000000000000e+03 1.381200000000000000e+04 -3.552000000000000000e+03 -4.730000000000000000e+02 2.420000000000000000e+02
-3.424000000000000000e+03 3.312000000000000000e+03 1.350400000000000000e+04 -3.552000000000000000e+03 -7.800000000000000000e+01 1.150000000000000000e+02
-3.500000000000000000e+03 3.556000000000000000e+03 1.348000000000000000e+04 -3.520000000000000000e+03 -1.750000000000000000e+02 9.000000000000000000e+00
-3.716000000000000000e+03 3.520000000000000000e+03 1.337600000000000000e+04 -3.584000000000000000e+03 -3.100000000000000000e+02 7.300000000000000000e+01
-3.952000000000000000e+03 3.316000000000000000e+03 1.350000000000000000e+04 -3.520000000000000000e+03 -4.280000000000000000e+02 5.000000000000000000e+01
-3.436000000000000000e+03 3.500000000000000000e+03 1.369600000000000000e+04 -3.552000000000000000e+03 -3.000000000000000000e+02 1.950000000000000000e+02
-3.244000000000000000e+03 3.708000000000000000e+03 1.378000000000000000e+04 -3.552000000000000000e+03 -2.830000000000000000e+02 2.020000000000000000e+02
-3.384000000000000000e+03 3.648000000000000000e+03 1.340000000000000000e+04 -3.536000000000000000e+03 -2.340000000000000000e+02 1.340000000000000000e+02
-3.468000000000000000e+03 3.332000000000000000e+03 1.360000000000000000e+04 -3.488000000000000000e+03 -3.040000000000000000e+02 3.410000000000000000e+02
-3.812000000000000000e+03 3.440000000000000000e+03 1.372000000000000000e+04 -3.520000000000000000e+03 -3.110000000000000000e+02 -5.800000000000000000e+01
-3.536000000000000000e+03 3.608000000000000000e+03 1.353200000000000000e+04 -3.536000000000000000e+03 -2.910000000000000000e+02 1.070000000000000000e+02
-3.468000000000000000e+03 3.596000000000000000e+03 1.346800000000000000e+04 -3.552000000000000000e+03 -3.370000000000000000e+02 1.840000000000000000e+02
-3.432000000000000000e+03 3.500000000000000000e+03 1.358400000000000000e+04 -3.488000000000000000e+03 -4.210000000000000000e+02 9.600000000000000000e+01
-3.580000000000000000e+03 3.212000000000000000e+03 1.363600000000000000e+04 -3.520000000000000000e+03 -2.080000000000000000e+02 2.810000000000000000e+02
-3.352000000000000000e+03 3.816000000000000000e+03 1.376800000000000000e+04 -3.536000000000000000e+03 -3.480000000000000000e+02 1.000000000000000000e+00
-3.368000000000000000e+03 3.384000000000000000e+03 1.326400000000000000e+04 -3.520000000000000000e+03 -3.130000000000000000e+02 7.800000000000000000e+01
-3.712000000000000000e+03 3.560000000000000000e+03 1.389200000000000000e+04 -3.520000000000000000e+03 -1.550000000000000000e+02 2.550000000000000000e+02
-3.304000000000000000e+03 3.504000000000000000e+03 1.314800000000000000e+04 -3.536000000000000000e+03 -3.100000000000000000e+02 2.000000000000000000e+01
-3.384000000000000000e+03 3.476000000000000000e+03 1.345600000000000000e+04 -3.536000000000000000e+03 -1.320000000000000000e+02 3.410000000000000000e+02
-3.484000000000000000e+03 3.524000000000000000e+03 1.368800000000000000e+04 -3.536000000000000000e+03 -4.400000000000000000e+02 3.900000000000000000e+01
-3.204000000000000000e+03 3.376000000000000000e+03 1.338800000000000000e+04 -3.504000000000000000e+03 -2.490000000000000000e+02 2.950000000000000000e+02
-3.404000000000000000e+03 3.432000000000000000e+03 1.373600000000000000e+04 -3.520000000000000000e+03 -3.960000000000000000e+02 1.780000000000000000e+02
-3.420000000000000000e+03 3.484000000000000000e+03 1.308400000000000000e+04 -3.520000000000000000e+03 -4.840000000000000000e+02 2.360000000000000000e+02
-3.840000000000000000e+03 3.548000000000000000e+03 1.408800000000000000e+04 -3.504000000000000000e+03 -4.600000000000000000e+02 1.000000000000000000e+00
-3.772000000000000000e+03 3.400000000000000000e+03 1.404400000000000000e+04 -3.504000000000000000e+03 -2.170000000000000000e+02 -1.650000000000000000e+02
-3.296000000000000000e+03 3.724000000000000000e+03 1.329600000000000000e+04 -3.520000000000000000e+03 -7.000000000000000000e+01 1.930000000000000000e+02
-3.364000000000000000e+03 3.592000000000000000e+03 1.306000000000000000e+04 -3.488000000000000000e+03 -1.750000000000000000e+02 5.700000000000000000e+01
-3.292000000000000000e+03 3.740000000000000000e+03 1.312400000000000000e+04 -3.504000000000000000e+03 -3.770000000000000000e+02 2.890000000000000000e+02
-3.708000000000000000e+03 3.360000000000000000e+03 1.382400000000000000e+04 -3.520000000000000000e+03 -6.250000000000000000e+02 -9.900000000000000000e+01
-3.548000000000000000e+03 3.132000000000000000e+03 1.392800000000000000e+04 -3.520000000000000000e+03 -3.810000000000000000e+02 3.700000000000000000e+01
-3.184000000000000000e+03 3.564000000000000000e+03 1.386000000000000000e+04 -3.488000000000000000e+03 -6.200000000000000000e+01 -3.060000000000000000e+02
-3.388000000000000000e+03 3.480000000000000000e+03 1.368800000000000000e+04 -3.504000000000000000e+03 1.280000000000000000e+02 4.740000000000000000e+02
-3.664000000000000000e+03 3.264000000000000000e+03 1.323200000000000000e+04 -3.504000000000000000e+03 -3.520000000000000000e+02 1.360000000000000000e+02
-3.248000000000000000e+03 3.500000000000000000e+03 1.349200000000000000e+04 -3.520000000000000000e+03 1.460000000000000000e+02 1.240000000000000000e+02
-3.084000000000000000e+03 3.540000000000000000e+03 1.363200000000000000e+04 -3.520000000000000000e+03 -5.550000000000000000e+02 -6.700000000000000000e+01
-3.008000000000000000e+03 3.604000000000000000e+03 1.340800000000000000e+04 -3.520000000000000000e+03 -3.600000000000000000e+01 2.560000000000000000e+02
-3.140000000000000000e+03 3.780000000000000000e+03 1.364000000000000000e+04 -3.520000000000000000e+03 -3.630000000000000000e+02 -3.000000000000000000e+01
-2.952000000000000000e+03 3.644000000000000000e+03 1.324400000000000000e+04 -3.504000000000000000e+03 -2.170000000000000000e+02 1.230000000000000000e+02
-3.048000000000000000e+03 3.688000000000000000e+03 1.365200000000000000e+04 -3.504000000000000000e+03 -4.150000000000000000e+02 1.650000000000000000e+02
-3.484000000000000000e+03 3.372000000000000000e+03 1.372400000000000000e+04 -3.520000000000000000e+03 -3.150000000000000000e+02 3.650000000000000000e+02
-3.408000000000000000e+03 3.440000000000000000e+03 1.397200000000000000e+04 -3.504000000000000000e+03 3.900000000000000000e+01 2.880000000000000000e+02
-3.344000000000000000e+03 3.696000000000000000e+03 1.344000000000000000e+04 -3.520000000000000000e+03 -2.380000000000000000e+02 3.880000000000000000e+02
-3.528000000000000000e+03 3.380000000000000000e+03 1.357200000000000000e+04 -3.504000000000000000e+03 -1.620000000000000000e+02 6.510000000000000000e+02
-3.812000000000000000e+03 3.620000000000000000e+03 1.392400000000000000e+04 -3.504000000000000000e+03 -3.580000000000000000e+02 4.340000000000000000e+02
