-4.772000000000000000e+03 3.316000000000000000e+03 1.299200000000000000e+04 -3.568000000000000000e+03 -2.840000000000000000e+02 8.100000000000000000e+01
-5.028000000000000000e+03 3.528000000000000000e+03 1.325600000000000000e+04 -3.536000000000000000e+03 -3.030000000000000000e+02 3.330000000000000000e+02
-5.156000000000000000e+03 3.236000000000000000e+03 1.320000000000000000e+04 -3.568000000000000000e+03 -2.230000000000000000e+02 1.140000000000000000e+02
-5.148000000000000000e+03 3.120000000000000000e+03 1.316400000000000000e+04 -3.552000000000000000e+03 -4.140000000000000000e+02 1.660000000000000000e+02
-4.976000000000000000e+03 2.972000000000000000e+03 1.284800000000000000e+04 -3.552000000000000000e+03 -1.540000000000000000e+02 1.150000000000000000e+02
-4.996000000000000000e+03 3.488000000000000000e+03 1.332800000000000000e+04 -3.568000000000000000e+03 -1.900000000000000000e+02 1.170000000000000000e+02
-5.028000000000000000e+03 3.372000000000000000e+03 1.304400000000000000e+04 -3.536000000000000000e+03 -2.850000000000000000e+02 2.320000000000000000e+02
-5.156000000000000000e+03 3.124000000000000000e+03 1.308000000000000000e+04 -3.520000000000000000e+03 -2.460000000000000000e+02 1.970000000000000000e+02
-5.148000000000000000e+03 3.076000000000000000e+03 1.308800000000000000e+04 -3.552000000000000000e+03 -4.540000000000000000e+02 1.730000000000000000e+02
-5.236000000000000000e+03 3.212000000000000000e+03 1.324800000000000000e+04 -3.536000000000000000e+03 -1.990000000000000000e+02 1.750000000000000000e+02
-5.152000000000000000e+03 2.820000000000000000e+03 1.309600000000000000e+04 -3.568000000000000000e+03 -4.460000000000000000e+02 2.550000000000000000e+02
-5.120000000000000000e+03 3.244000000000000000e+03 1.320800000000000000e+04 -3.552000000000000000e+03 -2.360000000000000000e+02 2.600000000000000000e+02
-5.032000000000000000e+03 3.240000000000000000e+03 1.322000000000000000e+04 -3.552000000000000000e+03 -3.310000000000000000e+02 7.400000000000000000e+01
-5.112000000000000000e+03 3.052000000000000000e+03 1.314000000000000000e+04 -3.520000000000000000e+03 -2.660000000000000000e+02 2.260000000000000000e+02
-5.076000000000000000e+03 3.136000000000000000e+03 1.336400000000000000e+04 -3.536000000000000000e+03 -3.490000000000000000e+02 5.200000000000000000e+01
-5.244000000000000000e+03 3.032000000000000000e+03 1.300800000000000000e+04 -3.520000000000000000e+03 -1.400000000000000000e+02 1.720000000000000000e+02
-5.220000000000000000e+03 3.388000000000000000e+03 1.368800000000000000e+04 -3.536000000000000000e+03 -2.460000000000000000e+02 1.460000000000000000e+02
-4.896000000000000000e+03 3.236000000000000000e+03 1.259200000000000000e+04 -3.520000000000000000e+03 -3.130000000000000000e+02 2.310000000000000000e+02
-5.132000000000000000e+03 3.276000000000000000e+03 1.342000000000000000e+04 -3.552000000000000000e+03 -3.450000000000000000e+02 1.420000000000000000e+02
-4.956000000000000000e+03 3.224000000000000000e+03 1.298400000000000000e+04 -3.536000000000000000e+03 -3.860000000000000000e+02 2.680000000000000000e+02
-4.884000000000000000e+03 3.160000000000000000e+03 1.308000000000000000e+04 -3.536000000000000000e+03 -1.150000000000000000e+02 5.000000000000000000e+01
-5.060000000000000000e+03 3.264000000000000000e+03 1.333200000000000000e+04 -3.568000000000000000e+03 -4.760000000000000000e+02 1.420000000000000000e+02
-5.200000000000000000e+03 3.024000000000000000e+03 1.323200000000000000e+04 -3.552000000000000000e+03 -5.800000000000000000e+01 2.080000000000000000e+02
-5.064000000000000000e+03 3.204000000000000000e+03 1.310800000000000000e+04 -3.520000000000000000e+03 -2.190000000000000000e+02 2.770000000000000000e+02
-5.096000000000000000e+03 3.176000000000000000e+03 1.304000000000000000e+04 -3.584000000000000000e+03 -2.600000000000000000e+02 1.660000000000000000e+02
-5.040000000000000000e+03 3.076000000000000000e+03 1.279200000000000000e+04 -3.536000000000000000e+03 -3.640000000000000000e+02 9.100000000000000000e+01
-4.868000000000000000e+03 3.276000000000000000e+03 1.309600000000000000e+04 -3.568000000000000000e+03 -2.850000000000000000e+02 1.330000000000000000e+02
-5.212000000000000000e+03 3.108000000000000000e+03 1.316000000000000000e+04 -3.504000000000000000e+03 -2.560000000000000000e+02 9.800000000000000000e+01
-5.108000000000000000e+03 3.048000000000000000e+03 1.317600000000000000e+04 -3.536000000000000000e+03 -2.380000000000000000e+02 2.790000000000000000e+02
-5.116000000000000000e+03 3.128000000000000000e+03 1.322800000000000000e+04 -3.568000000000000000e+03 -3.780000000000000000e+02 1.650000000000000000e+02
-4.928000000000000000e+03 3.156000000000000000e+03 1.274000000000000000e+04 -3.552000000000000000e+03 -9.300000000000000000e+01 2.850000000000000000e+02
-5.048000000000000000e+03 3.184000000000000000e+03 1.314000000000000000e+04 -3.552000000000000000e+03 -1.660000000000000000e+02 1.210000000000000000e+02
-5.284000000000000000e+03 3.196000000000000000e+03 1.321200000000000000e+04 -3.520000000000000000e+03 -3.840000000000000000e+02 2.200000000000000000e+01
-5.056000000000000000e+03 3.164000000000000000e+03 1.338000000000000000e+04 -3.520000000000000000e+03 -2.510000000000000000e+02 1.010000000000000000e+02
-5.124000000000000000e+03 3.192000000000000000e+03 1.327600000000000000e+04 -3.520000000000000000e+03 -6.500000000000000000e+01 1.940000000000000000e+02
-5.000000000000000000e+03 3.316000000000000000e+03 1.335200000000000000e+04 -3.552000000000000000e+03 -2.410000000000000000e+02 7.500000000000000000e+01
-4.832000000000000000e+03 3.252000000000000000e+03 1.274400000000000000e+04 -3.520000000000000000e+03 -1.620000000000000000e+02 1.020000000000000000e+02
-4.984000000000000000e+03 3.316000000000000000e+03 1.313600000000000000e+04 -3.536000000000000000e+03 -7.400000000000000000e+01 2.500000000000000000e+02
-4.852000000000000000e+03 3.192000000000000000e+03 1.285200000000000000e+04 -3.552000000000000000e+03 -2.840000000000000000e+02 -2.200000000000000000e+01
-4.960000000000000000e+03 3.320000000000000000e+03 1.309200000000000000e+04 -3.504000000000000000e+03 -3.820000000000000000e+02 3.070000000000000000e+02
-5.312000000000000000e+03 2.984000000000000000e+03 1.293600000000000000e+04 -3.536000000000000000e+03 -1.840000000000000000e+02 1.070000000000000000e+02
-5.184000000000000000e+03 3.052000000000000000e+03 1.340000000000000000e+04 -3.520000000000000000e+03 -4.130000000000000000e+02 2.830000000000000000e+02
-5.100000000000000000e+03 3.320000000000000000e+03 1.319600000000000000e+04 -3.520000000000000000e+03 -2.610000000000000000e+02 -3.700000000000000000e+01
-4.904000000000000000e+03 3.424000000000000000e+03 1.297600000000000000e+04 -3.536000000000000000e+03 -2.680000000000000000e+02 1.940000000000000000e+02
-4.996000000000000000e+03 3.476000000000000000e+03 1.326800000000000000e+04 -3.536000000000000000e+03 -2.470000000000000000e+02 2.560000000000000000e+02
-5.036000000000000000e+03 2.924000000000000000e+03 1.292400000000000000e+04 -3.568000000000000000e+03 -3.310000000000000000e+02 8.000000000000000000e+01
-5.064000000000000000e+03 3.408000000000000000e+03 1.313200000000000000e+04 -3.536000000000000000e+03 -1.750000000000000000e+02 3.560000000000000000e+02
-5.364000000000000000e+03 3.064000000000000000e+03 1.326400000000000000e+04 -3.520000000000000000e+03 -3.040000000000000000e+02 6.600000000000000000e+01
-5.164000000000000000e+03 3.076000000000000000e+03 1.305600000000000000e+04 -3.520000000000000000e+03 -2.230000000000000000e+02 3.740000000000000000e+02
-4.836000000000000000e+03 3.176000000000000000e+03 1.289600000000000000e+04 -3.520000000000000000e+03 -2.700000000000000000e+02 4.790000000000000000e+02
-5.460000000000000000e+03 2.320000000000000000e+03 1.350000000000000000e+04 -3.552000000000000000e+03 1.200000000000000000e+01 2.470000000000000000e+02
-5.820000000000000000e+03 2.928000000000000000e+03 1.403600000000000000e+04 -3.520000000000000000e+03 -5.970000000000000000e+02 4.900000000000000000e+01
-5.016000000000000000e+03 2.544000000000000000e+03 1.261600000000000000e+04 -3.520000000000000000e+03 1.300000000000000000e+01 8.700000000000000000e+01
-5.292000000000000000e+03 3.056000000000000000e+03 1.335200000000000000e+04 -3.552000000000000000e+03 -3.500000000000000000e+01 3.020000000000000000e+02
-5.080000000000000000e+03 3.196000000000000000e+03 1.312800000000000000e+04 -3.536000000000000000e+03 -4.210000000000000000e+02 -5.600000000000000000e+01
-5.008000000000000000e+03 3.288000000000000000e+03 1.297600000000000000e+04 -3.536000000000000000e+03 -2.840000000000000000e+02 1.760000000000000000e+02
-5.024000000000000000e+03 3.420000000000000000e+03 1.333600000000000000e+04 -3.504000000000000000e+03 -2.510000000000000000e+02 1.690000000000000000e+02
-4.904000000000000000e+03 3.100000000000000000e+03 1.280000000000000000e+04 -3.520000000000000000e+03 -2.320000000000000000e+02 1.740000000000000000e+02
-5.020000000000000000e+03 3.272000000000000000e+03 1.316000000000000000e+04 -3.552000000000000000e+03 -3.290000000000000000e+02 2.110000000000000000e+02
-5.016000000000000000e+03 3.132000000000000000e+03 1.298400000000000000e+04 -3.536000000000000000e+03 -2.430000000000000000e+02 1.430000000000000000e+02
-5.016000000000000000e+03 3.400000000000000000e+03 1.312800000000000000e+04 -3.488000000000000000e+03 -2.690000000000000000e+02 2.520000000000000000e+02
-5.064000000000000000e+03 3.040000000000000000e+03 1.296000000000000000e+04 -3.552000000000000000e+03 -4.190000000000000000e+02 -6.000000000000000000e+00
-5.040000000000000000e+03 3.388000000000000000e+03 1.332400000000000000e+04 -3.520000000000000000e+03 -2.960000000000000000e+02 3.020000000000000000e+02
-5.164000000000000000e+03 3.088000000000000000e+03 1.304800000000000000e+04 -3.488000000000000000e+03 -3.210000000000000000e+02 5.000000000000000000e+01
-5.052000000000000000e+03 3.208000000000000000e+03 1.306000000000000000e+04 -3.520000000000000000e+03 -2.750000000000000000e+02 1.860000000000000000e+02
-4.788000000000000000e+03 3.400000000000000000e+03 1.313200000000000000e+04 -3.504000000000000000e+03 -3.420000000000000000e+02 7.600000000000000000e+01
-5.028000000000000000e+03 3.268000000000000000e+03 1.320000000000000000e+04 -3.504000000000000000e+03 -3.500000000000000000e+02 1.020000000000000000e+02
-5.116000000000000000e+03 3.232000000000000000e+03 1.332000000000000000e+04 -3.504000000000000000e+03 -2.040000000000000000e+02 1.700000000000000000e+02
-5.092000000000000000e+03 3.052000000000000000e+03 1.301200000000000000e+04 -3.520000000000000000e+03 -1.030000000000000000e+02 1.250000000000000000e+02
-5.116000000000000000e+03 2.996000000000000000e+03 1.338800000000000000e+04 -3.520000000000000000e+03 -3.050000000000000000e+02 8.400000000000000000e+01
-4.900000000000000000e+03 3.180000000000000000e+03 1.278400000000000000e+04 -3.520000000000000000e+03 -2.110000000000000000e+02 3.040000000000000000e+02
-4.948000000000000000e+03 3.356000000000000000e+03 1.326400000000000000e+04 -3.536000000000000000e+03 -3.780000000000000000e+02 -2.000000000000000000e+00
-5.072000000000000000e+03 2.960000000000000000e+03 1.306400000000000000e+04 -3.520000000000000000e+03 -2.780000000000000000e+02 1.000000000000000000e+00
-5.140000000000000000e+03 3.196000000000000000e+03 1.353200000000000000e+04 -3.488000000000000000e+03 -3.930000000000000000e+02 1.300000000000000000e+02
-5.036000000000000000e+03 3.288000000000000000e+03 1.326000000000000000e+04 -3.488000000000000000e+03 -2.750000000000000000e+02 2.100000000000000000e+01
-5.016000000000000000e+03 3.232000000000000000e+03 1.329200000000000000e+04 -3.520000000000000000e+03 -6.700000000000000000e+01 3.570000000000000000e+02
-4.716000000000000000e+03 3.240000000000000000e+03 1.303600000000000000e+04 -3.520000000000000000e+03 -2.840000000000000000e+02 1.560000000000000000e+02
-4.824000000000000000e+03 3.300000000000000000e+03 1.285600000000000000e+04 -3.536000000000000000e+03 -8.100000000000000000e+01 2.660000000000000000e+02
-5.000000000000000000e+03 3.236000000000000000e+03 1.305200000000000000e+04 -3.520000000000000000e+03 -5.480000000000000000e+02 1.690000000000000000e+02
-4.924000000000000000e+03 3.120000000000000000e+03 1.284000000000000000e+04 -3.504000000000000000e+03 -3.270000000000000000e+02 2.460000000000000000e+02
-5.436000000000000000e+03 3.112000000000000000e+03 1.352000000000000000e+04 -3.536000000000000000e+03 -5.190000000000000000e+02 1.170000000000000000e+02
-4.956000000000000000e+03 3.108000000000000000e+03 1.306000000000000000e+04 -3.520000000000000000e+03 -4.180000000000000000e+02 3.800000000000000000e+02
-5.048000000000000000e+03 3.376000000000000000e+03 1.319200000000000000e+04 -3.520000000000000000e+03 -1.970000000000000000e+02 5.500000000000000000e+01
-4.972000000000000000e+03 3.148000000000000000e+03 1.327600000000000000e+04 -3.552000000000000000e+03 -2.840000000000000000e+02 1.690000000000000000e+02
-4.888000000000000000e+03 3.472000000000000000e+03 1.318800000000000000e+04 -3.520000000000000000e+03 -1.920000000000000000e+02 2.670000000000000000e+02
