-4.644000000000000000e+03 2.620000000000000000e+03 1.341200000000000000e+04 -3.408000000000000000e+03 -3.780000000000000000e+02 2.050000000000000000e+02
-4.660000000000000000e+03 2.340000000000000000e+03 1.341600000000000000e+04 -3.392000000000000000e+03 -4.230000000000000000e+02 1.590000000000000000e+02
-4.792000000000000000e+03 2.428000000000000000e+03 1.354000000000000000e+04 -3.376000000000000000e+03 -3.650000000000000000e+02 9.900000000000000000e+01
-4.504000000000000000e+03 2.436000000000000000e+03 1.351200000000000000e+04 -3.408000000000000000e+03 -3.040000000000000000e+02 8.200000000000000000e+01
-4.500000000000000000e+03 2.336000000000000000e+03 1.344800000000000000e+04 -3.440000000000000000e+03 -4.290000000000000000e+02 5.900000000000000000e+01
-4.568000000000000000e+03 2.184000000000000000e+03 1.348000000000000000e+04 -3.408000000000000000e+03 -3.870000000000000000e+02 1.520000000000000000e+02
-4.564000000000000000e+03 2.220000000000000000e+03 1.372400000000000000e+04 -3.392000000000000000e+03 -3.810000000000000000e+02 1.080000000000000000e+02
-4.424000000000000000e+03 2.580000000000000000e+03 1.321200000000000000e+04 -3.408000000000000000e+03 -4.700000000000000000e+02 1.230000000000000000e+02
-4.572000000000000000e+03 2.492000000000000000e+03 1.351200000000000000e+04 -3.440000000000000000e+03 -4.220000000000000000e+02 2.650000000000000000e+02
-4.632000000000000000e+03 2.512000000000000000e+03 1.347200000000000000e+04 -3.424000000000000000e+03 -4.850000000000000000e+02 6.200000000000000000e+01
-4.396000000000000000e+03 2.364000000000000000e+03 1.322800000000000000e+04 -3.392000000000000000e+03 -1.220000000000000000e+02 1.670000000000000000e+02
-4.500000000000000000e+03 2.376000000000000000e+03 1.375200000000000000e+04 -3.408000000000000000e+03 -5.270000000000000000e+02 6.600000000000000000e+01
-4.396000000000000000e+03 2.172000000000000000e+03 1.326800000000000000e+04 -3.408000000000000000e+03 -3.640000000000000000e+02 1.580000000000000000e+02
-4.608000000000000000e+03 2.308000000000000000e+03 1.375200000000000000e+04 -3.408000000000000000e+03 -3.170000000000000000e+02 8.000000000000000000e+00
-4.616000000000000000e+03 2.288000000000000000e+03 1.344000000000000000e+04 -3.408000000000000000e+03 -2.220000000000000000e+02 1.860000000000000000e+02
-4.476000000000000000e+03 2.372000000000000000e+03 1.352400000000000000e+04 -3.424000000000000000e+03 -2.960000000000000000e+02 1.430000000000000000e+02
-4.412000000000000000e+03 2.404000000000000000e+03 1.327600000000000000e+04 -3.424000000000000000e+03 -3.150000000000000000e+02 1.780000000000000000e+02
-4.484000000000000000e+03 2.340000000000000000e+03 1.348400000000000000e+04 -3.408000000000000000e+03 -2.160000000000000000e+02 1.720000000000000000e+02
-4.548000000000000000e+03 2.312000000000000000e+03 1.351200000000000000e+04 -3.408000000000000000e+03 -2.730000000000000000e+02 1.740000000000000000e+02
-4.464000000000000000e+03 2.340000000000000000e+03 1.356400000000000000e+04 -3.360000000000000000e+03 -2.520000000000000000e+02 2.030000000000000000e+02
-4.820000000000000000e+03 2.236000000000000000e+03 1.358800000000000000e+04 -3.424000000000000000e+03 -2.710000000000000000e+02 1.730000000000000000e+02
-4.596000000000000000e+03 2.264000000000000000e+03 1.349600000000000000e+04 -3.376000000000000000e+03 -3.620000000000000000e+02 1.120000000000000000e+02
-4.400000000000000000e+03 2.488000000000000000e+03 1.346400000000000000e+04 -3.392000000000000000e+03 -1.770000000000000000e+02 4.600000000000000000e+01
-4.316000000000000000e+03 2.460000000000000000e+03 1.363600000000000000e+04 -3.392000000000000000e+03 -4.510000000000000000e+02 6.700000000000000000e+01
-4.332000000000000000e+03 2.284000000000000000e+03 1.326800000000000000e+04 -3.360000000000000000e+03 -2.360000000000000000e+02 3.290000000000000000e+02
-4.696000000000000000e+03 2.320000000000000000e+03 1.362800000000000000e+04 -3.392000000000000000e+03 -2.360000000000000000e+02 4.900000000000000000e+01
-4.576000000000000000e+03 2.144000000000000000e+03 1.329600000000000000e+04 -3.424000000000000000e+03 -2.620000000000000000e+02 1.430000000000000000e+02
-4.512000000000000000e+03 2.308000000000000000e+03 1.357200000000000000e+04 -3.440000000000000000e+03 -3.180000000000000000e+02 1.290000000000000000e+02
-4.500000000000000000e+03 2.224000000000000000e+03 1.332800000000000000e+04 -3.424000000000000000e+03 -2.600000000000000000e+02 2.520000000000000000e+02
-4.572000000000000000e+03 2.472000000000000000e+03 1.376800000000000000e+04 -3.392000000000000000e+03 -4.200000000000000000e+02 1.800000000000000000e+02
-4.368000000000000000e+03 2.208000000000000000e+03 1.330800000000000000e+04 -3.376000000000000000e+03 -2.150000000000000000e+02 -1.000000000000000000e+00
-4.388000000000000000e+03 2.448000000000000000e+03 1.370000000000000000e+04 -3.408000000000000000e+03 -1.190000000000000000e+02 2.410000000000000000e+02
-4.408000000000000000e+03 2.260000000000000000e+03 1.340000000000000000e+04 -3.392000000000000000e+03 -3.450000000000000000e+02 7.600000000000000000e+01
-4.520000000000000000e+03 2.456000000000000000e+03 1.342000000000000000e+04 -3.392000000000000000e+03 -1.520000000000000000e+02 3.380000000000000000e+02
-4.692000000000000000e+03 2.320000000000000000e+03 1.368000000000000000e+04 -3.424000000000000000e+03 -3.860000000000000000e+02 1.090000000000000000e+02
-4.440000000000000000e+03 2.444000000000000000e+03 1.324400000000000000e+04 -3.408000000000000000e+03 -1.940000000000000000e+02 1.450000000000000000e+02
-4.564000000000000000e+03 2.320000000000000000e+03 1.370400000000000000e+04 -3.392000000000000000e+03 -3.160000000000000000e+02 1.800000000000000000e+02
-4.476000000000000000e+03 2.196000000000000000e+03 1.318400000000000000e+04 -3.392000000000000000e+03 -3.050000000000000000e+02 1.700000000000000000e+02
-4.656000000000000000e+03 2.412000000000000000e+03 1.347600000000000000e+04 -3.408000000000000000e+03 -1.510000000000000000e+02 8.500000000000000000e+01
-4.384000000000000000e+03 2.328000000000000000e+03 1.345200000000000000e+04 -3.408000000000000000e+03 -4.310000000000000000e+02 7.200000000000000000e+01
-4.564000000000000000e+03 2.508000000000000000e+03 1.344800000000000000e+04 -3.408000000000000000e+03 -2.320000000000000000e+02 1.200000000000000000e+02
-4.624000000000000000e+03 2.420000000000000000e+03 1.360000000000000000e+04 -3.392000000000000000e+03 -4.680000000000000000e+02 1.040000000000000000e+02
-4.308000000000000000e+03 2.256000000000000000e+03 1.332000000000000000e+04 -3.408000000000000000e+03 -2.070000000000000000e+02 1.400000000000000000e+02
-4.252000000000000000e+03 2.448000000000000000e+03 1.344800000000000000e+04 -3.408000000000000000e+03 -3.300000000000000000e+02 7.000000000000000000e+01
-4.672000000000000000e+03 2.176000000000000000e+03 1.372000000000000000e+04 -3.376000000000000000e+03 -2.550000000000000000e+02 3.310000000000000000e+02
-4.588000000000000000e+03 2.316000000000000000e+03 1.330800000000000000e+04 -3.424000000000000000e+03 -3.100000000000000000e+02 -2.000000000000000000e+00
-4.284000000000000000e+03 2.276000000000000000e+03 1.313200000000000000e+04 -3.392000000000000000e+03 -2.400000000000000000e+02 1.350000000000000000e+02
-4.252000000000000000e+03 2.364000000000000000e+03 1.361600000000000000e+04 -3.408000000000000000e+03 -2.580000000000000000e+02 1.620000000000000000e+02
-4.304000000000000000e+03 2.384000000000000000e+03 1.354000000000000000e+04 -3.408000000000000000e+03 -3.330000000000000000e+02 1.060000000000000000e+02
-4.520000000000000000e+03 2.324000000000000000e+03 1.348000000000000000e+04 -3.392000000000000000e+03 -2.140000000000000000e+02 2.930000000000000000e+02
-4.704000000000000000e+03 2.224000000000000000e+03 1.366000000000000000e+04 -3.392000000000000000e+03 -2.520000000000000000e+02 4.300000000000000000e+01
-4.568000000000000000e+03 2.308000000000000000e+03 1.340800000000000000e+04 -3.408000000000000000e+03 -2.050000000000000000e+02 1.080000000000000000e+02
-4.332000000000000000e+03 2.316000000000000000e+03 1.374800000000000000e+04 -3.408000000000000000e+03 -2.460000000000000000e+02 -2.000000000000000000e+00
-4.272000000000000000e+03 2.320000000000000000e+03 1.360000000000000000e+04 -3.376000000000000000e+03 -1.790000000000000000e+02 1.450000000000000000e+02
-4.304000000000000000e+03 2.612000000000000000e+03 1.342000000000000000e+04 -3.360000000000000000e+03 -3.260000000000000000e+02 4.700000000000000000e+01
-4.344000000000000000e+03 2.272000000000000000e+03 1.327200000000000000e+04 -3.392000000000000000e+03 -2.060000000000000000e+02 1.250000000000000000e+02
-4.472000000000000000e+03 2.532000000000000000e+03 1.360800000000000000e+04 -3.376000000000000000e+03 -2.850000000000000000e+02 5.800000000000000000e+01
-4.308000000000000000e+03 2.448000000000000000e+03 1.342800000000000000e+04 -3.376000000000000000e+03 -3.950000000000000000e+02 1.230000000000000000e+02
-4.316000000000000000e+03 2.336000000000000000e+03 1.364800000000000000e+04 -3.360000000000000000e+03 -1.300000000000000000e+02 2.490000000000000000e+02
-4.352000000000000000e+03 2.416000000000000000e+03 1.340000000000000000e+04 -3.392000000000000000e+03 -3.580000000000000000e+02 2.010000000000000000e+02
-4.584000000000000000e+03 2.324000000000000000e+03 1.359600000000000000e+04 -3.408000000000000000e+03 -1.600000000000000000e+02 2.070000000000000000e+02
-4.364000000000000000e+03 2.296000000000000000e+03 1.345200000000000000e+04 -3.424000000000000000e+03 -2.930000000000000000e+02 1.800000000000000000e+01
-4.224000000000000000e+03 2.476000000000000000e+03 1.323200000000000000e+04 -3.392000000000000000e+03 -2.390000000000000000e+02 1.200000000000000000e+02
-4.296000000000000000e+03 2.348000000000000000e+03 1.354000000000000000e+04 -3.408000000000000000e+03 -3.750000000000000000e+02 2.370000000000000000e+02
-4.572000000000000000e+03 2.224000000000000000e+03 1.352000000000000000e+04 -3.408000000000000000e+03 -4.340000000000000000e+02 1.600000000000000000e+02
-4.728000000000000000e+03 2.360000000000000000e+03 1.364000000000000000e+04 -3.424000000000000000e+03 -1.910000000000000000e+02 -1.260000000000000000e+02
-4.212000000000000000e+03 2.464000000000000000e+03 1.328400000000000000e+04 -3.376000000000000000e+03 -5.670000000000000000e+02 -5.300000000000000000e+01
-4.228000000000000000e+03 2.260000000000000000e+03 1.311200000000000000e+04 -3.392000000000000000e+03 -2.420000000000000000e+02 7.100000000000000000e+01
-4.292000000000000000e+03 2.584000000000000000e+03 1.362000000000000000e+04 -3.392000000000000000e+03 -1.660000000000000000e+02 2.000000000000000000e+00
-4.396000000000000000e+03 2.448000000000000000e+03 1.361200000000000000e+04 -3.424000000000000000e+03 -5.310000000000000000e+02 7.200000000000000000e+01
-4.284000000000000000e+03 2.380000000000000000e+03 1.340800000000000000e+04 -3.392000000000000000e+03 -2.540000000000000000e+02 2.480000000000000000e+02
-4.332000000000000000e+03 2.428000000000000000e+03 1.374000000000000000e+04 -3.392000000000000000e+03 -4.110000000000000000e+02 9.200000000000000000e+01
-4.348000000000000000e+03 2.340000000000000000e+03 1.344400000000000000e+04 -3.376000000000000000e+03 -2.970000000000000000e+02 1.730000000000000000e+02
-4.484000000000000000e+03 2.308000000000000000e+03 1.365200000000000000e+04 -3.408000000000000000e+03 -3.090000000000000000e+02 5.200000000000000000e+01
-4.136000000000000000e+03 2.316000000000000000e+03 1.322400000000000000e+04 -3.376000000000000000e+03 -3.060000000000000000e+02 2.900000000000000000e+01
-4.152000000000000000e+03 2.340000000000000000e+03 1.390000000000000000e+04 -3.376000000000000000e+03 -1.850000000000000000e+02 2.260000000000000000e+02
-4.108000000000000000e+03 2.548000000000000000e+03 1.365200000000000000e+04 -3.392000000000000000e+03 -5.000000000000000000e+02 9.800000000000000000e+01
-4.064000000000000000e+03 2.292000000000000000e+03 1.344400000000000000e+04 -3.392000000000000000e+03 -1.360000000000000000e+02 2.470000000000000000e+02
-4.168000000000000000e+03 2.560000000000000000e+03 1.346800000000000000e+04 -3.408000000000000000e+03 -3.080000000000000000e+02 1.460000000000000000e+02
-4.412000000000000000e+03 2.168000000000000000e+03 1.326000000000000000e+04 -3.392000000000000000e+03 -3.440000000000000000e+02 2.280000000000000000e+02
-4.288000000000000000e+03 2.356000000000000000e+03 1.347200000000000000e+04 -3.392000000000000000e+03 -1.790000000000000000e+02 1.760000000000000000e+02
-4.040000000000000000e+03 2.476000000000000000e+03 1.339600000000000000e+04 -3.360000000000000000e+03 -2.520000000000000000e+02 -9.000000000000000000e+00
-3.988000000000000000e+03 2.444000000000000000e+03 1.356800000000000000e+04 -3.376000000000000000e+03 -3.350000000000000000e+02 2.400000000000000000e+02
-4.396000000000000000e+03 2.364000000000000000e+03 1.366000000000000000e+04 -3.392000000000000000e+03 -3.510000000000000000e+02 2.250000000000000000e+02
-4.444000000000000000e+03 2.324000000000000000e+03 1.329200000000000000e+04 -3.360000000000000000e+03 -1.990000000000000000e+02 6.000000000000000000e+01
