-4.352000000000000000e+03 1.028000000000000000e+03 1.355200000000000000e+04 -3.488000000000000000e+03 -8.000000000000000000e+00 2.060000000000000000e+02
-4.556000000000000000e+03 1.140000000000000000e+03 1.373200000000000000e+04 -3.488000000000000000e+03 -5.070000000000000000e+02 -4.100000000000000000e+01
-4.416000000000000000e+03 1.360000000000000000e+03 1.360800000000000000e+04 -3.456000000000000000e+03 -3.100000000000000000e+01 3.730000000000000000e+02
-4.444000000000000000e+03 1.108000000000000000e+03 1.389600000000000000e+04 -3.456000000000000000e+03 -5.710000000000000000e+02 -7.800000000000000000e+01
-4.452000000000000000e+03 1.044000000000000000e+03 1.346000000000000000e+04 -3.456000000000000000e+03 -1.890000000000000000e+02 2.480000000000000000e+02
-4.292000000000000000e+03 1.156000000000000000e+03 1.348000000000000000e+04 -3.472000000000000000e+03 -4.140000000000000000e+02 -1.010000000000000000e+02
-4.396000000000000000e+03 1.360000000000000000e+03 1.385600000000000000e+04 -3.488000000000000000e+03 -2.680000000000000000e+02 1.180000000000000000e+02
-4.184000000000000000e+03 9.720000000000000000e+02 1.319600000000000000e+04 -3.456000000000000000e+03 -3.410000000000000000e+02 -4.120000000000000000e+02
-5.128000000000000000e+03 1.440000000000000000e+03 1.462800000000000000e+04 -3.488000000000000000e+03 -3.140000000000000000e+02 -2.300000000000000000e+02
-4.368000000000000000e+03 3.960000000000000000e+02 1.302400000000000000e+04 -3.456000000000000000e+03 -6.600000000000000000e+02 -3.340000000000000000e+02
-4.616000000000000000e+03 1.352000000000000000e+03 1.427200000000000000e+04 -3.456000000000000000e+03 -1.360000000000000000e+02 -3.320000000000000000e+02
-3.856000000000000000e+03 1.188000000000000000e+03 1.258800000000000000e+04 -3.440000000000000000e+03 -5.320000000000000000e+02 -1.420000000000000000e+02
-4.320000000000000000e+03 1.868000000000000000e+03 1.446000000000000000e+04 -3.488000000000000000e+03 -2.020000000000000000e+02 2.880000000000000000e+02
-4.064000000000000000e+03 7.040000000000000000e+02 1.306400000000000000e+04 -3.472000000000000000e+03 -4.160000000000000000e+02 2.110000000000000000e+02
-4.540000000000000000e+03 1.188000000000000000e+03 1.432800000000000000e+04 -3.488000000000000000e+03 -2.370000000000000000e+02 3.800000000000000000e+02
-4.224000000000000000e+03 4.040000000000000000e+02 1.321600000000000000e+04 -3.472000000000000000e+03 -3.370000000000000000e+02 1.770000000000000000e+02
-4.524000000000000000e+03 1.160000000000000000e+03 1.428800000000000000e+04 -3.472000000000000000e+03 -6.400000000000000000e+01 2.920000000000000000e+02
-4.192000000000000000e+03 9.520000000000000000e+02 1.331200000000000000e+04 -3.472000000000000000e+03 -3.030000000000000000e+02 6.000000000000000000e+01
-4.308000000000000000e+03 1.248000000000000000e+03 1.400000000000000000e+04 -3.488000000000000000e+03 9.500000000000000000e+01 2.690000000000000000e+02
-4.352000000000000000e+03 1.292000000000000000e+03 1.384400000000000000e+04 -3.488000000000000000e+03 -6.430000000000000000e+02 -1.700000000000000000e+01
-3.968000000000000000e+03 1.076000000000000000e+03 1.347600000000000000e+04 -3.456000000000000000e+03 -1.020000000000000000e+02 3.380000000000000000e+02
-4.296000000000000000e+03 1.168000000000000000e+03 1.394400000000000000e+04 -3.440000000000000000e+03 -2.750000000000000000e+02 2.630000000000000000e+02
-4.204000000000000000e+03 8.760000000000000000e+02 1.353600000000000000e+04 -3.472000000000000000e+03 -4.310000000000000000e+02 1.260000000000000000e+02
-4.440000000000000000e+03 1.264000000000000000e+03 1.387600000000000000e+04 -3.504000000000000000e+03 -2.370000000000000000e+02 1.080000000000000000e+02
-4.276000000000000000e+03 1.040000000000000000e+03 1.349200000000000000e+04 -3.488000000000000000e+03 -3.200000000000000000e+02 2.800000000000000000e+02
-4.188000000000000000e+03 1.008000000000000000e+03 1.361200000000000000e+04 -3.456000000000000000e+03 -3.030000000000000000e+02 8.100000000000000000e+01
-4.300000000000000000e+03 1.008000000000000000e+03 1.396800000000000000e+04 -3.488000000000000000e+03 -3.660000000000000000e+02 1.570000000000000000e+02
-4.216000000000000000e+03 9.440000000000000000e+02 1.346400000000000000e+04 -3.456000000000000000e+03 -7.700000000000000000e+01 2.530000000000000000e+02
-4.232000000000000000e+03 1.076000000000000000e+03 1.392400000000000000e+04 -3.488000000000000000e+03 -5.370000000000000000e+02 -2.400000000000000000e+01
-4.120000000000000000e+03 1.104000000000000000e+03 1.334800000000000000e+04 -3.472000000000000000e+03 1.450000000000000000e+02 3.940000000000000000e+02
-4.540000000000000000e+03 1.316000000000000000e+03 1.411200000000000000e+04 -3.440000000000000000e+03 -4.860000000000000000e+02 2.000000000000000000e+01
-4.164000000000000000e+03 6.800000000000000000e+02 1.320800000000000000e+04 -3.456000000000000000e+03 -3.600000000000000000e+02 1.420000000000000000e+02
-4.556000000000000000e+03 1.064000000000000000e+03 1.411200000000000000e+04 -3.472000000000000000e+03 -2.690000000000000000e+02 2.650000000000000000e+02
-4.092000000000000000e+03 1.000000000000000000e+03 1.329200000000000000e+04 -3.472000000000000000e+03 -3.510000000000000000e+02 -5.800000000000000000e+01
-4.400000000000000000e+03 1.392000000000000000e+03 1.407600000000000000e+04 -3.472000000000000000e+03 -2.260000000000000000e+02 4.580000000000000000e+02
-4.148000000000000000e+03 8.880000000000000000e+02 1.346800000000000000e+04 -3.488000000000000000e+03 -3.530000000000000000e+02 1.380000000000000000e+02
-4.452000000000000000e+03 1.256000000000000000e+03 1.410800000000000000e+04 -3.456000000000000000e+03 -2.280000000000000000e+02 -3.000000000000000000e+00
-4.196000000000000000e+03 8.880000000000000000e+02 1.360800000000000000e+04 -3.456000000000000000e+03 -5.210000000000000000e+02 1.610000000000000000e+02
-4.204000000000000000e+03 1.316000000000000000e+03 1.361600000000000000e+04 -3.488000000000000000e+03 -9.600000000000000000e+01 2.830000000000000000e+02
-4.112000000000000000e+03 1.036000000000000000e+03 1.361600000000000000e+04 -3.488000000000000000e+03 -7.040000000000000000e+02 -1.330000000000000000e+02
-4.356000000000000000e+03 1.020000000000000000e+03 1.373200000000000000e+04 -3.488000000000000000e+03 -1.400000000000000000e+02 4.300000000000000000e+02
-4.224000000000000000e+03 1.056000000000000000e+03 1.367600000000000000e+04 -3.536000000000000000e+03 -3.480000000000000000e+02 9.500000000000000000e+01
-4.416000000000000000e+03 1.224000000000000000e+03 1.414000000000000000e+04 -3.472000000000000000e+03 -2.450000000000000000e+02 3.720000000000000000e+02
-4.228000000000000000e+03 7.720000000000000000e+02 1.328800000000000000e+04 -3.488000000000000000e+03 -2.450000000000000000e+02 1.500000000000000000e+02
-4.456000000000000000e+03 1.192000000000000000e+03 1.422800000000000000e+04 -3.472000000000000000e+03 -1.660000000000000000e+02 2.580000000000000000e+02
-4.276000000000000000e+03 7.640000000000000000e+02 1.348000000000000000e+04 -3.488000000000000000e+03 -2.600000000000000000e+02 1.690000000000000000e+02
-4.356000000000000000e+03 1.140000000000000000e+03 1.389200000000000000e+04 -3.456000000000000000e+03 -9.900000000000000000e+01 2.970000000000000000e+02
-4.276000000000000000e+03 1.020000000000000000e+03 1.356000000000000000e+04 -3.488000000000000000e+03 -5.110000000000000000e+02 -9.100000000000000000e+01
-4.256000000000000000e+03 1.124000000000000000e+03 1.354400000000000000e+04 -3.488000000000000000e+03 -6.600000000000000000e+01 3.380000000000000000e+02
-4.128000000000000000e+03 9.000000000000000000e+02 1.361200000000000000e+04 -3.456000000000000000e+03 -5.000000000000000000e+02 1.120000000000000000e+02
-4.356000000000000000e+03 1.148000000000000000e+03 1.376400000000000000e+04 -3.456000000000000000e+03 2.600000000000000000e+01 3.270000000000000000e+02
-4.240000000000000000e+03 1.048000000000000000e+03 1.394800000000000000e+04 -3.472000000000000000e+03 -5.160000000000000000e+02 -6.200000000000000000e+01
-4.192000000000000000e+03 1.172000000000000000e+03 1.341200000000000000e+04 -3.488000000000000000e+03 -3.000000000000000000e+01 3.360000000000000000e+02
-4.220000000000000000e+03 1.004000000000000000e+03 1.377600000000000000e+04 -3.488000000000000000e+03 -3.020000000000000000e+02 1.810000000000000000e+02
-4.184000000000000000e+03 8.600000000000000000e+02 1.362000000000000000e+04 -3.488000000000000000e+03 -2.840000000000000000e+02 1.910000000000000000e+02
-4.248000000000000000e+03 1.200000000000000000e+03 1.384800000000000000e+04 -3.488000000000000000e+03 -5.990000000000000000e+02 -3.800000000000000000e+01
-4.220000000000000000e+03 8.920000000000000000e+02 1.350800000000000000e+04 -3.488000000000000000e+03 -3.750000000000000000e+02 9.800000000000000000e+01
-4.264000000000000000e+03 1.160000000000000000e+03 1.384400000000000000e+04 -3.440000000000000000e+03 -1.290000000000000000e+02 3.210000000000000000e+02
-4.204000000000000000e+03 1.204000000000000000e+03 1.360400000000000000e+04 -3.488000000000000000e+03 -2.400000000000000000e+02 1.440000000000000000e+02
-4.124000000000000000e+03 1.036000000000000000e+03 1.350800000000000000e+04 -3.456000000000000000e+03 -1.340000000000000000e+02 1.120000000000000000e+02
-4.160000000000000000e+03 8.320000000000000000e+02 1.358800000000000000e+04 -3.488000000000000000e+03 -3.620000000000000000e+02 1.910000000000000000e+02
-4.304000000000000000e+03 1.012000000000000000e+03 1.396800000000000000e+04 -3.456000000000000000e+03 -2.290000000000000000e+02 2.700000000000000000e+02
-4.292000000000000000e+03 1.188000000000000000e+03 1.370000000000000000e+04 -3.472000000000000000e+03 -3.220000000000000000e+02 1.160000000000000000e+02
-4.248000000000000000e+03 1.040000000000000000e+03 1.372800000000000000e+04 -3.472000000000000000e+03 -1.390000000000000000e+02 2.380000000000000000e+02
-4.304000000000000000e+03 1.044000000000000000e+03 1.373200000000000000e+04 -3.488000000000000000e+03 1.300000000000000000e+01 2.280000000000000000e+02
-4.260000000000000000e+03 6.040000000000000000e+02 1.406800000000000000e+04 -3.472000000000000000e+03 -4.820000000000000000e+02 3.450000000000000000e+02
-3.988000000000000000e+03 5.200000000000000000e+02 1.411200000000000000e+04 -3.440000000000000000e+03 -3.460000000000000000e+02 -1.530000000000000000e+02
-4.220000000000000000e+03 8.120000000000000000e+02 1.347600000000000000e+04 -3.440000000000000000e+03 -2.930000000000000000e+02 1.500000000000000000e+02
-4.064000000000000000e+03 1.292000000000000000e+03 1.336400000000000000e+04 -3.536000000000000000e+03 -3.840000000000000000e+02 4.650000000000000000e+02
-4.192000000000000000e+03 1.144000000000000000e+03 1.370000000000000000e+04 -3.456000000000000000e+03 2.300000000000000000e+01 5.580000000000000000e+02
-4.424000000000000000e+03 5.720000000000000000e+02 1.390800000000000000e+04 -3.472000000000000000e+03 -8.530000000000000000e+02 3.200000000000000000e+01
-4.288000000000000000e+03 7.080000000000000000e+02 1.278800000000000000e+04 -3.488000000000000000e+03 1.310000000000000000e+02 4.940000000000000000e+02
-4.680000000000000000e+03 1.084000000000000000e+03 1.412800000000000000e+04 -3.488000000000000000e+03 -9.560000000000000000e+02 2.150000000000000000e+02
-4.196000000000000000e+03 4.560000000000000000e+02 1.326000000000000000e+04 -3.488000000000000000e+03 -3.520000000000000000e+02 2.660000000000000000e+02
-4.536000000000000000e+03 7.520000000000000000e+02 1.455600000000000000e+04 -3.488000000000000000e+03 -9.220000000000000000e+02 -6.060000000000000000e+02
-3.944000000000000000e+03 3.080000000000000000e+02 1.372000000000000000e+04 -3.488000000000000000e+03 -1.198000000000000000e+03 -7.160000000000000000e+02
-4.152000000000000000e+03 7.760000000000000000e+02 1.431600000000000000e+04 -3.440000000000000000e+03 -5.960000000000000000e+02 -9.780000000000000000e+02
-3.940000000000000000e+03 6.560000000000000000e+02 1.337200000000000000e+04 -3.456000000000000000e+03 -5.060000000000000000e+02 -4.940000000000000000e+02
-4.060000000000000000e+03 1.240000000000000000e+03 1.406000000000000000e+04 -3.456000000000000000e+03 -4.390000000000000000e+02 -4.420000000000000000e+02
-2.208000000000000000e+03 7.800000000000000000e+02 1.633600000000000000e+04 -3.472000000000000000e+03 -1.445000000000000000e+03 -1.740000000000000000e+02
-4.524000000000000000e+03 1.120000000000000000e+03 1.204000000000000000e+04 -3.488000000000000000e+03 5.190000000000000000e+02 2.568000000000000000e+03
-4.488000000000000000e+03 -2.840000000000000000e+02 1.511600000000000000e+04 -3.488000000000000000e+03 -1.084000000000000000e+03 -4.900000000000000000e+02
-4.152000000000000000e+03 2.120000000000000000e+02 1.359600000000000000e+04 -3.456000000000000000e+03 1.075000000000000000e+03 6.200000000000000000e+02
-4.148000000000000000e+03 2.064000000000000000e+03 1.358800000000000000e+04 -3.456000000000000000e+03 7.820000000000000000e+02 7.110000000000000000e+02
-3.316000000000000000e+03 1.648000000000000000e+03 1.296800000000000000e+04 -3.488000000000000000e+03 3.980000000000000000e+02 5.860000000000000000e+02
