-4.428000000000000000e+03 2.472000000000000000e+03 1.349200000000000000e+04 -3.392000000000000000e+03 -3.590000000000000000e+02 1.240000000000000000e+02
-4.372000000000000000e+03 2.320000000000000000e+03 1.344800000000000000e+04 -3.376000000000000000e+03 -2.850000000000000000e+02 9.500000000000000000e+01
-4.108000000000000000e+03 2.416000000000000000e+03 1.358800000000000000e+04 -3.408000000000000000e+03 -2.130000000000000000e+02 2.110000000000000000e+02
-4.168000000000000000e+03 2.236000000000000000e+03 1.344000000000000000e+04 -3.392000000000000000e+03 -3.660000000000000000e+02 1.750000000000000000e+02
-4.184000000000000000e+03 2.156000000000000000e+03 1.351600000000000000e+04 -3.392000000000000000e+03 -2.210000000000000000e+02 2.440000000000000000e+02
-4.392000000000000000e+03 2.300000000000000000e+03 1.372400000000000000e+04 -3.376000000000000000e+03 -3.280000000000000000e+02 1.270000000000000000e+02
-4.448000000000000000e+03 2.180000000000000000e+03 1.360400000000000000e+04 -3.408000000000000000e+03 -2.630000000000000000e+02 2.340000000000000000e+02
-4.336000000000000000e+03 2.520000000000000000e+03 1.374800000000000000e+04 -3.392000000000000000e+03 -2.050000000000000000e+02 1.420000000000000000e+02
-4.452000000000000000e+03 2.100000000000000000e+03 1.326800000000000000e+04 -3.376000000000000000e+03 -2.890000000000000000e+02 1.430000000000000000e+02
-4.308000000000000000e+03 2.416000000000000000e+03 1.376800000000000000e+04 -3.376000000000000000e+03 -2.470000000000000000e+02 2.040000000000000000e+02
-4.092000000000000000e+03 2.152000000000000000e+03 1.351200000000000000e+04 -3.392000000000000000e+03 -2.570000000000000000e+02 2.210000000000000000e+02
-4.240000000000000000e+03 2.340000000000000000e+03 1.362800000000000000e+04 -3.376000000000000000e+03 -3.220000000000000000e+02 1.570000000000000000e+02
-4.360000000000000000e+03 2.052000000000000000e+03 1.334000000000000000e+04 -3.408000000000000000e+03 -3.360000000000000000e+02 2.600000000000000000e+02
-4.416000000000000000e+03 2.476000000000000000e+03 1.376000000000000000e+04 -3.392000000000000000e+03 -1.510000000000000000e+02 2.110000000000000000e+02
-4.296000000000000000e+03 2.248000000000000000e+03 1.343200000000000000e+04 -3.408000000000000000e+03 -4.660000000000000000e+02 1.250000000000000000e+02
-4.336000000000000000e+03 2.336000000000000000e+03 1.361200000000000000e+04 -3.376000000000000000e+03 -2.480000000000000000e+02 2.240000000000000000e+02
-4.172000000000000000e+03 2.480000000000000000e+03 1.359600000000000000e+04 -3.392000000000000000e+03 -3.080000000000000000e+02 5.100000000000000000e+01
-4.012000000000000000e+03 2.340000000000000000e+03 1.346400000000000000e+04 -3.392000000000000000e+03 -2.990000000000000000e+02 2.360000000000000000e+02
-4.376000000000000000e+03 2.268000000000000000e+03 1.389600000000000000e+04 -3.392000000000000000e+03 -3.350000000000000000e+02 1.790000000000000000e+02
-4.508000000000000000e+03 2.320000000000000000e+03 1.348000000000000000e+04 -3.344000000000000000e+03 -1.950000000000000000e+02 1.050000000000000000e+02
-4.348000000000000000e+03 2.300000000000000000e+03 1.362400000000000000e+04 -3.392000000000000000e+03 -3.810000000000000000e+02 1.710000000000000000e+02
-4.076000000000000000e+03 2.380000000000000000e+03 1.352800000000000000e+04 -3.376000000000000000e+03 -3.050000000000000000e+02 1.000000000000000000e+02
-4.024000000000000000e+03 2.440000000000000000e+03 1.350400000000000000e+04 -3.408000000000000000e+03 -1.450000000000000000e+02 2.270000000000000000e+02
-4.248000000000000000e+03 2.452000000000000000e+03 1.365200000000000000e+04 -3.392000000000000000e+03 -4.020000000000000000e+02 2.480000000000000000e+02
-4.476000000000000000e+03 2.300000000000000000e+03 1.363600000000000000e+04 -3.392000000000000000e+03 -2.290000000000000000e+02 1.360000000000000000e+02
-4.348000000000000000e+03 2.228000000000000000e+03 1.376000000000000000e+04 -3.376000000000000000e+03 -2.440000000000000000e+02 7.600000000000000000e+01
-4.020000000000000000e+03 2.416000000000000000e+03 1.336000000000000000e+04 -3.344000000000000000e+03 -2.300000000000000000e+02 1.190000000000000000e+02
-4.140000000000000000e+03 2.468000000000000000e+03 1.343600000000000000e+04 -3.360000000000000000e+03 -2.200000000000000000e+02 1.070000000000000000e+02
-4.160000000000000000e+03 2.364000000000000000e+03 1.336000000000000000e+04 -3.344000000000000000e+03 -2.820000000000000000e+02 2.180000000000000000e+02
-4.244000000000000000e+03 2.420000000000000000e+03 1.358000000000000000e+04 -3.376000000000000000e+03 -2.210000000000000000e+02 9.900000000000000000e+01
-4.264000000000000000e+03 2.264000000000000000e+03 1.349600000000000000e+04 -3.376000000000000000e+03 -2.840000000000000000e+02 1.260000000000000000e+02
-4.288000000000000000e+03 2.216000000000000000e+03 1.370800000000000000e+04 -3.392000000000000000e+03 -2.430000000000000000e+02 1.770000000000000000e+02
-4.188000000000000000e+03 2.532000000000000000e+03 1.387600000000000000e+04 -3.376000000000000000e+03 -1.560000000000000000e+02 1.670000000000000000e+02
-4.160000000000000000e+03 2.412000000000000000e+03 1.330400000000000000e+04 -3.408000000000000000e+03 -2.990000000000000000e+02 1.190000000000000000e+02
-4.340000000000000000e+03 2.476000000000000000e+03 1.355600000000000000e+04 -3.392000000000000000e+03 -2.480000000000000000e+02 1.110000000000000000e+02
-4.292000000000000000e+03 2.088000000000000000e+03 1.345200000000000000e+04 -3.392000000000000000e+03 -3.340000000000000000e+02 2.400000000000000000e+02
-4.372000000000000000e+03 2.444000000000000000e+03 1.390400000000000000e+04 -3.376000000000000000e+03 -1.360000000000000000e+02 9.200000000000000000e+01
-3.856000000000000000e+03 2.352000000000000000e+03 1.342800000000000000e+04 -3.408000000000000000e+03 -2.860000000000000000e+02 3.100000000000000000e+01
-4.056000000000000000e+03 2.452000000000000000e+03 1.351600000000000000e+04 -3.408000000000000000e+03 -1.260000000000000000e+02 2.010000000000000000e+02
-4.020000000000000000e+03 2.436000000000000000e+03 1.350000000000000000e+04 -3.392000000000000000e+03 -3.510000000000000000e+02 1.350000000000000000e+02
-4.164000000000000000e+03 2.244000000000000000e+03 1.339200000000000000e+04 -3.392000000000000000e+03 -2.260000000000000000e+02 1.910000000000000000e+02
-4.136000000000000000e+03 2.272000000000000000e+03 1.328800000000000000e+04 -3.376000000000000000e+03 -4.220000000000000000e+02 1.510000000000000000e+02
-4.264000000000000000e+03 2.548000000000000000e+03 1.376000000000000000e+04 -3.392000000000000000e+03 -3.200000000000000000e+02 2.130000000000000000e+02
-4.216000000000000000e+03 2.392000000000000000e+03 1.332400000000000000e+04 -3.376000000000000000e+03 -4.660000000000000000e+02 1.550000000000000000e+02
-4.304000000000000000e+03 2.340000000000000000e+03 1.363200000000000000e+04 -3.408000000000000000e+03 -1.970000000000000000e+02 1.950000000000000000e+02
-4.160000000000000000e+03 2.192000000000000000e+03 1.374800000000000000e+04 -3.360000000000000000e+03 -2.560000000000000000e+02 1.150000000000000000e+02
-4.084000000000000000e+03 2.496000000000000000e+03 1.318400000000000000e+04 -3.392000000000000000e+03 -2.220000000000000000e+02 1.800000000000000000e+01
-4.648000000000000000e+03 2.248000000000000000e+03 1.370000000000000000e+04 -3.376000000000000000e+03 -5.520000000000000000e+02 4.130000000000000000e+02
-4.380000000000000000e+03 2.228000000000000000e+03 1.373200000000000000e+04 -3.376000000000000000e+03 -2.980000000000000000e+02 -8.900000000000000000e+01
-4.252000000000000000e+03 2.568000000000000000e+03 1.375200000000000000e+04 -3.360000000000000000e+03 -1.610000000000000000e+02 -2.800000000000000000e+01
-4.088000000000000000e+03 2.492000000000000000e+03 1.353600000000000000e+04 -3.360000000000000000e+03 -4.920000000000000000e+02 -7.300000000000000000e+01
-4.252000000000000000e+03 1.964000000000000000e+03 1.368800000000000000e+04 -3.376000000000000000e+03 -1.360000000000000000e+02 7.300000000000000000e+01
-4.184000000000000000e+03 2.540000000000000000e+03 1.349600000000000000e+04 -3.376000000000000000e+03 -4.180000000000000000e+02 -1.090000000000000000e+02
-4.184000000000000000e+03 2.392000000000000000e+03 1.350000000000000000e+04 -3.360000000000000000e+03 -2.570000000000000000e+02 -1.230000000000000000e+02
-4.048000000000000000e+03 2.556000000000000000e+03 1.358000000000000000e+04 -3.376000000000000000e+03 -5.350000000000000000e+02 -1.550000000000000000e+02
-4.056000000000000000e+03 2.216000000000000000e+03 1.372400000000000000e+04 -3.392000000000000000e+03 -2.570000000000000000e+02 1.740000000000000000e+02
-4.084000000000000000e+03 2.232000000000000000e+03 1.396800000000000000e+04 -3.376000000000000000e+03 -4.200000000000000000e+02 -2.420000000000000000e+02
-3.736000000000000000e+03 2.444000000000000000e+03 1.338800000000000000e+04 -3.360000000000000000e+03 -9.200000000000000000e+01 -9.000000000000000000e+01
-3.888000000000000000e+03 2.428000000000000000e+03 1.397600000000000000e+04 -3.360000000000000000e+03 -5.010000000000000000e+02 -2.290000000000000000e+02
-4.000000000000000000e+03 2.048000000000000000e+03 1.352800000000000000e+04 -3.376000000000000000e+03 -1.530000000000000000e+02 1.270000000000000000e+02
-3.800000000000000000e+03 2.404000000000000000e+03 1.379200000000000000e+04 -3.392000000000000000e+03 -3.840000000000000000e+02 -8.200000000000000000e+01
-3.484000000000000000e+03 2.336000000000000000e+03 1.369600000000000000e+04 -3.360000000000000000e+03 -8.000000000000000000e+01 2.830000000000000000e+02
-3.836000000000000000e+03 2.444000000000000000e+03 1.402800000000000000e+04 -3.376000000000000000e+03 -2.380000000000000000e+02 1.320000000000000000e+02
-3.788000000000000000e+03 2.396000000000000000e+03 1.356800000000000000e+04 -3.344000000000000000e+03 1.180000000000000000e+02 3.850000000000000000e+02
-4.048000000000000000e+03 2.700000000000000000e+03 1.352400000000000000e+04 -3.376000000000000000e+03 -1.140000000000000000e+02 -1.050000000000000000e+02
-4.252000000000000000e+03 2.352000000000000000e+03 1.328800000000000000e+04 -3.392000000000000000e+03 -2.880000000000000000e+02 -7.500000000000000000e+01
-4.652000000000000000e+03 2.608000000000000000e+03 1.326800000000000000e+04 -3.376000000000000000e+03 -3.420000000000000000e+02 1.100000000000000000e+01
-4.684000000000000000e+03 2.116000000000000000e+03 1.404800000000000000e+04 -3.376000000000000000e+03 -5.240000000000000000e+02 -8.000000000000000000e+01
-4.060000000000000000e+03 2.320000000000000000e+03 1.404400000000000000e+04 -3.392000000000000000e+03 -2.330000000000000000e+02 -1.050000000000000000e+02
-3.112000000000000000e+03 2.332000000000000000e+03 1.373200000000000000e+04 -3.376000000000000000e+03 -4.130000000000000000e+02 -5.610000000000000000e+02
-3.048000000000000000e+03 2.168000000000000000e+03 1.369600000000000000e+04 -3.360000000000000000e+03 -1.700000000000000000e+02 -4.030000000000000000e+02
-3.692000000000000000e+03 2.312000000000000000e+03 1.360400000000000000e+04 -3.392000000000000000e+03 -5.420000000000000000e+02 -4.790000000000000000e+02
-3.744000000000000000e+03 2.084000000000000000e+03 1.361200000000000000e+04 -3.376000000000000000e+03 -3.420000000000000000e+02 7.000000000000000000e+00
-3.316000000000000000e+03 2.208000000000000000e+03 1.407600000000000000e+04 -3.360000000000000000e+03 -3.880000000000000000e+02 2.500000000000000000e+01
-2.864000000000000000e+03 2.700000000000000000e+03 1.312000000000000000e+04 -3.360000000000000000e+03 -5.100000000000000000e+01 -1.950000000000000000e+02
-3.888000000000000000e+03 2.560000000000000000e+03 1.340400000000000000e+04 -3.376000000000000000e+03 -1.660000000000000000e+02 -3.400000000000000000e+02
-4.324000000000000000e+03 2.312000000000000000e+03 1.394000000000000000e+04 -3.328000000000000000e+03 -3.330000000000000000e+02 4.450000000000000000e+02
-3.360000000000000000e+03 2.336000000000000000e+03 1.393600000000000000e+04 -3.344000000000000000e+03 -1.890000000000000000e+02 3.600000000000000000e+01
-2.872000000000000000e+03 2.632000000000000000e+03 1.371600000000000000e+04 -3.376000000000000000e+03 -1.170000000000000000e+02 2.690000000000000000e+02
-3.420000000000000000e+03 2.324000000000000000e+03 1.393200000000000000e+04 -3.392000000000000000e+03 -2.540000000000000000e+02 3.190000000000000000e+02
-3.752000000000000000e+03 2.124000000000000000e+03 1.377600000000000000e+04 -3.344000000000000000e+03 -4.600000000000000000e+01 1.690000000000000000e+02
-3.788000000000000000e+03 2.324000000000000000e+03 1.365600000000000000e+04 -3.376000000000000000e+03 -2.210000000000000000e+02 1.910000000000000000e+02
-3.416000000000000000e+03 2.496000000000000000e+03 1.352000000000000000e+04 -3.360000000000000000e+03 -3.110000000000000000e+02 1.610000000000000000e+02
-3.520000000000000000e+03 2.364000000000000000e+03 1.396400000000000000e+04 -3.360000000000000000e+03 -1.980000000000000000e+02 4.500000000000000000e+02
-3.704000000000000000e+03 2.240000000000000000e+03 1.378800000000000000e+04 -3.376000000000000000e+03 -2.760000000000000000e+02 8.500000000000000000e+01
