-4.440000000000000000e+03 2.452000000000000000e+03 1.343200000000000000e+04 -3.408000000000000000e+03 -9.500000000000000000e+01 5.580000000000000000e+02
-4.728000000000000000e+03 2.228000000000000000e+03 1.339600000000000000e+04 -3.408000000000000000e+03 -2.030000000000000000e+02 -5.000000000000000000e+00
-5.008000000000000000e+03 1.836000000000000000e+03 1.372400000000000000e+04 -3.408000000000000000e+03 -2.900000000000000000e+02 3.060000000000000000e+02
-4.692000000000000000e+03 1.456000000000000000e+03 1.381600000000000000e+04 -3.424000000000000000e+03 -1.900000000000000000e+01 2.500000000000000000e+01
-4.644000000000000000e+03 2.116000000000000000e+03 1.342800000000000000e+04 -3.408000000000000000e+03 -3.730000000000000000e+02 2.470000000000000000e+02
-4.692000000000000000e+03 2.048000000000000000e+03 1.346400000000000000e+04 -3.424000000000000000e+03 -2.790000000000000000e+02 9.700000000000000000e+01
-4.764000000000000000e+03 2.116000000000000000e+03 1.364000000000000000e+04 -3.424000000000000000e+03 -3.050000000000000000e+02 9.000000000000000000e+01
-4.732000000000000000e+03 2.328000000000000000e+03 1.330000000000000000e+04 -3.424000000000000000e+03 -1.510000000000000000e+02 -2.300000000000000000e+01
-4.500000000000000000e+03 2.224000000000000000e+03 1.334000000000000000e+04 -3.424000000000000000e+03 -2.430000000000000000e+02 1.740000000000000000e+02
-4.484000000000000000e+03 2.428000000000000000e+03 1.374400000000000000e+04 -3.408000000000000000e+03 -8.500000000000000000e+01 2.870000000000000000e+02
-4.420000000000000000e+03 2.460000000000000000e+03 1.338000000000000000e+04 -3.440000000000000000e+03 -5.210000000000000000e+02 -8.800000000000000000e+01
-4.380000000000000000e+03 2.160000000000000000e+03 1.345200000000000000e+04 -3.440000000000000000e+03 -1.070000000000000000e+02 2.050000000000000000e+02
-4.368000000000000000e+03 2.316000000000000000e+03 1.380400000000000000e+04 -3.392000000000000000e+03 -6.080000000000000000e+02 4.800000000000000000e+01
-4.336000000000000000e+03 2.572000000000000000e+03 1.314400000000000000e+04 -3.424000000000000000e+03 -5.750000000000000000e+02 -8.600000000000000000e+01
-4.204000000000000000e+03 2.420000000000000000e+03 1.321600000000000000e+04 -3.456000000000000000e+03 -2.770000000000000000e+02 3.490000000000000000e+02
-4.328000000000000000e+03 2.516000000000000000e+03 1.360000000000000000e+04 -3.440000000000000000e+03 -4.110000000000000000e+02 1.830000000000000000e+02
-4.740000000000000000e+03 2.588000000000000000e+03 1.324800000000000000e+04 -3.440000000000000000e+03 -8.650000000000000000e+02 8.000000000000000000e+00
-4.516000000000000000e+03 2.344000000000000000e+03 1.345600000000000000e+04 -3.408000000000000000e+03 -4.490000000000000000e+02 1.100000000000000000e+02
-4.476000000000000000e+03 2.464000000000000000e+03 1.368800000000000000e+04 -3.440000000000000000e+03 -4.700000000000000000e+02 3.300000000000000000e+02
-4.452000000000000000e+03 2.168000000000000000e+03 1.352400000000000000e+04 -3.456000000000000000e+03 -4.600000000000000000e+02 -1.050000000000000000e+02
-4.476000000000000000e+03 2.220000000000000000e+03 1.354800000000000000e+04 -3.440000000000000000e+03 -3.630000000000000000e+02 7.800000000000000000e+01
-4.384000000000000000e+03 2.172000000000000000e+03 1.338800000000000000e+04 -3.424000000000000000e+03 -6.900000000000000000e+01 1.880000000000000000e+02
-4.520000000000000000e+03 2.280000000000000000e+03 1.376000000000000000e+04 -3.440000000000000000e+03 -5.250000000000000000e+02 -1.250000000000000000e+02
-4.324000000000000000e+03 2.008000000000000000e+03 1.310800000000000000e+04 -3.392000000000000000e+03 -2.880000000000000000e+02 3.680000000000000000e+02
-4.524000000000000000e+03 2.160000000000000000e+03 1.378400000000000000e+04 -3.424000000000000000e+03 -4.070000000000000000e+02 2.260000000000000000e+02
-4.248000000000000000e+03 1.932000000000000000e+03 1.357200000000000000e+04 -3.440000000000000000e+03 -3.410000000000000000e+02 2.260000000000000000e+02
-4.360000000000000000e+03 1.896000000000000000e+03 1.334800000000000000e+04 -3.376000000000000000e+03 -3.930000000000000000e+02 -6.400000000000000000e+01
-4.544000000000000000e+03 2.376000000000000000e+03 1.363600000000000000e+04 -3.424000000000000000e+03 -4.570000000000000000e+02 2.080000000000000000e+02
-4.388000000000000000e+03 2.152000000000000000e+03 1.356800000000000000e+04 -3.392000000000000000e+03 -5.830000000000000000e+02 2.960000000000000000e+02
-4.520000000000000000e+03 2.032000000000000000e+03 1.334800000000000000e+04 -3.408000000000000000e+03 -5.130000000000000000e+02 1.600000000000000000e+01
-4.536000000000000000e+03 2.032000000000000000e+03 1.373600000000000000e+04 -3.408000000000000000e+03 -3.930000000000000000e+02 -2.930000000000000000e+02
-4.408000000000000000e+03 2.148000000000000000e+03 1.337600000000000000e+04 -3.392000000000000000e+03 -3.080000000000000000e+02 6.000000000000000000e+01
-4.532000000000000000e+03 1.896000000000000000e+03 1.342800000000000000e+04 -3.392000000000000000e+03 -3.330000000000000000e+02 2.470000000000000000e+02
-4.388000000000000000e+03 2.160000000000000000e+03 1.354800000000000000e+04 -3.392000000000000000e+03 -4.410000000000000000e+02 8.700000000000000000e+01
-4.508000000000000000e+03 2.056000000000000000e+03 1.350800000000000000e+04 -3.440000000000000000e+03 -3.170000000000000000e+02 1.550000000000000000e+02
-4.436000000000000000e+03 1.944000000000000000e+03 1.369600000000000000e+04 -3.408000000000000000e+03 -2.470000000000000000e+02 3.340000000000000000e+02
-4.388000000000000000e+03 1.924000000000000000e+03 1.341200000000000000e+04 -3.424000000000000000e+03 -2.250000000000000000e+02 3.400000000000000000e+01
-4.492000000000000000e+03 1.788000000000000000e+03 1.352400000000000000e+04 -3.424000000000000000e+03 -4.050000000000000000e+02 1.590000000000000000e+02
-4.488000000000000000e+03 2.092000000000000000e+03 1.356400000000000000e+04 -3.424000000000000000e+03 -9.200000000000000000e+01 4.310000000000000000e+02
-4.396000000000000000e+03 2.016000000000000000e+03 1.348000000000000000e+04 -3.456000000000000000e+03 -4.000000000000000000e+01 1.270000000000000000e+02
-4.476000000000000000e+03 1.920000000000000000e+03 1.348000000000000000e+04 -3.424000000000000000e+03 -5.100000000000000000e+01 1.730000000000000000e+02
-4.444000000000000000e+03 2.208000000000000000e+03 1.352800000000000000e+04 -3.424000000000000000e+03 -6.400000000000000000e+01 5.190000000000000000e+02
-4.356000000000000000e+03 2.356000000000000000e+03 1.360400000000000000e+04 -3.424000000000000000e+03 -2.970000000000000000e+02 5.500000000000000000e+01
-4.304000000000000000e+03 1.972000000000000000e+03 1.315200000000000000e+04 -3.392000000000000000e+03 -2.470000000000000000e+02 2.070000000000000000e+02
-4.372000000000000000e+03 2.388000000000000000e+03 1.354400000000000000e+04 -3.408000000000000000e+03 -2.260000000000000000e+02 1.700000000000000000e+02
-4.404000000000000000e+03 2.200000000000000000e+03 1.362400000000000000e+04 -3.408000000000000000e+03 -3.280000000000000000e+02 6.400000000000000000e+01
-4.468000000000000000e+03 2.000000000000000000e+03 1.333200000000000000e+04 -3.408000000000000000e+03 -2.580000000000000000e+02 3.030000000000000000e+02
-4.416000000000000000e+03 2.140000000000000000e+03 1.351200000000000000e+04 -3.392000000000000000e+03 -4.410000000000000000e+02 -6.600000000000000000e+01
-4.524000000000000000e+03 1.944000000000000000e+03 1.347200000000000000e+04 -3.424000000000000000e+03 -7.700000000000000000e+01 3.060000000000000000e+02
-4.524000000000000000e+03 1.936000000000000000e+03 1.346800000000000000e+04 -3.424000000000000000e+03 -4.180000000000000000e+02 9.200000000000000000e+01
-4.412000000000000000e+03 2.128000000000000000e+03 1.368000000000000000e+04 -3.424000000000000000e+03 -2.050000000000000000e+02 3.510000000000000000e+02
-4.476000000000000000e+03 1.964000000000000000e+03 1.324400000000000000e+04 -3.408000000000000000e+03 -3.870000000000000000e+02 2.000000000000000000e+00
-4.504000000000000000e+03 2.056000000000000000e+03 1.366000000000000000e+04 -3.440000000000000000e+03 -1.340000000000000000e+02 3.750000000000000000e+02
-4.552000000000000000e+03 1.992000000000000000e+03 1.362000000000000000e+04 -3.440000000000000000e+03 -3.210000000000000000e+02 2.030000000000000000e+02
-4.572000000000000000e+03 1.860000000000000000e+03 1.347200000000000000e+04 -3.392000000000000000e+03 -1.520000000000000000e+02 2.410000000000000000e+02
-4.596000000000000000e+03 1.960000000000000000e+03 1.365200000000000000e+04 -3.424000000000000000e+03 -4.330000000000000000e+02 1.890000000000000000e+02
-4.656000000000000000e+03 1.952000000000000000e+03 1.342800000000000000e+04 -3.440000000000000000e+03 -2.680000000000000000e+02 1.630000000000000000e+02
-4.672000000000000000e+03 1.880000000000000000e+03 1.352400000000000000e+04 -3.408000000000000000e+03 -4.010000000000000000e+02 -5.000000000000000000e+00
-4.600000000000000000e+03 1.948000000000000000e+03 1.358800000000000000e+04 -3.424000000000000000e+03 -1.600000000000000000e+02 2.660000000000000000e+02
-4.520000000000000000e+03 1.864000000000000000e+03 1.340400000000000000e+04 -3.424000000000000000e+03 -3.790000000000000000e+02 1.270000000000000000e+02
-4.480000000000000000e+03 1.908000000000000000e+03 1.356000000000000000e+04 -3.392000000000000000e+03 -2.840000000000000000e+02 2.340000000000000000e+02
-4.572000000000000000e+03 2.004000000000000000e+03 1.354000000000000000e+04 -3.408000000000000000e+03 -1.910000000000000000e+02 2.540000000000000000e+02
-4.604000000000000000e+03 2.024000000000000000e+03 1.384400000000000000e+04 -3.392000000000000000e+03 -4.020000000000000000e+02 7.800000000000000000e+01
-4.576000000000000000e+03 1.856000000000000000e+03 1.346000000000000000e+04 -3.424000000000000000e+03 -3.000000000000000000e+02 2.100000000000000000e+02
-4.536000000000000000e+03 1.948000000000000000e+03 1.355200000000000000e+04 -3.424000000000000000e+03 -9.400000000000000000e+01 3.070000000000000000e+02
-4.556000000000000000e+03 1.984000000000000000e+03 1.372400000000000000e+04 -3.392000000000000000e+03 -4.350000000000000000e+02 2.680000000000000000e+02
-4.460000000000000000e+03 1.968000000000000000e+03 1.340800000000000000e+04 -3.408000000000000000e+03 -1.990000000000000000e+02 1.930000000000000000e+02
-4.560000000000000000e+03 1.912000000000000000e+03 1.338000000000000000e+04 -3.408000000000000000e+03 -2.330000000000000000e+02 6.400000000000000000e+01
-4.676000000000000000e+03 2.028000000000000000e+03 1.352000000000000000e+04 -3.376000000000000000e+03 -2.050000000000000000e+02 2.930000000000000000e+02
-4.580000000000000000e+03 1.912000000000000000e+03 1.338400000000000000e+04 -3.392000000000000000e+03 -2.610000000000000000e+02 1.130000000000000000e+02
-4.588000000000000000e+03 1.892000000000000000e+03 1.360400000000000000e+04 -3.424000000000000000e+03 -2.660000000000000000e+02 3.400000000000000000e+01
-4.608000000000000000e+03 1.780000000000000000e+03 1.362000000000000000e+04 -3.392000000000000000e+03 -3.500000000000000000e+02 1.360000000000000000e+02
-4.608000000000000000e+03 1.972000000000000000e+03 1.323200000000000000e+04 -3.376000000000000000e+03 -2.770000000000000000e+02 2.620000000000000000e+02
-4.616000000000000000e+03 1.784000000000000000e+03 1.365200000000000000e+04 -3.376000000000000000e+03 -2.160000000000000000e+02 1.850000000000000000e+02
-4.704000000000000000e+03 1.932000000000000000e+03 1.365600000000000000e+04 -3.392000000000000000e+03 -3.700000000000000000e+02 3.900000000000000000e+01
-4.580000000000000000e+03 1.772000000000000000e+03 1.335600000000000000e+04 -3.392000000000000000e+03 -6.800000000000000000e+01 2.960000000000000000e+02
-4.660000000000000000e+03 2.032000000000000000e+03 1.385200000000000000e+04 -3.408000000000000000e+03 -3.800000000000000000e+02 7.500000000000000000e+01
-4.568000000000000000e+03 1.688000000000000000e+03 1.333600000000000000e+04 -3.408000000000000000e+03 -3.280000000000000000e+02 1.620000000000000000e+02
-4.668000000000000000e+03 2.124000000000000000e+03 1.361200000000000000e+04 -3.392000000000000000e+03 -2.020000000000000000e+02 2.320000000000000000e+02
-4.540000000000000000e+03 1.820000000000000000e+03 1.356400000000000000e+04 -3.424000000000000000e+03 -4.070000000000000000e+02 1.310000000000000000e+02
-4.596000000000000000e+03 2.064000000000000000e+03 1.367200000000000000e+04 -3.408000000000000000e+03 -5.800000000000000000e+01 3.400000000000000000e+02
-4.544000000000000000e+03 2.116000000000000000e+03 1.354800000000000000e+04 -3.408000000000000000e+03 -3.720000000000000000e+02 1.170000000000000000e+02
-4.368000000000000000e+03 1.804000000000000000e+03 1.324000000000000000e+04 -3.408000000000000000e+03 -2.140000000000000000e+02 2.420000000000000000e+02
-4.548000000000000000e+03 2.156000000000000000e+03 1.364400000000000000e+04 -3.392000000000000000e+03 -4.040000000000000000e+02 1.130000000000000000e+02
-4.544000000000000000e+03 1.892000000000000000e+03 1.344400000000000000e+04 -3.424000000000000000e+03 -1.940000000000000000e+02 2.390000000000000000e+02
