-4.664000000000000000e+03 2.784000000000000000e+03 1.323600000000000000e+04 -3.840000000000000000e+03 -7.500000000000000000e+01 1.960000000000000000e+02
-4.648000000000000000e+03 3.264000000000000000e+03 1.370000000000000000e+04 -3.840000000000000000e+03 -3.800000000000000000e+01 5.900000000000000000e+01
-4.100000000000000000e+03 3.728000000000000000e+03 1.267600000000000000e+04 -3.824000000000000000e+03 -3.410000000000000000e+02 2.040000000000000000e+02
-4.632000000000000000e+03 3.656000000000000000e+03 1.332400000000000000e+04 -3.856000000000000000e+03 -7.000000000000000000e+01 -5.700000000000000000e+01
-4.856000000000000000e+03 2.848000000000000000e+03 1.309600000000000000e+04 -3.824000000000000000e+03 -3.790000000000000000e+02 6.430000000000000000e+02
-4.972000000000000000e+03 2.800000000000000000e+03 1.378400000000000000e+04 -3.856000000000000000e+03 -3.070000000000000000e+02 -8.700000000000000000e+01
-4.812000000000000000e+03 2.712000000000000000e+03 1.291200000000000000e+04 -3.824000000000000000e+03 -5.000000000000000000e+00 4.360000000000000000e+02
-4.868000000000000000e+03 2.784000000000000000e+03 1.343200000000000000e+04 -3.808000000000000000e+03 -2.340000000000000000e+02 1.050000000000000000e+02
-4.972000000000000000e+03 3.028000000000000000e+03 1.376800000000000000e+04 -3.840000000000000000e+03 -1.930000000000000000e+02 1.090000000000000000e+02
-4.668000000000000000e+03 3.056000000000000000e+03 1.343200000000000000e+04 -3.856000000000000000e+03 -2.270000000000000000e+02 2.790000000000000000e+02
-4.572000000000000000e+03 3.292000000000000000e+03 1.358800000000000000e+04 -3.856000000000000000e+03 -3.680000000000000000e+02 1.150000000000000000e+02
-4.884000000000000000e+03 2.864000000000000000e+03 1.336000000000000000e+04 -3.856000000000000000e+03 -8.100000000000000000e+01 4.810000000000000000e+02
-5.036000000000000000e+03 2.844000000000000000e+03 1.367600000000000000e+04 -3.840000000000000000e+03 -4.320000000000000000e+02 5.300000000000000000e+01
-5.104000000000000000e+03 2.836000000000000000e+03 1.334400000000000000e+04 -3.872000000000000000e+03 -1.120000000000000000e+02 1.160000000000000000e+02
-4.748000000000000000e+03 2.768000000000000000e+03 1.322400000000000000e+04 -3.840000000000000000e+03 -5.270000000000000000e+02 2.270000000000000000e+02
-4.684000000000000000e+03 2.972000000000000000e+03 1.413200000000000000e+04 -3.856000000000000000e+03 -3.950000000000000000e+02 1.700000000000000000e+01
-4.996000000000000000e+03 1.740000000000000000e+03 1.305600000000000000e+04 -3.840000000000000000e+03 -1.680000000000000000e+02 5.230000000000000000e+02
-5.248000000000000000e+03 2.676000000000000000e+03 1.420800000000000000e+04 -3.840000000000000000e+03 -2.280000000000000000e+02 -7.100000000000000000e+01
-4.344000000000000000e+03 2.864000000000000000e+03 1.250000000000000000e+04 -3.840000000000000000e+03 -1.280000000000000000e+02 1.500000000000000000e+02
-4.492000000000000000e+03 3.952000000000000000e+03 1.356400000000000000e+04 -3.856000000000000000e+03 -3.880000000000000000e+02 -1.920000000000000000e+02
-4.564000000000000000e+03 2.760000000000000000e+03 1.289600000000000000e+04 -3.824000000000000000e+03 7.400000000000000000e+01 2.570000000000000000e+02
-4.944000000000000000e+03 3.276000000000000000e+03 1.362000000000000000e+04 -3.840000000000000000e+03 -1.270000000000000000e+02 2.570000000000000000e+02
-4.572000000000000000e+03 2.856000000000000000e+03 1.277600000000000000e+04 -3.840000000000000000e+03 -3.040000000000000000e+02 1.480000000000000000e+02
-4.716000000000000000e+03 3.176000000000000000e+03 1.390000000000000000e+04 -3.856000000000000000e+03 6.120000000000000000e+02 -2.500000000000000000e+01
-4.708000000000000000e+03 2.840000000000000000e+03 1.266000000000000000e+04 -3.840000000000000000e+03 -1.677000000000000000e+03 -4.790000000000000000e+02
-3.828000000000000000e+03 3.328000000000000000e+03 1.274400000000000000e+04 -3.840000000000000000e+03 3.060000000000000000e+02 2.740000000000000000e+02
-5.648000000000000000e+03 2.300000000000000000e+03 1.328400000000000000e+04 -3.824000000000000000e+03 -3.620000000000000000e+02 2.870000000000000000e+02
-4.360000000000000000e+03 3.256000000000000000e+03 1.351200000000000000e+04 -3.824000000000000000e+03 -7.530000000000000000e+02 -5.710000000000000000e+02
-5.052000000000000000e+03 4.604000000000000000e+03 1.300000000000000000e+04 -3.840000000000000000e+03 -1.030000000000000000e+02 5.540000000000000000e+02
-4.704000000000000000e+03 2.468000000000000000e+03 1.370000000000000000e+04 -3.840000000000000000e+03 -2.280000000000000000e+02 -1.900000000000000000e+01
-4.532000000000000000e+03 1.956000000000000000e+03 1.371600000000000000e+04 -3.840000000000000000e+03 4.830000000000000000e+02 -8.340000000000000000e+02
-5.068000000000000000e+03 1.688000000000000000e+03 1.434800000000000000e+04 -3.872000000000000000e+03 8.880000000000000000e+02 1.460000000000000000e+02
-5.772000000000000000e+03 2.332000000000000000e+03 1.366000000000000000e+04 -3.872000000000000000e+03 -1.045000000000000000e+03 -7.200000000000000000e+02
-4.808000000000000000e+03 3.472000000000000000e+03 1.422400000000000000e+04 -3.856000000000000000e+03 9.590000000000000000e+02 -4.510000000000000000e+02
-4.208000000000000000e+03 2.984000000000000000e+03 1.236000000000000000e+04 -3.856000000000000000e+03 -1.456000000000000000e+03 -2.870000000000000000e+02
-5.756000000000000000e+03 1.932000000000000000e+03 1.496800000000000000e+04 -3.840000000000000000e+03 -9.740000000000000000e+02 -2.860000000000000000e+02
-6.548000000000000000e+03 2.840000000000000000e+02 1.336400000000000000e+04 -3.856000000000000000e+03 -1.200000000000000000e+01 4.610000000000000000e+02
-6.460000000000000000e+03 2.124000000000000000e+03 1.639200000000000000e+04 -3.840000000000000000e+03 -9.680000000000000000e+02 -1.820000000000000000e+02
-5.016000000000000000e+03 1.792000000000000000e+03 1.318800000000000000e+04 -3.872000000000000000e+03 6.200000000000000000e+01 2.200000000000000000e+02
-4.400000000000000000e+03 3.240000000000000000e+03 1.389200000000000000e+04 -3.872000000000000000e+03 1.049000000000000000e+03 8.200000000000000000e+01
-4.292000000000000000e+03 1.160000000000000000e+03 1.246800000000000000e+04 -3.840000000000000000e+03 5.360000000000000000e+02 -1.657000000000000000e+03
-5.564000000000000000e+03 1.952000000000000000e+03 1.448000000000000000e+04 -3.808000000000000000e+03 2.200000000000000000e+02 5.000000000000000000e+01
-3.244000000000000000e+03 5.504000000000000000e+03 1.384800000000000000e+04 -3.856000000000000000e+03 -1.468000000000000000e+03 -4.870000000000000000e+02
-4.092000000000000000e+03 4.532000000000000000e+03 1.356000000000000000e+04 -3.856000000000000000e+03 6.950000000000000000e+02 1.652000000000000000e+03
-3.208000000000000000e+03 3.364000000000000000e+03 1.384000000000000000e+04 -3.856000000000000000e+03 -1.338000000000000000e+03 -6.590000000000000000e+02
-5.168000000000000000e+03 2.412000000000000000e+03 1.466000000000000000e+04 -3.872000000000000000e+03 1.830000000000000000e+02 6.790000000000000000e+02
-4.624000000000000000e+03 1.564000000000000000e+03 1.283600000000000000e+04 -3.872000000000000000e+03 -7.950000000000000000e+02 -2.950000000000000000e+02
-4.824000000000000000e+03 3.472000000000000000e+03 1.431200000000000000e+04 -3.840000000000000000e+03 -2.380000000000000000e+02 3.180000000000000000e+02
-3.356000000000000000e+03 3.440000000000000000e+03 1.226400000000000000e+04 -3.872000000000000000e+03 -4.310000000000000000e+02 4.330000000000000000e+02
-4.384000000000000000e+03 3.772000000000000000e+03 1.370000000000000000e+04 -3.856000000000000000e+03 -5.300000000000000000e+02 1.850000000000000000e+02
-4.524000000000000000e+03 2.464000000000000000e+03 1.309600000000000000e+04 -3.824000000000000000e+03 -3.110000000000000000e+02 4.180000000000000000e+02
-4.656000000000000000e+03 2.960000000000000000e+03 1.415600000000000000e+04 -3.824000000000000000e+03 -7.380000000000000000e+02 2.160000000000000000e+02
-4.344000000000000000e+03 2.232000000000000000e+03 1.247200000000000000e+04 -3.824000000000000000e+03 2.800000000000000000e+02 7.640000000000000000e+02
-4.820000000000000000e+03 2.932000000000000000e+03 1.420000000000000000e+04 -3.824000000000000000e+03 -5.040000000000000000e+02 5.700000000000000000e+01
-4.372000000000000000e+03 2.360000000000000000e+03 1.302000000000000000e+04 -3.856000000000000000e+03 -8.100000000000000000e+01 2.040000000000000000e+02
-4.668000000000000000e+03 2.936000000000000000e+03 1.414800000000000000e+04 -3.840000000000000000e+03 -4.980000000000000000e+02 7.100000000000000000e+01
-4.252000000000000000e+03 2.712000000000000000e+03 1.284800000000000000e+04 -3.808000000000000000e+03 -4.740000000000000000e+02 1.700000000000000000e+02
-4.720000000000000000e+03 2.924000000000000000e+03 1.390800000000000000e+04 -3.840000000000000000e+03 -4.550000000000000000e+02 1.550000000000000000e+02
-4.268000000000000000e+03 2.936000000000000000e+03 1.340800000000000000e+04 -3.872000000000000000e+03 -3.840000000000000000e+02 4.680000000000000000e+02
-4.448000000000000000e+03 3.192000000000000000e+03 1.354800000000000000e+04 -3.840000000000000000e+03 -4.590000000000000000e+02 2.830000000000000000e+02
-4.408000000000000000e+03 2.788000000000000000e+03 1.308800000000000000e+04 -3.856000000000000000e+03 7.600000000000000000e+01 5.700000000000000000e+02
-4.212000000000000000e+03 3.024000000000000000e+03 1.310800000000000000e+04 -3.840000000000000000e+03 -4.960000000000000000e+02 1.410000000000000000e+02
-4.500000000000000000e+03 2.960000000000000000e+03 1.360400000000000000e+04 -3.840000000000000000e+03 1.600000000000000000e+01 3.180000000000000000e+02
-4.552000000000000000e+03 2.844000000000000000e+03 1.337200000000000000e+04 -3.856000000000000000e+03 -4.800000000000000000e+02 -1.290000000000000000e+02
-4.852000000000000000e+03 2.804000000000000000e+03 1.384000000000000000e+04 -3.840000000000000000e+03 9.400000000000000000e+01 4.740000000000000000e+02
-4.732000000000000000e+03 2.800000000000000000e+03 1.352800000000000000e+04 -3.824000000000000000e+03 -4.060000000000000000e+02 -2.680000000000000000e+02
-4.652000000000000000e+03 2.884000000000000000e+03 1.337200000000000000e+04 -3.840000000000000000e+03 -1.670000000000000000e+02 2.990000000000000000e+02
-4.524000000000000000e+03 3.060000000000000000e+03 1.357200000000000000e+04 -3.808000000000000000e+03 -4.030000000000000000e+02 -3.900000000000000000e+01
-4.516000000000000000e+03 2.840000000000000000e+03 1.334400000000000000e+04 -3.872000000000000000e+03 2.510000000000000000e+02 7.500000000000000000e+01
-5.168000000000000000e+03 2.564000000000000000e+03 1.232800000000000000e+04 -3.824000000000000000e+03 -2.590000000000000000e+02 2.800000000000000000e+02
-4.452000000000000000e+03 3.048000000000000000e+03 1.287200000000000000e+04 -3.856000000000000000e+03 -2.520000000000000000e+02 1.406000000000000000e+03
-4.576000000000000000e+03 3.304000000000000000e+03 1.313200000000000000e+04 -3.840000000000000000e+03 -1.010000000000000000e+03 -5.000000000000000000e+02
-5.132000000000000000e+03 2.996000000000000000e+03 1.451600000000000000e+04 -3.856000000000000000e+03 -1.910000000000000000e+02 -4.900000000000000000e+01
-4.408000000000000000e+03 7.400000000000000000e+02 1.143600000000000000e+04 -3.824000000000000000e+03 2.566000000000000000e+03 3.140000000000000000e+02
-4.572000000000000000e+03 4.036000000000000000e+03 1.678400000000000000e+04 -3.856000000000000000e+03 8.070000000000000000e+02 -1.450000000000000000e+02
-4.000000000000000000e+03 1.880000000000000000e+03 1.170800000000000000e+04 -3.856000000000000000e+03 -1.220000000000000000e+02 7.710000000000000000e+02
-5.656000000000000000e+03 2.960000000000000000e+03 1.494000000000000000e+04 -3.856000000000000000e+03 -4.310000000000000000e+02 -7.360000000000000000e+02
-5.324000000000000000e+03 2.956000000000000000e+03 1.345600000000000000e+04 -3.840000000000000000e+03 3.210000000000000000e+02 -5.060000000000000000e+02
-4.160000000000000000e+03 3.728000000000000000e+03 1.328800000000000000e+04 -3.872000000000000000e+03 -5.840000000000000000e+02 -3.270000000000000000e+02
-4.184000000000000000e+03 3.740000000000000000e+03 1.338800000000000000e+04 -3.824000000000000000e+03 1.200000000000000000e+01 9.600000000000000000e+01
-4.044000000000000000e+03 3.592000000000000000e+03 1.352400000000000000e+04 -3.840000000000000000e+03 -8.570000000000000000e+02 2.760000000000000000e+02
-4.076000000000000000e+03 3.120000000000000000e+03 1.318800000000000000e+04 -3.840000000000000000e+03 -1.100000000000000000e+02 3.320000000000000000e+02
-4.524000000000000000e+03 2.932000000000000000e+03 1.355200000000000000e+04 -3.840000000000000000e+03 -8.910000000000000000e+02 -3.100000000000000000e+01
-4.892000000000000000e+03 2.968000000000000000e+03 1.331600000000000000e+04 -3.840000000000000000e+03 -1.000000000000000000e+02 5.850000000000000000e+02
-4.492000000000000000e+03 3.032000000000000000e+03 1.312800000000000000e+04 -3.808000000000000000e+03 -3.930000000000000000e+02 -3.640000000000000000e+02
