-4.524000000000000000e+03 3.104000000000000000e+03 1.339600000000000000e+04 -3.856000000000000000e+03 1.360000000000000000e+02 2.960000000000000000e+02
-4.436000000000000000e+03 3.104000000000000000e+03 1.315200000000000000e+04 -3.856000000000000000e+03 -6.450000000000000000e+02 1.430000000000000000e+02
-4.520000000000000000e+03 2.832000000000000000e+03 1.324400000000000000e+04 -3.856000000000000000e+03 1.280000000000000000e+02 4.460000000000000000e+02
-4.428000000000000000e+03 3.044000000000000000e+03 1.332800000000000000e+04 -3.840000000000000000e+03 -4.870000000000000000e+02 2.690000000000000000e+02
-4.592000000000000000e+03 3.060000000000000000e+03 1.351200000000000000e+04 -3.856000000000000000e+03 -3.710000000000000000e+02 7.300000000000000000e+02
-4.796000000000000000e+03 3.012000000000000000e+03 1.377600000000000000e+04 -3.824000000000000000e+03 -6.630000000000000000e+02 -6.420000000000000000e+02
-4.324000000000000000e+03 3.252000000000000000e+03 1.331200000000000000e+04 -3.824000000000000000e+03 -6.220000000000000000e+02 1.057000000000000000e+03
-4.272000000000000000e+03 2.544000000000000000e+03 1.272800000000000000e+04 -3.840000000000000000e+03 -3.970000000000000000e+02 3.800000000000000000e+01
-4.680000000000000000e+03 3.180000000000000000e+03 1.380400000000000000e+04 -3.840000000000000000e+03 -1.370000000000000000e+02 -1.660000000000000000e+02
-4.544000000000000000e+03 2.756000000000000000e+03 1.305600000000000000e+04 -3.872000000000000000e+03 1.120000000000000000e+02 3.810000000000000000e+02
-4.708000000000000000e+03 3.196000000000000000e+03 1.380400000000000000e+04 -3.840000000000000000e+03 -6.220000000000000000e+02 -8.000000000000000000e+01
-4.452000000000000000e+03 2.756000000000000000e+03 1.327600000000000000e+04 -3.840000000000000000e+03 -1.900000000000000000e+02 3.830000000000000000e+02
-4.552000000000000000e+03 2.944000000000000000e+03 1.312000000000000000e+04 -3.872000000000000000e+03 -3.730000000000000000e+02 -2.700000000000000000e+01
-4.540000000000000000e+03 2.852000000000000000e+03 1.320000000000000000e+04 -3.824000000000000000e+03 -4.000000000000000000e+01 2.720000000000000000e+02
-4.328000000000000000e+03 3.000000000000000000e+03 1.325600000000000000e+04 -3.840000000000000000e+03 -6.510000000000000000e+02 1.870000000000000000e+02
-4.372000000000000000e+03 3.120000000000000000e+03 1.338800000000000000e+04 -3.856000000000000000e+03 -3.100000000000000000e+02 4.290000000000000000e+02
-4.688000000000000000e+03 3.012000000000000000e+03 1.343600000000000000e+04 -3.856000000000000000e+03 -5.230000000000000000e+02 -7.600000000000000000e+01
-4.544000000000000000e+03 3.072000000000000000e+03 1.355200000000000000e+04 -3.856000000000000000e+03 1.650000000000000000e+02 2.020000000000000000e+02
-4.496000000000000000e+03 2.812000000000000000e+03 1.313200000000000000e+04 -3.856000000000000000e+03 -5.900000000000000000e+02 3.000000000000000000e+00
-4.664000000000000000e+03 2.996000000000000000e+03 1.346800000000000000e+04 -3.840000000000000000e+03 -1.620000000000000000e+02 4.550000000000000000e+02
-4.580000000000000000e+03 3.132000000000000000e+03 1.333600000000000000e+04 -3.840000000000000000e+03 -2.330000000000000000e+02 1.470000000000000000e+02
-4.412000000000000000e+03 2.972000000000000000e+03 1.341200000000000000e+04 -3.856000000000000000e+03 -7.200000000000000000e+01 2.360000000000000000e+02
-4.576000000000000000e+03 2.848000000000000000e+03 1.321200000000000000e+04 -3.840000000000000000e+03 -3.960000000000000000e+02 2.770000000000000000e+02
-4.592000000000000000e+03 2.832000000000000000e+03 1.333600000000000000e+04 -3.856000000000000000e+03 -2.880000000000000000e+02 2.750000000000000000e+02
-4.612000000000000000e+03 2.960000000000000000e+03 1.368800000000000000e+04 -3.808000000000000000e+03 -4.920000000000000000e+02 1.030000000000000000e+02
-4.780000000000000000e+03 2.732000000000000000e+03 1.306800000000000000e+04 -3.824000000000000000e+03 2.740000000000000000e+02 2.590000000000000000e+02
-4.772000000000000000e+03 3.252000000000000000e+03 1.380400000000000000e+04 -3.856000000000000000e+03 -7.220000000000000000e+02 -1.480000000000000000e+02
-4.476000000000000000e+03 2.808000000000000000e+03 1.331600000000000000e+04 -3.824000000000000000e+03 9.200000000000000000e+01 5.680000000000000000e+02
-4.712000000000000000e+03 2.868000000000000000e+03 1.328800000000000000e+04 -3.840000000000000000e+03 -7.080000000000000000e+02 -1.790000000000000000e+02
-4.704000000000000000e+03 2.716000000000000000e+03 1.356000000000000000e+04 -3.824000000000000000e+03 4.440000000000000000e+02 3.620000000000000000e+02
-4.408000000000000000e+03 2.964000000000000000e+03 1.338000000000000000e+04 -3.856000000000000000e+03 -8.060000000000000000e+02 1.150000000000000000e+02
-4.712000000000000000e+03 2.824000000000000000e+03 1.336800000000000000e+04 -3.856000000000000000e+03 -1.650000000000000000e+02 4.450000000000000000e+02
-4.476000000000000000e+03 2.696000000000000000e+03 1.311200000000000000e+04 -3.824000000000000000e+03 -7.880000000000000000e+02 5.640000000000000000e+02
-4.712000000000000000e+03 2.888000000000000000e+03 1.338000000000000000e+04 -3.840000000000000000e+03 -3.800000000000000000e+02 7.800000000000000000e+01
-4.652000000000000000e+03 3.136000000000000000e+03 1.368800000000000000e+04 -3.824000000000000000e+03 -2.380000000000000000e+02 1.270000000000000000e+02
-4.440000000000000000e+03 2.744000000000000000e+03 1.294000000000000000e+04 -3.840000000000000000e+03 -2.050000000000000000e+02 2.380000000000000000e+02
-4.744000000000000000e+03 3.068000000000000000e+03 1.377600000000000000e+04 -3.808000000000000000e+03 -6.330000000000000000e+02 9.500000000000000000e+01
-4.684000000000000000e+03 2.776000000000000000e+03 1.358800000000000000e+04 -3.840000000000000000e+03 -1.750000000000000000e+02 4.010000000000000000e+02
-4.696000000000000000e+03 2.724000000000000000e+03 1.355200000000000000e+04 -3.840000000000000000e+03 -7.330000000000000000e+02 1.700000000000000000e+01
-4.816000000000000000e+03 2.796000000000000000e+03 1.332000000000000000e+04 -3.840000000000000000e+03 1.470000000000000000e+02 2.680000000000000000e+02
-4.460000000000000000e+03 2.668000000000000000e+03 1.327200000000000000e+04 -3.824000000000000000e+03 -3.700000000000000000e+02 1.000000000000000000e+00
-4.460000000000000000e+03 2.904000000000000000e+03 1.350000000000000000e+04 -3.840000000000000000e+03 -1.370000000000000000e+02 2.940000000000000000e+02
-4.568000000000000000e+03 2.592000000000000000e+03 1.268400000000000000e+04 -3.840000000000000000e+03 -2.200000000000000000e+02 1.130000000000000000e+02
-4.620000000000000000e+03 2.800000000000000000e+03 1.334800000000000000e+04 -3.856000000000000000e+03 -4.000000000000000000e+00 2.080000000000000000e+02
-4.760000000000000000e+03 2.788000000000000000e+03 1.297600000000000000e+04 -3.808000000000000000e+03 -3.090000000000000000e+02 1.560000000000000000e+02
-4.696000000000000000e+03 2.716000000000000000e+03 1.340000000000000000e+04 -3.840000000000000000e+03 -3.940000000000000000e+02 4.440000000000000000e+02
-4.716000000000000000e+03 2.616000000000000000e+03 1.316400000000000000e+04 -3.808000000000000000e+03 -1.990000000000000000e+02 -5.000000000000000000e+00
-4.700000000000000000e+03 2.844000000000000000e+03 1.341200000000000000e+04 -3.840000000000000000e+03 -2.260000000000000000e+02 2.500000000000000000e+02
-4.548000000000000000e+03 2.792000000000000000e+03 1.352800000000000000e+04 -3.808000000000000000e+03 -1.980000000000000000e+02 2.170000000000000000e+02
-4.944000000000000000e+03 2.636000000000000000e+03 1.347600000000000000e+04 -3.808000000000000000e+03 -2.580000000000000000e+02 -2.930000000000000000e+02
-4.548000000000000000e+03 2.856000000000000000e+03 1.321200000000000000e+04 -3.824000000000000000e+03 -7.300000000000000000e+01 2.290000000000000000e+02
-4.628000000000000000e+03 3.152000000000000000e+03 1.352400000000000000e+04 -3.808000000000000000e+03 -5.220000000000000000e+02 9.900000000000000000e+01
-4.560000000000000000e+03 2.652000000000000000e+03 1.310000000000000000e+04 -3.808000000000000000e+03 -5.800000000000000000e+01 2.200000000000000000e+02
-4.568000000000000000e+03 2.988000000000000000e+03 1.342000000000000000e+04 -3.808000000000000000e+03 -4.630000000000000000e+02 2.000000000000000000e+01
-4.540000000000000000e+03 2.712000000000000000e+03 1.335600000000000000e+04 -3.808000000000000000e+03 -2.360000000000000000e+02 8.400000000000000000e+01
-4.640000000000000000e+03 2.920000000000000000e+03 1.343600000000000000e+04 -3.824000000000000000e+03 -1.560000000000000000e+02 1.700000000000000000e+02
-4.772000000000000000e+03 2.784000000000000000e+03 1.340800000000000000e+04 -3.824000000000000000e+03 -3.430000000000000000e+02 -4.900000000000000000e+01
-4.824000000000000000e+03 2.832000000000000000e+03 1.384000000000000000e+04 -3.840000000000000000e+03 1.460000000000000000e+02 1.540000000000000000e+02
-4.632000000000000000e+03 2.664000000000000000e+03 1.332400000000000000e+04 -3.824000000000000000e+03 -3.190000000000000000e+02 1.260000000000000000e+02
-4.628000000000000000e+03 2.760000000000000000e+03 1.324800000000000000e+04 -3.824000000000000000e+03 3.900000000000000000e+01 1.860000000000000000e+02
-4.584000000000000000e+03 2.852000000000000000e+03 1.348000000000000000e+04 -3.840000000000000000e+03 -8.900000000000000000e+01 -1.240000000000000000e+02
-4.504000000000000000e+03 2.600000000000000000e+03 1.294400000000000000e+04 -3.856000000000000000e+03 -1.000000000000000000e+01 -1.400000000000000000e+01
-4.848000000000000000e+03 2.916000000000000000e+03 1.336000000000000000e+04 -3.808000000000000000e+03 1.220000000000000000e+02 -1.330000000000000000e+02
-4.516000000000000000e+03 2.696000000000000000e+03 1.300400000000000000e+04 -3.840000000000000000e+03 -7.400000000000000000e+01 -2.820000000000000000e+02
-5.108000000000000000e+03 3.024000000000000000e+03 1.390000000000000000e+04 -3.824000000000000000e+03 -7.200000000000000000e+02 5.230000000000000000e+02
-4.744000000000000000e+03 8.480000000000000000e+02 1.320400000000000000e+04 -3.824000000000000000e+03 -9.620000000000000000e+02 6.750000000000000000e+02
-4.784000000000000000e+03 2.844000000000000000e+03 1.455600000000000000e+04 -3.824000000000000000e+03 -1.250000000000000000e+03 4.400000000000000000e+01
-4.212000000000000000e+03 1.600000000000000000e+03 1.236400000000000000e+04 -3.840000000000000000e+03 -8.650000000000000000e+02 6.930000000000000000e+02
-6.280000000000000000e+03 1.856000000000000000e+03 1.327600000000000000e+04 -3.824000000000000000e+03 4.281000000000000000e+03 2.024000000000000000e+03
-3.664000000000000000e+03 3.892000000000000000e+03 1.325200000000000000e+04 -3.840000000000000000e+03 -2.690000000000000000e+03 -1.581000000000000000e+03
-4.144000000000000000e+03 3.196000000000000000e+03 1.519200000000000000e+04 -3.840000000000000000e+03 1.150000000000000000e+02 -3.100000000000000000e+01
-3.940000000000000000e+03 2.612000000000000000e+03 1.160000000000000000e+04 -3.824000000000000000e+03 -1.480000000000000000e+03 1.720000000000000000e+02
-4.260000000000000000e+03 2.972000000000000000e+03 1.386400000000000000e+04 -3.840000000000000000e+03 1.132000000000000000e+03 -2.420000000000000000e+02
-4.496000000000000000e+03 2.820000000000000000e+03 1.381200000000000000e+04 -3.808000000000000000e+03 -5.850000000000000000e+02 -1.072000000000000000e+03
-4.880000000000000000e+03 2.684000000000000000e+03 1.456000000000000000e+04 -3.808000000000000000e+03 -4.290000000000000000e+02 1.060000000000000000e+02
-4.148000000000000000e+03 2.176000000000000000e+03 1.295200000000000000e+04 -3.808000000000000000e+03 2.470000000000000000e+02 -5.660000000000000000e+02
-4.040000000000000000e+03 3.068000000000000000e+03 1.359200000000000000e+04 -3.808000000000000000e+03 -6.250000000000000000e+02 -6.900000000000000000e+02
-3.936000000000000000e+03 3.032000000000000000e+03 1.340800000000000000e+04 -3.792000000000000000e+03 7.750000000000000000e+02 -9.260000000000000000e+02
-3.428000000000000000e+03 3.220000000000000000e+03 1.302000000000000000e+04 -3.856000000000000000e+03 -4.800000000000000000e+01 -5.470000000000000000e+02
-3.964000000000000000e+03 2.744000000000000000e+03 1.426000000000000000e+04 -3.808000000000000000e+03 -2.230000000000000000e+02 -3.400000000000000000e+02
-4.624000000000000000e+03 2.316000000000000000e+03 1.452800000000000000e+04 -3.840000000000000000e+03 -1.190000000000000000e+02 5.530000000000000000e+02
-4.636000000000000000e+03 2.120000000000000000e+03 1.354400000000000000e+04 -3.856000000000000000e+03 -8.300000000000000000e+01 4.790000000000000000e+02
-3.604000000000000000e+03 2.620000000000000000e+03 1.441600000000000000e+04 -3.808000000000000000e+03 -5.910000000000000000e+02 5.300000000000000000e+02
-3.872000000000000000e+03 2.772000000000000000e+03 1.351200000000000000e+04 -3.808000000000000000e+03 -6.400000000000000000e+01 -3.600000000000000000e+01
-3.684000000000000000e+03 3.360000000000000000e+03 1.331200000000000000e+04 -3.808000000000000000e+03 -3.070000000000000000e+02 2.110000000000000000e+02
