-4.720000000000000000e+03 1.988000000000000000e+03 1.372000000000000000e+04 -3.744000000000000000e+03 -8.500000000000000000e+01 1.710000000000000000e+02
-4.480000000000000000e+03 1.924000000000000000e+03 1.320400000000000000e+04 -3.744000000000000000e+03 -1.570000000000000000e+02 -4.700000000000000000e+01
-4.808000000000000000e+03 1.668000000000000000e+03 1.335600000000000000e+04 -3.728000000000000000e+03 -1.410000000000000000e+02 2.110000000000000000e+02
-4.924000000000000000e+03 1.640000000000000000e+03 1.324000000000000000e+04 -3.728000000000000000e+03 -4.340000000000000000e+02 5.800000000000000000e+01
-4.936000000000000000e+03 1.812000000000000000e+03 1.348000000000000000e+04 -3.712000000000000000e+03 -4.180000000000000000e+02 1.960000000000000000e+02
-4.976000000000000000e+03 1.640000000000000000e+03 1.353200000000000000e+04 -3.728000000000000000e+03 -3.910000000000000000e+02 1.030000000000000000e+02
-4.796000000000000000e+03 1.812000000000000000e+03 1.358400000000000000e+04 -3.728000000000000000e+03 -3.260000000000000000e+02 1.160000000000000000e+02
-4.476000000000000000e+03 1.800000000000000000e+03 1.367600000000000000e+04 -3.744000000000000000e+03 -3.140000000000000000e+02 1.200000000000000000e+02
-4.504000000000000000e+03 2.064000000000000000e+03 1.345200000000000000e+04 -3.712000000000000000e+03 -1.140000000000000000e+02 1.170000000000000000e+02
-4.516000000000000000e+03 1.776000000000000000e+03 1.322800000000000000e+04 -3.744000000000000000e+03 -2.340000000000000000e+02 1.680000000000000000e+02
-4.784000000000000000e+03 1.812000000000000000e+03 1.382800000000000000e+04 -3.744000000000000000e+03 -4.210000000000000000e+02 2.620000000000000000e+02
-4.684000000000000000e+03 1.708000000000000000e+03 1.342800000000000000e+04 -3.728000000000000000e+03 -2.230000000000000000e+02 2.550000000000000000e+02
-5.264000000000000000e+03 1.228000000000000000e+03 1.345600000000000000e+04 -3.728000000000000000e+03 -2.190000000000000000e+02 4.700000000000000000e+01
-4.716000000000000000e+03 2.000000000000000000e+03 1.396800000000000000e+04 -3.728000000000000000e+03 -1.840000000000000000e+02 2.010000000000000000e+02
-4.196000000000000000e+03 2.268000000000000000e+03 1.298800000000000000e+04 -3.728000000000000000e+03 -1.610000000000000000e+02 1.030000000000000000e+02
-4.392000000000000000e+03 2.152000000000000000e+03 1.337600000000000000e+04 -3.696000000000000000e+03 -6.360000000000000000e+02 5.130000000000000000e+02
-4.688000000000000000e+03 1.676000000000000000e+03 1.324400000000000000e+04 -3.744000000000000000e+03 -1.860000000000000000e+02 3.300000000000000000e+01
-5.040000000000000000e+03 1.796000000000000000e+03 1.419200000000000000e+04 -3.744000000000000000e+03 -1.520000000000000000e+02 1.300000000000000000e+02
-4.740000000000000000e+03 1.744000000000000000e+03 1.306800000000000000e+04 -3.744000000000000000e+03 -7.050000000000000000e+02 2.370000000000000000e+02
-4.984000000000000000e+03 1.608000000000000000e+03 1.412800000000000000e+04 -3.744000000000000000e+03 -3.020000000000000000e+02 4.750000000000000000e+02
-4.340000000000000000e+03 1.420000000000000000e+03 1.340800000000000000e+04 -3.728000000000000000e+03 -1.830000000000000000e+02 2.830000000000000000e+02
-5.216000000000000000e+03 1.812000000000000000e+03 1.393600000000000000e+04 -3.760000000000000000e+03 1.230000000000000000e+02 4.430000000000000000e+02
-4.652000000000000000e+03 1.488000000000000000e+03 1.311600000000000000e+04 -3.712000000000000000e+03 -7.200000000000000000e+01 1.100000000000000000e+02
-4.600000000000000000e+03 2.364000000000000000e+03 1.333600000000000000e+04 -3.728000000000000000e+03 2.000000000000000000e+01 4.480000000000000000e+02
-4.548000000000000000e+03 1.900000000000000000e+03 1.246800000000000000e+04 -3.712000000000000000e+03 -4.620000000000000000e+02 -1.040000000000000000e+02
-4.876000000000000000e+03 1.648000000000000000e+03 1.349600000000000000e+04 -3.728000000000000000e+03 -3.270000000000000000e+02 -9.600000000000000000e+01
-3.280000000000000000e+03 1.568000000000000000e+03 1.399200000000000000e+04 -3.712000000000000000e+03 -1.203000000000000000e+03 -8.020000000000000000e+02
-4.516000000000000000e+03 3.004000000000000000e+03 1.398000000000000000e+04 -3.712000000000000000e+03 -5.350000000000000000e+02 1.670000000000000000e+02
-3.824000000000000000e+03 2.592000000000000000e+03 1.321600000000000000e+04 -3.712000000000000000e+03 1.360000000000000000e+02 -2.730000000000000000e+02
-4.408000000000000000e+03 2.640000000000000000e+03 1.353600000000000000e+04 -3.696000000000000000e+03 -3.980000000000000000e+02 4.730000000000000000e+02
-3.588000000000000000e+03 1.904000000000000000e+03 1.352800000000000000e+04 -3.696000000000000000e+03 -2.830000000000000000e+02 -1.328000000000000000e+03
-5.036000000000000000e+03 2.832000000000000000e+03 1.403200000000000000e+04 -3.712000000000000000e+03 -1.074000000000000000e+03 5.070000000000000000e+02
-4.576000000000000000e+03 5.800000000000000000e+02 1.425200000000000000e+04 -3.728000000000000000e+03 1.364000000000000000e+03 -5.860000000000000000e+02
-6.420000000000000000e+03 2.580000000000000000e+03 1.404800000000000000e+04 -3.728000000000000000e+03 6.300000000000000000e+02 7.250000000000000000e+02
-4.228000000000000000e+03 2.764000000000000000e+03 1.380800000000000000e+04 -3.728000000000000000e+03 -7.450000000000000000e+02 2.328000000000000000e+03
-3.944000000000000000e+03 2.168000000000000000e+03 1.331200000000000000e+04 -3.744000000000000000e+03 1.830000000000000000e+03 2.800000000000000000e+01
-5.344000000000000000e+03 2.136000000000000000e+03 1.384800000000000000e+04 -3.712000000000000000e+03 5.237000000000000000e+03 -1.137000000000000000e+03
-3.644000000000000000e+03 3.060000000000000000e+03 1.474800000000000000e+04 -3.728000000000000000e+03 -1.422000000000000000e+03 -1.396000000000000000e+03
-4.240000000000000000e+03 1.544000000000000000e+03 1.276800000000000000e+04 -3.744000000000000000e+03 5.528000000000000000e+03 -4.194000000000000000e+03
-2.508000000000000000e+03 2.120000000000000000e+03 1.182000000000000000e+04 -3.712000000000000000e+03 -3.700000000000000000e+03 2.508000000000000000e+03
-7.224000000000000000e+03 4.272000000000000000e+03 1.296400000000000000e+04 -3.728000000000000000e+03 -4.751000000000000000e+03 1.445000000000000000e+03
-3.060000000000000000e+03 2.896000000000000000e+03 1.322400000000000000e+04 -3.728000000000000000e+03 -7.545000000000000000e+03 4.467000000000000000e+03
-4.204000000000000000e+03 3.792000000000000000e+03 1.438800000000000000e+04 -3.744000000000000000e+03 -4.847000000000000000e+03 3.382000000000000000e+03
-5.800000000000000000e+03 1.192000000000000000e+03 1.153600000000000000e+04 -3.696000000000000000e+03 -1.169000000000000000e+03 1.896000000000000000e+03
-5.788000000000000000e+03 -4.160000000000000000e+02 1.306400000000000000e+04 -3.680000000000000000e+03 9.290000000000000000e+02 6.243000000000000000e+03
-5.860000000000000000e+03 -4.000000000000000000e+01 1.462000000000000000e+04 -3.728000000000000000e+03 5.530000000000000000e+02 8.793000000000000000e+03
-7.084000000000000000e+03 3.820000000000000000e+03 9.416000000000000000e+03 -3.744000000000000000e+03 4.579000000000000000e+03 8.357000000000000000e+03
-7.524000000000000000e+03 3.336000000000000000e+03 1.316000000000000000e+04 -3.696000000000000000e+03 5.280000000000000000e+02 -1.335000000000000000e+03
-6.068000000000000000e+03 3.068000000000000000e+03 1.018400000000000000e+04 -3.728000000000000000e+03 -3.170000000000000000e+02 2.320000000000000000e+02
-7.988000000000000000e+03 3.136000000000000000e+03 1.552400000000000000e+04 -3.744000000000000000e+03 -1.301000000000000000e+03 2.480000000000000000e+02
-2.924000000000000000e+03 1.180000000000000000e+03 8.252000000000000000e+03 -3.712000000000000000e+03 6.343000000000000000e+03 -3.122000000000000000e+03
-7.460000000000000000e+03 4.824000000000000000e+03 1.454400000000000000e+04 -3.728000000000000000e+03 4.499000000000000000e+03 -2.140000000000000000e+03
-5.076000000000000000e+03 2.120000000000000000e+03 1.274400000000000000e+04 -3.744000000000000000e+03 2.889000000000000000e+03 -3.935000000000000000e+03
-5.908000000000000000e+03 1.796000000000000000e+03 1.262000000000000000e+04 -3.712000000000000000e+03 3.204000000000000000e+03 -3.891000000000000000e+03
-6.528000000000000000e+03 1.652000000000000000e+03 1.058000000000000000e+04 -3.696000000000000000e+03 -9.730000000000000000e+02 2.310000000000000000e+02
6.868000000000000000e+03 4.892000000000000000e+03 1.172000000000000000e+04 -3.760000000000000000e+03 2.060000000000000000e+03 -8.389000000000000000e+03
-1.170400000000000000e+04 -5.496000000000000000e+03 1.519200000000000000e+04 -3.712000000000000000e+03 -6.474000000000000000e+03 -7.487000000000000000e+03
-9.112000000000000000e+03 2.604000000000000000e+03 1.445600000000000000e+04 -3.728000000000000000e+03 2.487000000000000000e+03 1.189000000000000000e+03
-5.352000000000000000e+03 6.304000000000000000e+03 1.558000000000000000e+04 -3.712000000000000000e+03 -2.875000000000000000e+03 -2.927000000000000000e+03
-4.944000000000000000e+03 9.320000000000000000e+02 8.976000000000000000e+03 -3.712000000000000000e+03 6.970000000000000000e+02 4.434000000000000000e+03
-5.148000000000000000e+03 7.540000000000000000e+03 2.080800000000000000e+04 -3.728000000000000000e+03 -2.275000000000000000e+03 9.480000000000000000e+02
-4.788000000000000000e+03 3.816000000000000000e+03 1.265200000000000000e+04 -3.712000000000000000e+03 -1.444000000000000000e+03 -4.147000000000000000e+03
-3.660000000000000000e+03 3.696000000000000000e+03 1.412800000000000000e+04 -3.712000000000000000e+03 7.845000000000000000e+03 -4.000000000000000000e+00
-3.464000000000000000e+03 5.452000000000000000e+03 1.552400000000000000e+04 -3.728000000000000000e+03 1.286000000000000000e+03 -3.216000000000000000e+03
-4.348000000000000000e+03 3.168000000000000000e+03 1.204800000000000000e+04 -3.728000000000000000e+03 7.200000000000000000e+01 2.396000000000000000e+03
-5.316000000000000000e+03 3.680000000000000000e+03 1.493600000000000000e+04 -3.712000000000000000e+03 -1.833000000000000000e+03 1.560000000000000000e+02
-6.268000000000000000e+03 1.788000000000000000e+03 9.260000000000000000e+03 -3.728000000000000000e+03 3.700000000000000000e+02 -2.216000000000000000e+03
-7.464000000000000000e+03 2.204000000000000000e+03 1.599200000000000000e+04 -3.680000000000000000e+03 -8.230000000000000000e+02 -5.250000000000000000e+03
-2.244000000000000000e+03 2.888000000000000000e+03 1.268400000000000000e+04 -3.728000000000000000e+03 -1.977000000000000000e+03 -2.720000000000000000e+02
-3.724000000000000000e+03 3.872000000000000000e+03 1.383600000000000000e+04 -3.712000000000000000e+03 -2.963000000000000000e+03 1.553000000000000000e+03
-4.816000000000000000e+03 2.068000000000000000e+03 1.449600000000000000e+04 -3.728000000000000000e+03 -2.490000000000000000e+03 -4.600000000000000000e+01
-4.060000000000000000e+03 3.196000000000000000e+03 1.337600000000000000e+04 -3.712000000000000000e+03 -6.970000000000000000e+02 -8.500000000000000000e+01
-3.800000000000000000e+03 3.192000000000000000e+03 1.230400000000000000e+04 -3.680000000000000000e+03 2.480000000000000000e+02 -1.828000000000000000e+03
-3.620000000000000000e+03 3.104000000000000000e+03 1.226800000000000000e+04 -3.728000000000000000e+03 -5.200000000000000000e+01 -6.540000000000000000e+02
-4.532000000000000000e+03 9.560000000000000000e+02 1.448000000000000000e+04 -3.728000000000000000e+03 -8.480000000000000000e+02 -7.750000000000000000e+02
-4.580000000000000000e+03 1.344000000000000000e+03 1.279600000000000000e+04 -3.744000000000000000e+03 -3.820000000000000000e+02 -1.134000000000000000e+03
-4.632000000000000000e+03 2.912000000000000000e+03 1.532800000000000000e+04 -3.696000000000000000e+03 -2.040000000000000000e+02 -1.251000000000000000e+03
-4.832000000000000000e+03 7.960000000000000000e+02 1.164000000000000000e+04 -3.744000000000000000e+03 -1.035000000000000000e+03 -7.710000000000000000e+02
-4.448000000000000000e+03 1.652000000000000000e+03 1.426400000000000000e+04 -3.728000000000000000e+03 1.685000000000000000e+03 -1.010000000000000000e+02
-2.828000000000000000e+03 3.164000000000000000e+03 1.346800000000000000e+04 -3.680000000000000000e+03 -1.769000000000000000e+03 -1.317000000000000000e+03
-2.976000000000000000e+03 2.788000000000000000e+03 1.308000000000000000e+04 -3.712000000000000000e+03 -2.010000000000000000e+02 1.151000000000000000e+03
-4.048000000000000000e+03 1.756000000000000000e+03 1.444800000000000000e+04 -3.712000000000000000e+03 -1.626000000000000000e+03 -1.190000000000000000e+02
-4.032000000000000000e+03 2.128000000000000000e+03 1.395600000000000000e+04 -3.712000000000000000e+03 5.240000000000000000e+02 5.870000000000000000e+02
-4.348000000000000000e+03 2.116000000000000000e+03 1.482400000000000000e+04 -3.680000000000000000e+03 -5.290000000000000000e+02 -2.660000000000000000e+02
-3.548000000000000000e+03 2.616000000000000000e+03 1.375600000000000000e+04 -3.696000000000000000e+03 5.510000000000000000e+02 7.250000000000000000e+02
