-6.488000000000000000e+03 2.260000000000000000e+03 1.249600000000000000e+04 -3.456000000000000000e+03 -9.800000000000000000e+01 8.270000000000000000e+02
-6.692000000000000000e+03 2.884000000000000000e+03 1.273200000000000000e+04 -3.488000000000000000e+03 -5.090000000000000000e+02 5.400000000000000000e+02
-6.872000000000000000e+03 2.528000000000000000e+03 1.202400000000000000e+04 -3.488000000000000000e+03 -3.130000000000000000e+02 1.520000000000000000e+03
-6.828000000000000000e+03 2.540000000000000000e+03 1.307200000000000000e+04 -3.440000000000000000e+03 -7.190000000000000000e+02 5.610000000000000000e+02
-6.764000000000000000e+03 2.448000000000000000e+03 1.240400000000000000e+04 -3.488000000000000000e+03 3.200000000000000000e+02 5.340000000000000000e+02
-6.880000000000000000e+03 2.352000000000000000e+03 1.249200000000000000e+04 -3.488000000000000000e+03 -1.290000000000000000e+02 3.750000000000000000e+02
-6.812000000000000000e+03 2.140000000000000000e+03 1.245200000000000000e+04 -3.488000000000000000e+03 -2.050000000000000000e+02 9.490000000000000000e+02
-6.856000000000000000e+03 2.556000000000000000e+03 1.265200000000000000e+04 -3.456000000000000000e+03 -3.140000000000000000e+02 5.600000000000000000e+02
-6.772000000000000000e+03 2.668000000000000000e+03 1.204800000000000000e+04 -3.456000000000000000e+03 -1.910000000000000000e+02 1.031000000000000000e+03
-7.000000000000000000e+03 2.576000000000000000e+03 1.253600000000000000e+04 -3.488000000000000000e+03 -2.750000000000000000e+02 5.700000000000000000e+02
-7.024000000000000000e+03 2.340000000000000000e+03 1.208800000000000000e+04 -3.456000000000000000e+03 -3.690000000000000000e+02 2.830000000000000000e+02
-6.976000000000000000e+03 2.472000000000000000e+03 1.248400000000000000e+04 -3.488000000000000000e+03 -8.370000000000000000e+02 4.260000000000000000e+02
-7.272000000000000000e+03 2.200000000000000000e+03 1.252800000000000000e+04 -3.536000000000000000e+03 -3.630000000000000000e+02 -1.660000000000000000e+02
-7.144000000000000000e+03 2.380000000000000000e+03 1.266400000000000000e+04 -3.456000000000000000e+03 -4.600000000000000000e+02 -6.110000000000000000e+02
-6.684000000000000000e+03 2.420000000000000000e+03 1.210800000000000000e+04 -3.456000000000000000e+03 -7.730000000000000000e+02 -4.510000000000000000e+02
-6.504000000000000000e+03 2.392000000000000000e+03 1.255600000000000000e+04 -3.488000000000000000e+03 -8.430000000000000000e+02 -1.228000000000000000e+03
-7.212000000000000000e+03 2.524000000000000000e+03 1.338800000000000000e+04 -3.504000000000000000e+03 1.029000000000000000e+03 -3.687000000000000000e+03
-6.256000000000000000e+03 1.828000000000000000e+03 1.159200000000000000e+04 -3.472000000000000000e+03 1.520000000000000000e+02 -2.401000000000000000e+03
-5.920000000000000000e+03 2.184000000000000000e+03 1.370400000000000000e+04 -3.488000000000000000e+03 -2.219000000000000000e+03 -2.173000000000000000e+03
-6.316000000000000000e+03 1.284000000000000000e+03 1.342400000000000000e+04 -3.456000000000000000e+03 -4.480000000000000000e+02 1.264000000000000000e+03
-6.024000000000000000e+03 1.796000000000000000e+03 1.298800000000000000e+04 -3.472000000000000000e+03 -1.211000000000000000e+03 -4.670000000000000000e+02
-5.916000000000000000e+03 2.384000000000000000e+03 1.268400000000000000e+04 -3.456000000000000000e+03 -3.410000000000000000e+02 1.050000000000000000e+02
-6.020000000000000000e+03 2.144000000000000000e+03 1.274400000000000000e+04 -3.440000000000000000e+03 -1.108000000000000000e+03 -3.740000000000000000e+02
-6.260000000000000000e+03 2.296000000000000000e+03 1.347200000000000000e+04 -3.488000000000000000e+03 -5.360000000000000000e+02 1.310000000000000000e+02
-5.936000000000000000e+03 2.284000000000000000e+03 1.274800000000000000e+04 -3.488000000000000000e+03 -1.345000000000000000e+03 -5.460000000000000000e+02
-6.252000000000000000e+03 2.100000000000000000e+03 1.336000000000000000e+04 -3.488000000000000000e+03 -8.160000000000000000e+02 3.300000000000000000e+01
-5.736000000000000000e+03 1.948000000000000000e+03 1.229600000000000000e+04 -3.456000000000000000e+03 -7.580000000000000000e+02 -2.620000000000000000e+02
-6.084000000000000000e+03 2.276000000000000000e+03 1.314400000000000000e+04 -3.472000000000000000e+03 -8.300000000000000000e+01 1.480000000000000000e+02
-5.888000000000000000e+03 1.744000000000000000e+03 1.330800000000000000e+04 -3.504000000000000000e+03 -6.800000000000000000e+01 -1.600000000000000000e+01
-5.780000000000000000e+03 1.656000000000000000e+03 1.266000000000000000e+04 -3.456000000000000000e+03 1.500000000000000000e+01 -1.410000000000000000e+02
-5.932000000000000000e+03 2.292000000000000000e+03 1.368800000000000000e+04 -3.504000000000000000e+03 -3.740000000000000000e+02 -1.850000000000000000e+02
-5.656000000000000000e+03 1.920000000000000000e+03 1.268800000000000000e+04 -3.456000000000000000e+03 -5.550000000000000000e+02 -1.850000000000000000e+02
-5.676000000000000000e+03 2.320000000000000000e+03 1.310400000000000000e+04 -3.504000000000000000e+03 -2.300000000000000000e+02 1.880000000000000000e+02
-5.760000000000000000e+03 2.148000000000000000e+03 1.286800000000000000e+04 -3.504000000000000000e+03 -3.760000000000000000e+02 3.600000000000000000e+01
-5.768000000000000000e+03 2.084000000000000000e+03 1.339200000000000000e+04 -3.520000000000000000e+03 -6.200000000000000000e+02 1.300000000000000000e+01
-5.636000000000000000e+03 1.912000000000000000e+03 1.294000000000000000e+04 -3.472000000000000000e+03 -5.650000000000000000e+02 -5.290000000000000000e+02
-5.684000000000000000e+03 2.240000000000000000e+03 1.318400000000000000e+04 -3.520000000000000000e+03 -3.290000000000000000e+02 6.700000000000000000e+01
-5.664000000000000000e+03 1.844000000000000000e+03 1.303600000000000000e+04 -3.504000000000000000e+03 -4.470000000000000000e+02 3.100000000000000000e+01
-5.864000000000000000e+03 1.976000000000000000e+03 1.342800000000000000e+04 -3.472000000000000000e+03 -2.660000000000000000e+02 -2.800000000000000000e+01
-5.548000000000000000e+03 1.560000000000000000e+03 1.260400000000000000e+04 -3.488000000000000000e+03 -6.380000000000000000e+02 -7.510000000000000000e+02
-5.820000000000000000e+03 2.112000000000000000e+03 1.366400000000000000e+04 -3.472000000000000000e+03 -6.700000000000000000e+02 -3.500000000000000000e+01
-5.328000000000000000e+03 2.216000000000000000e+03 1.288800000000000000e+04 -3.472000000000000000e+03 -4.590000000000000000e+02 -5.940000000000000000e+02
-5.324000000000000000e+03 2.120000000000000000e+03 1.319200000000000000e+04 -3.488000000000000000e+03 -1.310000000000000000e+02 -1.780000000000000000e+02
-5.368000000000000000e+03 2.092000000000000000e+03 1.337600000000000000e+04 -3.504000000000000000e+03 -2.970000000000000000e+02 -8.180000000000000000e+02
-5.808000000000000000e+03 1.656000000000000000e+03 1.309600000000000000e+04 -3.472000000000000000e+03 -1.330000000000000000e+02 -3.350000000000000000e+02
-5.156000000000000000e+03 1.788000000000000000e+03 1.316800000000000000e+04 -3.488000000000000000e+03 -2.610000000000000000e+02 -6.830000000000000000e+02
-5.100000000000000000e+03 2.004000000000000000e+03 1.340000000000000000e+04 -3.504000000000000000e+03 9.500000000000000000e+01 -1.120000000000000000e+02
-5.284000000000000000e+03 2.096000000000000000e+03 1.351600000000000000e+04 -3.504000000000000000e+03 -2.170000000000000000e+02 -4.260000000000000000e+02
-4.996000000000000000e+03 2.116000000000000000e+03 1.313200000000000000e+04 -3.488000000000000000e+03 -5.200000000000000000e+02 -3.640000000000000000e+02
-4.904000000000000000e+03 1.980000000000000000e+03 1.282400000000000000e+04 -3.504000000000000000e+03 -6.100000000000000000e+01 2.780000000000000000e+02
-5.112000000000000000e+03 2.104000000000000000e+03 1.361600000000000000e+04 -3.456000000000000000e+03 -8.730000000000000000e+02 -6.600000000000000000e+01
-5.020000000000000000e+03 1.604000000000000000e+03 1.316800000000000000e+04 -3.472000000000000000e+03 -4.950000000000000000e+02 -1.450000000000000000e+02
-5.276000000000000000e+03 2.236000000000000000e+03 1.408800000000000000e+04 -3.488000000000000000e+03 -6.050000000000000000e+02 -3.320000000000000000e+02
-4.740000000000000000e+03 1.412000000000000000e+03 1.311600000000000000e+04 -3.504000000000000000e+03 -9.100000000000000000e+02 -1.167000000000000000e+03
-5.004000000000000000e+03 1.996000000000000000e+03 1.392800000000000000e+04 -3.488000000000000000e+03 -1.654000000000000000e+03 -1.046000000000000000e+03
-5.168000000000000000e+03 1.492000000000000000e+03 1.354800000000000000e+04 -3.488000000000000000e+03 -2.870000000000000000e+02 -2.470000000000000000e+02
-4.972000000000000000e+03 1.416000000000000000e+03 1.350800000000000000e+04 -3.504000000000000000e+03 -1.056000000000000000e+03 -6.450000000000000000e+02
-4.428000000000000000e+03 1.536000000000000000e+03 1.353600000000000000e+04 -3.472000000000000000e+03 -1.520000000000000000e+02 -2.900000000000000000e+01
-4.668000000000000000e+03 1.492000000000000000e+03 1.361600000000000000e+04 -3.472000000000000000e+03 -1.143000000000000000e+03 -1.990000000000000000e+02
-4.916000000000000000e+03 1.320000000000000000e+03 1.383200000000000000e+04 -3.456000000000000000e+03 -1.110000000000000000e+02 3.260000000000000000e+02
-4.604000000000000000e+03 1.108000000000000000e+03 1.354000000000000000e+04 -3.504000000000000000e+03 -3.770000000000000000e+02 1.830000000000000000e+02
-4.744000000000000000e+03 1.520000000000000000e+03 1.360000000000000000e+04 -3.472000000000000000e+03 -4.180000000000000000e+02 1.110000000000000000e+02
-4.636000000000000000e+03 1.428000000000000000e+03 1.342000000000000000e+04 -3.504000000000000000e+03 -2.960000000000000000e+02 2.500000000000000000e+01
-4.464000000000000000e+03 1.656000000000000000e+03 1.360400000000000000e+04 -3.472000000000000000e+03 -3.780000000000000000e+02 4.700000000000000000e+02
-4.516000000000000000e+03 1.748000000000000000e+03 1.302800000000000000e+04 -3.488000000000000000e+03 -5.120000000000000000e+02 -2.000000000000000000e+01
-4.680000000000000000e+03 1.200000000000000000e+03 1.396000000000000000e+04 -3.488000000000000000e+03 -6.700000000000000000e+02 1.280000000000000000e+02
-4.780000000000000000e+03 1.288000000000000000e+03 1.358400000000000000e+04 -3.504000000000000000e+03 -7.820000000000000000e+02 -2.350000000000000000e+02
-5.152000000000000000e+03 1.432000000000000000e+03 1.328400000000000000e+04 -3.504000000000000000e+03 -6.090000000000000000e+02 4.800000000000000000e+01
-4.736000000000000000e+03 1.368000000000000000e+03 1.441200000000000000e+04 -3.504000000000000000e+03 -8.210000000000000000e+02 -1.960000000000000000e+02
-4.072000000000000000e+03 9.880000000000000000e+02 1.277200000000000000e+04 -3.488000000000000000e+03 -1.730000000000000000e+02 -8.300000000000000000e+01
-4.640000000000000000e+03 1.736000000000000000e+03 1.416400000000000000e+04 -3.456000000000000000e+03 -4.210000000000000000e+02 -1.220000000000000000e+02
-4.164000000000000000e+03 1.056000000000000000e+03 1.286400000000000000e+04 -3.472000000000000000e+03 -3.530000000000000000e+02 -1.550000000000000000e+02
-4.668000000000000000e+03 1.112000000000000000e+03 1.394000000000000000e+04 -3.488000000000000000e+03 -7.880000000000000000e+02 -4.650000000000000000e+02
-4.452000000000000000e+03 8.840000000000000000e+02 1.362000000000000000e+04 -3.472000000000000000e+03 1.800000000000000000e+01 6.840000000000000000e+02
-4.784000000000000000e+03 1.104000000000000000e+03 1.416400000000000000e+04 -3.488000000000000000e+03 -5.560000000000000000e+02 -1.440000000000000000e+02
-4.368000000000000000e+03 9.960000000000000000e+02 1.326000000000000000e+04 -3.504000000000000000e+03 -1.700000000000000000e+02 7.200000000000000000e+01
-4.496000000000000000e+03 1.648000000000000000e+03 1.394400000000000000e+04 -3.488000000000000000e+03 -2.150000000000000000e+02 1.960000000000000000e+02
-4.208000000000000000e+03 1.300000000000000000e+03 1.341200000000000000e+04 -3.440000000000000000e+03 -1.630000000000000000e+02 4.430000000000000000e+02
-4.496000000000000000e+03 1.420000000000000000e+03 1.390800000000000000e+04 -3.440000000000000000e+03 -3.120000000000000000e+02 -2.500000000000000000e+01
-4.560000000000000000e+03 1.028000000000000000e+03 1.325200000000000000e+04 -3.488000000000000000e+03 -2.290000000000000000e+02 2.680000000000000000e+02
-4.720000000000000000e+03 1.064000000000000000e+03 1.410000000000000000e+04 -3.456000000000000000e+03 -3.510000000000000000e+02 1.730000000000000000e+02
-4.476000000000000000e+03 1.148000000000000000e+03 1.344400000000000000e+04 -3.456000000000000000e+03 -3.170000000000000000e+02 -1.400000000000000000e+02
-4.204000000000000000e+03 1.512000000000000000e+03 1.365600000000000000e+04 -3.440000000000000000e+03 -2.220000000000000000e+02 5.800000000000000000e+01
-4.316000000000000000e+03 1.500000000000000000e+03 1.345600000000000000e+04 -3.472000000000000000e+03 -2.550000000000000000e+02 1.430000000000000000e+02
-4.656000000000000000e+03 1.412000000000000000e+03 1.395200000000000000e+04 -3.488000000000000000e+03 -3.630000000000000000e+02 1.740000000000000000e+02
