sep=,
timestamp,gyro-alpha,gyro-beta,gyro-gamma,accel-x,accel-y,accel-z
1478630743815,284.30690487468024,-0.39673914048863906,28.46238082690036,4.795735553763573,0.08738836059570312,-8.746018710216553
1478630743848,284.3093188727489,-0.43133040122111116,28.582032233479804,4.8117467590995595,0.13437456817626953,-8.674491679891059
1478630743882,284.31841230804525,-0.472820900177565,28.709623612009196,4.833743468585936,0.10534487076358637,-8.603114660772427
1478630743915,284.3237759719788,-0.49349739029846157,28.74865275233208,4.818630244136136,0.11387421874447026,-8.65159716761501
1478630743949,284.33183116036986,-0.4969103684870249,28.760874148999235,4.870255171767482,0.07736264456873176,-8.68391892199316
1478630743982,284.34483808682137,-0.484092327784878,28.670411810835052,4.816235960277589,0.04219780426025391,-8.715043726238282
1478630744015,284.35265718861126,-0.4700709616964608,28.590462264665153,4.8798319875412615,0.04384381561832269,-8.677484683128004
1478630744049,284.36447686116196,-0.45012717458424806,28.474134921207142,4.867860887908935,0.05805938911714474,-8.68032787979783
1478630744082,284.37610908342367,-0.4277057454666482,28.328899105536685,4.783465160657419,0.06434417018752138,-8.628403750595021
1478630744116,284.3888165288105,-0.4152491563306862,28.16330849170554,4.8123453369140625,0.09172784882144769,-8.64800606719582
1478630744149,284.41596222464443,-0.390156345438549,27.855021256255807,4.729894898511422,0.08514379425601801,-8.73674095958774
1478630744182,284.4327499179792,-0.3653125994283369,27.594950701718616,4.648492224729201,0.07571662864408572,-8.750956947503449
1478630744215,284.453104039476,-0.3350610488092121,27.304771190129053,4.491821590802289,0.07242460136137087,-8.707113169559388
1478630744249,284.47346996751395,-0.2974771854256501,26.802565315529264,4.432714794399397,0.04923077049531857,-8.715043947717279
1478630744282,284.4859256018219,-0.2719396001804597,26.43877754994066,4.386177336374972,0.03546411437435308,-8.805723888071125
1478630744316,284.49993896543174,-0.23534370677658512,26.06215014067071,4.326771456560807,0.0029927543584839437,-8.822782709613767
1478630744349,284.5145698767938,-0.19789283754054787,25.666665115920456,4.2564415767269175,-0.001496376037597656,-8.902838855024706
1478630744382,284.5281273600355,-0.1654269090121282,25.27721677356134,4.211700098170351,0.02633621754819105,-8.965387492127297
1478630744416,284.54059620909203,-0.13757579994314895,24.904416146513377,4.132990721732237,0.03666121406278689,-8.91555807874375
1478630744449,284.55150806527143,-0.11875242296796124,24.578889593723545,4.067599062916811,0.05386953735351562,-8.891167121931444
1478630744482,284.56009049062465,-0.10448492087676493,24.330477391931773,4.110993910924927,0.05282207526884158,-8.900295287472137
1478630744516,284.58523211467156,-0.0808135113888481,24.0374754361961,4.008342479354754,0.050427871325396695,-8.924087625370744
1478630744548,284.5936794628272,-0.06693980631642785,24.02695585275665,4.0548798734470965,0.048183308410644526,-8.875305627264455
1478630744582,284.60613082712985,-0.060096642125661376,24.09397554903925,4.028693073593429,0.0469862075805664,-8.92603271557351
1478630744615,284.60937902162306,-0.0487205308436767,24.2688316086553,4.113986521436227,0.020649989318847654,-8.863035508152935
1478630744649,284.61192740827084,-0.03734425005482814,24.56000512912319,4.3056725019150415,-0.01331774673461914,-8.889820525061502
1478630744682,284.6132251631717,-0.01809948890753519,24.96401972111706,4.467879536526464,-0.03292027368338167,-8.936207876266351
1478630744715,284.61110600660743,0.008419074828032051,25.52232379141164,4.660612770169042,-0.04294599441963583,-8.767865873430715
1478630744748,284.6129427171193,0.026257490116996577,26.152838243869052,4.684854208108597,-0.009277531433105468,-8.472032285131887
1478630744782,284.6146222011572,0.08439862206856895,27.263762747044655,4.747552126621921,0.015263035583496093,-7.562535002545267
1478630744816,284.6259982764816,0.18273236374189863,28.073065060534176,4.0734347399504856,-0.0016460136413574218,-5.911283898925781
1478630744849,284.6608641139655,0.31687262539032895,29.16596488728689,2.1582231590270995,0.017208324432373044,-2.514659931182861
1478630744882,284.69346732235465,0.29295103516626164,29.33110808004589,2.1152771667480468,0.19422961881333028,-2.7234043884277344
1478630744917,284.71548461552766,0.229305446965699,29.15710190023489,1.796549070739746,0.253935009013745,-3.3803134689331054
1478630744952,284.725886604366,0.14160051708614302,29.544795070587682,3.3054946670532224,0.015861583715246524,-4.809202654974162
1478630744984,284.7324207067839,0.07995756714098896,28.863828971263178,2.4899697265625,-0.06299743346614996,-5.229534976196288
1478630745018,284.72867348047237,0.007981412219403499,28.378690352667135,2.576011348724365,-0.1307832683974404,-5.979967559051513
1478630745052,284.71304216242913,-0.0812208532336634,28.5515139080848,4.075380138397216,-0.2093430156514223,-7.20011243397817
1478630745085,284.7019797734495,-0.14761337583075593,28.73975506462395,4.8452656188743655,-0.3350385925348266,-7.937377053833007
1478630745119,284.69987368176197,-0.21641779333247302,28.69428173006466,5.368398599420115,-0.2790741378618288,-8.834604308639653
1478630745152,284.71955913595656,-0.2460266210884031,28.33359050288129,5.608417535046487,-0.174926358795166,-9.676016371917724
1478630745185,284.75578448452103,-0.21967922025304162,27.880470807701585,4.897937973199412,-0.14080899427109397,-9.392153910650684
1478630745219,284.79259362312615,-0.22388746369785711,27.29368842897566,4.4298715760383285,-0.07018003159675282,-9.630376902770996
1478630745252,284.8064826942136,-0.24049471489059226,26.654368302430502,4.8160861674102025,-0.027234043884277342,-10.118345420892537
1478630745285,284.84796190317724,-0.2440375789162343,25.56996129768582,5.040692393316701,0.301669418312842,-10.900051824542134
1478630745319,284.862718022286,-0.229598267894404,25.185354743456312,4.962880839361623,0.2905962265014648,-10.879252051489054
1478630745352,284.9194855873627,-0.2047760906294548,23.98133495735107,3.9486369921145728,0.3933972534345579,-11.072584273938089
1478630745386,284.9255959143475,-0.2127254221638668,23.586407985402992,3.8938696496880962,0.40387188798103013,-11.319785156957805
1478630745419,284.8988391257857,-0.2872404443776175,22.393041423490175,4.954950119427592,0.318578458404541,-13.167809855651855
1478630745453,284.8706844706454,-0.37214070918438935,21.19837240952995,6.053439622497558,0.09202712402896722,-15.920992127227782
1478630745486,284.8322878350851,-0.37700643649055476,20.555949974057047,6.88856708908081,-0.04414309310913086,-17.495478993988037
1478630745519,284.797888073487,-0.34883015925417177,20.07823743963708,7.122749938964843,0.1292868896484375,-18.152986624908447
1478630745553,284.76339968054936,-0.2411935190215972,19.788615626579805,6.9153522201538085,0.39758712232285176,-17.417667440032957
1478630745586,284.7426106173305,-0.06103648640245232,19.649345688483677,5.863848778533935,0.49140988846378164,-15.162329476165771
1478630745620,284.73851509425185,0.11488147443771549,19.601999378420707,4.2960955308776345,0.30795419538746355,-12.853720525360107
1478630745654,284.7130635865836,0.22703357521495626,19.591841448331493,3.3147720957383395,0.0953191535949707,-11.45580632329732
1478630745687,284.63363412395904,0.3278101214877187,19.721720764985683,3.2092777700340838,-0.05611410245121659,-10.680084693145751
1478630745721,284.5569612526005,0.42144868614297615,19.879837260750456,3.1135095848968253,-0.1569698509105714,-9.947010218457132
1478630745755,284.50331959965195,0.47212720424486565,20.000135526965234,3.0904655400482937,-0.0770633699320344,-9.803507464190572
1478630745789,284.4723659512489,0.5005382819310147,20.06973905595733,3.1368529780181125,-0.05865793839053949,-9.73153206904307
1478630745822,284.3915161676496,0.579349456122276,20.311690101198675,3.373430150576599,-0.026186580657958983,-9.389609998321532
1478630745856,284.34695847521465,0.5891267333000096,20.478594539194216,3.4979284930575405,-0.017208324432373044,-9.586832469674759
1478630745890,284.305611626379,0.6060483033745709,20.719427315877162,3.6770449285202655,-0.023642741394042967,-9.654917469787597
1478630745924,284.27148120500163,0.6269284520644665,21.01438038447323,3.7207391270844266,-0.04309563444938976,-9.53969625916425
1478630745958,284.2431736404573,0.6433601367137576,21.328210831220456,3.919008952066116,-0.04159925384521484,-9.604639125326461
1478630745992,284.2227622458893,0.603681697830685,21.881452663324012,4.038419577203318,0.011821370697021483,-10.047716179656982
1478630746027,284.2167762808272,0.6147072698907602,22.244555723321678,4.027944944940135,-0.02259527816772461,-9.927706894506885
1478630746061,284.232446562109,0.5876184285143503,22.70250954085882,3.8151604002579114,-0.03785830918464344,-9.893290026446431
1478630746095,284.2414580757298,0.6042531782819599,22.90936518376913,3.512593147189356,-0.030825346374511717,-9.144354066223977
1478630746129,284.2521442800559,0.6771062899927641,23.21681700162023,3.0324060401916504,-0.03247136001586914,-7.701398552703857
1478630746163,284.28556586251,0.7831112579688436,23.607968595447254,1.9520226871766149,-0.03755903854370117,-5.1422962532043455
1478630746198,284.2981112142399,0.8102085318552852,23.719396853044685,1.678784422711283,-0.03247136001586914,-4.681412725885212
1478630746232,284.32261366055917,0.8869303922944559,23.137896386971956,1.8858828663147984,-0.04129997863769531,-3.1176994743347164
1478630746266,284.3414644581963,0.8834198616253364,21.606894538333684,1.5225627643860875,-0.042646717071533204,-2.785503993988037
1478630746299,284.3616212846586,0.8323252500454382,20.35212158950995,0.9383774131774901,-0.04848258361816406,-3.4030583847045897
1478630746333,284.3740262060144,0.7262264387559054,20.232702816963517,2.778919975955225,-0.07826046676635742,-5.32739826131612
1478630746366,284.3895526663692,0.5708584443417054,20.107151763372176,3.7795464496336875,-0.24914661026000975,-7.528267699023336
1478630746399,284.40946568830196,0.43086152533760974,19.905685431824786,4.791844985198974,-0.39743746645278294,-10.44964263722524
1478630746432,284.45423688016024,0.43325138080852676,19.519575656806435,4.842422495269775,-0.3332429481395753,-11.46313798135966
