sep=,
timestamp,gyro-alpha,gyro-beta,gyro-gamma,accel-x,accel-y,accel-z
1478631168111,281.33352005645185,0.4177925166158173,19.8059652543614,3.479523163693212,-0.07436989078106998,-9.473406782432365
1478631168144,281.2914894670527,0.43776181299523703,20.10617411201574,3.4162265897335717,-0.07047931051461637,-9.294590192999317
1478631168178,281.26051351356983,0.4455930617721111,20.243231077106703,3.408744622780615,-0.05835866660795291,-9.177723395709588
1478631168212,281.23010936050053,0.44743835781401553,20.329136667280533,3.4035071804973267,-0.05087678756160894,-9.148544092659186
1478631168244,281.1770787318152,0.44732297255731124,20.36634549011668,3.486855442810058,-0.06688800888061523,-9.167697208183514
1478631168278,281.1443256682268,0.4496167391312414,20.35657481965261,3.525461944580078,-0.07092822760706186,-9.228450363004347
1478631168311,281.1115793228189,0.4507493466486916,20.300853331157924,3.5039140748397446,-0.06928220654501638,-9.216479509967192
1478631168345,281.0807847922011,0.44955227795163843,20.197742615060704,3.435978762563015,-0.06015432013635873,-9.206154457083908
1478631168378,281.0321061702192,0.4351869975691509,19.962942645606578,3.37477673374681,-0.056263737872027555,-9.111433583334273
1478631168411,281.0164372508804,0.4247732702429834,19.872174377580674,3.3348236216925273,-0.04938040924072265,-9.092579409657326
1478631168444,280.9686284198258,0.3909573047709671,19.53089033775961,3.264942989457113,-0.05536591224946896,-9.156025616654148
1478631168478,280.9155242539408,0.3445408152001702,19.148085548203536,3.276315274954564,-0.06748655758318782,-9.307309581115144
1478631168511,280.8979640896891,0.3301690681970979,19.018351345597775,3.2616508308853023,-0.061501054003619354,-9.330503300100052
1478631168545,280.84535689815493,0.29684550415688593,18.67980722650475,3.2585085873368196,-0.07915829467220464,-9.402628552047023
1478631168578,280.80746950801523,0.2639530018527108,18.546341085406173,3.2951695810622534,-0.06000468024931033,-9.465625809699949
1478631168611,280.7665311893846,0.2404366580188483,18.546439744802335,3.401412261465378,-0.06359597931461175,-9.447220649298979
1478631168645,280.72277436776056,0.2494857741207866,18.79714716549839,3.3713351396422833,-0.06823474731445311,-8.936806755474954
1478631168678,280.6869405633666,0.295337318535722,19.262407101432473,3.0720600599869154,-0.12285247268676758,-7.7245925274170935
1478631168711,280.637793139076,0.3629220734399867,20.037049084245343,2.474407342706248,-0.1301847152709961,-6.013187107086181
1478631168745,280.57908252062776,0.43137645884973347,21.390181031887284,2.134430633898824,-0.09038111381254275,-3.614197043609619
1478631168778,280.5526382916737,0.32868007744708333,22.337223932645763,2.301725767163187,-0.044741644665814234,-4.497508110864461
1478631168812,280.5348813815414,0.2760475961156246,22.870473127430053,2.3924060089111325,0.15876550672226586,-5.479878395025432
1478631168845,280.5332823581841,0.2729242064095417,23.204654479376313,2.6487350780211387,0.11507131272468249,-5.414636692047119
1478631168879,280.53269715783796,0.21535859240233424,23.457805957016987,2.3967456455506384,0.17357962492790538,-5.540182933862507
1478631168911,280.5323962657532,0.11961023952148703,22.89714389521369,2.4607903938293454,0.07990648269100348,-5.993883563940226
1478631168944,280.5323588599937,0.011515413505465994,21.903837035401857,2.051681185150146,-0.015562311076426702,-6.799532860974222
1478631168978,280.4796744488435,-0.12493617536259082,21.52750353888626,2.2028151649475096,-0.07347206116275629,-7.445218975067138
1478631169011,280.4408126968906,-0.26184178452663237,21.55923052892985,3.6282629760797485,-0.30735563355598133,-8.845228560240287
1478631169045,280.40863546230156,-0.3979565965791701,21.43732873991457,4.149001949044876,-0.13811550827026367,-10.285789461108296
1478631169078,280.3857950369815,-0.4466125878594626,21.175929880312598,3.7737106013533657,-0.03561375426140148,-10.063128925909474
1478631169111,280.3645245997807,-0.5210720460390936,20.88091876725688,3.5040636816191078,-0.010025719451904296,-10.293121630627288
1478631169144,280.2792657269365,-0.6277147163869345,20.518294850946,3.8988077659606932,-0.046537294769287106,-10.793659780529886
1478631169178,280.2315713788706,-0.6789006099001083,20.17215914828047,3.9748238148011263,-0.09352350234985352,-10.689960921124369
1478631169211,280.1879189325114,-0.7356370077311494,19.835858016152855,3.7585973312377927,-0.07721300354003906,-10.8321163524352
1478631169245,280.14425176911664,-0.78153840006364,19.561181617059056,3.6113539291381835,-0.1602618827598635,-10.659883616638183
1478631169278,280.1192251318767,-0.837300089202532,19.250395077125695,3.183091248741629,-0.10414777221679687,-10.761188274383544
1478631169311,280.04538219135657,-0.9399547829158504,18.870297894145892,3.1600467986093657,-0.060902504730224606,-11.127201707049458
1478631169345,279.99819041881926,-1.03974403922312,18.63832594752858,3.400813802381884,-0.026186580657958983,-11.895441603143512
1478631169378,279.9511648285631,-1.1495405251141104,18.37817970066896,3.6381391332764177,0.06673837127685546,-13.009493270874023
1478631169411,279.89854470636425,-1.2594410856630192,18.13056377557061,3.8558618467468766,0.2756324752586428,-14.021043472290039
1478631169445,279.7768108706895,-1.465096802863241,17.892248315740737,5.087080123547464,0.5834370353256352,-16.334889739227293
1478631169478,279.6906763097853,-1.561108119880831,17.871591341964255,5.940163956451416,0.6610989516769535,-17.26788019866943
1478631169511,279.6235238493073,-1.5529573426295333,18.055303252800968,5.929240411376953,0.6425438522781245,-16.589124028015135
1478631169545,279.5806585819582,-1.475291930096026,18.39648053523027,4.970811559295654,0.4466682472229004,-14.598644622802734
1478631169578,279.53512496465726,-1.4241474707901607,18.81573828991905,3.8871359598021953,0.26710312499447025,-12.973430608367918
1478631169612,279.4308152120755,-1.3425864890893273,19.612228546687316,3.391087312471727,-0.027682956695556638,-11.383680559893698
1478631169645,279.35625363055857,-1.2847719062440157,20.140382192994114,3.325546005492331,-0.0383072265625,-10.88015031550303
1478631169679,279.2758444680042,-1.2018344428697185,20.69304808957809,3.4500446779084797,-0.03995324020385742,-10.384250931316986
1478631169712,279.16612450660296,-1.0433842176498327,21.385089656688145,3.4683003251449205,0.0028431144714355467,-9.938031962231547
1478631169745,279.0957468666201,-0.9196131057118817,21.813707691587958,3.5449148148025382,0.029478617073828352,-9.759663792419433
1478631169778,279.0298189462381,-0.7468515594596976,22.13015510260072,3.688417223721693,-0.02184709014892578,-9.658658117620647
1478631169812,278.97438603296297,-0.5707733626680539,22.443451067199476,3.8504747742805163,-0.0330699104309082,-9.591471016195602
1478631169845,278.93326938820786,-0.4319186009376908,22.728671840399677,3.95462270176094,-0.04578911131706554,-9.588328589984028
1478631169879,278.90421040813044,-0.26772280834405054,22.95388603938591,4.07807365179751,-0.054168817127612415,-9.769240525994821
1478631169912,278.8833959032192,-0.10881578290328806,23.11814381438213,4.1111434160979465,-0.056413376617431635,-9.9570358648438
1478631169945,278.86696535192453,0.06559840599165465,23.32967589636172,4.33604880761411,-0.05686228942871093,-10.56636011428833
1478631169979,278.86283378129013,0.24947490829335847,23.463302335190352,4.437203827755711,-0.05461772651395876,-10.814160132244973
1478631170012,278.8673260472141,0.30839252887556884,23.49794032059642,4.315099725750834,-0.052822075041404626,-10.81161643911153
1478631170045,278.876581215077,0.4381626650998593,23.591967560536386,4.135235198167432,-0.03037643356323242,-10.670956653185932
1478631170079,278.8863631646866,0.7176267623237815,23.663073926130217,3.435380143649317,-0.0330699104309082,-8.675240242369194
1478631170113,278.89729682187453,0.9485847333116473,23.87664474901663,2.5445875980652866,-0.04129996950454078,-6.163423261260986
1478631170146,278.9381866648662,1.2125643527721062,24.100466739674452,1.1616367179870606,-0.03591302490234375,-2.648136673736572
1478631170179,278.9568561457719,1.270774141428199,24.141965645554393,0.8716390419006347,-0.03277063522338867,-2.0415058280944822
1478631170212,279.00726158376983,1.390832464053986,23.954244397127212,0.8629600608825683,-0.04115034103393554,-1.654094071960449
1478631170246,279.0297327026582,1.4056562687697391,23.45140817952319,1.6102501079283653,-0.04339490509033203,-1.949777976989746
