1478631453681,296.1168912884064,-0.014154701573015089,-0.6080349401380329,-0.09097966080264887,-0.020799626637196342,-9.832836708522121
1478631453715,296.1160848554627,0.020005886834226036,-0.6869910922220125,-0.12823942984705208,-0.025887304594206215,-9.822212315357593
1478631453748,296.1155112565697,0.057888297544881805,-0.7139829640167985,-0.1704372261157958,-0.024091654205322263,-9.885060204834817
1478631453781,296.1158316121541,0.10262698317243511,-0.7036164201236913,-0.21862053909301757,-0.029179332733154296,-9.895235443159471
1478631453815,296.11085155286435,0.1529514234237484,-0.6301459598574537,-0.12360065956392208,-0.022595277882313528,-9.845855307913384
1478631453849,296.10841723454485,0.20355178532744497,-0.5046213686758629,-0.082151043322467,-0.02005144004545291,-9.767743967294134
1478631453882,296.1041594639235,0.27444490132371063,-0.26579634582447637,-0.05835866774959722,-0.023942016601562498,-9.709385548422997
1478631453916,296.09803344154653,0.3213890785311619,0.02860144204582231,0.07167641220092773,-0.024091656488610894,-9.693972902635204
1478631453949,296.0975955721262,0.3427219960378913,0.23684496577207448,0.04189853076520084,-0.022296002960205077,-9.78196007622414
1478631453982,296.08937729355245,0.35597803195486144,0.4599504812767362,0.10489596023559569,-0.02902969512939453,-9.879523736793292
1478631454016,296.0842162832401,0.3594742803828718,0.7468295592387056,0.2608183433532715,-0.046537294769287106,-10.021380198857281
1478631454049,296.0844312978675,0.34613575227358995,1.0541349681299241,0.18255787287657002,-0.03142389907283941,-10.60092669301778
1478631454083,296.0552654452591,0.38035706633848443,1.446208187256768,0.5737105728149414,-0.02558803024291992,-10.687416789599508
1478631454117,296.0385594137937,0.477616397954118,1.8829108959068706,1.0577882575104012,-0.03621229554328602,-9.471461913708596
1478631454151,296.0473388639307,0.5717729116029129,2.441807295060077,0.8171709541320801,-0.04174888688239734,-8.08342350123301
1478631454184,296.06066150323426,0.6985449925278585,3.230221325098217,0.6661866302047855,-0.07047930680427235,-6.10371785736084
1478631454219,296.07749007552854,0.7272473038660667,3.71564684744993,0.6004957175876712,-0.05237316588249523,-5.742043769073486
1478631454253,296.09426588882354,0.7136123826177814,4.152361629732102,0.4513070129394531,0.0143652099609375,-5.962160391943156
1478631454287,296.1066050869991,0.7136336612997446,4.782403068709817,0.8545803870380623,-0.0028431144714355467,-5.7480295654848215
1478631454321,296.13751773811464,0.6688876915352631,5.059268242060524,0.5482721801757812,-0.017657237243652344,-5.671115252630412
1478631454355,296.1511852339959,0.5635258893398013,5.246485898331473,0.6995557793105952,-0.027234043884277342,-6.576871668188273
1478631454389,296.16242989695075,0.46722211816905035,5.357968078426758,1.005115757054882,-0.032321726978686634,-7.4444710793092845
1478631454423,296.1864762056251,0.35302746535136453,5.384151203666673,1.068861421922315,-0.04264671821317752,-8.034641350146382
1478631454457,296.22872785046434,0.1971908012437579,5.281114153074353,1.0729016372238285,-0.02379238013944705,-8.924985092516987
1478631454492,296.2590847803851,0.08278818158736923,5.141656944366543,1.0130466048530768,-0.052223524853802515,-9.065345384039357
1478631454525,296.29103673401266,-0.06858773358325582,4.932798877533742,0.9494505867225583,-0.03681085052490234,-10.292523189810105
1478631454559,296.32021100765604,-0.18406704508488367,4.566369810382354,1.153705924987793,-0.02394201888485113,-10.17236423052363
1478631454594,296.3617993549852,-0.281598798771255,4.2640554589486905,1.1195885147979483,0.011522093206213321,-9.797222724790213
1478631454628,296.41722219515043,-0.4568613952218102,3.855777647358006,0.6856394753110711,0.15592238311767578,-10.272621351977437
1478631454662,296.44620982555386,-0.5641392544592049,3.559811888774904,0.7770680945907719,0.060603229522705075,-10.526855713830516
1478631454695,296.48908541734545,-0.6999262761568249,3.1279415916598725,0.698358678480517,0.02079962692260742,-11.201871017456053
1478631454728,296.5145070773126,-0.749523324733714,2.8223412571616864,0.6832452987670898,-0.012719196319580078,-10.90962899650894
1478631454762,296.55472987097994,-0.7685826435007936,2.442477647466638,0.16310500636445358,-0.009427169036865234,-10.45802248916626
1478631454795,296.5715900689851,-0.8515237744054797,1.9154702845914453,0.13138181610107422,0.014514847564697266,-10.644770437854156
1478631454828,296.5750571790113,-0.8903009649858004,1.7519323999686596,0.20904372331923804,0.01975216369628906,-10.950030784197896
1478631454861,296.5933616166406,-0.9432037877423417,1.4077389026410867,-0.07900865478515624,0.06150105514526367,-11.022904589489848
1478631454895,296.5974866557482,-0.9413850976077484,0.9852203526445211,-0.2533364631652832,0.03725976333618164,-10.367491994619927
1478631454928,296.6037710640153,-1.0270984919594444,0.4309215597453424,-0.33204585644265167,0.025737667846679687,-10.293421161563135
1478631454961,296.55920718162275,-1.1561136861911208,0.03220992744308232,0.3072059982355102,0.15502455749511718,-11.302128211975097
1478631454995,296.5652465525071,-1.2650972834292142,-0.21164847680761414,0.16789338685187977,0.2560299354663817,-12.266243292999267
1478631455028,296.5729953641027,-1.367012719790523,-0.4398930203522593,-0.25962123339003884,0.34117374570542014,-13.473220497186482
1478631455061,296.55839275163646,-1.452618116938188,-0.6333762173116828,-0.16924012985229492,0.38576573335952125,-14.448558398492633
1478631455095,296.53898883335046,-1.5477734418180755,-0.7946786030992502,-0.24510639495849607,0.5367500846862793,-16.04968046646118
1478631455128,296.4831992861607,-1.579502003374458,-0.8845982656085136,0.14679448928833008,0.6009446166992187,-17.188871543884275
1478631455161,296.4448622700363,-1.5079612159440023,-0.9021815809526862,0.4837783546890132,0.46731823654174803,-16.720805119323728
1478631455195,296.43289954501967,-1.365407371690127,-0.8395384793619586,0.047584757995605464,0.23148938186410087,-14.903755696868895
1478631455228,296.39050175466315,-1.1879119164726377,-0.6143882442528685,-0.24600422058105467,0.014065934753417967,-12.27028350830078
1478631455262,296.3359892628568,-1.0572912393331002,-0.304169308410257,-0.22161329116821288,0.048931496429443354,-11.480047176714987
1478631455295,296.3013213378794,-0.9593113775608102,-0.08590220518591593,-0.1846527984729735,0.08708908538818359,-10.587459235614165
1478631455328,296.2720390343364,-0.8938102296571215,0.11522579193415868,-0.2926911415376584,0.21443068162116685,-10.168473908554203
1478631455362,296.229039187202,-0.8230816519946023,0.27679930589824187,-0.2763806632774416,0.2576759536743164,-10.051905959497018
1478631455395,296.1477374536587,-0.7728311392338537,0.44299650276716857,0.005087678527832031,0.2570774032592773,-9.88745407770141
1478631455428,296.1006491361994,-0.7678801193864987,0.5203362057835615,0.05566519316521007,0.26755203552246093,-10.09111135874195
1478631455461,296.07488934722903,-0.749943219394172,0.541314845805247,0.1331774673461914,0.263661457824707,-10.111312051657029
1478631455495,296.01857725038565,-0.7375282783502497,0.5240999600081129,0.1063923396981263,0.1632546279851929,-9.984868258213718
1478631455528,295.9833416831708,-0.735338077908812,0.3987740261492272,0.03591302490234375,0.13183072834153134,-10.096049125671387
1478631455561,295.9484415240288,-0.728044738927175,0.2817630548781865,0.15382745666503905,0.1120785686409974,-10.264092300824075
1478631455595,295.91926408746485,-0.7188390233974427,0.05178043348821881,0.06105214176316221,0.09112929840640863,-10.532093249157816
1478631455628,295.90504692115155,-0.7009340788640198,-0.16431343669759896,-0.030226796815705892,0.11133037377233267,-10.656442170947416
1478631455662,295.9007044974447,-0.696775275823684,-0.27636042670574085,-0.1250970321765868,0.16983868026733398,-10.680533459826558
1478631455695,295.89394003337685,-0.708180199554834,-0.5932330810109694,-0.3589806114196777,0.20649989318847656,-11.070937968035787
1478631455728,295.8870760630696,-0.7117797874236926,-0.8012094639986262,-0.3687070556640625,0.16729484100341796,-11.7001640918456
1478631455761,295.8870274704404,-0.6964205167183279,-0.8487670637255168,-0.35030163040161133,0.09576806640624999,-11.636867531585693
1478631455794,295.8873266171995,-0.6523769151388021,-0.8932510940200145,-0.3576338638526853,0.0769137328990968,-11.287463872937112
1478631455828,295.89371047515573,-0.48841740939961825,-0.8525689135028315,-0.28865093765258787,0.0915782169259095,-10.008810329614207
1478631455861,295.90988368253164,-0.20049989161526327,-0.7253643265800092,-0.1565209380992921,-0.022146365356445312,-5.547215608978271
1478631455894,295.92192999754826,-0.056308327883796847,-0.7019187871005049,-0.22655133209228515,-0.028880057525634766,-3.3638533325195312
1478631455928,295.9330769122042,0.034185315743076074,-0.815048798320988,0.1955763298477046,-0.032920273397970594,-2.4806921951293943
1478631455962,295.9785246156557,0.0165443986853366,-1.7736914511044442,0.5696703757797368,0.03202244720458984,-2.23438869934082
1478631455995,295.97670476784066,-0.0716002011503893,-3.0917300113616255,-1.1309610092163085,0.005237315560769638,-2.13862063293457
1478631456029,295.9346848513791,-0.1504435564730145,-3.225331859082362,0.048931496429443354,-0.04713584290103754,-4.481047682189941
1478631456062,295.8550073726244,-0.31419877146393405,-3.2417842634900627,0.05566518859863281,-0.06389525680541992,-7.570764924621582
1478631456095,295.77261801555846,-0.4950510265459216,-3.1030548440949195,-0.2970306617294438,-0.1261444999694824,-10.855011271136625
