sep=,
timestamp,gyro-alpha,gyro-beta,gyro-gamma,accel-x,accel-y,accel-z
1478631241852,278.2572344695471,0.7717647596127493,24.99706887016401,4.131643972167367,-0.11222820281982421,-8.878148785118373
1478631241886,278.24354659590773,0.7829400815810812,24.69830816143215,4.090044573904146,-0.1288379768371582,-8.91899981897875
1478631241920,278.23151944185025,0.8055753391585657,24.56858651502961,4.121618034661398,-0.15008651314611196,-8.981398432601802
1478631241954,278.2229080281396,0.8310565796374274,24.484722744812196,4.081964329959964,-0.12345102652673957,-8.998906064207734
1478631241988,278.2121276410947,0.8554447347908443,24.44420524928802,4.04620088443752,-0.12195464478092034,-9.015665398197015
1478631242022,278.19688876880826,0.902542483899616,24.480336365928462,4.05428109356155,-0.12853869477977278,-9.07148028833149
1478631242056,278.1800741722427,0.939152575197693,24.56068932907249,4.049941601910873,-0.1366191390825319,-9.074622897206153
1478631242091,278.16042359107723,0.9799141463769351,24.717839533470023,4.135235104552598,-0.1455973930248292,-8.991723874785798
1478631242125,278.1400777954364,1.0261563534346716,24.951401631311477,4.1956887261542954,-0.1637035316633177,-8.841936633422272
1478631242159,278.11480996434176,1.0595909656494662,25.26236594203021,4.297741672383156,-0.14125789338264147,-8.690203893147315
1478631242193,278.0913270956823,1.0815474705896,25.671353795206795,4.48239440235747,-0.11073181764907203,-8.59742877974566
1478631242227,278.06859581921725,1.1113490233996979,26.25182506750132,4.542847866412252,-0.04548983154296875,-8.488043508734181
1478631242261,278.0504666797662,1.1193312283693748,26.902456201582822,4.601206586677487,-0.0383072265625,-8.631246403271332
1478631242295,278.0315219949179,1.1192447207046652,27.430265286401262,4.540902700860961,-0.054468087768554684,-8.328080873782373
1478631242328,278.0041791822203,1.2742624550014288,28.18265333718344,3.394379403686523,-0.21622633243816744,-5.645976427459717
1478631242361,277.9992012238737,1.3255800949759675,28.417232674092983,3.0330047367371615,-0.3022679550281493,-4.928614047296345
1478631242395,277.9999933685654,1.3236999024744431,28.97768214079091,2.263268756866455,-0.4125508735656738,-4.209455431365966
1478631242428,277.98360715096,1.3029845713367179,29.45464377550969,2.7955298595704137,-0.3085527389526367,-4.91290151437968
1478631242462,277.9765564211948,1.2970500092270336,29.997423432956083,3.0551509559631347,-0.19767128141651627,-4.798578969629109
1478631242494,277.9823695386642,1.2498458952021219,30.310780601964183,3.4093433101929724,-0.0731727973716799,-5.564872846221924
1478631242528,277.97978539847463,1.1855176069268691,30.600597251149857,3.8516717746458946,-0.10758943710327148,-6.178536805371195
1478631242561,277.9742837822308,1.0961197655058006,30.86496073900532,4.601356279080175,-0.18779519914025514,-7.162254120226949
1478631242595,277.97735604153985,1.0338307290555777,31.09247677856532,4.948215998000139,-0.34311902542114253,-7.557447250952198
1478631242628,277.9939956378561,0.96331576472785,31.278412130199428,4.930109948409907,-0.3721487205505371,-7.958924978372268
1478631242661,278.00717957328743,0.8901946264716705,31.44145605476114,5.06702859331211,-0.3323451179504394,-8.415169822173239
1478631242695,278.0173822676998,0.8265566995312027,31.587762259171246,5.055506443023681,-0.22774843292236327,-8.566453540039062
1478631242728,278.0239764826083,0.7088683387310318,31.77795421112075,5.227290439539356,-0.09038111495418706,-8.790011900860444
1478631242761,278.0115492637419,0.5606397100138509,31.942779244335018,5.596745473159663,-0.0568622939952882,-9.050680606609955
1478631242795,278.00150418139583,0.4723361552742456,32.06824127504117,5.629217088903859,-0.08035539114976381,-8.79689548636172
1478631242828,278.0004781186618,0.353680262338423,32.16173620984656,5.722141821642965,-0.1466448516845703,-8.990825638171286
1478631242862,278.0012351927718,0.24965104598375548,32.22887056115571,5.849184366430714,-0.2018611274719238,-9.385569709954783
1478631242895,278.00198683012195,0.14395124896103928,32.263521145456245,5.8418520873138675,-0.17417817077636719,-9.35668943323344
1478631242928,278.0154649163399,0.034439537410615936,32.24857247439875,5.674856558050587,-0.07227496033267816,-9.480889009680226
1478631242961,278.0189307982927,-0.06701672458546891,32.19597088022065,5.580435193545557,-0.05880758056087652,-9.612869010870158
1478631242994,278.02204537870927,-0.21802329242719756,32.02455708359327,5.725284467050247,0.020500350573443574,-9.831340058489888
1478631243028,278.02817447520835,-0.3138039518591275,31.83070775726374,5.764489263506978,-0.04593873978767078,-10.151265255328267
1478631243061,278.02384040472106,-0.392295532673592,31.592762860899104,5.905448178509623,-0.07242459565314929,-10.29820952835083
1478631243094,278.03063607981295,-0.5309925220031338,31.137430333319738,6.33475846369639,-0.07077857744521461,-11.195885513305663
1478631243128,278.03137038709264,-0.6060960318872625,30.78349606225507,6.721571523284911,-0.034715924072265626,-12.141744806671142
1478631243161,278.0204413039772,-0.6675730529522363,30.422294238880617,7.159411151885986,0.1054945072257018,-12.900258112390338
1478631243194,277.9985754860984,-0.7205642109927405,30.068143110288073,7.827543344934284,0.18300678939819334,-13.767258096313476
1478631243228,277.97621138676027,-0.7276736836206377,29.746836887813696,8.255805874633788,0.11881225281867663,-14.355034603881835
1478631243261,277.953206955923,-0.6656394968560374,29.487490389868004,8.033893308258056,0.10369885598058462,-13.839233783721923
1478631243294,277.9410390036893,-0.5358593767217543,29.202928449237824,6.584802753448486,0.03755903854370117,-11.979387714330851
1478631243328,277.9283933498249,-0.46770844831248376,29.06789275933955,5.860107838439941,0.05027823029670398,-10.804284050396829
1478631243361,277.92826020308604,-0.4285557364990664,28.96510433979341,5.346102669525147,0.009576806640625,-10.048613859149068
1478631243394,277.93573455599966,-0.3888073043917073,28.871779638818328,4.952705354441795,-0.048781854259106326,-9.53131680908203
1478631243428,277.9470372555742,-0.35815816297736497,28.84645909126927,4.380640886599757,-0.05820903242912609,-8.879645209105034
1478631243461,277.9439478145322,-0.3415216252833623,28.845180295466637,4.348917787667922,-0.058957215881347655,-8.673593817735881
1478631243494,277.93340627566135,-0.3337329470261061,28.865377904790037,4.635623244675388,-0.06150105514526367,-8.805574412580858
1478631243528,277.91837889225576,-0.2970724591421382,28.89396700443776,4.824765340224514,-0.08439560852050781,-8.91914955476392
1478631243561,277.9095549475306,-0.262558536066666,28.916458358927866,4.806210167760448,-0.08379705353889148,-8.946383671713434
1478631243595,277.8973441488699,-0.18203689876644732,28.914313105323163,4.8596308653679205,-0.07362170333309331,-8.937554578167573
1478631243629,277.8900025883428,-0.06866003550256881,28.92375571794671,4.877138291477877,-0.060752868268109154,-8.889670818959083
1478631243662,277.88498552955855,0.062045470913533456,29.07403169446837,5.181950254733302,-0.057610476305865445,-9.094823736251703
1478631243695,277.9013478554653,0.1295135821655137,29.196689017751595,5.146785308251902,-0.0570119270324707,-9.251644273785502
1478631243729,277.92179272728055,0.18848037697509182,29.266587252777505,5.086331716332957,-0.05386953735351562,-9.268253974737599
1478631243762,277.9476192415118,0.22949790335714396,29.331049838322564,5.076455835414212,-0.04534019393920898,-9.32032800697647
1478631243796,277.9804050557567,0.2562515741498065,29.382263927066617,5.0388966690063475,-0.024390929412841794,-9.416844115271045
1478631243829,278.0224037259177,0.28118407408397694,29.39454026594897,4.8527476086602075,-0.04384381590373377,-9.35983211517334
1478631243862,278.0651792692234,0.3007693262351669,29.365394685099226,4.740369708871119,-0.05102642209719961,-9.44557475438863
1478631243896,278.09920533688495,0.3345160662147259,29.357707320469817,4.678868457363033,-0.05252279977591097,-9.201515238134563
1478631243929,278.15616756297135,0.45048165911538435,29.633144563621507,4.239233424112014,-0.06703764648437499,-7.829937108203024
1478631243964,278.21668502531503,0.5896569477811742,29.980887210842518,3.175759010723978,-0.1315314559881226,-5.547514884185791
1478631243998,278.2641762407648,0.6786416811222624,30.207880263429473,2.521842243902385,-0.17372925796508787,-4.290409374999999
1478631244031,278.3136040859291,0.7379123849101574,30.408127302344027,2.207753205871582,-0.16385317155036608,-3.360710942840576
1478631244064,278.3618378220488,0.765430602857553,30.56514576026553,2.2049100914001465,-0.16071079100456553,-3.0247745223999023
1478631244098,278.41082670445763,0.7584561307067348,30.63712541658461,2.540247961425781,-0.11596914177217403,-3.2357635437011716
1478631244132,278.4714678680652,0.7159697960359388,30.453982832202325,3.4036569351196286,-0.14769231262760002,-4.168754295404256
1478631244165,278.5345797931507,0.6279286828480074,30.047235823434068,3.9145196412902323,-0.1958756233215332,-5.631910200445354
