sep=,
timestamp,gyro-alpha,gyro-beta,gyro-gamma,accel-x,accel-y,accel-z
1478630739449,284.1455964332193,0.11008209725630153,27.0190450061489,4.396801665607421,-0.019003976123445045,-7.665784949139505
1478630739482,284.1411973527583,0.004786518213063043,27.45940125224628,4.495412928683497,-0.04414309246695593,-8.403049368064943
1478630739515,284.1317957910642,-0.06627891535295025,27.635019896913725,4.585195442990295,-0.07781154938850086,-8.650848970463057
1478630739549,284.12003053603473,-0.11209316217906984,27.753702943670696,4.5956700912364985,-0.08978256682243663,-8.591891667816741
1478630739582,284.1119246569918,-0.1508168441089782,27.79318074598521,4.4472296294060065,-0.06374561691837152,-8.316858090033008
1478630739615,284.1109942265546,-0.22970873898846234,27.770381148287562,4.116231131158396,-0.025887305450439452,-7.948001469830423
1478630739648,284.1079860355456,-0.3038744818867182,27.75047200408409,4.008043326303176,0.09516951599121093,-7.782801628344878
1478630739682,284.10426656912057,-0.34003646039851904,27.740166669338787,4.070142785733006,0.19961656341552733,-7.590367596844583
1478630739716,284.13853955288226,-0.4261154941432804,27.683191234370064,2.784007471819967,0.169988322437671,-5.912182016809284
1478630739749,284.1617554653598,-0.47575973784548947,27.625227476131705,2.1483469310484824,0.015263035583496093,-4.955099903161823
1478630739782,284.181207860469,-0.5644113517793107,27.502634966429575,1.8408418014526367,-0.014664485168457031,-4.800523966217041
1478630739815,284.18179534493777,-0.6683935717165186,27.52208397973122,2.1862053909301755,0.03396773605346679,-4.844068508911133
1478630739850,284.17563731791967,-0.7770264891050458,27.503165153668025,2.8760348903931674,0.17627310179558117,-5.0118122627258295
1478630739883,284.18049264213795,-0.8885465319664824,27.391447019679376,3.653102820587158,0.2555810272216797,-5.686528510339558
1478630739918,284.19021012853057,-1.0032913954403175,27.290879278820135,4.162020310974121,0.26545711820297874,-6.482749761553853
1478630739950,284.1984637425568,-1.1648850474835237,27.147066615131386,4.6558243851150385,-0.04234744186401367,-7.750180557660013
1478630739983,284.20376400236637,-1.2674643914527073,27.085509188825085,4.688894185948092,-0.07766191635131836,-8.49103600508105
1478630740016,284.19867461905034,-1.3384744595179594,27.05328223718147,4.7180737378769555,-0.12779051361083985,-8.630198866979777
1478630740049,284.2022247159187,-1.4232457761098527,27.027153790712898,4.705055266349856,-0.050727147674560547,-8.95536172700962
1478630740082,284.201344738717,-1.5490753704560623,26.975953232693435,4.745158162423782,0.34760816266709005,-9.355642262268066
1478630740116,284.1957038667621,-1.677405264885298,26.911195310147466,5.033659243276901,0.5446808776855468,-9.58653337713033
1478630740149,284.2019955142874,-1.7707139433611538,26.768262341124093,5.329044055761769,0.55545478515625,-10.204087475585936
1478630740182,284.21356407218104,-1.8212297202387975,26.56406719739396,5.089474252142384,0.3696048904197756,-10.47837334940806
1478630740215,284.2143482872565,-1.8513150951137982,26.297453666241683,4.610184989033546,0.1610100616455078,-10.033650244903564
1478630740249,284.21362503449774,-1.9271142125893872,25.979937065672807,4.259434361338976,0.08200140686035155,-10.223839493151754
1478630740282,284.1842506020905,-2.0087598916836553,25.61240753695274,4.574421583468653,0.19183540802001953,-10.937311734008789
1478630740315,284.14632052948645,-2.2049093281965884,24.672813667972918,5.281160022558644,0.4493617377903079,-12.309338922882079
1478630740349,284.127081028383,-2.305222150402761,24.122503049746832,5.84364784815684,0.5548562164749018,-13.855693920135497
1478630740382,284.10534364063574,-2.4156695126254304,23.575668473140073,6.480654981231689,0.7254431030273437,-15.186421130371093
1478630740415,284.06805084463053,-2.525858979278742,23.09961977010829,7.518691038513183,0.955735375213623,-16.773627193450928
1478630740449,284.03080060823953,-2.5591048156789173,22.729643522384315,8.265681956481933,1.1917138398101552,-17.278205193328855
1478630740482,284.02923424386523,-2.4731905323474113,22.47233107146244,7.247547700500488,1.2798504249572753,-15.822680221557617
1478630740515,284.04081907290185,-2.3443893612599576,22.306561557425358,5.5373395271301264,1.2095207146575673,-13.55656864248067
1478630740549,284.0447723922747,-2.269746612641435,22.191812831867026,4.192396634939499,1.052700505917333,-12.240804900360107
1478630740582,284.01840354125636,-2.230774469427647,22.15008890521239,3.753509762307815,0.7873930709838867,-11.584494370269775
1478630740615,283.95720054653407,-2.1645379710646138,22.21657672318027,3.5402760125533677,0.48991351470947264,-10.574141269683837
1478630740649,283.91643164532263,-2.128474963345484,22.338370548991357,3.3771711888520044,0.28850128634909633,-10.062081535748392
1478630740682,283.8299471208131,-2.067579479064174,22.63290349644868,3.519476330831833,0.05237314304960891,-9.382726814679057
1478630740716,283.78276267112705,-2.039856315448394,22.88416791990599,3.670011878945166,0.04653727650297805,-9.399635681240818
1478630740749,283.737016967417,-1.996664222760607,23.164273738844027,3.7855321136142823,0.0632966881240718,-9.377339532150142
1478630740782,283.6807045535715,-1.8481721741881976,23.602104013803874,3.9760208288662366,0.17866730802231467,-9.162908845962397
1478630740815,283.66833767871736,-1.796633521671504,23.76988673409694,4.043656957266991,0.22221184158325194,-9.247154871678072
1478630740849,283.64099412502014,-1.7305404537277906,24.311363141484815,4.273051467762794,0.30047230149974347,-9.635614438098296
1478630740882,283.6318267235998,-1.69773966653419,24.64027284160348,4.278588113900833,0.3232172218378051,-9.919476899365335
1478630740916,283.63008766416067,-1.6583280075587419,25.05639387184171,4.233696723175049,0.4052186309814453,-10.072855370153858
1478630740950,283.6290390842734,-1.6160675203081494,25.484162509410965,4.252102194103272,0.4177881988304201,-10.103381222125142
1478630740982,283.61887393677654,-1.5228883071840353,26.01862731846611,4.103063131625391,0.3377320808189455,-9.519046744769438
1478630741016,283.6156709572004,-1.4780884387308986,26.236443029241734,4.012681982421875,0.31528642198867163,-8.975113982037454
1478630741049,283.6077546100629,-1.3302602447639829,26.780213680380193,3.7657798631530253,0.24929624329719224,-7.670573352459818
1478630741082,283.61132101455325,-1.1907947381059545,27.15934801926945,3.297114961242676,0.15547347030639647,-6.170156953430175
1478630741115,283.6296434019547,-1.0556635504152485,27.466645166279665,2.570923524066061,0.020201076507568357,-4.677372218322754
1478630741149,283.6574371118574,-0.9009320330279081,27.432477057275914,1.8580501258850097,-0.00239420166015625,-3.310283070373535
