sep=,
timestamp,gyro-alpha,gyro-beta,gyro-gamma,accel-x,accel-y,accel-z
1478631177750,280.61108776013225,0.4510650291717464,21.436148004276316,3.6022260843995433,-0.12689268798828124,-9.178770413694624
1478631177784,280.59342358128913,0.44076395021125875,21.306520776752876,3.591452182637062,-0.13347674255371092,-9.156325101924221
1478631177818,280.5753234713496,0.42754956351413925,21.156351762118803,3.5711013132621066,-0.11566986770629882,-9.21318752835025
1478631177852,280.5562428535752,0.41677063532594216,20.995788724746912,3.564217956089694,-0.10624269866943359,-9.231143798772827
1478631177886,280.5259561754552,0.4047894880365539,20.783430973831763,3.5413235899441173,-0.11222820281982421,-9.33469296120908
1478631177920,280.48145691224624,0.39473263538213116,20.78367595729685,3.7758058018006384,-0.08274959602079471,-9.374646347543411
1478631177954,280.451618457938,0.40938880572276026,20.952416364779015,3.978265406622365,-0.09367313995361327,-9.056366835552826
1478631177989,280.4346683371961,0.422720913396397,21.180486834725652,3.8854899826934557,-0.10429740982055663,-8.495674734264984
1478631178022,280.42243000680753,0.4463072225064008,21.54150825956743,3.675099625971657,-0.11267711563110351,-8.086266250378266
1478631178056,280.41342148202943,0.5023992547755974,21.968032970927336,3.226037062924169,-0.06239887848453363,-7.038354476574808
1478631178091,280.3947488622813,0.6623162113001303,22.7508430014513,2.2439655059814454,-0.040402153015136714,-4.067150070190429
1478631178125,280.40827457468896,0.6657900698188545,23.254285630678265,1.682674708148092,0.04489127199477516,-3.17291575012207
1478631178159,280.41962123728314,0.6299565558147707,23.414045021752376,1.5174747935973107,0.13003507766723632,-3.7187937286376953
1478631178193,280.4098461921638,0.5195210384123532,24.21789802272424,2.1993736461915074,0.09367313995361327,-5.2825066879272455
1478631178227,280.40050285319984,0.4327609513656961,24.878292487014456,2.6804583961486816,-0.0474351203918457,-5.968594808904826
1478631178261,280.3970475387528,0.34880576055214313,25.10136716571763,3.2008979820251464,-0.11731588134765625,-6.781576202392578
1478631178295,280.3829053511579,0.2653592909732602,25.197304110031148,3.456030242566019,-0.1518821678161621,-7.375038792773336
1478631178328,280.3627096633744,0.142484219684923,25.168849540263757,3.7303156779967246,-0.18614918364372568,-7.928697853619233
1478631178361,280.35346390506334,0.0326231569075418,25.07544547641298,4.41805025100708,-0.199018019279532,-8.896553814230247
1478631178395,280.3589811788183,-0.05075010366063131,24.805576968401652,4.261828693146584,-0.06658873310227355,-9.764751617077737
1478631178428,280.3307765595674,-0.12028228253761473,24.25741845108495,4.025101764824151,-0.048931496429443354,-9.63591364024058
1478631178462,280.30000043949775,-0.17954701162900874,23.849267317170977,4.148852311441116,-0.040851068109704645,-9.667486882372945
1478631178496,280.2714327070357,-0.2554172080934492,23.451161003804874,4.4961609705718235,-0.06239888076782226,-10.351031602478027
1478631178529,280.2473691471982,-0.2748614768629803,23.04441743985399,4.639663688305765,-0.08634089736938476,-10.591948436792194
1478631178562,280.2270675112401,-0.2523113379279269,22.667777107829032,4.232799043682962,-0.15098433762702623,-10.141838013226165
1478631178595,280.19922475304014,-0.2221634362441136,22.08647273074711,3.7056255452999554,-0.06838438720150151,-10.272621571173145
1478631178631,280.15253151568436,-0.21692670860522265,21.763907272165415,3.8292264080765657,-0.06868365555915515,-10.103530786663665
1478631178663,280.13136193958644,-0.23885496040914286,21.458598822110716,3.6257192212975116,-0.03725976333618164,-10.635193558148295
1478631178695,280.05925155499034,-0.24063305955580339,21.021979768543353,3.7345056404998522,-0.051176065052417105,-10.73993988078013
1478631178731,280.0356188489343,-0.2935829963039954,20.69366283981824,3.955520344720408,-0.048183308410644526,-11.297339662524312
1478631178762,280.00596271383574,-0.3601036486153886,20.396905896512056,3.882198065008595,0.07466916541776736,-12.989292486627399
1478631178795,279.93415760756903,-0.41440376122312667,20.0722970954784,4.551676777295023,0.16130933228645006,-14.21138250427246
1478631178828,279.8663507868015,-0.46748687185046034,19.832899080336396,5.483769411114603,0.3236661277992185,-15.844527311706543
1478631178862,279.79037588904777,-0.43950931498167906,19.642908187058456,6.1744964439392085,0.3978863975303713,-16.987160054016112
1478631178895,279.71408754087776,-0.3338128647680524,19.598128290223645,6.189759479522705,0.34012627334594725,-16.756269231414795
1478631178928,279.58717567739365,0.04570465523774134,19.932801175635454,4.795885054370015,0.03306990814761957,-13.799280543518066
1478631178962,279.51286895395714,0.22538100303211805,20.185952172137803,4.011035968780518,-0.0326209976196289,-12.437877624511717
1478631178995,279.4247662869658,0.39846128827752963,20.554880676251894,3.816058134548925,-0.0724246010759598,-11.03996327631846
1478631179028,279.35500458587245,0.5700451586685297,20.90665746924862,3.316268702388089,-0.24091654205322263,-9.91453871231079
1478631179061,279.2843395457354,0.7141466154909624,21.275998301701144,3.0298622739929706,-0.32770636136704123,-9.12654698131401
1478631179095,279.2150481937918,0.8177817610050209,21.675964882280827,3.0763996052948754,-0.313490779876709,-8.857349224411136
1478631179129,279.11705843264446,0.9352182160454114,22.267972858767596,3.3690907582489773,-0.24735095901489257,-8.916156492161472
1478631179163,279.05774697849427,1.00208412200809,22.64179468988106,3.578882532589696,-0.1646013652773865,-8.910021560469875
1478631179196,279.0102151875871,1.0530241221474888,22.989061454544366,3.7518636756012214,-0.1566705642866087,-8.924985466976324
1478631179229,278.9622760781436,1.0891005006148058,23.337999402453487,3.937414185532322,-0.19647417487821656,-9.146598621147218
1478631179265,278.91251856675126,1.1347003127399777,23.823969926916003,4.165761232801806,-0.28431144714355466,-9.45290696044024
1478631179297,278.88894565556194,1.1620474081253567,24.12076203474886,4.26871199552007,-0.2886509467857424,-9.742904673059284
1478631179330,278.8690323094045,1.1871372192556617,24.378162134674188,4.468328485870361,-0.24585458754387218,-10.03604444656372
1478631179362,278.86191838804575,1.2211191102674974,24.590052078020623,4.468029137597605,-0.19722235376386088,-10.22009855305776
1478631179396,278.854433011892,1.2544821624447535,24.765312127195966,4.488679236514307,-0.17462708815422373,-10.297461194201558
1478631179429,278.85203573087693,1.2900540321015905,24.904223686396463,4.438999625131301,-0.21248539905133365,-10.210073271997272
1478631179462,278.85325556522014,1.3410617895818504,25.02820233598931,4.093785696090408,-0.31319150466918944,-9.810839999035744
1478631179496,278.8532867266213,1.4443432660498452,25.006132984242882,3.538181067834422,-0.45489831542968745,-8.733598926101811
1478631179529,278.8534350177143,1.5582365012459838,25.192046693890333,2.3247698120117186,-0.5633855781555176,-6.322637379400431
1478631179564,278.84560306377364,1.61788681495344,25.446583066885058,1.8787001152038574,-0.5603928260803223,-4.745906240844726
1478631179596,278.8388682904751,1.6220715534158299,25.581704739076063,1.8435354244507849,-0.4961982940673828,-4.216488398742675
1478631179630,278.83032580024104,1.608652609986109,26.000283634545045,2.1321862159729004,-0.37843349990844727,-3.7050270690917966
1478631179664,278.8334707113575,1.5806938540024815,26.248232643404624,2.3162403224669394,-0.3365349799888674,-3.711760761260986
1478631179697,278.8466978190642,1.5299220553231136,26.376013576954204,2.752284445953369,-0.27488428381491103,-4.024652990722656
