sep=,
timestamp,gyro-alpha,gyro-beta,gyro-gamma,accel-x,accel-y,accel-z
1478631236926,277.7677271793434,0.33626084356936753,27.06051272749922,4.42074378724026,-0.0591068530569908,-8.71788683614314
1478631236960,277.7508575345972,0.2565935081751746,26.530260547327096,4.380192083029567,-0.05581482620239257,-8.776844133366644
1478631236995,277.73841698949803,0.17873484106006426,26.035081679325558,4.356249861288792,-0.05596446380615234,-8.875454899542033
1478631237028,277.7221682761802,0.0850167810531897,25.350209838459257,4.241926709183445,-0.050128597259521485,-9.026290152121149
1478631237061,277.71226135529196,0.04313167221876608,24.965646763387973,4.161571503194119,-0.057760116763736,-9.052177384506352
1478631237094,277.70155274994454,0.013967707042201103,24.6630096421626,4.074183011309319,-0.044592005349587995,-9.068637100794819
1478631237127,277.68855362273126,-0.005376687398118236,24.459220570459447,4.099322141299047,-0.01601122338823661,-9.088090409408695
1478631237161,277.67802369746084,-0.02640474886067636,24.333466452389818,4.029890173281863,0.04713584689679264,-9.182960613659768
1478631237194,277.6475741927736,-0.05247473434172811,24.368341469836967,4.207659725321922,0.06329670810284733,-9.099761795442085
1478631237228,277.6201336272669,-0.07171196941377656,24.606801900206886,4.541650802114792,0.0972644390189147,-9.217077585458195
1478631237261,277.58529834869006,-0.018011741360235936,25.269167772101103,4.655076178829931,0.14634557619163968,-8.692448658133111
1478631237294,277.57627276421476,0.02023594859934533,25.87247082942716,4.415207255266653,0.08903437109753867,-8.315810809469781
1478631237328,277.5641597550028,0.06657764733615977,26.57208526631921,4.159625981449802,0.020201076507568357,-8.047510476330666
1478631237361,277.5247074210371,0.15237026812475088,27.850235247819274,3.9534254182677713,-0.026785130930292507,-7.159410859625041
1478631237395,277.51152677375387,0.18206966345877404,28.33211408159715,3.941753758239746,-0.0169090480832092,-6.924779535321146
1478631237428,277.49155715604957,0.24664451262349782,29.368910605499487,3.7093664134703572,0.014065934753417967,-6.276100669153034
1478631237461,277.46426632864126,0.36971028987759685,31.040504744422265,2.849548742266744,-0.0423474441473023,-4.268561992590129
1478631237495,277.46072835099324,0.36587091030237573,32.15814079271888,2.694823606109619,-0.06943184757370909,-4.188955371911823
1478631237529,277.445199960998,0.31570893737204736,33.74663818147502,3.4008139667786654,-0.11417349166870117,-4.893149350683391
1478631237562,277.44318867906964,0.30297437577350583,34.24097348680621,3.5179800643920895,-0.11641805572509765,-4.849904375457763
1478631237595,277.44507865952,0.22384251644021777,35.42156815498237,4.100967876379191,-0.08813654861450194,-5.371540769903361
1478631237628,277.4435776093066,0.18254091704452977,35.70476622828607,4.2651209122255445,-0.06015431671142578,-5.618442962237447
1478631237661,277.4440408586902,0.030630269937305877,36.62292324619947,5.130474882507324,-0.008529343128895561,-6.702417836938426
1478631237694,277.451537606795,-0.10855686855667375,37.46369817909043,6.137984612893499,0.05940612755098263,-7.69915410737847
1478631237728,277.4530855495645,-0.1501007402749624,37.68280424948557,6.510433083575591,0.013467384338378905,-7.920467931542918
1478631237762,277.4743041071144,-0.2531722030006339,38.18578261299868,6.19020836493452,-0.034715924072265626,-7.862558142355271
1478631237795,277.4836874250018,-0.3544756456830436,38.3977654659559,6.210110038370406,-0.025887300883862187,-8.14327828700859
1478631237828,277.4760165752496,-0.48994436016635506,38.61202831084383,6.401047575102094,-0.006584054565429687,-8.23859765979927
1478631237861,277.46253347970656,-0.5950043929818455,38.73246968551645,6.679672701971232,-0.031124621582031248,-8.293065564904733
1478631237895,277.456635953736,-0.6270798884385828,38.79570373242788,6.7618237464353435,-0.017956512451171875,-8.37327110132426
1478631237928,277.4369436501199,-0.7750656832294682,38.95760229729526,7.002291667938232,-0.049230771636962885,-8.567201508862151
1478631237961,277.41725948322494,-0.9065341126144734,39.01943075396763,6.806565609155222,-0.07766191635131836,-8.233510017804056
1478631237995,277.4052375798081,-0.9758175911621748,38.97975734452752,6.801028798620402,-0.06793547210693358,-8.307431067126616
1478631238028,277.40004759615164,-1.0815889358825892,38.85010627094889,6.883180208410695,-0.06150105514526367,-8.458864176001027
1478631238062,277.40681507767306,-1.031298255245088,38.63183959136437,6.56355439637769,-0.058957215881347655,-8.269422786978073
1478631238095,277.4279475145981,-1.0356873780379767,38.17494001842696,6.292111856222711,0.008978256225585938,-8.49268234751597
1478631238128,277.4468323042694,-1.1505017863585854,37.6439746424859,6.115538972329534,0.15562310334357898,-8.970924056066945
1478631238161,277.44138561716716,-1.2622748825902057,37.02670896469633,6.307374709143117,0.37454292221069335,-9.458144020843505
1478631238195,277.4307874086676,-1.4623991561420695,35.81219417640244,7.429806594140827,0.5714660087585449,-10.529249696294963
1478631238228,277.4236442650137,-1.5880963274671036,34.83912541984648,7.941567052868753,0.6501753700698726,-11.585242558288574
1478631238261,277.4095066363503,-1.7101904933286145,33.786723941858476,8.629151696014404,0.5594950004577637,-12.383110261535643
1478631238294,277.4078829909932,-1.8330523431311911,32.619186923636406,9.012373891504108,0.7270891166687011,-13.786710984802244
1478631238328,277.37881455874117,-1.8898747963107865,31.482434781337062,9.29204657293111,0.7508814956665039,-14.23113466796875
1478631238361,277.3647753073711,-1.8829930883829418,30.425795411589473,8.967931230926514,0.6314706878662109,-13.806912061309813
1478631238395,277.36050875776783,-1.7807022662208858,28.951815268022262,6.7179802207946775,0.42886137237548827,-11.826308445684612
1478631238428,277.35379218394564,-1.7166486740119076,27.96904794525623,5.430498351110891,0.3528454696655273,-10.563965912628174
1478631238461,277.3347817856395,-1.6883170019006675,26.96328480895904,4.609885549429245,0.32456396712150887,-9.809642679009958
1478631238494,277.2991868219323,-1.6627336113738915,25.5632474899922,4.156034870755812,0.26231472624073504,-9.35444494224228
1478631238529,277.2762732962108,-1.639637934215183,24.67299712634486,3.8060325246948747,0.2867056448079558,-9.013420980271091
1478631238562,277.247685437153,-1.636782782471692,23.825176411118406,3.7041292800018564,0.41105449752807616,-8.989927668701542
1478631238595,277.21135789125356,-1.6196869214143237,23.035356801645012,3.8200984229156747,0.514603719329834,-9.231892037023975
1478631238628,277.1764477261992,-1.5776027824292684,22.298796362098102,3.708019883957429,0.39504328305893577,-9.04424626499681
1478631238661,277.1217328377199,-1.5394299288833708,21.288773560227362,3.7138556877136226,0.36706104202270506,-9.36491999463057
1478631238694,277.0862919284648,-1.514371091898811,20.705561169890554,3.70083708832236,0.3311480171203613,-9.660603954458795
1478631238728,277.0502486039493,-1.4325116764006667,20.215859136357064,3.555239809461962,0.24914660169767738,-9.425822535893413
1478631238761,277.0084449177044,-1.308529503147575,19.658358701425623,3.595791636613477,0.18495208738022484,-9.507674250351078
1478631238795,276.98892391796784,-1.2167997974548674,19.401263563400548,3.621529395791702,0.1862988189641968,-9.749488471896386
1478631238828,276.9773031495234,-1.1124939278792922,19.23514068638476,3.6212301205841824,0.21413141554680187,-9.750535606329143
1478631238861,276.9914752493786,-1.0161114364468808,19.02606941973075,3.3017538365570824,0.2950853546142578,-9.964816727978363
1478631238894,277.0007845311909,-0.9007878967596697,18.968916237429156,3.148375187672046,0.309001651763916,-10.0902135513857
1478631238928,277.0135231404591,-0.8200381451992297,18.91629493811371,3.1896752154004466,0.2771288421630859,-10.251373104504495
1478631238961,277.02415523043254,-0.7656694619125203,18.94420617462567,3.2047885597229,0.2910451301795896,-10.446051553930713
1478631238995,277.0635234194513,-0.591957253424147,19.02944093874929,3.132214189468673,0.21757307586669922,-10.277409828362986
1478631239028,277.10276733403975,-0.4838936829116929,19.11523232160889,2.9735984619140625,0.21772271347045896,-10.032004450457915
1478631239061,277.1424544207948,-0.3353297807276227,19.37882961022723,2.8939911105833946,0.26485856778793965,-9.766696613665669
1478631239095,277.20918131792354,-0.09341821673442456,19.79350183457767,2.900575384344533,0.11641806029167491,-8.35097517142929
1478631239128,277.27492274070886,0.13968514531196433,20.137045541446422,2.637512403869629,-0.029328971478558376,-7.04643461491689
1478631239162,277.35453747584984,0.39016837622023226,20.425266177667222,2.1971288629394023,-0.04384381561832269,-5.560981976263225
1478631239195,277.4428088026054,0.6208299714792032,20.564212602554814,1.945288848876953,-0.03696048812866211,-4.548534241485595
1478631239228,277.54577143097805,0.8290352320393898,20.261373444054115,2.066944366864115,0.13422493057250975,-3.948038537597656
1478631239261,277.6746337913247,1.0490787584894903,19.43752763262408,1.9428947933472691,0.059256491088867186,-4.1548377059936525
