sep=,
timestamp,gyro-alpha,gyro-beta,gyro-gamma,accel-x,accel-y,accel-z
1478630708599,279.23839184183515,-0.003614108122730228,26.990564732478948,4.508281799139454,-0.024091653491794568,-8.699182112840283
1478630708633,279.24393540799315,-0.03403768899431159,26.970836402024684,4.4481274134299005,-0.01915361328125,-8.72776273418655
1478630708666,279.24719882277594,-0.06117912936297363,26.954502667319755,4.434360705292766,-0.01346738319673459,-8.690802429862623
1478630708700,279.2507328787213,-0.09404676274262584,26.936110360413718,4.390217515143868,-0.015113396838092012,-8.674342412180057
1478630708733,279.2569004046417,-0.16456111919620708,26.922025559051345,4.4024878968335805,0.025438392924571233,-8.776395091264147
1478630708767,279.25838154979937,-0.21221517447568733,26.928449826305307,4.475361446397204,0.03890577612130582,-8.768913055812533
1478630708800,279.26212085734545,-0.25044038583290934,26.95243713843729,4.552275099381199,0.026186579516314666,-8.817246319204056
1478630708833,279.2656089809095,-0.2777967691910524,26.996968387388307,4.60060801799614,0.029628247827722224,-8.822034448529733
1478630708866,279.2693821589827,-0.2940636633716507,27.059351338277658,4.63472551951753,0.02184709014892578,-8.817395710212644
1478630708900,279.27070965749135,-0.32142638925690864,27.212922576494833,4.6995184375487264,0.05910685291428526,-8.661922440835648
1478630708933,279.2745938193704,-0.34100562836395526,27.36096570167986,4.707748560554441,0.04085106696806033,-8.604012478118063
1478630708967,279.2759373672192,-0.37138148990799974,27.55052409733482,4.814589937503077,0.07167641220092773,-8.712200674557284
1478630709000,279.2755778771889,-0.4173514830491678,27.955770289133156,4.906317715542577,0.10354922180175781,-8.571690764839108
1478630709034,279.27458105206057,-0.447928120266939,28.384226672722086,4.858732866215426,0.11686696396979969,-8.337058947344868
1478630709067,279.2700390439011,-0.4430908488149026,29.113145159402954,4.500799736288376,0.017208324432373044,-7.138013120678812
1478630709100,279.2785343817431,-0.407960810540128,30.478854342073276,4.304325452953949,-0.048632225788501085,-5.566968064935505
1478630709133,279.3088131282031,-0.3215651203794366,31.711282924185145,2.3044188056394455,-0.026036943054199218,-2.8926445182800293
1478630709166,279.3367807110006,-0.3815955429141415,32.1924917563492,1.8056772568300365,0.08499415893554688,-2.5444378143310544
1478630709200,279.36196553250045,-0.4993024369865185,32.89808177359776,2.2746409224912525,0.3612251754760742,-3.77311217880249
1478630709233,279.3668933016839,-0.594649538310262,33.512317565241794,2.678812674768269,0.37768532102280294,-4.429871621704101
1478630709266,279.37340475406586,-0.689808852767098,34.16505728368997,3.1386487388610838,0.25468320159912106,-4.837634091949463
1478630709300,279.38043479408105,-0.8087600159602141,34.75173258353064,3.404105847930908,0.062398876201245,-5.185691450555622
1478630709333,279.3765610037616,-0.9802026891720864,35.53865732475847,4.629338474450632,-0.005087678527832031,-6.607996728161722
1478630709366,279.36343987137764,-1.133548219479037,36.12048498773736,5.609315159739647,0.04638765716552734,-7.299621878869831
1478630709401,279.36594973320797,-1.218117303130562,36.36525757259472,5.9497410005540585,0.12135608751601538,-7.870937670069304
1478630709434,279.37672519270944,-1.2923217920271513,36.52003146884973,6.098181101624947,0.2518400916942628,-8.471733009924366
1478630709467,279.3767499342391,-1.323669002287359,36.56473757040433,6.027851537455711,0.2709937049755128,-8.69738637026362
1478630709501,279.3638658744741,-1.3752148925728453,36.61096897443359,6.10237115545962,0.25797522203197004,-8.768314740576223
1478630709534,279.3321542536261,-1.4672616227375066,36.56399436871024,6.3383494008604435,0.21383213577270507,-8.702922888537495
1478630709570,279.310940054753,-1.5350097786380859,36.449768435653475,6.681169443335011,0.1690904831153806,-8.849867015429586
1478630709603,279.31461724813056,-1.5917479785346726,36.22186380259473,6.548440888800099,0.13437456817626953,-9.171288880566507
1478630709638,279.3363762161678,-1.6730018018925856,35.72321617863613,5.867290361222019,0.18510172498398458,-9.725097798211872
1478630709672,279.3256208164947,-1.7256876948328082,35.275187414319035,5.873575076647848,0.2480991470336914,-9.92366675227061
1478630709706,279.3011446063547,-1.8596091184960983,34.43404765807226,7.119308420208841,0.5578490050827153,-11.279682863672077
1478630709739,279.28685698375426,-1.9424120203286404,33.781413450482205,7.856871730749309,0.5422866942916996,-12.307992184448242
1478630709774,279.2801930641754,-1.980166683634197,33.43071319131277,8.07324829030782,0.5526116889511234,-12.704232559204101
1478630709807,279.2353154844597,-2.1355530343957567,32.42349036188512,9.579200842285156,0.8460510116577148,-15.094543641662597
1478630709840,279.1776072517805,-2.221917307666564,31.815721359239273,10.652850649261474,1.0287585623810067,-16.04399423751831
1478630709874,279.1271214054415,-2.1887866650438736,31.07506127771376,10.06133320159912,1.1821370697021483,-15.18088453903198
1478630709908,279.12478657404273,-2.1502018357795682,30.87357298408954,8.679579568481445,1.1203367758819833,-13.798681993103026
1478630709942,279.1080535786726,-2.1198714954820868,30.337504623933334,6.1415764633730054,0.7897872726440429,-11.634174054718017
1478630709976,279.0721703731567,-2.1668689125648655,30.063878997755598,5.2422542821137235,0.5805939025878906,-10.846182433319091
1478630710009,279.0295806440928,-2.2352345400945817,29.82395574929224,5.133018648706003,0.4074631904712645,-10.49438428074941
1478630710042,278.97802685862706,-2.3154658298067003,29.47592014467128,4.998195222517382,0.2733879020690918,-10.139743159838766
1478630710076,278.95369612260697,-2.3402585121484094,29.25361740404544,4.7852608067651365,0.31932665555649437,-9.955838690948486
1478630710110,278.9268746377307,-2.339312598763317,29.049593816176433,4.624550262926565,0.38741176070061045,-9.650129066467285
1478630710144,278.9024332651998,-2.3263720273664417,28.882395538182877,4.564994524029642,0.47001169514311475,-9.407417165429889
1478630710178,278.87950171410193,-2.3138059447626786,28.754975397548815,4.763563496354688,0.5373486533676274,-9.37120479225479
1478630710212,278.869129772802,-2.306861486372952,28.603329008330334,4.962431981349271,0.497694679238135,-9.541342382403462
1478630710246,278.8701308819703,-2.2589887189442655,28.510816004042834,4.936843932840041,0.45340194395866706,-9.48732335357666
1478630710281,278.89377316641895,-2.1646051974304172,28.48649680028375,4.90706583049614,0.37125090448924963,-9.755474158709868
1478630710315,278.92397054837454,-2.040309984773604,28.67559008410415,5.0073229884825645,0.42601827617036175,-9.925462257385254
1478630710348,278.9535791315159,-1.9432049548955648,28.899037207701745,5.059097745513916,0.47105916750258764,-9.835380419921874
1478630710382,279.0069319824045,-1.888806986542346,29.033568772704715,4.681262814286817,0.5614402893066406,-9.397241662243752
1478630710415,279.04642074877825,-1.7197156158062301,29.47045156338694,4.330212904534862,0.4969464820861816,-8.407987125861226
1478630710449,279.11673729917766,-1.4625858128878357,30.20604854118512,3.555389465332031,0.2515408089233497,-6.454617892047017
1478630710482,279.1752003615989,-1.250823856192466,30.808476098986358,2.7730840728759762,0.047285482788085934,-4.829852936553955
1478630710515,279.23673708470386,-1.0520589186040328,31.40803410377337,2.11333187789917,-0.028431144714355466,-3.5118446303769946
1478630710549,279.2671067120739,-0.9557567726665301,31.673217810728673,1.8691236008241772,-0.03411737365722656,-2.9785365028381348
1478630710583,279.3689425186909,-0.6421772547803487,31.367565351084078,1.4739306892946362,-0.02079962692260742,-1.6753426116943357
1478630710616,279.39363056835384,-0.595025441329521,31.190071340531812,1.9801547028139233,-0.000748188018798828,-2.17692785949707
1478630710649,279.4380233576229,-0.5497705350907706,30.746443458034012,2.0260934471681713,-0.04115034103393554,-3.299958075714111
1478630710683,279.50453840590984,-0.6008885798211754,31.122076680790826,4.561851988220215,0.0718260498046875,-6.474220710400491
1478630710716,279.6065152348632,-0.6471515370712231,31.90438256831491,7.85283180770874,0.19812018737792966,-11.373356003625691
1478630710751,279.6575697079845,-0.48477101078021123,32.24951724151071,7.434893980407715,0.14559738389167468,-10.235661009979248
