sep=,
timestamp,gyro-alpha,gyro-beta,gyro-gamma,accel-x,accel-y,accel-z
1478630680033,275.0990651307474,-0.18532147744581134,-0.7376058726776231,-0.10699088212165515,0.041299977496050994,-9.938480719779198
1478630680066,275.08796277228646,-0.14595810544608914,-0.49617616282247545,-0.10908581542415777,0.04548983154296875,-9.863362373263737
1478630680099,275.0710810346499,-0.11830822657102454,-0.2848345669185387,-0.021996727752685546,0.026635494610882597,-9.819668518334517
1478630680133,275.0592178899688,-0.09240815309450355,-0.035890982785966696,0.032920273397970594,0.02364274082322081,-9.893888786924025
1478630680166,275.04189918901403,-0.07171663493083447,0.22139553743833434,0.0056862289428710935,0.022296002960205077,-9.967061748692485
1478630680199,275.0015349943337,-0.03103265036588798,0.7288231263835053,0.30301614761352536,0.00823006792137603,-9.991901225590427
1478630680232,274.9760689389868,-0.0012854706208648057,1.1563412324720412,0.4354454269409179,0.014065934931799893,-9.719261447608051
1478630680266,274.9492001956054,0.017963284131094288,1.6094138314011996,0.5117606048583984,0.026635492327593963,-9.542240463754348
1478630680299,274.90103698741774,0.05604170295310351,2.4518584285852563,0.8313865264892578,0.036212301251507595,-9.14390519907847
1478630680333,274.87842450393936,0.10366480840592876,3.092521563498569,1.071405242919922,0.0166097751589783,-8.289623826953024
1478630680367,274.8788676529857,0.14237872289283923,3.7863871882437037,0.872686486860644,0.02184709014892578,-7.257274144744873
1478630680400,274.8776807879829,0.17954003220967546,4.490230143651139,0.5808931777954102,0.09636661682128905,-6.3015390617921945
1478630680433,274.8823791290475,0.14611551416382298,5.620877164389455,0.2964320930480957,0.22954408416748046,-5.297919361114501
1478630680466,274.8829440223446,0.09899897814263611,5.989088544188513,0.2376245147705078,0.3004723026413878,-5.944952067510783
1478630680500,274.86625751851335,-0.0510951357331557,7.179814290386384,0.6567594429016113,0.07167641277174988,-6.9904702972412105
1478630680532,274.8504999152744,-0.2645588094875969,7.980790489180824,1.7375918183257801,0.19617489852905273,-10.178649046414158
1478630680566,274.8586905899176,-0.1639231477472877,9.061216077294976,1.2068273108551277,-0.2603694328252808,-7.521085094042867
1478630680599,274.8632231740764,-0.15618634690685348,9.359458263024107,0.3407248237609863,-0.3634697395324707,-6.219836930139363
1478630680633,274.8564239182804,-0.4584388388820355,10.45475714076953,1.0103531005859374,-0.05746083984375,-11.622801596832275
1478630680666,274.7872238432285,-0.49596991614734814,11.140361181362374,2.554463533782959,-0.04578910675048828,-12.568660890197753
1478630680699,274.7587250853587,-0.38813647125709394,11.772833239900542,2.652625801849365,-0.03845686416625976,-9.989058421646245
1478630680732,274.75592807367343,-0.41297276850118764,12.370038861081,2.223016168389842,-0.0025438392639160153,-9.913192120007425
1478630680766,274.73066169378455,-0.4244337494196628,12.750532850613444,1.1718120019774882,0.1045966873113648,-9.467570970684662
1478630680799,274.69004136830983,-0.3164922236925047,13.618714275676771,2.158372787497705,0.09157821350097656,-8.561964119665324
1478630680833,274.6712316706284,-0.28691736104621396,13.949625296801509,2.4215853873100595,0.29403788682136217,-8.38299783782959
1478630680865,274.67025365284144,-0.263739653576473,14.099885881079981,2.78864642019961,0.2560299445995362,-8.634837924957274
1478630680899,274.66487652256444,-0.25595265001660056,14.108733162101712,2.3780407989501953,0.09891045608520507,-8.561814920452981
1478630680932,274.648864524296,-0.19449069945294029,14.263776763975983,2.6713305023193357,-0.039354689788818356,-8.93531012370903
1478630680965,274.6094188614982,-0.13045228579386126,14.02279849851376,2.3329998573856194,-0.06703764876766363,-9.497797703853697
1478630680999,274.5816302713817,-0.0605226496867134,13.989663127557728,2.5974095808609388,-0.07586626282291253,-9.952995649542286
1478630681032,274.5559009813019,-0.007933291893803523,13.787190997477206,2.355894423318951,-0.05297171158825149,-10.045920711074956
1478630681065,274.5335673022748,0.03232479340766835,13.372907983055306,1.8758570007324218,-0.009127893543934623,-10.259902228723094
1478630681099,274.4979095320016,0.06287608456971187,13.093678113069034,2.1067478872658216,0.02379237785615842,-10.775703268078715
1478630681132,274.461104296104,0.11112094492123133,12.614772035051871,2.01636664673076,0.09861118201932986,-11.199177248327434
1478630681166,274.40983652571936,0.18014874114800217,12.09598633391866,1.9424456704734359,0.010773909753991756,-10.863989454296975
1478630681199,274.3582572321442,0.24955608180328526,11.461553015243476,1.8414403062019031,-0.044143092395603156,-10.361206813403218
1478630681232,274.3173560548689,0.31443411889267714,10.70149355069132,1.4098855026245116,-0.08230068206787108,-10.333224946826324
1478630681266,274.1857429258538,0.39147845822931227,9.262747596236252,1.4799158555183094,-0.1370680450439453,-11.009137637683004
1478630681299,274.1259839136248,0.3836801670000921,8.567310793904122,1.5468039374641607,-0.06913257522030035,-11.946767008972166
1478630681332,274.0932045052796,0.37655120683049254,8.169801542864,1.5408183328490703,-0.05401917381563107,-12.331784563446044
1478630681365,274.03047063928307,0.3538434715984257,7.487781112253357,1.320551807514159,-0.035015201563073785,-13.020117540740966
1478630681399,273.9216881373009,0.2785658069475761,6.568415964281376,1.281346819261182,-0.003441664886474609,-14.768782578277587
1478630681432,273.84398905791863,0.23112679536558509,6.076672037133899,1.4896423454284666,-0.026485853582189883,-15.778088215637206
1478630681466,273.77719048049005,0.23895119756118766,5.805632597266221,1.5565303908417,0.002992752075195312,-15.89764866104126
1478630681499,273.6899819738085,0.3273725083265267,5.6383157161914035,0.9059060759945073,-0.020649989318847654,-13.875146808624267
1478630681532,273.6264701033816,0.3776205800820145,5.72607739274173,0.6700771531036124,-0.021398177337646485,-12.833968653924762
1478630681566,273.5556372387193,0.4187926870322394,5.925280757275231,0.7345710151229985,-0.024091654205322263,-12.035502254132181
1478630681599,273.4812411545852,0.45349858133101223,6.218856160261851,0.766743081665039,-0.0436941757312743,-11.3715602062501
1478630681633,273.40588556908006,0.47755215789157074,6.607745670600667,0.8442553604125976,-0.02379237443122547,-10.817003246716409
1478630681666,273.2910829142358,0.4794371501162909,7.272640585707478,1.0277111174209974,-0.03217208937492687,-10.193912264660746
1478630681699,273.2535531675252,0.47835255167450147,7.553217299086299,1.1679215156112797,-0.039803607166674915,-9.907056941720656
1478630681733,273.14787966599243,0.4212801641545518,8.417406133956167,1.315015307506593,-0.06988075895793298,-9.606883990776957
1478630681768,273.04935333625014,0.2955423797464948,9.359069278115388,1.7132009802444836,-0.032321720128820744,-9.993996097244136
1478630681800,273.02149504262843,0.2510558027882508,9.67083019193024,1.8218378440414553,-0.0345662858976837,-10.03365009877309
1478630681833,272.9817691523362,0.14268554232354494,10.305502187295769,1.9461866744995115,-0.021248540590119953,-10.049062662362493
1478630681866,272.9319956917587,-0.12169117261969432,11.439708746562433,2.3029226487975567,-0.00613514175415039,-10.547954689025879
1478630681899,272.9304113396495,-0.2540942868993632,11.942344023061914,2.4193408141205084,-0.029179332733154296,-10.66856259765625
1478630681932,272.9399562591608,-0.3491831901005812,12.464468827912063,2.574664646823145,-0.03845686416625976,-10.431386703436075
1478630681966,272.9710707189445,-0.41176219801538233,12.970704659729957,2.4928127862350085,-0.03426701126098632,-9.804255579144135
1478630681999,273.00364390833244,-0.4680641166983291,13.392571794931332,2.249202799280151,-0.03755903854370117,-8.172307945605366
1478630682032,273.04893178157545,-0.5146911796952194,13.79523814881625,1.9620482239654287,-0.03202244720458984,-6.673238869531453
1478630682066,273.100291769584,-0.5698170462003895,14.161769945456559,1.6925509361267088,-0.03172317199707031,-5.495590635681152
1478630682099,273.19210080944174,-0.662930634208265,14.528881389416282,1.636586618451029,-0.022744915771484374,-4.467580297851562
1478630682132,273.2633497561871,-0.7437147959346108,14.342613484201133,1.5610195554871111,0.025139117431640625,-4.144662348937988
1478630682166,273.3292766127975,-0.84660222693226,14.228343806031084,0.36317046432495115,0.03441664886474609,-3.864241479492187
1478630682199,273.3868333390167,-0.9765847684120625,14.2498155884458,1.5946879432678223,0.14395136796702862,-5.140500894220173
1478630682232,273.45323751176994,-1.134080562346769,14.250370399274715,1.705718972192332,0.062249243164062495,-6.651540832464397
1478630682265,273.54716299714886,-1.2646216888180533,14.20002189538236,3.0425813972473144,-0.02558803024291992,-10.331429149450734
1478630682299,273.61435135195455,-1.2969554308136282,14.0034881894663,3.236811079992726,0.07855975110703148,-11.232396796362101
1478630682333,273.6802648392001,-1.2432617677449798,13.788384203203279,2.9522002845764157,0.24720132369442144,-10.675146798352152
1478630682366,273.74577814755867,-1.1615704822982327,13.591487575138364,2.41500123227993,0.3118447753685061,-9.404723104040324
1478630682399,273.8375711576542,-1.1134941404461913,13.348698201128721,2.238578543112939,0.21413140869693598,-9.041552785845845
1478630682432,273.8898586954796,-1.0547815346815297,13.216956629247758,2.2685060866977786,0.1403600768932374,-9.378536541648675
1478630682465,273.9406272976796,-0.990516632927105,13.084375543343254,2.3210289084503426,0.14933832855224607,-9.468618890568706
1478630682499,274.0150648848888,-0.9431802326239576,13.026134632744506,2.498199813035596,0.36481647796630856,-9.948955215045064
1478630682532,274.04110246130745,-0.8998578463768921,13.001493195228832,2.5142110549042,0.378583137512207,-10.032603000872955
1478630682565,274.12297274929574,-0.7865661119526842,13.045594760092758,2.296189093625685,0.24794950942993163,-9.781510626840031
1478630682598,274.1752945328506,-0.6878739684757321,13.125769846914219,2.186504679837427,0.20994155807495116,-9.280225056103616
1478630682632,274.22380989797114,-0.6389855070559676,13.204219486105313,2.0106805182525886,0.2871545524818357,-8.865429691546783
