sep=,
timestamp,gyro-alpha,gyro-beta,gyro-gamma,accel-x,accel-y,accel-z
1478631443428,292.45284455136135,0.253518050271093,3.182123824806476,0.675164877297217,-0.03037643356323242,-9.902717478611088
1478631443461,292.4450022223692,0.24963637078408543,3.1820180689225404,0.6329670821701177,-0.032620995336340275,-9.826102616777423
1478631443494,292.4348542479852,0.23673298702682213,3.091303707966295,0.6069301299827639,-0.02663549118594965,-9.79123737411963
1478631443528,292.4328011105641,0.22927938822307092,3.0541177803207975,0.6205471336585935,-0.02558803024291992,-9.824456614552508
1478631443561,292.4221251292057,0.20920078438142026,2.8902255142907647,0.5877765075683593,-0.014514847564697266,-9.818321586962789
1478631443594,292.4121455264116,0.19733616877958643,2.7946754924284276,0.6350620086227543,-0.018405426404095485,-9.788244569600149
1478631443628,292.4067479756908,0.1862985425515236,2.718224764059974,0.6072293777908199,-0.022296002960205077,-9.765499442053644
1478631443662,292.40011645248285,0.17612438966449318,2.656857009744183,0.5877764984352049,-0.023792378997802732,-9.781061759694525
1478631443695,292.39038465306095,0.16439287272696362,2.654296121326973,0.6847416930709965,-0.03157353467872162,-9.892541811028169
1478631443729,292.37634037393684,0.13207778572401366,2.6867447481317663,0.665887336730957,-0.02364274032375142,-10.333075053494237
1478631443764,292.3492682836751,0.1492744153175504,2.8188540107502082,0.9695020347595215,-0.012719197461224394,-10.42989069272466
1478631443795,292.3393588211675,0.19729099502704833,2.93697734924914,0.9970353538513183,-0.029179332162332136,-9.906009515026955
1478631443831,292.32498255306706,0.2799482760940877,3.1717709446632756,1.0601824226379395,-0.06943184586124261,-9.053524086407572
1478631443863,292.31761964724535,0.420420626774192,3.390839943141724,1.1604396171569824,-0.20874445267829578,-7.223156771087646
1478631443895,292.3378571889732,0.5775264168853097,3.54689526802889,0.7167641311424319,-0.2862567359924316,-4.717774371337891
1478631443929,292.37400880423576,0.6190509550933355,3.419762967129416,0.5906196208981506,-0.22490531845092773,-3.773710729217529
1478631443962,292.4208361299741,0.5634535751510897,3.0060383324971203,-0.11237780389096587,-0.03800795135498047,-4.205864128875732
1478631443996,292.4133776710275,0.4872008153754824,2.8017968284043038,0.12569558715820311,-0.004938040924072265,-5.493196434020995
1478631444029,292.37241180216245,0.40321866145946256,2.8474398298591623,0.4830301972091998,-0.037708676147460936,-6.247369956970214
1478631444063,292.38471731431304,0.3265694174962243,2.7771399574343345,0.44158058239480014,-0.09651625442504883,-7.025635134124755
1478631444098,292.39360806299715,0.24151669313406712,2.7126486427178715,0.5502174872909672,-0.1666962905883789,-7.999177091924846
1478631444135,292.43332745476533,0.11529650225022435,2.568820708846115,0.7824550300598144,-0.1518821678161621,-8.67763442576304
1478631444169,292.47532686534106,0.006077788301618402,2.4644179907000345,0.4737526580699952,-0.05386953514157976,-9.592817882493604
1478631444204,292.50318149626315,-0.07933304839242328,2.334537883294203,0.3962403727579818,-0.02289455337524414,-10.037690332340913
1478631444238,292.5371246320855,-0.17384740459827708,2.194347885061232,0.3875614097208134,0.02693476867675781,-10.179097959225437
1478631444272,292.5641230597267,-0.2778882047463821,2.039486631713613,0.24301145937270482,0.005536591339111328,-10.420912290368602
1478631444306,292.590008880179,-0.4232949954903496,1.86512674883687,0.47809214401245115,0.0326209976196289,-10.809970133209228
1478631444340,292.6182432718658,-0.5159356875913829,1.7394048272040046,0.32246903153571765,0.008379705810546874,-10.995221778924762
1478631444375,292.6342635285424,-0.5705881236286109,1.6322815514783329,0.3854664581520017,-0.017657237243652344,-10.789170725482329
1478631444409,292.6755931098387,-0.7100208545348009,1.4123639863667372,0.048183308410644526,0.00852934341430664,-10.93850876177363
1478631444443,292.6792751055193,-0.7859894445451115,1.2554762743511771,0.12389994504624045,0.06823475188103038,-10.927884418841451
1478631444477,292.6920696019836,-0.8266273495366204,1.0665926114265956,0.24450785367661154,0.05716156463623046,-10.56576134467758
1478631444512,292.7254010841668,-0.9619425830949487,0.659709947006545,-0.14724339296645483,0.18570025941600324,-10.880449663775787
1478631444545,292.7501851636295,-1.035936383729061,0.1401578962362838,-0.1906383140398073,0.038756139373779294,-10.712406634753568
1478631444578,292.7718815823848,-1.1116101683046076,-0.2829036466601608,-0.46896425474968273,0.12090717927131335,-11.099518896484375
1478631444612,292.77747639484295,-1.2246485459084606,-0.6174622351975448,-0.45534721910781223,0.20545242425393662,-11.607239432171731
1478631444645,292.787563793635,-1.3448128190562636,-0.9526595285454473,-0.388159944152832,0.28595745621833485,-12.276119082586467
1478631444678,292.7969268824383,-1.4687686307534378,-1.3089058601324353,-0.4116530479431152,0.35134909362792965,-13.202226796777545
1478631444711,292.80186374160763,-1.6116268606495903,-1.6566657051391156,-0.45115737533569333,0.4830301849365234,-14.921412934112547
1478631444745,292.7762509199859,-1.7781970992760028,-2.0986633532457626,-0.3438672237147402,0.7173626724243164,-16.895881115722656
1478631444779,292.7550320025602,-1.789123179977886,-2.314499631413971,0.003142389678955078,0.7453448860610835,-16.833482234954833
1478631444812,292.7622214205066,-1.694496394221385,-2.549142573546558,-0.594959112548828,0.45325230178833004,-14.462175420434772
1478631444845,292.7593833108792,-1.6274393289239426,-2.6713418753558034,-0.8072948722839355,0.23029227675285655,-12.68866995615214
1478631444878,292.73935356584553,-1.5979484482877548,-2.76174585383626,-0.8928875816345214,0.23074118956413583,-11.720963864898682
1478631444912,292.70694157188166,-1.587586122103246,-2.8254164728417095,-0.6392518432617187,0.2389712623375002,-10.945541875280812
1478631444945,292.6910955215558,-1.599819848841189,-2.8800050382385534,-0.7870938140426762,0.2208650985828368,-10.471489800439402
1478631444978,292.6705620167042,-1.6233304127746746,-2.915038206548123,-0.8309376136779785,0.15831658477783203,-10.002375748255755
1478631445011,292.64666364117124,-1.6519320484573186,-3.0470869617031675,-0.9075520668029785,0.20231004941635763,-9.733327377794891
1478631445045,292.6117025430788,-1.711225583313012,-3.0999806953429654,-0.6643909789596684,0.27802665865249,-9.723750475256145
1478631445078,292.58416993454415,-1.8441837993185182,-3.13140736106608,-0.4725555435401853,0.3410241172348149,-9.937433494014897
1478631445111,292.57965392176055,-1.9568670159174184,-3.2211075185272193,-0.7477391059875488,0.3098994705366087,-9.978732970329094
1478631445145,292.57287986387024,-1.9896389331622095,-3.228209550436983,-0.5840355697576538,0.2370259552223142,-9.891494713128031
1478631445178,292.5791541071204,-2.006480491606304,-3.194732759451,-0.548870736584453,0.23178862995756788,-10.297910362741165
1478631445211,292.59889426173737,-2.036030467701864,-3.0496692209642076,-0.40297404865873976,0.2123357506019529,-10.466402048846334
1478631445245,292.64136453559246,-2.081197089030851,-2.932833836056475,-0.715716658782959,0.33638532868537585,-10.759691971411183
1478631445278,292.67289442992876,-2.092760161178444,-2.811997212310898,-0.6528688652038573,0.402076236735913,-10.751910962146148
1478631445312,292.71625167449577,-2.1012167260119226,-2.6561608911363566,-0.6322188941513188,0.3930979736604611,-10.622623634106292
1478631445345,292.77174783509787,-2.1121423328375335,-2.4648978753030835,-0.8432078971862792,0.4086602958679199,-10.950629334612936
1478631445378,292.8143656171745,-2.0940073209356815,-2.2491198005349347,-0.6407482192993164,0.2904465797645505,-10.907982982867583
1478631445412,292.8663276485635,-1.9984286095448371,-2.120935390718396,-0.6576572685241698,0.26979660871201194,-10.569651922375336
1478631445445,292.9482205589913,-1.8743439511016298,-1.8189205432091913,-0.5545569595336913,0.33877953833704233,-9.928455246922466
1478631445478,293.00122728964146,-1.7503885898952525,-1.4971397546261016,-0.319027366649243,0.3009212231587662,-8.570194480133056
1478631445512,293.06099021102295,-1.611679186219588,-1.1822564804284148,-0.08649053497314453,0.17342999189072286,-6.817788502502441
1478631445545,293.15706284983787,-1.4410639082635641,-0.8054203286984662,-0.017956512451171875,0.02902969512939453,-4.289511549377441
1478631445578,293.2226423263785,-1.377939065706527,-0.6419549885158188,0.10983400115966796,0.01092354507446289,-3.6540006462097168
1478631445611,293.2814411612214,-1.3621094465276549,-0.5933849105233272,0.29822774429321286,-0.000748188018798828,-3.69036258392334
1478631445645,293.3336053830006,-1.3952303696446802,-0.5814921496428578,0.4994903122169431,-0.020649989318847654,-4.495562529754638
