sep=,
timestamp,gyro-alpha,gyro-beta,gyro-gamma,accel-x,accel-y,accel-z
1478630734693,284.64250382786804,0.043885965379228384,26.516091743752334,4.415955335970886,-0.034416647723101775,-8.67239717356353
1478630734728,284.62307743336106,-0.01917853719194047,26.72992629226226,4.575020097351074,0.018255787658691406,-8.721179110021028
1478630734762,284.61569893368056,-0.06468947067184934,26.83535581969278,4.588936449299659,0.060453589635656675,-8.790910041576833
1478630734796,284.60998170387586,-0.11303192126414159,26.87944297775884,4.577115051203174,0.06224924544735113,-8.844480143892625
1478630734830,284.60448689268065,-0.14476531874114978,26.883033307242826,4.540004770207125,0.048183308410644526,-8.905681914697215
1478630734864,284.5947864239208,-0.16835858355936117,26.863299481871692,4.594024182626418,0.03845686530790408,-8.834454360508639
1478630734899,284.5817030361903,-0.1679567853047916,26.765104400319995,4.512321913976269,-0.013168109130859374,-8.851962069746385
1478630734932,284.5586064871591,-0.14583976188277617,26.639659374865957,4.569932400556933,-0.05042787475032964,-8.87006836593179
1478630734965,284.5348055232534,-0.11305464572520625,26.619784858116265,4.792443535614013,-0.1096843635559082,-8.824129699209355
1478630735010,284.5068557845152,0.01818064238930907,26.756858134739257,4.922927453027293,-0.2647089142011595,-8.450783745397999
1478630735044,284.49422039777164,0.03239091404447759,26.792233347835943,4.95150819881279,-0.1855506320870423,-8.120832829107716
1478630735078,284.49388975833006,0.05656339842777446,27.010807909086882,4.769997821984813,-0.04713584632597048,-7.796717925494536
1478630735113,284.5053559215165,0.08360212453289366,27.293794040594673,4.40697701352993,0.16220715448407572,-7.163750788525491
1478630735147,284.5216666469872,0.1522119975545568,27.602334080145877,3.4166754797119645,0.2941875312749878,-5.5318032280519605
1478630735181,284.5499268515029,0.2091189108703608,27.935701647970532,2.0810101554870606,0.279074124162097,-3.662829264831543
1478630735215,284.59250231238894,0.0796324667661026,28.519384488591392,1.6326958946228027,0.2828150688226684,-3.7306150993347167
1478630735249,284.5869053290974,-0.01041068080972826,28.87479387468654,2.015319247436523,0.13362637644712666,-4.096329402923584
1478630735282,284.5849783586179,-0.12343546210312523,29.165736962186184,2.9631238296508786,0.019003975534784695,-4.92232897567749
1478630735315,284.5816122611142,-0.27076636354195205,29.176783323448728,4.142717060089111,-0.05805939025878906,-6.415712261199951
1478630735349,284.58416262127554,-0.34524225262876823,28.98986797414488,4.457554505334421,-0.10369885483894031,-7.014412021581828
1478630735382,284.60154218748266,-0.39603652606022327,28.822075950406138,5.194819198254495,-0.0713771369934082,-7.986607788937352
1478630735416,284.6181321585769,-0.44434354049190505,27.78140620549443,3.5289035364013164,-0.027234043884277342,-7.948150815173238
1478630735449,284.62181580327876,-0.5035604704008415,27.380654779740823,4.157830385003611,0.0430956298828125,-8.848969262872263
1478630735482,284.6167809111895,-0.5353265339690805,26.83751968852302,4.525639688110351,0.13392565536499024,-9.469815827002003
1478630735517,284.6128623053076,-0.5680207661617691,26.294146729153777,4.495562648485647,0.11911153030948479,-9.523386235278473
1478630735550,284.6175623188347,-0.6235730975784827,25.367573175291522,4.712836184283345,0.058957215881347655,-10.296264239501953
1478630735586,284.6311003061241,-0.6308927971282295,24.719201863884944,4.364479897529538,0.04534018937263172,-10.276811497143655
1478630735619,284.63849909274364,-0.6367418651746448,24.05815137121917,4.014627403701493,0.09202712517061154,-10.219350657299906
1478630735654,284.6351760353005,-0.6417297421350382,23.735670573366576,4.00953967494131,0.09726444472713629,-10.182988865716755
1478630735687,284.64604177969755,-0.7068477738387566,22.756839618674775,4.043058489050344,0.21727380065917967,-11.113884106445312
1478630735720,284.61625561616745,-0.7510230848303321,21.868269416023978,4.1937434829711915,0.3238157745361328,-11.827505838775634
1478630735754,284.6003342529523,-0.8108806154561898,21.362241342145268,4.480000145898386,0.3389291633827146,-12.75301471029073
1478630735788,284.564635413184,-0.8962578296602146,20.948030488688016,4.999093212536722,0.34745851593017574,-13.983185450799763
1478630735821,284.50747162065517,-1.021782458119459,20.661216438406534,6.096535252380371,0.5051765685592777,-15.684564713287353
1478630735855,284.44591487606345,-1.1562071915102872,20.499880407560553,7.0202481803894035,0.7212532683883793,-17.54845070571899
1478630735889,284.3813064810364,-1.206928044781706,20.492039985445803,7.288398766326904,0.9308955147231929,-17.622521319580077
1478630735922,284.3093906197032,-1.1553406695709905,20.772385391197492,5.850980090741068,0.8652046066726558,-15.088408499908446
1478630735955,284.2533278400369,-1.1400897880935381,21.12100586580504,4.631134198760986,0.5524620513473637,-12.820051772253214
1478630735989,284.14311230576754,-1.2144586009771519,21.82684080651155,3.9019502287048846,0.09008182833022438,-10.862043873187154
1478630736022,284.0670220395021,-1.2948223363181504,22.360929315620723,3.9784150442261246,-0.04534019393920898,-10.431237504223734
1478630736056,284.0302051296077,-1.3312209787209208,22.63699357102427,4.019415692857374,-0.048183308410644526,-10.342502405194193
1478630736090,283.937592233262,-1.4197991477230303,23.4612500047498,4.042759168177051,-0.05776011505126953,-9.678709921850636
1478630736124,283.8836074051812,-1.4727235638249077,23.99970834687789,4.01432805086216,-0.009427169036865234,-9.524882172924652
1478630736158,283.8299219032782,-1.5242100633707776,24.54026641933219,4.2497079467773435,0.14215571443862282,-9.518597905023395
1478630736192,283.78561882363016,-1.5442196064107663,25.054318643490955,4.459350156579539,0.25558102893414614,-9.674968908691406
1478630736226,283.75060670706205,-1.5650033809413844,25.555771279345734,4.62873999710083,0.29867666395435805,-9.750985030597075
1478630736260,283.7104590195307,-1.553374608225627,26.26631437834759,4.741865989010594,0.25692775766400733,-9.735871267291158
1478630736294,283.6840353521877,-1.5369701240751132,26.695861856856467,4.929511507592722,0.20081367337876,-9.764302777331695
1478630736328,283.66906825688113,-1.5134320568981612,27.077395138839453,5.032911310986429,0.19482815552863758,-9.910199440997467
1478630736362,283.6564495837865,-1.474452935128108,27.408451950809802,5.052812856558151,0.19093759153061546,-9.935637614440918
1478630736395,283.6544306844465,-1.4088884745625005,27.79364250625702,5.105485329614207,0.23986907483114916,-10.085873476354777
1478630736429,283.6616617837582,-1.3272772145636533,27.955373917094835,4.7289971916198725,0.30466215212172826,-9.927108563287556
1478630736463,283.65889570199255,-1.2187332085815172,27.927482767938127,4.162618751791306,0.27682956238898915,-8.830264507603365
1478630736497,283.6625540778313,-1.0932575733922267,27.939916355923476,3.5024178266663104,0.2832639747840818,-7.5351511749267575
1478630736531,283.66208494163004,-0.9513132430747625,27.86952542990776,2.8595744617186485,0.18480244749317642,-6.0413189765930175
1478630736566,283.6693155762788,-0.6962881454615055,27.03917894552633,1.9246388595581054,-0.025139117431640625,-3.2704794677734372
1478630736599,283.6817373283467,-0.5593715596635952,24.535276238325572,2.2251110217772423,-0.040701428222656245,-2.6321254501342772
1478630736633,283.700292126191,-0.49851250045795265,21.977371563153525,0.8804676605224608,-0.04025251541137695,-2.5266309394836424
1478630736666,283.72003406871255,-0.5083387690635295,20.838071619250726,1.2551602203369139,-0.03681085052490234,-3.968389251708984
1478630736699,283.7358231170434,-0.5793624215242209,20.372999680470127,3.287837448075879,-0.04055179061889648,-6.823624076788127
1478630736732,283.74987802068597,-0.6573623094158448,19.840427891556825,4.213944413348287,-0.009427169036865234,-9.58234304930102
