sep=,
timestamp,gyro-alpha,gyro-beta,gyro-gamma,accel-x,accel-y,accel-z
1478630713182,278.69803938667036,-1.3605482186690645,33.37319120526842,5.321113326694583,0.42975919799804685,-8.016685129956155
1478630713215,278.66570334303333,-1.3904298959001606,33.44785381867979,5.390694949440192,0.3399766357421875,-8.09763913752227
1478630713249,278.6344745245703,-1.422375300555006,33.53721414845503,5.441721194225759,0.29299041902846656,-8.125621026932052
1478630713282,278.60572823136016,-1.4514413280896954,33.62906008556494,5.44980165222825,0.2751835487476317,-8.136395224380411
1478630713315,278.5626804563338,-1.4850578008069353,33.78073293243866,5.479729207229532,0.2283469879039796,-8.09479591345298
1478630713349,278.5502130220405,-1.4939363380769313,33.83225286054173,5.492747445861192,0.21951836471557615,-8.088361487358156
1478630713383,278.5261856912609,-1.5078101223903093,33.94869639898675,5.55918665381167,0.20694880599975585,-8.141482471937515
1478630713416,278.4923749592593,-1.4905868382285343,34.131877108717845,5.6389435514145525,0.17208323519057594,-8.213757972838776
1478630713449,278.46912975694306,-1.4756448722203397,34.26101704162886,5.710619927082862,0.2066495216590818,-8.213907117252191
1478630713482,278.43854427860714,-1.4626052736498552,34.48076167560369,5.742642209890671,0.27563245699233374,-8.063072481161006
1478630713515,278.4192635184942,-1.4689557481333566,34.62396864170244,5.686079487930424,0.3199251968383789,-7.97254194551548
1478630713548,278.3969149055115,-1.485211231827186,34.784039943880785,5.738452210854925,0.32351649932861326,-7.881262879357859
1478630713582,278.37470784805635,-1.5138873469758203,35.02027466770968,5.875071781479008,0.335337874592212,-7.892934740315284
1478630713615,278.35014839675074,-1.54530648268347,35.41244819569621,6.148310082476958,0.37125088579482396,-7.877372137263324
1478630713649,278.3357392708832,-1.556700562264711,35.96136564462492,6.2807388503476975,0.3178302749523194,-7.475744790505804
1478630713682,278.32992657874695,-1.5405292114057145,36.85084549535281,5.961711643528658,0.2606687088890336,-6.831854437255859
1478630713715,278.33028976074615,-1.4680989231390675,37.48598500831873,5.080645341259613,0.1562216583251953,-5.484218031664938
1478630713749,278.34484579917495,-1.3570862718071184,38.148211730678824,3.1771056030273437,0.06838438491821289,-3.2064348656252024
1478630713782,278.38171813894326,-1.376989019046946,39.06303017428324,1.7380407676696776,0.2289455269025755,-2.0546739372253415
1478630713816,278.4150102428238,-1.4865610504231421,39.781616320669585,2.3539488524839283,0.4047697273033205,-3.513490644018352
1478630713849,278.4237595831755,-1.5845035352154713,40.436707536867765,2.929754644012451,0.2844610801807372,-4.037970737457275
1478630713883,278.43532040978533,-1.67832752875075,41.13896536427882,3.545812658691406,0.17193360671997068,-4.4111669212341305
1478630713917,278.44849533103445,-1.8024912758112586,41.81250801286278,4.593126393536478,0.07152679286347702,-5.340416440582275
1478630713949,278.462076295136,-1.9698124413354423,42.74441825279888,5.852476612909138,-0.014514847564697266,-6.312761589813232
1478630713983,278.4649695378845,-2.018588687283947,43.088510223324995,6.752546621427615,-0.04144961624145507,-6.915053182408307
1478630714016,278.4954596271199,-2.1396997646907416,43.849162751416635,7.667430962780863,0.04878185882568359,-7.925106843389943
1478630714050,278.5350225468901,-2.1592371138032633,44.58058910747533,7.030273689778754,0.08035541148530319,-7.861211294323578
1478630714083,278.550639673643,-2.189634817835739,44.993213537972,6.941987744447443,0.2603694305419922,-7.977330147906392
1478630714116,278.54576395927666,-2.2199111441950454,45.38552527077095,7.3630676748747,0.3718494447721954,-8.044816926397756
1478630714149,278.5342892576942,-2.2532692268405183,45.75516728316279,7.9055040250364685,0.46671967699355443,-7.9723920339170835
1478630714182,278.53884359240425,-2.2782870949696346,46.05673851910929,8.147617594854534,0.4553472099746577,-7.911789242785796
1478630714215,278.55337213064576,-2.2890836547833975,46.289974194841086,7.81931283833608,0.45594577865600583,-7.876025855487212
1478630714249,278.5621306811959,-2.295188005895332,46.453634601656184,7.558045472573675,0.3354875213291263,-7.880365126800537
1478630714282,278.56188346567995,-2.3159824340943675,46.390331071530014,7.406013667153753,0.3800795021333615,-7.927351480511575
1478630714315,278.5609099242708,-2.3914394114460493,46.314642381128635,8.266130650097503,0.6811503723144531,-8.710404914855957
1478630714349,278.555997527213,-2.4723359451670275,45.99199403299821,8.927977844592183,0.6615478462219238,-9.405321946716308
1478630714383,278.55782999090496,-2.5609153880271434,45.65721791729639,9.913641178949177,0.6206967621291988,-10.38036057281494
1478630714417,278.55355175117063,-2.649719906511562,45.2640715976055,11.046846752221882,0.6462848106384277,-11.687893954467773
1478630714451,278.5299476164018,-2.7200890100583517,44.8485313474299,12.206088976287841,0.8068459594726562,-12.41124213104248
1478630714484,278.507296363321,-2.752276578984297,44.39427419168418,13.076830192565918,1.089212117767334,-12.849381034851074
1478630714518,278.5145562681886,-2.6558745304601614,43.740147244878635,11.822118885040283,1.5803227333068848,-11.814637004852294
1478630714551,278.5180564969303,-2.5695210113381592,43.30984721437453,9.613467853546142,1.1370961144378409,-10.478223857934772
1478630714585,278.51026077056764,-2.523830020206528,42.880681584688155,8.308029690606892,0.8577227447509765,-9.648183485357462
1478630714618,278.49687356536117,-2.4782192138154477,42.24199548051492,7.184849288796819,0.5600935600059572,-8.954015079907327
1478630714651,278.4811565002871,-2.446616101399297,41.76463345231215,6.681019550002925,0.4070142765183409,-8.421454848126322
1478630714685,278.4655097339291,-2.4204847914824805,41.25792787671524,6.52629429511479,0.4725555435401853,-8.195052788311616
1478630714718,278.44949962355525,-2.377286997808474,40.69027015871864,6.656928279390092,0.3661632027004147,-7.830236712204106
1478630714752,278.4565751637216,-2.321309298495564,40.03424616773504,6.464943233766313,0.2635118293541018,-7.616105200759181
1478630714785,278.477058624223,-2.258843416940735,39.308159722383856,6.2858267937370105,0.21951838298188522,-7.742997879614308
1478630714819,278.49891956029586,-2.1938694677596176,38.49390032824973,6.3477765698973085,0.17462708358764648,-7.950994057508837
1478630714852,278.54777428971477,-2.0382611845392864,37.147956108379454,6.328623139279149,0.17866729888916014,-8.110507925779837
1478630714886,278.6001210646042,-1.9639901145132206,36.13520056065999,6.231358623770065,0.254084651184082,-8.619575108569487
1478630714920,278.64768211899076,-1.8828405045139478,35.03387177718296,6.252457781628519,0.38037880245705596,-9.153930918530374
1478630714953,278.72408414493174,-1.7384743356431498,33.300498133888716,5.994781974084675,0.43035774841308594,-9.367912399645894
1478630714986,278.78733261888146,-1.6514355098314077,32.106018217047215,5.713014147009328,0.40626609420776366,-9.712228525897116
1478630715019,278.84803672453813,-1.546428113893573,30.93672593375253,5.3013610260009765,0.34596213075942356,-9.655815003149211
1478630715053,278.9101813086196,-1.4205882295839296,29.814453938365897,4.828356482884543,0.3113958442909177,-9.25044724602066
1478630715086,278.97576298967783,-1.2636739575056195,28.75179597199202,4.225616402169876,0.275333195484546,-8.277054450900293
1478630715120,279.048453091244,-1.0873859443964278,27.751216767882074,3.3701381849426775,0.19243395558094778,-6.836343565368652
1478630715153,279.1745926425367,-0.8493432900452438,26.336902535204594,2.3976433250427243,0.1554734725896851,-5.458181527002155
1478630715186,279.2562111317418,-0.6884906357322219,25.449184288984295,2.063502555847168,0.07107785721931141,-4.3565489036008715
1478630715220,279.34530634737655,-0.5464156289781845,24.499996801859723,1.7500119221009314,0.036062662506103516,-3.7165491645812985
1478630715253,279.4789028690935,-0.3850600824623162,23.139621766327725,1.5402200016297398,0.01092354507446289,-3.586065174102783
1478630715287,279.555089440074,-0.32276404259080493,22.208390157222745,2.2014684265136717,0.08245031738834223,-4.266467358398438
1478630715320,279.634709351137,-0.28656699952906783,21.239551052862634,2.9447184043884276,0.12674305038452147,-5.669618876592814
