sep=,
timestamp,gyro-alpha,gyro-beta,gyro-gamma,accel-x,accel-y,accel-z
1478631367845,281.1533139264209,0.6813342414856773,27.428221118525986,4.428973832614161,-0.07826047133293468,-8.560168824613234
1478631367879,281.11183347650433,0.6714428746413149,27.781049568523738,4.586242934757721,-0.10534487190523067,-8.566603150243358
1478631367912,281.059839844476,0.6556948668310467,28.15572380559906,4.670937792227929,-0.12868833809175412,-8.611344878249207
1478631367945,281.0250246626819,0.6394729871664304,28.296853387264388,4.754884387472458,-0.13093290328979493,-8.636782933817884
1478631367978,280.99490191556146,0.6204156420173362,28.355277668311217,4.749946401347313,-0.13272855681820073,-8.554333136163116
1478631368011,280.95544463833613,0.5712198278302768,28.265408757439108,4.704456501305685,-0.12419921340389409,-8.462006675277836
1478631368045,280.9313474351815,0.5313519484486567,28.13454819351355,4.742315047952347,-0.1264437728937133,-8.499715068297506
1478631368078,280.9106126766285,0.4805584181252067,27.946290911661013,4.764610813450534,-0.10474632491512456,-8.62780493474768
1478631368111,280.889611168245,0.40213862284693874,27.524256386094272,4.571428657863522,-0.07317278652605891,-8.70860932982621
1478631368144,280.8719586948958,0.34593476643401155,27.20907373879932,4.53012888928838,-0.06988076209745486,-8.597877445961768
1478631368178,280.86281564009687,0.2759884873988528,26.869241652999087,4.306570099208736,-0.05371990089140017,-8.717587581485219
1478631368211,280.83820038463597,0.20544465971911857,26.554061429960804,4.302978942848974,-0.04249707946777344,-8.834903661478986
1478631368245,280.82044560559285,0.17784247359968103,26.46210123416115,4.531475572923291,-0.049380408099078336,-8.806472197104222
1478631368278,280.7654332230449,0.11300127015885181,26.478202138025487,4.4716206227509305,-0.04908113403320312,-8.335263551828078
1478631368312,280.7146882653141,0.10481847325966058,26.91918028466387,4.42224020095212,-0.05491700057983398,-7.794173940100148
1478631368345,280.64462243632136,0.1845003066958543,28.006261488377653,3.475333493451029,-0.07242460250301519,-5.420921471405029
1478631368379,280.6389938758088,0.26735700005597385,28.70625353819646,2.603694159289449,-0.06404489669246831,-3.624522038269043
1478631368411,280.6719584443725,0.27314126934070865,29.0934542321765,1.8216881881713867,-0.05641337547578732,-2.803161231231689
1478631368445,280.699953532342,0.21371349894900274,29.467210698391625,1.6038158370971678,-0.036062662613132665,-3.3460464576721187
1478631368478,280.68685064474346,0.15215446920921685,29.921356124877292,2.123656872558594,-0.03247136115751346,-3.9221509398862717
1478631368511,280.6670156268198,0.05073176249175514,30.35436892371606,2.7090390323363245,-0.011522095774913031,-4.488978182928264
1478631368545,280.61930130531607,-0.16088204078382604,31.019186765471698,4.579359441729634,-0.05192425307121593,-7.293336880316212
1478631368578,280.57938327931356,-0.25050456943873106,31.45170530047775,5.0785507207676535,-0.04668692780646961,-7.799859949847311
1478631368611,280.58734064105306,-0.3325679338867711,32.031396982113755,5.267542731188447,-0.037409400939941405,-8.204330246679485
1478631368645,280.61367729089164,-0.4136563092786823,32.350515313013325,5.239410908489028,-0.02169744797858875,-9.016563159887491
1478631368678,280.6212006334412,-0.4430798696600638,32.485127319027654,5.5843258077759295,-0.05312134476813953,-9.3810808010377
1478631368711,280.6212728020417,-0.506019520560101,32.77559672422071,5.756708144644088,-0.0718260498046875,-9.147496355438232
1478631368745,280.61215326621556,-0.5865842742908999,32.98696367880384,6.074837580639496,-0.02902969512939453,-9.687388537542521
1478631368778,280.605026025281,-0.5912486403299914,33.06088735499085,6.178387094702199,-0.03366846084594726,-9.57935018762797
1478631368811,280.64528803863476,-0.580877071584502,33.25630735621916,5.806837070697173,-0.04863222122192382,-9.214983060864359
1478631368845,280.6718536589317,-0.5814364732624973,33.370766344531596,5.843797047369182,-0.014065934753417967,-9.48792205012217
1478631368878,280.6889314926354,-0.5828312214250543,33.44406308184923,6.1026705402649934,-0.03696048812866211,-9.424176284790038
1478631368911,280.7146963052542,-0.5970570262831963,33.45768210835352,6.080972795458883,0.028131864940258672,-9.795726454925537
1478631368945,280.71562317224755,-0.5869254745462599,33.48416187248303,6.254851983288675,-0.029628245544433593,-9.35818632072769
1478631368978,280.7289820978409,-0.5972193441624917,33.4853189166656,6.282983633599803,-0.0282815071105957,-9.404274702685699
1478631369011,280.8185990311366,-0.6706014132423206,33.49543764897198,7.051672223309427,0.07242460021972656,-11.802516651208698
1478631369045,280.8743086987989,-0.6530997048719102,33.44529622173295,7.601141504315287,0.14170681076049804,-12.029366966247558
1478631369078,280.8982938461612,-0.6753442860013816,33.387164456296965,7.981520146942138,0.3161842567443848,-13.049296581213175
1478631369112,280.9127414558778,-0.7077817842088537,33.17565895796664,9.356390450286865,0.4079121169822756,-14.572757317352295
1478631369145,280.92567532468485,-0.6447422778583205,33.04404339712635,9.961225644683838,0.2733879020690918,-14.551957690429687
1478631369178,280.9700454813058,-0.510687477219661,32.99541692676272,9.329156114141643,0.17956512451171874,-13.846416388702393
1478631369212,281.05564912840487,-0.23613583344130049,33.07769127773181,7.2197152523316435,0.22310967633896506,-11.616966022546588
1478631369245,281.10801162556,-0.06863055990397846,33.19850588551321,6.185270497540384,0.24211363375014625,-10.474332987976073
1478631369278,281.15169427941754,0.06585004394764019,33.314300094969596,5.501725877900002,0.22071547239552017,-9.765499658966064
1478631369311,281.18301529251676,0.24951896395906237,33.43918188259238,5.318569478297513,0.08544307174682617,-8.957456525598094
1478631369344,281.20733070999563,0.34637978577948053,33.50030564585355,5.093514138650335,0.051475335693359374,-8.569296946771443
1478631369378,281.23073231325753,0.4240170230298756,33.54815505649339,5.103091091421432,-0.04085106582641601,-8.616133187954686
1478631369411,281.2477357919603,0.5140083433161544,33.60118031958901,5.192424960061722,-0.08349778432500461,-8.640075241088867
1478631369444,281.2692617361021,0.6048370870031001,33.652071006894715,5.189282753045856,-0.11641805458345333,-8.422053288943506
1478631369478,281.29849481597114,0.6780141371013736,33.58798835285961,5.322908877475,-0.12300210800723871,-8.672995440850778
1478631369511,281.3215936627963,0.7738699025878971,33.49221786800988,5.4845172931727255,-0.17582418898430185,-8.722974510104395
1478631369545,281.3643079921348,0.9312991553764288,33.42250664979488,5.592705568385403,-0.19183541486988542,-8.78238045613393
1478631369579,281.3894693389774,1.0129686101334623,33.46046471458277,5.619341171452496,-0.18091186979542254,-8.927079945904389
1478631369612,281.4123626059347,1.073511654601569,33.504711120143185,5.700743900033645,-0.1520318077032105,-9.028833954852447
1478631369645,281.43591925482093,1.1157090420465796,33.59282124163201,5.831377564648538,-0.07841010437011718,-9.486575019427388
1478631369679,281.44635480320346,1.1621600870038422,33.679464557437875,5.968146334484964,-0.09232640151977539,-9.674520288141071
1478631369712,281.45001647097365,1.2166077993658513,33.75365772052444,6.009745478732325,-0.1261444908363279,-9.477597055462747
1478631369745,281.4723398177944,1.3215662539226019,33.820052988873535,5.2802623248002485,-0.15472528228759766,-8.402600382188428
1478631369778,281.4836791950881,1.4566444827971288,33.930631730173715,4.262576561504975,-0.15023615417480468,-6.754342012377828
1478631369812,281.49675933880627,1.596854369089434,34.061038530108995,3.0632312404356896,-0.10863690032958984,-4.7162777030393475
1478631369845,281.52940408195724,1.7235482600611518,34.18636297826695,1.9993077315732835,-0.03950432739257812,-2.89219560546875
1478631369878,281.5662854652154,1.7571086282831685,34.00498810578004,1.813757395172119,-0.01780687484741211,-2.1429601234436033
1478631369912,281.7534315580227,1.8003897671439821,33.10877622731855,2.020107358495891,-0.03396775431977585,-2.189198143005371
1478631369945,281.87906054885883,1.7630073772037544,32.39897727763112,1.7750015480592847,0.1987187560592778,-2.3395839347839353
1478631369978,281.91953550364804,1.6254939036194407,31.88729360040429,3.517232022503763,-0.043245267486572266,-4.708946044977009
1478631370012,281.942844973134,1.337726460121573,31.11738769452001,5.483769045788422,-0.36317046432495115,-8.300547719087358
1478631370045,281.94488303295066,1.1921209317252777,30.672817111101363,7.0516719310484826,-0.5889736083984375,-10.953023682403563
1478631370079,281.9763368329365,1.2404574962076,30.317838406401783,7.1734773789003485,-0.8656535377502441,-10.99671815496236
1478631370112,282.0831533081124,1.451706725818245,29.49629304797914,5.258115868112259,-0.7276876670837402,-8.421005780051415
1478631370145,282.1322450175767,1.5375149928988203,28.93565437519164,4.489726681474316,-0.6983586967468262,-7.702146886853129
1478631370179,282.16025402913306,1.5709734081903015,28.37161513703244,3.8845923397339877,-0.44966099929809566,-7.5436805914063
1478631370212,282.17705389573825,1.5557063673305644,27.583882334120364,3.9555204908508803,-0.1795651153785642,-8.028207225445657
1478631370245,282.1832920218721,1.5383342753273008,27.152692341486922,4.451419505144166,-0.10714052429199218,-8.819191370590916
