sep=,
timestamp,gyro-alpha,gyro-beta,gyro-gamma,accel-x,accel-y,accel-z
1478630256954,183.16741142177648,3.1067114800065303,28.996455968567783,4.813243194502662,-0.445022251847852,-8.65578742694566
1478630256987,183.15195450673548,3.1550869577711906,29.24618996333581,4.772990522686014,-0.5282207287138851,-8.459163323344383
1478630257021,183.1351198915408,3.219404424127549,29.468028045617295,4.7764323120117185,-0.584334847248462,-8.441206911357911
1478630257054,183.1090916311151,3.3014422611192695,29.571100741458203,4.781220792963844,-0.6331167106407228,-8.295609440701268
1478630257087,183.08987712135226,3.343395353320284,29.58325095833386,4.894346780307032,-0.617404753112793,-8.424447618467825
1478630257121,183.0694428752318,3.363056224246985,29.521022495774496,4.9488148863418955,-0.5868786762375792,-8.470835357831744
1478630257154,183.04163045052505,3.397356215296486,29.395347307334514,4.917390825155564,-0.6365583709606202,-8.52500379250851
1478630257188,183.02431305080611,3.409058120101166,29.281146579136248,4.7969327316546435,-0.621444984397327,-8.463352989019988
1478630257222,183.0066880334459,3.4132532930335797,29.18019360707178,4.729895113140554,-0.6075286529983394,-8.48953958337768
1478630257257,182.98571337240855,3.4194018600111544,29.091592332386195,4.708945684217405,-0.6220435256792115,-8.54595323227728
1478630257290,182.94391682364832,3.4313791409939625,29.08351817366951,4.694430982783181,-0.6099228683582274,-8.51901834658198
1478630257324,182.91283920735174,3.420816131479094,29.122998363688193,4.719719577988377,-0.5801449892057892,-8.588600005860208
1478630257357,182.87848459652352,3.416876972560054,29.22459974101739,4.688445346202049,-0.5900210870369541,-8.551489533067913
1478630257390,182.83768612969823,3.4261187841743994,29.386727447017183,4.743811355491285,-0.6263830093383789,-8.547748811027983
1478630257424,182.76803124660555,3.4660426506721453,29.745146589964627,4.994603910893993,-0.7015010681594721,-8.675090495167579
1478630257457,182.71890468973885,3.4947792745071045,30.03926597088355,5.216217192929052,-0.7052420447860844,-8.876951567840576
1478630257490,182.66913867602798,3.5199622807357143,30.371784314570387,5.487959300552495,-0.6818985603332519,-9.12564919222407
1478630257523,182.62225771746617,3.5618328840105478,30.696844345762422,5.419125747094675,-0.7260416625755373,-8.906729414456152
1478630257557,182.57260990134642,3.6194557346006895,31.04840899914951,5.221454271598626,-0.774374581190478,-8.467243872678418
1478630257590,182.51385053935473,3.70324426179163,31.495062871897456,4.992359200707124,-0.7649474486862309,-7.7672392810212445
1478630257624,182.44998873824008,3.7710382143443,32.04292227092033,4.876389939062297,-0.7050923752162838,-7.144597248309478
1478630257657,182.3724296319334,3.851808219689459,32.963328170150824,4.6067432693481445,-0.6186018722091801,-6.170007315826416
1478630257691,182.24520814727148,4.044539359164802,34.83367190554443,3.877409588623047,-0.30690676184389737,-3.9140708015441894
1478630257724,182.16222331655553,4.145456580635297,36.39036130841019,2.6574144974306226,-0.08424597091674804,-2.3419781364440917
1478630257757,182.1200466807525,4.115256572227221,37.3583652558843,2.7787703018188474,-0.0326209976196289,-3.6872201942443845
1478630257792,182.08493491065195,4.118431172780738,37.96096497286716,3.205536747741699,-0.006584054565429687,-4.179677255956828
1478630257825,181.9720064214193,4.134548155551096,39.450856047772646,3.2698809173583983,-0.02693476867675781,-3.624671968133747
1478630257860,181.876770602257,4.003102424799518,40.803053331512324,4.285471334075927,-0.22565346993710844,-4.723610530145466
1478630257894,181.84308573004984,3.946258428535033,41.249358120626795,4.916044342450053,-0.340275910949707,-5.446060734967142
1478630257928,181.76296651325717,3.811181067814316,41.9857970690076,5.941959534631296,-0.9367314178024418,-6.4356140625
1478630257961,181.71311275223454,3.6970406815840793,42.505990253885116,6.3341600046128965,-1.3136685234069823,-6.2976481918334954
1478630257994,181.64882682855188,3.5201214834384764,42.82663142308615,7.850138038580119,-1.4215572722503915,-8.284985499627888
1478630258028,181.62909992726753,3.490733189029702,42.81517017164896,7.66368980349116,-1.2859855667114257,-8.289025276537984
1478630258061,181.58384411092882,3.352568279420797,42.383112837618334,7.1986162771362805,-0.8812158485412597,-7.889792441967875
1478630258095,181.57119417546676,3.2860079368647597,42.11362764385682,7.158513618524372,-0.7838017684936524,-7.863156911966018
1478630258128,181.54622361233177,3.0894595835866734,40.9300100014771,7.466916573742776,-0.7260416534423828,-8.765621044512837
1478630258162,181.53100973812636,2.9139722400313666,39.24638684842801,7.410802107006684,-0.8631096984863281,-8.894159746142476
1478630258196,181.53262856126,2.8566939205983433,38.59357151086628,7.164498684283346,-0.8921393936157226,-9.134926942852884
1478630258231,181.52078726262928,2.7167416468579493,36.77241042790601,6.451325974362157,-0.7751227874755859,-9.0428999626711
1478630258264,181.51508636920855,2.619071648700795,35.390020644829356,6.3642370716370635,-0.7164648468017578,-9.303867943628132
1478630258298,181.50445863250192,2.5115727052661923,34.08467355874772,6.6703953897338355,-0.544231955741113,-10.737395895385742
1478630258331,181.46970688491325,2.3414808822838635,32.272605608652555,7.2069959098815914,-0.41763855323515015,-12.475137095586955
1478630258365,181.4337683416439,2.2287283938530598,31.109231424374492,7.390451904352009,-0.4556464897487545,-13.261931616155803
1478630258399,181.38336224461176,2.120545158219499,30.27557302201067,7.684190228271484,-0.514902985404199,-15.357307273864745
1478630258433,181.27774263800535,2.0604997424974076,30.328640547247876,8.922291761779785,-0.5840355857406743,-15.75639076309204
1478630258467,181.13146901000226,2.062624520835211,31.081227406313122,9.270947378540038,-0.35763387384207307,-15.570091946411132
1478630258500,180.9736606927622,2.137270598473853,32.56390576500706,9.590722645513713,-0.2528875503540039,-14.143746307373046
1478630258535,180.83449811683406,2.2072548466399686,34.01862115902011,8.08881030883789,-0.2256534882034175,-11.768099710083007
1478630258568,180.61792224180914,2.2646195937781597,36.15270939854673,6.304232282931544,-0.33788169558981895,-9.6787098487854
1478630258602,180.40685275638535,2.2731572529477755,37.63289685972832,6.659771046801656,-0.5753566047226079,-9.807248842675984
1478630258637,180.28651999179792,2.263801280034576,38.166535414213214,6.420650557852349,-0.5897218146835453,-8.92318966046758
1478630258671,180.16959278083235,2.247362041948112,38.44356264271657,6.4257379806518555,-0.45415012741088867,-8.340650176769866
1478630258704,180.00937948009027,2.230707246955442,38.60458660818598,6.765714835589751,-0.381575871481637,-8.104073125225678
1478630258738,179.93502822057184,2.2055765759582404,38.10623513753885,6.21175640820479,-0.4091091926961788,-7.783549455604073
1478630258771,179.84697336652442,2.159889476268147,37.298375219759315,6.1231707275833,-0.34012627562923586,-7.778761252071516
1478630258804,179.82413910712324,2.1437754422291073,36.91463513322732,6.143371950221341,-0.33054948268834267,-7.986906844949163
1478630258838,179.7625472068414,2.095558053106628,35.83916538492234,6.082020404815673,-0.17761985392915083,-8.319252510888875
1478630258871,179.7350304672166,2.0321051169036117,35.14510739027974,6.16731383895874,-0.19108720173491164,-8.65758284072876
1478630258904,179.6950825039198,2.0467350124707533,34.77093630157435,5.367650374868698,-0.1457470260620117,-8.302941902481205
1478630258938,179.66072706605854,2.0651398953626785,34.34814381727482,5.43423948300113,-0.28895020829353013,-8.009652144313138
1478630258971,179.59253504738965,2.1246520697927918,34.563108048761876,4.446182193579152,-0.29463643723640126,-6.695833855438232
1478630259004,179.54784251366826,2.177644767138245,34.796587490175625,4.317344143676758,-0.41210194705466274,-6.479906647082418
1478630259037,179.50652866915513,2.2452197531355305,34.9492205182553,3.6875196155823766,-0.4349965186962159,-5.417330168914795
1478630259071,179.47726753761742,2.292289697461222,34.965022369586514,2.911797839300334,-0.3591302627231693,-4.008193146570027
1478630259104,179.45850249617914,2.322624797725544,34.771595327273836,2.6880896216794845,-0.23612813873291014,-3.5250130317687987
1478630259137,179.46831651335395,2.2974607991966622,34.00355095649664,3.5872621288023887,-0.28865092851943336,-3.612999942779541
1478630259171,179.53506838678607,2.200344391132886,31.91215971482667,3.0789434810914096,-0.199167632337939,-3.5597289558410643
1478630259204,179.6018773328032,2.0757653158988143,30.004623942441242,2.249053184509277,-0.15188218608247114,-4.141968579809367
1478630259237,179.6135452782337,1.9667826371272974,29.487836673983427,4.403086636761576,-0.4837783546890132,-6.750302089337259
1478630259271,179.63883070779508,1.7781618094815521,28.466119937250387,5.277568647003173,-0.7441477852310053,-9.11382818685323
1478630259304,179.62631446467515,1.7439394821717242,28.339330786329757,4.644003127440804,-0.6344634399414062,-8.473379133163577
1478630259338,179.6141062663328,1.7973627741586202,28.52674493041236,5.694608575616404,-0.4704606262207031,-8.655039051697193
1478630259371,179.623237031801,1.8353363446265567,28.493282681570633,4.271704637997411,-0.10564414825439453,-6.985382764843851
1478630259404,179.6294842892533,1.8001510580903326,28.516733681888923,4.099920741946436,-0.0757166275024414,-6.937498293249309
1478630259438,179.6348141673679,1.7340900607717633,28.485542709437254,4.731840315224463,-0.1764227439659182,-8.248024828836135
1478630259471,179.6575695976333,1.614155701456859,28.2451856874679,5.022586243261769,-0.27503392056243753,-8.775946395365288
1478630259505,179.67326767515388,1.5762452994140919,28.302505416097496,5.059097891644388,-0.050427872467041016,-10.207828123418986
1478630259538,179.67036926596865,1.606944021772139,28.82284389638856,6.197839910125732,-0.38531682968139647,-10.136900191497801
1478630259572,179.67183214740177,1.621851781269563,28.876746624155384,5.102343049533106,-0.21847091062241233,-9.259126300103961
1478630259605,179.66702335794946,1.6736847362992402,29.24607790490868,5.360916682699509,-0.3725976333618164,-8.808866476396192
