sep=,
timestamp,gyro-alpha,gyro-beta,gyro-gamma,accel-x,accel-y,accel-z
1478630281223,178.1914264226467,3.3340054123976506,36.53565643782586,5.949890583358891,-0.49111061553955077,-8.030750662850775
1478630281258,178.2025020994669,3.324879776823397,36.57883429790999,5.881655762979202,-0.5374982772716553,-8.01518849819023
1478630281292,178.2039189587147,3.324833987406389,36.618925974549164,5.879560571665084,-0.5163993797081057,-7.815422196706244
1478630281325,178.2056513779282,3.3116921629781872,36.68942574502248,5.873575309543288,-0.4902127762172604,-7.9280996137314474
1478630281359,178.20139531931144,3.3142993027825165,36.722000916846135,5.894973436648584,-0.5223848884250736,-7.926752939229691
1478630281392,178.19687463751853,3.3385354827430387,36.75935862131606,5.885546338393667,-0.59840078200188,-7.793575238988059
1478630281425,178.1922484646794,3.382042079978904,36.80444693982801,5.820005079363333,-0.6757634003127925,-7.747786036339448
1478630281459,178.18286249473564,3.4279449645640314,36.87149400935052,5.9442041489200435,-0.7043442191635259,-7.773374020916596
1478630281493,178.17415651501295,3.475559076839482,36.93123364288225,5.986850815759226,-0.7420528770446777,-7.830835206678573
1478630281527,178.1620941733309,3.535587719490722,36.97176044121165,6.0287495914071325,-0.762253953552246,-7.8112328261456945
1478630281561,178.15758921046915,3.5747956785280603,36.913867817258826,6.082768446704,-0.785896694946289,-7.8314334128878516
1478630281594,178.1648799600395,3.634579077801866,36.5516205800188,5.823895345106777,-0.7770680397918447,-7.7997105771050315
1478630281628,178.16992692804192,3.6515939164137508,36.21387677472836,5.798157856783666,-0.7288847770469729,-7.862558318168495
1478630281662,178.1759500963427,3.6505249149523973,35.85376459987881,5.82509264829331,-0.6760627120529301,-7.860313884259551
1478630281696,178.18375938838477,3.619861956689468,35.456472966269935,5.664531421827268,-0.5898714340209961,-7.975684101157349
1478630281729,178.1830080088191,3.5901855985407423,35.20353618670215,5.617993948961468,-0.5725134354522451,-8.091055110356304
1478630281763,178.1733080788148,3.5751879666957485,35.04479483402127,5.6504652952776055,-0.5568015190235106,-8.192508967314009
1478630281797,178.15163725318953,3.5736274902728793,35.11541877859184,5.539284633315913,-0.5666775917385006,-7.949797216973663
1478630281831,178.12117538995196,3.5754817324841577,35.26235593921615,5.572654293878376,-0.5876268790977541,-7.770531399635504
1478630281866,178.07480661887655,3.570586288436563,35.678675027391,5.5790885464432645,-0.5178957557457033,-7.798662940348778
1478630281900,178.03829215646954,3.555317687443439,36.03353397128397,5.721693141727126,-0.4911105972732417,-7.893383488729782
1478630281934,177.99648478052734,3.5385640562722207,36.44808388596453,5.9908909031965765,-0.5312135070468997,-7.96401273909849
1478630281968,177.93737693194277,3.525899826677811,37.03722194918686,6.090549529034272,-0.5740098343227291,-7.921515476967627
1478630282002,177.89183392202787,3.516116395942328,37.54782845044241,5.933580045733169,-0.5451297996299806,-7.589020913209673
1478630282036,177.82974516913487,3.5391902059135485,38.39134100667433,5.622632961273193,-0.5674258094400516,-7.049427513122558
1478630282071,177.67542317125927,3.606576752657063,40.837657882497815,5.709871830395609,-0.7363666663681157,-6.1906571590147905
1478630282104,177.41890348113995,3.7242328372604674,45.27822193944348,6.020519276605174,-0.7197568649513181,-5.398176409503072
1478630282139,177.21124215210864,3.8236842114741707,48.931476958101065,6.930914750140532,-0.7622539626854006,-4.385429107256979
1478630282173,177.05494442137854,3.927332226895019,51.597330890943795,6.284030877630412,-0.4649240166152827,-3.780294929913431
1478630282207,176.93916479121373,3.984902693959793,53.65784136417469,3.6572929657533764,-0.07751227874755859,-1.5032593673706054
1478630282241,176.86509791521573,3.9152025498300267,55.28971657474031,3.821894037628174,-0.07541738882753998,-1.5471031852722168
1478630282274,176.81648862594622,3.83101669536435,56.39937766479202,4.422090466308593,-0.038756139373779294,-2.8067528259828687
1478630282307,176.8135008122822,3.6732142184010694,56.58109900038276,5.192574488067627,-0.09322422714233398,-2.6657939109802244
1478630282341,176.87780729445115,3.509767853981165,55.879932866306774,4.449025234985351,-0.2302922721862793,-3.394678386633098
1478630282374,176.8646388168702,3.3590462049857193,56.46929874116924,5.11042315134257,-0.45040917818374,-3.121440122167766
1478630282407,176.7555152508681,3.1800334803309878,58.159992918907804,7.473051715496927,-0.9593266777038574,-4.204367460577189
1478630282441,176.70898511451182,3.038001813087596,58.85209770637848,8.257152521736081,-0.9777321029663085,-5.278765912230033
1478630282474,176.67676083991526,2.8636985378056496,59.257369487202034,9.749637926837057,-1.1701660979339852,-5.3387703904083
1478630282507,176.66539703498267,2.724125044198512,59.53302922856024,10.742932778985798,-1.1203367758819833,-6.23120909576416
1478630282541,176.6939394418281,2.6251150039408317,58.81400067440482,9.707739397784321,-0.7887398094177246,-5.453093410082906
1478630282574,176.83571728880554,2.3902906541244904,56.38984950213042,7.407210877581686,-0.40162733362861036,-4.164414658764749
1478630282607,176.91416273832837,2.2170824245471326,54.982275611938114,9.390956882885844,-0.6386532928466796,-7.343465404510497
1478630282640,176.99638479641155,2.06751973448787,53.06195866294282,8.936207839733735,-0.45714289775239303,-6.692691538824513
1478630282674,177.15752697070414,1.801555623059925,49.91699346272544,8.76397503087148,-0.3241150474603637,-8.125770943097026
1478630282707,177.2622188690386,1.6361924632045866,47.67890538711928,8.839392529296875,-0.32306759108391125,-7.7822030779298395
1478630282740,177.37399181204964,1.4407801676243461,45.3566623026633,9.020154754638671,-0.35404257049560545,-8.511087918908894
1478630282773,177.4829704586761,1.2331842577521053,43.2418631181136,10.073752830450236,-0.34431612625122066,-11.694178733825684
1478630282806,177.55024887376078,1.1031298397818259,41.35978532528122,10.733804885156452,-0.4688146125793457,-12.419621836853027
1478630282840,177.6166158088912,0.9803448112382814,39.6727676138828,10.948683899633586,-0.27817629625624973,-13.779977292633056
1478630282873,177.6261907514075,0.9145990362404004,38.4657066111907,11.884667403411864,-0.22535423126220702,-15.21380481185913
1478630282907,177.59958098095814,0.9469226122819422,37.96705636180342,11.667094327545165,-0.15053542481574694,-14.832528197479247
1478630282940,177.51258326701605,1.1536013294279386,38.64963787735965,10.617236607305705,-0.10130466687851584,-13.13922907333374
1478630282973,177.40820576413233,1.374789897652786,39.7615050592647,7.874080201312154,-0.07855974197387695,-10.412084037072956
1478630283006,177.3083436150205,1.4687726558967793,40.61249467933977,7.332541786370799,-0.07601590270996093,-9.846902515411376
1478630283039,177.20107879333818,1.537742764674836,41.41164821006142,7.100154879992828,-0.10414777221679687,-8.926481468554586
1478630283072,177.11158315809573,1.5820436635040045,41.8966719294703,7.028478248596191,-0.19812019194450695,-8.207023942742868
1478630283106,177.0469473018625,1.6124903582903416,42.105031323136714,7.154922169903665,-0.2802712249921751,-8.211064158044383
1478630283139,176.99764106157573,1.643532833478511,42.065316221787526,6.927472610330023,-0.337732071685791,-7.736413934646732
1478630283172,176.97742015101116,1.6535818085512346,41.61716848903913,6.595127638510055,-0.20679917296257336,-7.560140873950347
1478630283206,176.9889119543864,1.631182302592763,40.23944623848582,6.614431017259228,-0.21039047545280773,-8.075941584512405
1478630283239,177.02061773376116,1.6097789538318086,39.00968917814685,6.504447323696874,-0.36541502838134765,-7.809287319813575
1478630283273,177.05564191785544,1.5942996174845008,37.7888294110201,6.44773492760025,-0.3305494712718995,-8.468291125842184
1478630283306,177.10784616918923,1.5944467192715481,35.946420550866016,5.5939025961502455,-0.2112883010753663,-8.34798271161504
1478630283340,177.13447372125182,1.595798186145265,34.89889835976446,4.6115319649294015,-0.0953191535949707,-7.286004564666747
1478630283373,177.1511849654809,1.601012633091322,34.09209854196168,4.749198048931732,-0.17627308809584938,-8.046911633654684
1478630283406,177.15709422818256,1.6128423723822702,33.488492050927825,4.6308346312925215,-0.2899976852195803,-7.37773248883672
1478630283440,177.15890646441872,1.635661876985699,33.03825471090848,4.321234575244039,-0.2754828265238509,-6.571634936578572
1478630283473,177.16255766214556,1.6841914080988045,32.83603185389808,3.776703773553669,-0.266205297088623,-5.508310124261677
1478630283507,177.17633458115517,1.7280587138893375,32.6870664450324,3.0228293796814976,-0.26126726301441666,-4.318690882110595
1478630283540,177.1990480520765,1.759173399457076,32.395162654741284,2.177526702173054,-0.2196679931861814,-3.03270531539917
1478630283573,177.26302699838848,1.7062399876317111,31.432108737181156,2.615515968377888,-0.23732523042983375,-3.014748802947998
1478630283606,177.36371959239864,1.577281396694593,29.785873684155934,1.8593968643188477,-0.18121112901992165,-2.918232548522949
1478630283640,177.43095822237333,1.4373195465067194,28.689773987968266,2.111386589050293,-0.16744447860717773,-3.860351194055378
1478630283673,177.47617982028575,1.2738148084627385,28.121232546851328,4.550928310715011,-0.37918168792724605,-7.074865905761718
1478630283706,177.53882781883686,1.0944540422381772,27.410756947801517,5.633107593536376,-0.371550170135498,-9.372551530688629
1478630283739,177.58874457247924,0.999619584499271,26.90839615435364,6.681917412158102,-0.18210895692576887,-11.877334868566692
1478630283773,177.64059823136057,1.025182566300632,26.784768098215416,6.520907642773539,-0.14440028077830794,-11.151892057800293
1478630283806,177.7135163289359,1.0969973888919962,26.670508669066106,4.037970810522511,-0.11148002393417991,-7.406911748504638
1478630283839,177.7593628298131,1.1211654060030916,26.95071451211294,4.2170870039566415,-0.21487960813217796,-7.884405269036814
1478630283872,177.81204608845815,1.145587155853401,27.63251694130628,4.162768425927683,-0.21592707135849631,-8.41906035420522
