sep=,
timestamp,gyro-alpha,gyro-beta,gyro-gamma,accel-x,accel-y,accel-z
1478630131364,181.323171012497,0.4264393845367226,5.887764390142259,1.0114005272796376,-0.011222820281982421,-9.764452376119547
1478630131398,181.33069517360585,0.430240827531457,5.735806984481973,0.8096890739440917,0.007032962810131721,-9.684096816220483
1478630131431,181.33414109507484,0.4470304644959993,5.9244732673914235,0.8877999213729985,-0.010025719451904296,-9.60463926232378
1478630131465,181.3381362395359,0.4737833757447923,6.45107039466172,1.1221323723281733,-0.023942021168139763,-9.651176812821394
1478630131498,181.34412777336289,0.49062824429954643,7.194898269246171,1.3169604958907701,-0.03995324020385742,-9.711780022936145
1478630131531,181.34621266957376,0.4928404364458934,7.457350497971941,1.3434463928554439,-0.044292735279467886,-9.73841545703988
1478630131564,181.35113912008222,0.49943293143878126,7.936220254499297,1.7465701841492205,-0.07122749482307117,-10.041132198156788
1478630131598,181.35875132302,0.5112972453453636,7.870451819119129,1.5318401862213387,-0.10429740982055663,-9.9504514632185
1478630131631,181.36713222909523,0.5259047099158913,7.750698290411914,1.3127707114841556,-0.0894832916149171,-9.67796146440378
1478630131664,181.37292378562947,0.5345492641212394,7.762882702537615,1.3425485352668445,-0.0728735096060729,-9.595511569423833
1478630131697,181.3803105941195,0.5348208768156174,7.806024642500578,1.3334206930969041,-0.05820902557926019,-9.619453421628615
1478630131731,181.3845167724295,0.5189352250816537,7.832072471945401,1.3204021630605334,-0.04833294144782703,-9.643395575227494
1478630131764,181.38692662186267,0.48937078594823197,7.953479074754984,1.4055460669144055,-0.04623802412834484,-9.730185429932288
1478630131797,181.38739451723947,0.46782672310140366,8.079987138445222,1.3795090717726846,-0.05970540618343511,-9.66838501395618
1478630131831,181.38549067843033,0.4436992193221659,8.388745520450492,1.3293805174675304,-0.05761047516422113,-9.739911610456835
1478630131864,181.37076324998537,0.4201151888528723,9.64901801849142,1.0670657524108886,-0.060154318994714406,-9.567828311334177
1478630131898,181.33720182975156,0.43283506451079584,12.004818879753595,1.4981716888427734,-0.0914285770388611,-9.01222403470464
1478630131931,181.30028444439114,0.43628856776094993,14.538928752342647,3.4974798588074743,-0.1384147834777832,-9.532663300920696
1478630131964,181.28042321038404,0.42336082727010416,15.728938372197932,3.977966058349609,-0.1964741783031495,-9.527276310652727
1478630131998,181.27801928581826,0.43251463123340683,15.779761321881772,3.942501946258545,-0.1958756233215332,-8.546851160077004
1478630132031,181.31368952663757,0.45822273197840485,13.687628445744515,2.2918496031166518,-0.05057751235408941,-3.876511763000488
1478630132065,181.3558960535569,0.41556120776290345,11.88935565560793,0.8496422410827129,0.08439560852050781,-1.7363947540283202
1478630132098,181.37799934904646,0.3404228142438093,11.323786426628365,0.35942952423095703,0.2723404525425052,-1.8605939651489256
1478630132131,181.39756690524635,0.2057876890588815,13.399373670962255,2.486677754078712,0.23029226305312475,-5.290736463873088
1478630132164,181.41877889457433,0.11572547742098502,14.03581403478773,2.1232079414810054,0.1987187355096801,-4.662558387811481
1478630132197,181.4530626729684,-0.025665072311229314,13.605182696310468,1.8366520216125994,0.06090250387399137,-5.42062219619751
1478630132231,181.49832060331212,-0.27613696611227784,13.510407076122206,1.3464392316956073,-0.02483984222412109,-7.331943309020995
1478630132264,181.50861224811626,-0.4110730098488739,14.771747265117986,1.9767126726012676,-0.08230068206787108,-8.768614161914215
1478630132298,181.51527902031052,-0.47131164854740476,15.509759471765948,2.537554530223878,-0.1637035385131836,-9.359682258373871
1478630132331,181.52553649693147,-0.6062813205907928,16.569555150523925,3.1757587549956514,-0.09696516723632811,-10.277709103570505
1478630132365,181.54923986005755,-0.8070556421028987,16.81111722953536,3.4397197072235866,0.11222820281982421,-11.07363188329488
1478630132397,181.56925850204377,-1.0254708223217526,15.252611098762493,3.1171007777892052,0.347308878326416,-10.608558064679055
1478630132430,181.58758277849202,-1.1946171156389307,13.937902038462276,2.2846669890030284,0.34715924985581076,-11.238232809039205
1478630132464,181.59282922545293,-1.3456532122066158,12.869773656910516,1.8357541959900407,0.204853886396985,-11.940182954406737
1478630132497,181.57801453624543,-1.4769000623816653,11.824677652597856,1.3620013963561504,0.04444236831665039,-11.373355565234274
1478630132531,181.564877119736,-1.6432170013082226,11.076446167756048,1.0111013616699724,0.20260931549072264,-12.686874889428912
1478630132564,181.5262282287928,-1.750869498557107,10.720180606083376,1.659929956773389,0.3429693878173828,-13.752743248748779
1478630132597,181.50940925617857,-1.8437062836029774,10.35788585140209,1.7739537354898056,0.3218704685625911,-13.363535841369629
1478630132631,181.4935774849309,-1.9533187569646155,9.959604446768878,1.2131119806151835,0.6069301208496093,-15.64775386276245
1478630132666,181.42211564251863,-2.0653759438149772,10.201339827189052,1.8474258742843754,0.5927145302261225,-17.97342150039673
1478630132699,181.3068651247605,-2.0512488070723984,12.967210972777922,4.8186299701415,0.5835866546630859,-20.59387521743774
1478630132734,181.2670611681258,-2.008755663433177,13.85745768736591,6.031742169952392,0.5494692810058593,-20.27200473175049
1478630132767,181.19012351714528,-1.8237342413825166,14.454821564095905,5.246294533947855,0.6420949577331543,-17.60306843109131
1478630132800,181.14543370218908,-1.7076892689116319,13.283532063737745,2.9147909567017107,0.6391021873916499,-14.411148705291748
1478630132834,181.08686421683097,-1.6223045517319483,12.256684048147678,1.2247838598389178,0.6310217750549316,-12.723834793035685
1478630132867,181.00157169122622,-1.5409992142416367,12.068004079786318,1.0507552536010742,0.47644613037109373,-12.214618027441203
1478630132901,180.90218483701642,-1.4486743631973922,12.536777005354455,1.3585597314696758,0.3580827949302737,-11.823914390154927
1478630132934,180.74207561430129,-1.307381969400072,13.19157452786422,2.3093571707905034,0.2748842826732667,-11.656919262750446
1478630132969,180.63142802994156,-1.206630129340332,12.922724124974037,2.1009119750534184,0.29718028106689454,-11.03098472783193
1478630133002,180.52078609755478,-1.1080674448484245,12.493173821350442,2.032677209472656,0.2904465980308596,-10.531643971020355
1478630133035,180.35316757738917,-0.9666573304184286,12.032534525431714,1.7293617866516113,0.21517887420654297,-10.211419718170166
1478630133069,180.2450735412481,-0.8664499149768197,12.327315815377649,2.033126094884472,0.22206220854606945,-10.017339892224221
1478630133102,180.15201880521687,-0.7568162950848023,12.510782452473212,2.4200889656066895,0.24001871643066405,-9.69457172704488
1478630133137,180.0770925804899,-0.6921887240099215,12.250528922774025,1.952022568445606,0.24869769744873046,-8.81320587557368
1478630133171,180.00943883836624,-0.5883911227184005,11.514796122729635,1.5448586212158202,0.1680430290222168,-7.734019404193013
1478630133205,179.95016017565106,-0.4938572680370391,10.493925009757064,1.0887632780212908,0.021098906696704216,-6.552481031036376
1478630133239,179.90156298230804,-0.4048446477858709,9.463620096807801,0.7323263597350567,-0.024690204620361325,-5.4833200599119065
1478630133274,179.85739519392823,-0.31424233207132163,8.616955418700842,0.5707177476745099,-0.03217208937492687,-4.453215087890625
1478630133308,179.7878429628857,-0.16266368106985454,6.931841172802878,1.1700164363556949,-0.03666121292114258,-3.547907585144043
1478630133342,179.7774507077673,-0.13460656959518155,6.160626418972868,1.147870040174853,-0.026785128789709414,-3.480570663452148
1478630133376,179.76182241700195,-0.0911287135627621,4.026945666223556,1.1010334884643553,0.0056862289428710935,-3.142838591766357
1478630133410,179.7505720305937,-0.08231460098098681,0.6972098052282986,0.09666589202880858,0.06748655701236567,-4.365377814483642
1478630133445,179.73787639474295,-0.09478102360008869,-0.38140527455312084,-0.8466495438064447,-0.014514846423052948,-6.564451747076213
1478630133479,179.71018125065928,-0.08933121148707977,0.5653238054751393,-1.2333131849869154,-0.10818798980159917,-9.92306808312456
1478630133513,179.65663541820092,-0.021064058758297137,3.737668245044887,0.6181529548313236,-0.3673603226530351,-13.443142754308878
1478630133547,179.60022341856165,0.35047626383067765,7.5471108252893995,4.227711219024658,-0.299424845123291,-11.137676339312643
1478630133581,179.62444635946528,0.47225838761529193,5.511769387483415,1.286434442990087,-0.03815758895874023,-7.51450118560791
1478630133614,179.6502480043312,0.5617075360983564,4.494010341136572,-0.6410474945068358,0.086191259765625,-6.583904927825928
