sep=,
timestamp,gyro-alpha,gyro-beta,gyro-gamma,accel-x,accel-y,accel-z
1478630051057,184.07408048270244,0.3241483144659502,8.88884527626954,2.498349432373047,-0.044292730712890624,-10.266935378762893
1478630051091,184.08449779679006,0.25122829838958527,6.559780072843409,1.2750620581695808,-0.011821368413732852,-9.838822230938822
1478630051125,184.08621844668755,0.21925047350585689,5.685988609822165,0.5165489716460928,-0.029179332733154296,-9.494206683349608
1478630051159,184.08105017061573,0.2019777937313109,5.869038129181194,0.9518447838161372,-0.08020575789852301,-10.135852837869338
1478630051193,184.06277590971,0.2210782309417866,7.026358246175526,0.39234979705810547,-0.1143231269891723,-9.429712967460695
1478630051228,184.0252336166387,0.27148252094231984,9.862272408985286,1.763479178575147,-0.21472995226210914,-9.215132442739792
1478630051262,183.9781527674772,0.3758387301634582,13.674437579927742,3.912275150299072,-0.24720131684455554,-8.543708697332814
1478630051296,183.97192427820414,0.4513818046198458,14.061678280667996,3.321805092797801,-0.07227496661172189,-4.431367997741699
1478630051331,184.0082661627765,0.45065833890133455,11.87921360581824,1.1463736824035644,0.23089083173447286,-0.5066729263305664
1478630051364,184.04380667363327,0.35798748785081785,10.144197319131091,0.36481647796630856,0.16475100173950194,0.10354922180175781
1478630051397,184.03891458049858,0.18080932478609377,9.521429119344157,-0.8858546142578124,0.7263409583326546,-2.9408278266906738
1478630051431,183.99953891766313,0.08949840284118918,10.807990615760081,1.2523171058654785,0.37155016214398784,-5.220108099420369
1478630051465,183.95221459990776,-0.018343401472199348,11.80826177626527,1.5222633065154776,-0.02349310464651644,-5.225494760894775
1478630051498,183.87881731599956,-0.2399807235651577,13.323811092458081,2.5968110121795904,-0.42212767107314425,-8.501511039203033
1478630051531,183.83510933451575,-0.3429027142221357,13.772431404972929,2.298732841558056,-0.7243956443676026,-9.498994824091728
1478630051564,183.77708466957827,-0.42684892848773887,14.105843049762134,2.3434744622493393,-0.9261071296691894,-9.994145990576222
1478630051599,183.7258919601083,-0.5270651654207096,13.567078336289594,2.5736170922652817,-0.6576572319915518,-11.692383228711039
1478630051631,183.6546182343635,-0.6066940530275032,12.174995083891945,1.1837830833435057,-0.26859951701508833,-11.812990991210937
1478630051664,183.5081104218833,-0.6753872562315633,11.517357286707853,1.1667243965148926,-0.08319851682358421,-12.660687724249064
1478630051698,183.3751860371128,-0.6869261632249909,11.56437302374242,1.4926351340362802,-0.006883329772949218,-13.486537951660155
1478630051731,183.2990221986915,-0.6804100951066648,11.556604541800917,1.9533692303892747,0.003441664886474609,-13.31819564743042
1478630051765,183.0966352950479,-0.7465291744740663,11.321554188154602,1.9202993199583667,0.06254851380500477,-15.580267303466796
1478630051798,182.91891047788945,-0.7820154614834985,11.107865050833295,2.73268191986084,0.06045359191894531,-16.556802305603025
1478630051831,182.67372931540865,-0.8639389574521606,12.255309632534345,3.1311669317383317,0.6112696113586426,-20.674080973052977
1478630051866,182.46255805198123,-0.8623930840935425,14.198091929802816,4.773140284729004,0.6938695777671877,-20.890307895007727
1478630051899,182.24278606981562,-0.8207214723678592,16.818158781347385,6.810755535125732,0.6600514793174806,-20.529232357135413
1478630051933,182.03006544561197,-0.7500033532771825,18.245283821583264,7.4125979774475095,0.24435820693969726,-17.957559914398193
1478630051965,181.8446020867697,-0.7103548421137216,17.639171113779344,4.788552811785787,-0.03546412122421898,-14.349198737335204
1478630051999,181.6537251486956,-0.7084002050535712,16.447649807651967,2.8134862738401742,-0.09726445157700217,-12.577639146423339
1478630052032,181.3361903083869,-0.6862934574179297,15.921942525692412,1.956212467016652,-0.09861118087768554,-11.38966621017456
1478630052066,181.10377624857446,-0.6562721121699804,16.401520944476065,2.3332991188934074,-0.07676409986191429,-11.194089715930074
1478630052100,180.86905948966904,-0.6044916985813178,17.171256512323925,3.076698862236086,-0.13572130661010742,-11.14575676991567
1478630052133,180.5427412950158,-0.5102874404619123,17.634445076985287,3.5953427055358884,-0.05850830307006836,-10.953771870422363
1478630052167,180.33880166833526,-0.4370086633964343,17.23538964027358,3.4935890984466296,-0.053121349334716794,-10.486752909088134
1478630052200,180.15386293793205,-0.35368998321417067,16.856908680546464,3.193416138369776,-0.047285482788085934,-9.825354846600442
1478630052233,179.98412422800817,-0.2696128674841175,16.63839745293985,3.089866861769091,-0.018854338073730468,-9.818920210443064
1478630052267,179.82699349253008,-0.17819652197942087,16.511078322904293,2.9969419463668947,0.04683656997680664,-9.46173510413803
1478630052301,179.689852316383,-0.07849918432555368,16.727370849335934,2.634968528073095,0.1057937869997986,-9.016114612402394
1478630052334,179.50284845532838,0.10905718734786149,17.16258305488049,2.3792379363128915,0.027084406280517576,-7.558794062451272
1478630052368,179.3909201051476,0.23880553515996278,17.155486699067293,2.1088427497863766,-0.031723170855425996,-6.194398537500202
1478630052401,179.25833811508772,0.42619251215032933,16.56498750022182,1.4800653926573692,-0.044741641240881286,-4.304774584960938
1478630052434,179.18625698444492,0.5231011888963583,15.485298925512549,1.045667575073242,-0.04563946914672851,-3.252672592926025
1478630052468,179.12107808302346,0.5932496122319525,13.98956781202542,0.6663362495422362,-0.05087678527832031,-2.254440138244629
1478630052501,179.06149218193613,0.6421469292424388,12.510402782207636,0.5930138236999511,-0.03576339186516125,-1.81944362411499
1478630052534,179.00517081908714,0.6579530450355247,11.220284293259056,1.274912384033203,-0.030526071166992186,-2.1823148132324217
1478630052568,178.96493379137732,0.6352668763190296,9.64056182336598,1.7950526764358392,-0.03666121292114258,-2.895936545562744
1478630052602,178.9481297680439,0.5327509146463211,8.383803386585418,1.3757681837662121,-0.022445640563964843,-5.286995523779094
1478630052635,178.91713399048407,0.3868656649156382,9.290990753177189,0.40970775909423823,-0.01780687484741211,-10.259453279379196
1478630052669,178.8212943395924,0.5606314070396738,17.141876677112247,7.564180870056152,-0.8518868964706547,-14.63904677581787
1478630052702,178.83714387204594,0.7356075579955561,18.186829979618256,6.778882725524902,-0.8548796120132319,-9.506177837780863
1478630052736,178.9125141337856,0.7448591777936876,15.424195523130363,2.4322096845764665,-0.10878654021663824,-6.867018981878459
1478630052770,178.97236609390265,0.708764705731224,13.574074050690234,0.9699509475708007,-0.015861585998535155,-6.431124642126262
1478630052803,178.97809961575504,0.6688984276498745,14.164345397121592,1.7799393697876482,0.06958147661513649,-9.330652526711859
1478630052837,178.97578018142067,0.6879657446513727,16.2792631984342,3.6542998483519997,-0.03591302490234375,-11.400440117645264
1478630052871,178.9684383841423,0.7389608813729495,17.602532487189112,5.044433406475931,-0.25647885284423827,-11.419743076269327
1478630052904,178.98362277024768,0.7707518491645113,17.02749797042882,3.8001964389525353,-0.38187516479492184,-10.340257695007324
